0.0533 0.0544 0.0562 0.0555 0.0492 0.0494 0.0476 0.0439 0.0433 0.0392 0.0378 0.0350 0.0315 0.0300 0.0275 0.0248 0.0228 0.0208 0.0186 0.0169 0.0154 0.0140 0.0125 0.0112 0.0100 0.0090 0.0082 0.0074 0.0067 0.0060 0.0053 0.0047 0.0042 0.0037 0.0033 0.0030 0.0027 0.0024 0.0021 0.0019 0.0017 0.0015 0.0014 0.0012 0.0011 0.0010 0.0009 0.0008 0.0007 0.0006
0.1598 0.1629 0.1681 0.1668 0.1480 0.1481 0.1430 0.1317 0.1300 0.1177 0.1134 0.1050 0.0947 0.0901 0.0825 0.0743 0.0683 0.0623 0.0559 0.0506 0.0461 0.0420 0.0376 0.0335 0.0301 0.0271 0.0246 0.0222 0.0202 0.0180 0.0160 0.0142 0.0126 0.0112 0.0100 0.0089 0.0080 0.0072 0.0064 0.0057 0.0051 0.0046 0.0042 0.0037 0.0034 0.0030 0.0027 0.0024 0.0022 0.0019
0.2666 0.2703 0.2784 0.2791 0.2482 0.2461 0.2391 0.2194 0.2168 0.1961 0.1895 0.1749 0.1579 0.1505 0.1376 0.1237 0.1138 0.1039 0.0933 0.0844 0.0768 0.0700 0.0626 0.0559 0.0501 0.0452 0.0410 0.0371 0.0336 0.0300 0.0266 0.0236 0.0209 0.0187 0.0166 0.0148 0.0134 0.0120 0.0107 0.0096 0.0086 0.0077 0.0069 0.0062 0.0056 0.0050 0.0045 0.0040 0.0036 0.0032
0.3756 0.3770 0.3864 0.3921 0.3513 0.3434 0.3360 0.3073 0.3036 0.2747 0.2662 0.2445 0.2216 0.2115 0.1930 0.1731 0.1594 0.1457 0.1307 0.1181 0.1074 0.0979 0.0876 0.0781 0.0701 0.0633 0.0575 0.0519 0.0470 0.0420 0.0371 0.0330 0.0292 0.0260 0.0232 0.0208 0.0187 0.0169 0.0150 0.0134 0.0120 0.0108 0.0097 0.0087 0.0079 0.0070 0.0063 0.0056 0.0050 0.0045
0.4906 0.4848 0.4921 0.5049 0.4587 0.4406 0.4339 0.3959 0.3903 0.3538 0.3434 0.3136 0.2858 0.2735 0.2485 0.2223 0.2052 0.1880 0.1683 0.1517 0.1381 0.1259 0.1125 0.1003 0.0901 0.0814 0.0740 0.0668 0.0604 0.0538 0.0475 0.0422 0.0374 0.0334 0.0298 0.0267 0.0241 0.0217 0.0194 0.0173 0.0155 0.0140 0.0125 0.0113 0.0101 0.0091 0.0081 0.0072 0.0065 0.0058
0.6160 0.5974 0.5972 0.6152 0.5711 0.5388 0.5326 0.4859 0.4766 0.4338 0.4208 0.3823 0.3512 0.3367 0.3037 0.2713 0.2518 0.2308 0.2059 0.1853 0.1687 0.1538 0.1373 0.1225 0.1100 0.0995 0.0905 0.0816 0.0736 0.0654 0.0578 0.0513 0.0454 0.0407 0.0364 0.0327 0.0295 0.0266 0.0238 0.0212 0.0190 0.0171 0.0153 0.0138 0.0124 0.0111 0.0099 0.0088 0.0079 0.0071
0.7531 0.7186 0.7053 0.7215 0.6880 0.6392 0.6323 0.5781 0.5625 0.5147 0.4976 0.4503 0.4181 0.4006 0.3581 0.3205 0.2996 0.2744 0.2434 0.2187 0.1993 0.1818 0.1621 0.1445 0.1299 0.1176 0.1069 0.0962 0.0866 0.0769 0.0678 0.0602 0.0535 0.0480 0.0431 0.0387 0.0350 0.0316 0.0282 0.0252 0.0226 0.0203 0.0182 0.0163 0.0146 0.0131 0.0116 0.0104 0.0093 0.0084
0.8954 0.8488 0.8205 0.8249 0.8059 0.7423 0.7343 0.6718 0.6488 0.5963 0.5729 0.5179 0.4866 0.4641 0.4108 0.3704 0.3493 0.3185 0.2806 0.2518 0.2301 0.2099 0.1869 0.1663 0.1497 0.1355 0.1231 0.1106 0.0993 0.0880 0.0777 0.0691 0.0615 0.0554 0.0498 0.0448 0.0406 0.0367 0.0327 0.0292 0.0261 0.0234 0.0209 0.0188 0.0168 0.0150 0.0134 0.0119 0.0107 0.0096
1.0330 0.9807 0.9423 0.9301 0.9200 0.8461 0.8402 0.7648 0.7373 0.6771 0.6465 0.5851 0.5555 0.5247 0.4612 0.4221 0.4010 0.3622 0.3166 0.2849 0.2613 0.2383 0.2115 0.1881 0.1693 0.1533 0.1391 0.1246 0.1117 0.0989 0.0874 0.0779 0.0696 0.0628 0.0567 0.0511 0.0462 0.0417 0.0372 0.0331 0.0295 0.0265 0.0236 0.0212 0.0189 0.0169 0.0151 0.0134 0.0120 0.0108
1.1645 1.1067 1.0618 1.0399 1.0271 0.9469 0.9477 0.8545 0.8297 0.7553 0.7189 0.6513 0.6224 0.5799 0.5099 0.4767 0.4532 0.4034 0.3512 0.3184 0.2933 0.2668 0.2359 0.2095 0.1887 0.1709 0.1547 0.1382 0.1237 0.1095 0.0970 0.0868 0.0778 0.0704 0.0636 0.0573 0.0518 0.0467 0.0415 0.0369 0.0329 0.0294 0.0262 0.0235 0.0210 0.0187 0.0167 0.0149 0.0133 0.0120
1.2963 1.2377 1.1680 1.1481 1.1309 1.0431 1.0465 0.9450 0.9247 0.8316 0.7933 0.7164 0.6862 0.6303 0.5606 0.5349 0.5033 0.4412 0.3858 0.3543 0.3275 0.2963 0.2608 0.2316 0.2087 0.1888 0.1705 0.1521 0.1361 0.1207 0.1073 0.0963 0.0865 0.0784 0.0708 0.0636 0.0574 0.0516 0.0458 0.0406 0.0361 0.0323 0.0288 0.0257 0.0230 0.0206 0.0183 0.0164 0.0146 0.0132
1.4108 1.3885 1.2707 1.2385 1.2345 1.1376 1.1207 1.0462 1.0104 0.9104 0.8710 0.7808 0.7482 0.6797 0.6160 0.5933 0.5477 0.4765 0.4240 0.3949 0.3641 0.3269 0.2869 0.2551 0.2303 0.2081 0.1875 0.1671 0.1497 0.1331 0.1186 0.1067 0.0960 0.0869 0.0783 0.0701 0.0630 0.0565 0.0500 0.0443 0.0394 0.0352 0.0314 0.0281 0.0252 0.0226 0.0201 0.0180 0.0161 0.0145
1.4593 1.5072 1.4104 1.3009 1.3242 1.2384 1.1645 1.1552 1.0661 0.9970 0.9447 0.8442 0.8096 0.7295 0.6720 0.6431 0.5825 0.5114 0.4665 0.4374 0.3994 0.3556 0.3122 0.2790 0.2524 0.2279 0.2049 0.1826 0.1638 0.1461 0.1304 0.1174 0.1053 0.0951 0.0854 0.0762 0.0683 0.0611 0.0541 0.0479 0.0427 0.0382 0.0341 0.0306 0.0275 0.0246 0.0220 0.0197 0.0176 0.0159
1.4606 1.5109 1.5626 1.3759 1.3796 1.3533 1.2046 1.2484 1.1005 1.0948 1.0043 0.9122 0.8733 0.7814 0.7259 0.6847 0.6166 0.5538 0.5132 0.4769 0.4294 0.3813 0.3374 0.3039 0.2755 0.2482 0.2227 0.1987 0.1786 0.1595 0.1424 0.1279 0.1145 0.1030 0.0922 0.0821 0.0734 0.0656 0.0582 0.0517 0.0461 0.0413 0.0370 0.0333 0.0300 0.0269 0.0240 0.0215 0.0193 0.0174
1.5363 1.4871 1.5994 1.5294 1.4039 1.4591 1.2883 1.3139 1.1637 1.1813 1.0497 0.9902 0.9369 0.8384 0.7830 0.7313 0.6642 0.6054 0.5567 0.5079 0.4548 0.4081 0.3659 0.3315 0.2998 0.2690 0.2410 0.2154 0.1940 0.1734 0.1545 0.1385 0.1236 0.1109 0.0992 0.0882 0.0790 0.0707 0.0629 0.0560 0.0501 0.0449 0.0403 0.0363 0.0328 0.0295 0.0263 0.0235 0.0210 0.0190
1.7506 1.6160 1.5952 1.6750 1.4943 1.5282 1.4299 1.3804 1.2784 1.2488 1.1233 1.0763 0.9991 0.9069 0.8500 0.7923 0.7240 0.6553 0.5925 0.5390 0.4899 0.4468 0.4023 0.3621 0.3243 0.2897 0.2595 0.2327 0.2101 0.1878 0.1671 0.1495 0.1331 0.1195 0.1069 0.0952 0.0853 0.0765 0.0683 0.0609 0.0546 0.0490 0.0439 0.0396 0.0358 0.0321 0.0286 0.0255 0.0228 0.0206
1.9126 1.8365 1.7512 1.7748 1.6914 1.6260 1.5673 1.4827 1.4150 1.3620 1.2389 1.1588 1.0837 0.9893 0.9171 0.8548 0.7795 0.7011 0.6402 0.5961 0.5492 0.4974 0.4394 0.3893 0.3467 0.3106 0.2800 0.2524 0.2282 0.2036 0.1806 0.1611 0.1434 0.1287 0.1153 0.1028 0.0923 0.0828 0.0739 0.0660 0.0591 0.0530 0.0474 0.0427 0.0385 0.0346 0.0307 0.0274 0.0245 0.0220
2.0703 2.0211 1.9354 1.9400 1.8362 1.7913 1.7054 1.6412 1.5111 1.4580 1.3176 1.2942 1.2097 1.0630 0.9863 0.9228 0.8319 0.7518 0.6995 0.6517 0.5875 0.5202 0.4582 0.4131 0.3766 0.3432 0.3109 0.2793 0.2504 0.2214 0.1951 0.1734 0.1540 0.1383 0.1239 0.1103 0.0988 0.0884 0.0789 0.0704 0.0630 0.0563 0.0503 0.0453 0.0409 0.0367 0.0326 0.0291 0.0260 0.0234
2.0629 2.1330 2.0291 1.9291 1.9642 1.7952 1.8034 1.6461 1.6230 1.4883 1.4064 1.3264 1.2086 1.1333 1.0556 0.9588 0.8796 0.8118 0.7380 0.6648 0.5988 0.5467 0.4962 0.4501 0.4042 0.3604 0.3220 0.2886 0.2612 0.2345 0.2098 0.1886 0.1685 0.1513 0.1351 0.1197 0.1067 0.0951 0.0845 0.0752 0.0672 0.0601 0.0537 0.0484 0.0437 0.0392 0.0349 0.0312 0.0279 0.0251
2.1501 2.1717 2.2140 2.0357 2.0613 1.9331 1.8903 1.7618 1.7197 1.5743 1.5088 1.4020 1.2887 1.2121 1.1190 1.0192 0.9408 0.8653 0.7829 0.7070 0.6409 0.5866 0.5310 0.4794 0.4302 0.3844 0.3450 0.3096 0.2804 0.2516 0.2251 0.2022 0.1804 0.1618 0.1444 0.1281 0.1142 0.1018 0.0906 0.0807 0.0722 0.0646 0.0577 0.0519 0.0468 0.0420 0.0374 0.0334 0.0299 0.0269
2.3883 2.2291 2.3108 2.2185 2.1205 2.0974 1.9629 1.8974 1.8028 1.6758 1.6083 1.4796 1.3756 1.2901 1.1843 1.0843 1.0032 0.9183 0.8292 0.7526 0.6857 0.6277 0.5657 0.5088 0.4570 0.4100 0.3696 0.3320 0.3006 0.2694 0.2408 0.2160 0.1925 0.1726 0.1540 0.1367 0.1220 0.1088 0.0970 0.0865 0.0775 0.0693 0.0619 0.0556 0.0500 0.0449 0.0400 0.0357 0.0320 0.0288
2.5823 2.4349 2.3403 2.4072 2.2077 2.2409 2.0548 2.0327 1.8830 1.7917 1.7022 1.5637 1.4671 1.3677 1.2537 1.1533 1.0658 0.9717 0.8784 0.8016 0.7325 0.6690 0.6005 0.5388 0.4854 0.4375 0.3962 0.3558 0.3216 0.2877 0.2568 0.2301 0.2049 0.1836 0.1640 0.1458 0.1302 0.1163 0.1037 0.0926 0.0831 0.0743 0.0663 0.0595 0.0534 0.0479 0.0427 0.0381 0.0341 0.0308
2.5800 2.6713 2.4560 2.5069 2.3755 2.3328 2.1922 2.1462 1.9776 1.9140 1.7922 1.6569 1.5611 1.4469 1.3281 1.2242 1.1282 1.0273 0.9318 0.8538 0.7801 0.7103 0.6356 0.5702 0.5160 0.4672 0.4246 0.3808 0.3433 0.3062 0.2730 0.2444 0.2176 0.1951 0.1744 0.1553 0.1389 0.1242 0.1109 0.0991 0.0890 0.0797 0.0710 0.0636 0.0570 0.0510 0.0455 0.0407 0.0364 0.0328
2.6543 2.7312 2.6973 2.5476 2.5763 2.4014 2.3594 2.2344 2.0962 2.0306 1.8809 1.7566 1.6554 1.5289 1.4061 1.2959 1.1924 1.0877 0.9902 0.9081 0.8277 0.7516 0.6725 0.6049 0.5494 0.4989 0.4538 0.4063 0.3657 0.3257 0.2900 0.2595 0.2310 0.2073 0.1855 0.1654 0.1481 0.1324 0.1184 0.1060 0.0953 0.0853 0.0760 0.0679 0.0609 0.0545 0.0486 0.0434 0.0388 0.0350
2.9611 2.7536 2.8785 2.6730 2.7102 2.5163 2.5099 2.3213 2.2345 2.1356 1.9739 1.8611 1.7505 1.6139 1.4857 1.3688 1.2609 1.1541 1.0527 0.9631 0.8748 0.7938 0.7123 0.6437 0.5858 0.5319 0.4829 0.4322 0.3886 0.3462 0.3079 0.2754 0.2452 0.2205 0.1977 0.1763 0.1578 0.1411 0.1263 0.1132 0.1019 0.0912 0.0813 0.0726 0.0651 0.0583 0.0519 0.0464 0.0415 0.0373
3.1176 2.9920 2.9146 2.9079 2.7740 2.7008 2.6172 2.4397 2.3765 2.2334 2.0783 1.9714 1.8482 1.7012 1.5665 1.4454 1.3356 1.2250 1.1160 1.0174 0.9226 0.8386 0.7560 0.6862 0.6247 0.5662 0.5124 0.4581 0.4119 0.3672 0.3265 0.2921 0.2604 0.2346 0.2108 0.1880 0.1682 0.1502 0.1347 0.1209 0.1089 0.0975 0.0868 0.0774 0.0695 0.0623 0.0555 0.0495 0.0443 0.0398
3.1005 3.2474 3.0163 3.0909 2.8796 2.8884 2.7069 2.5958 2.5049 2.3336 2.1960 2.0859 1.9467 1.7891 1.6509 1.5290 1.4163 1.2974 1.1782 1.0716 0.9727 0.8877 0.8040 0.7320 0.6653 0.6010 0.5419 0.4842 0.4355 0.3890 0.3461 0.3099 0.2766 0.2497 0.2249 0.2005 0.1793 0.1600 0.1436 0.1289 0.1163 0.1040 0.0926 0.0825 0.0742 0.0665 0.0592 0.0528 0.0472 0.0424
3.3509 3.2948 3.2815 3.1634 3.0847 3.0153 2.8322 2.7638 2.6166 2.4471 2.3255 2.2008 2.0433 1.8794 1.7430 1.6204 1.4996 1.3682 1.2394 1.1279 1.0276 0.9420 0.8560 0.7799 0.7065 0.6357 0.5712 0.5105 0.4600 0.4121 0.3672 0.3291 0.2941 0.2661 0.2400 0.2138 0.1910 0.1702 0.1529 0.1373 0.1240 0.1109 0.0986 0.0878 0.0790 0.0709 0.0630 0.0562 0.0503 0.0450
3.6049 3.3922 3.4628 3.2667 3.2805 3.1006 2.9984 2.9064 2.7219 2.5791 2.4578 2.3069 2.1351 1.9765 1.8459 1.7166 1.5812 1.4362 1.3011 1.1900 1.0906 1.0031 0.9117 0.8290 0.7496 0.6732 0.6041 0.5398 0.4869 0.4369 0.3905 0.3511 0.3145 0.2847 0.2567 0.2287 0.2045 0.1826 0.1637 0.1469 0.1325 0.1186 0.1055 0.0939 0.0842 0.0755 0.0673 0.0601 0.0537 0.0481
3.6195 3.6583 3.5217 3.4793 3.3977 3.2295 3.1745 3.0218 2.8435 2.7285 2.5846 2.4046 2.2317 2.0866 1.9562 1.8105 1.6577 1.5039 1.3682 1.2597 1.1597 1.0672 0.9679 0.8775 0.7922 0.7110 0.6382 0.5709 0.5159 0.4638 0.4158 0.3749 0.3365 0.3045 0.2743 0.2444 0.2188 0.1956 0.1750 0.1569 0.1414 0.1267 0.1127 0.1003 0.0897 0.0803 0.0718 0.0642 0.0573 0.0514
3.7782 3.8052 3.6598 3.6673 3.4928 3.4083 3.3193 3.1313 2.9921 2.8808 2.6959 2.5001 2.3428 2.2085 2.0648 1.8966 1.7312 1.5766 1.4441 1.3369 1.2324 1.1315 1.0227 0.9249 0.8350 0.7502 0.6745 0.6047 0.5476 0.4931 0.4432 0.4004 0.3599 0.3255 0.2928 0.2608 0.2336 0.2091 0.1868 0.1673 0.1508 0.1351 0.1203 0.1069 0.0954 0.0853 0.0765 0.0684 0.0611 0.0548
4.0153 3.8825 3.8721 3.7780 3.6363 3.5856 3.4302 3.2618 3.1593 3.0156 2.7934 2.6084 2.4713 2.3314 2.1628 1.9760 1.8090 1.6599 1.5294 1.4184 1.3050 1.1935 1.0756 0.9722 0.8795 0.7924 0.7143 0.6419 0.5823 0.5249 0.4726 0.4275 0.3845 0.3474 0.3121 0.2778 0.2490 0.2233 0.1991 0.1781 0.1605 0.1440 0.1282 0.1139 0.1015 0.0905 0.0815 0.0730 0.0652 0.0584
4.1103 4.0316 4.0264 3.8772 3.8209 3.7254 3.5379 3.4246 3.3166 3.1227 2.8993 2.7448 2.6097 2.4423 2.2504 2.0612 1.9045 1.7623 1.6282 1.5054 1.3781 1.2563 1.1319 1.0254 0.9313 0.8425 0.7623 0.6868 0.6238 0.5621 0.5065 0.4584 0.4121 0.3723 0.3344 0.2976 0.2666 0.2388 0.2131 0.1906 0.1716 0.1541 0.1374 0.1224 0.1090 0.0973 0.0875 0.0783 0.0700 0.0628
4.1833 4.2134 4.1101 4.0212 3.9948 3.8181 3.6789 3.6015 3.4362 3.2189 3.0320 2.8958 2.7340 2.5351 2.3362 2.1591 2.0145 1.8718 1.7262 1.5878 1.4474 1.3184 1.1905 1.0832 0.9886 0.8980 0.8147 0.7352 0.6679 0.6012 0.5418 0.4904 0.4406 0.3980 0.3576 0.3182 0.2850 0.2551 0.2279 0.2039 0.1834 0.1648 0.1472 0.1314 0.1171 0.1045 0.0940 0.0841 0.0751 0.0674
4.3398 4.3230 4.1833 4.2180 4.0880 3.9189 3.8668 3.7403 3.5205 3.3396 3.1913 3.0354 2.8331 2.6204 2.4347 2.2739 2.1330 1.9798 1.8183 1.6652 1.5154 1.3832 1.2546 1.1474 1.0519 0.9583 0.8708 0.7862 0.7137 0.6413 0.5781 0.5233 0.4700 0.4247 0.3818 0.3398 0.3043 0.2723 0.2435 0.2179 0.1959 0.1762 0.1577 0.1410 0.1259 0.1123 0.1009 0.0903 0.0807 0.0724
4.5159 4.3262 4.3944 4.3304 4.1396 4.1071 4.0326 3.8166 3.6247 3.5056 3.3497 3.1473 2.9233 2.7238 2.5588 2.4038 2.2529 2.0825 1.9061 1.7440 1.5905 1.4581 1.3288 1.2201 1.1217 1.0235 0.9306 0.8399 0.7621 0.6845 0.6169 0.5585 0.5017 0.4536 0.4081 0.3636 0.3258 0.2919 0.2614 0.2341 0.2106 0.1895 0.1697 0.1520 0.1358 0.1213 0.1089 0.0974 0.0871 0.0782
4.4571 4.5556 4.5440 4.3360 4.3281 4.3018 4.0967 3.9026 3.8001 3.6852 3.4739 3.2422 3.0358 2.8636 2.7081 2.5410 2.3699 2.1822 1.9964 1.8331 1.6809 1.5485 1.4157 1.3016 1.1973 1.0929 0.9942 0.8972 0.8146 0.7332 0.6605 0.5979 0.5375 0.4862 0.4379 0.3908 0.3513 0.3157 0.2830 0.2539 0.2289 0.2060 0.1844 0.1648 0.1476 0.1321 0.1186 0.1061 0.0949 0.0853
4.7050 4.7145 4.4873 4.5356 4.5480 4.3377 4.1500 4.0857 3.9994 3.8111 3.5579 3.3469 3.1804 3.0241 2.8577 2.6678 2.4783 2.2810 2.0929 1.9324 1.7818 1.6475 1.5084 1.3866 1.2747 1.1634 1.0590 0.9557 0.8688 0.7841 0.7065 0.6397 0.5758 0.5214 0.4700 0.4204 0.3789 0.3416 0.3066 0.2755 0.2489 0.2241 0.2004 0.1788 0.1605 0.1440 0.1292 0.1157 0.1035 0.0930
4.8254 4.5935 4.7277 4.7730 4.5355 4.3673 4.3502 4.3047 4.1213 3.8780 3.6536 3.4948 3.3535 3.1860 2.9949 2.7841 2.5855 2.3871 2.2006 2.0429 1.8916 1.7522 1.6041 1.4730 1.3530 1.2350 1.1253 1.0163 0.9256 0.8382 0.7558 0.6847 0.6172 0.5595 0.5050 0.4526 0.4091 0.3700 0.3324 0.2992 0.2708 0.2439 0.2178 0.1940 0.1745 0.1569 0.1407 0.1261 0.1129 0.1014
4.7066 4.9504 4.9583 4.7138 4.6040 4.6455 4.6057 4.4260 4.1923 3.9991 3.8334 3.6943 3.5341 3.3380 3.1268 2.9099 2.7135 2.5187 2.3329 2.1718 2.0138 1.8673 1.7108 1.5724 1.4455 1.3212 1.2063 1.0911 0.9945 0.9001 0.8143 0.7404 0.6692 0.6078 0.5496 0.4939 0.4472 0.4049 0.3634 0.3269 0.2959 0.2669 0.2392 0.2140 0.1929 0.1737 0.1559 0.1397 0.1251 0.1124
5.1851 5.0532 4.8292 4.8634 4.9580 4.8870 4.6781 4.4756 4.3330 4.2222 4.0641 3.8900 3.6890 3.4718 3.2578 3.0481 2.8589 2.6664 2.4773 2.3086 2.1408 1.9865 1.8222 1.6777 1.5450 1.4152 1.2955 1.1740 1.0710 0.9684 0.8792 0.8025 0.7274 0.6619 0.5996 0.5402 0.4898 0.4437 0.3977 0.3574 0.3235 0.2923 0.2629 0.2367 0.2138 0.1927 0.1730 0.1551 0.1389 0.1249
5.0359 4.9697 5.1591 5.2503 5.1059 4.8859 4.7377 4.6698 4.6054 4.4858 4.2658 4.0412 3.8178 3.6045 3.4037 3.2063 3.0217 2.8266 2.6299 2.4507 2.2723 2.1106 1.9396 1.7902 1.6523 1.5175 1.3930 1.2651 1.1548 1.0430 0.9502 0.8705 0.7911 0.7211 0.6541 0.5908 0.5363 0.4860 0.4351 0.3907 0.3534 0.3200 0.2887 0.2615 0.2367 0.2137 0.1919 0.1721 0.1542 0.1388
5.2988 5.5022 5.4396 5.2360 5.0847 5.0457 5.0443 4.9945 4.8630 4.6652 4.4009 4.1685 3.9575 3.7627 3.5765 3.3863 3.1984 2.9950 2.7888 2.6014 2.4149 2.2455 2.0673 1.9123 1.7692 1.6291 1.4994 1.3663 1.2512 1.1330 1.0341 0.9490 0.8640 0.7887 0.7167 0.6491 0.5905 0.5361 0.4810 0.4330 0.3926 0.3560 0.3219 0.2923 0.2651 0.2396 0.2154 0.1935 0.1736 0.1564
5.7132 5.5005 5.3662 5.3787 5.4369 5.4499 5.3686 5.2021 4.9917 4.7715 4.5346 4.3343 4.1453 3.9602 3.7757 3.5830 3.3842 3.1692 2.9543 2.7623 2.5708 2.3929 2.2065 2.0448 1.8960 1.7499 1.6144 1.4776 1.3599 1.2387 1.1310 1.0381 0.9464 0.8653 0.7876 0.7155 0.6530 0.5947 0.5364 0.4853 0.4422 0.4015 0.3632 0.3297 0.2994 0.2712 0.2443 0.2199 0.1977 0.1785
5.6348 5.7320 5.8346 5.8568 5.7750 5.6417 5.4798 5.3017 5.1220 4.9435 4.7493 4.5679 4.3783 4.1829 3.9875 3.7865 3.5745 3.3483 3.1263 2.9315 2.7361 2.5499 2.3549 2.1862 2.0313 1.8787 1.7370 1.5966 1.4765 1.3527 1.2357 1.1342 1.0355 0.9482 0.8646 0.7878 0.7213 0.6591 0.5977 0.5435 0.4977 0.4525 0.4097 0.3717 0.3381 0.3068 0.2770 0.2498 0.2251 0.2036
6.3077 6.2700 6.1355 5.9812 5.8413 5.7422 5.6513 5.5328 5.3886 5.2199 5.0265 4.8299 4.6180 4.3997 4.1856 3.9698 3.7492 3.5165 3.2904 3.0944 2.8964 2.7038 2.5008 2.3250 2.1643 2.0067 1.8608 1.7173 1.5950 1.4679 1.3431 1.2348 1.1302 1.0380 0.9494 0.8675 0.7963 0.7297 0.6650 0.6076 0.5589 0.5095 0.4620 0.4194 0.3823 0.3478 0.3150 0.2848 0.2574 0.2333
6.4753 6.3669 6.2899 6.2375 6.1849 6.1186 6.0160 5.8580 5.6838 5.4921 5.2816 5.0655 4.8338 4.5917 4.3514 4.1055 3.8840 3.6519 3.4248 3.2286 3.0295 2.8356 2.6263 2.4436 2.2787 2.1202 1.9759 1.8307 1.7054 1.5722 1.4449 1.3351 1.2286 1.1357 1.0452 0.9566 0.8795 0.8073 0.7384 0.6771 0.6248 0.5727 0.5215 0.4744 0.4341 0.3967 0.3611 0.3280 0.2975 0.2706
6.9477 6.9052 6.8443 6.7612 6.6503 6.5008 6.3178 6.0938 5.8928 5.6946 5.4875 5.2696 5.0317 4.7748 4.5134 4.2397 4.0189 3.7883 3.5608 3.3648 3.1650 2.9699 2.7543 2.5647 2.3958 2.2371 2.0957 1.9495 1.8216 1.6822 1.5531 1.4424 1.3345 1.2419 1.1499 1.0543 0.9708 0.8926 0.8195 0.7541 0.6981 0.6434 0.5883 0.5363 0.4927 0.4524 0.4139 0.3775 0.3437 0.3138
7.4358 7.3019 7.1783 7.0488 6.9031 6.7153 6.4994 6.2498 6.0502 5.8640 5.6720 5.4592 5.2182 4.9472 4.6650 4.3637 4.1430 3.9137 3.6863 3.4908 3.2906 3.0948 2.8730 2.6765 2.5038 2.3456 2.2080 2.0615 1.9321 1.7880 1.6575 1.5464 1.4378 1.3460 1.2533 1.1507 1.0613 0.9773 0.9004 0.8311 0.7716 0.7145 0.6560 0.5992 0.5524 0.5092 0.4682 0.4287 0.3917 0.3587
7.4104 7.2928 7.1854 7.0632 6.9117 6.7255 6.5120 6.2650 6.0585 5.8631 5.6698 5.4572 5.2174 4.9394 4.6556 4.3581 4.1342 3.9042 3.6817 3.4881 3.2889 3.0934 2.8669 2.6640 2.4873 2.3294 2.1950 2.0493 1.9245 1.7897 1.6579 1.5450 1.4365 1.3433 1.2490 1.1465 1.0585 0.9764 0.9000 0.8300 0.7690 0.7120 0.6540 0.5984 0.5511 0.5078 0.4680 0.4289 0.3920 0.3590
