0.1567 0.0320 0.1059 0.3907 0.2693 0.0328 0.3706 0.0308 0.3125 0.0421 0.2890 0.0680 0.0853 0.1868 0.0818 0.0200 0.0429 0.1124 0.1699 0.1458 0.0688 0.0238 0.0416 0.0823 0.0980 0.0783 0.0417 0.0124 0.0022 0.0100 0.0269 0.0438 0.0549 0.0580 0.0549 0.0467 0.0368 0.0266 0.0177 0.0107 0.0058 0.0027 0.0011 0.0007 0.0010 0.0018 0.0029 0.0039 0.0049 0.0058
0.5189 0.1119 0.2870 1.1483 0.8390 0.0864 1.1086 0.1022 0.9304 0.1305 0.8675 0.1938 0.2645 0.5559 0.2362 0.0602 0.1353 0.3445 0.5131 0.4366 0.2043 0.0705 0.1243 0.2458 0.2916 0.2321 0.1229 0.0359 0.0065 0.0306 0.0816 0.1322 0.1650 0.1741 0.1644 0.1399 0.1099 0.0795 0.0528 0.0320 0.0172 0.0080 0.0034 0.0021 0.0031 0.0055 0.0086 0.0118 0.0148 0.0175
1.0339 0.2545 0.3844 1.8263 1.4978 0.1119 1.8299 0.2077 1.5232 0.2341 1.4447 0.2904 0.4690 0.9107 0.3638 0.1024 0.2483 0.5979 0.8657 0.7240 0.3329 0.1137 0.2058 0.4058 0.4780 0.3773 0.1971 0.0562 0.0110 0.0535 0.1391 0.2229 0.2765 0.2905 0.2734 0.2320 0.1819 0.1313 0.0870 0.0525 0.0282 0.0131 0.0055 0.0035 0.0053 0.0094 0.0145 0.0199 0.0249 0.0294
1.8131 0.5468 0.3757 2.3480 2.2881 0.1168 2.5008 0.3851 2.0619 0.3713 2.0109 0.3438 0.7152 1.2364 0.4501 0.1536 0.3974 0.8845 1.2300 1.0024 0.4484 0.1507 0.2848 0.5594 0.6521 0.5081 0.2602 0.0711 0.0158 0.0803 0.2014 0.3175 0.3901 0.4073 0.3815 0.3226 0.2520 0.1813 0.1197 0.0719 0.0384 0.0177 0.0074 0.0049 0.0076 0.0134 0.0207 0.0282 0.0352 0.0415
2.9442 1.1261 0.2991 2.6159 3.2162 0.1500 3.0570 0.6908 2.5014 0.5722 2.5431 0.3490 1.0163 1.5124 0.4875 0.2288 0.5997 1.2118 1.6017 1.2615 0.5426 0.1783 0.3601 0.7038 0.8087 0.6186 0.3079 0.0794 0.0220 0.1131 0.2709 0.4179 0.5071 0.5249 0.4886 0.4109 0.3195 0.2288 0.1503 0.0897 0.0475 0.0218 0.0092 0.0064 0.0101 0.0178 0.0272 0.0370 0.0458 0.0539
4.4102 2.1536 0.2883 2.5346 4.2217 0.3141 3.4009 1.1986 2.7800 0.8792 3.0019 0.3151 1.3793 1.7119 0.4795 0.3529 0.8713 1.5790 1.9667 1.4842 0.6046 0.1932 0.4310 0.8365 0.9430 0.7041 0.3373 0.0806 0.0313 0.1548 0.3504 0.5263 0.6287 0.6440 0.5946 0.4968 0.3839 0.2733 0.1784 0.1057 0.0554 0.0251 0.0106 0.0079 0.0130 0.0226 0.0342 0.0462 0.0570 0.0667
5.9666 3.7234 0.5882 2.0674 5.1465 0.7620 3.4168 1.9855 2.8280 1.3439 3.3313 0.2696 1.7990 1.8058 0.4478 0.5600 1.2224 1.9718 2.2981 1.6460 0.6221 0.1939 0.4991 0.9571 1.0523 0.7614 0.3469 0.0756 0.0462 0.2088 0.4430 0.6450 0.7564 0.7651 0.6997 0.5799 0.4449 0.3145 0.2036 0.1195 0.0619 0.0277 0.0119 0.0096 0.0161 0.0279 0.0418 0.0559 0.0686 0.0801
7.0564 5.6976 1.5116 1.3219 5.7283 1.6592 3.0142 3.0977 2.5893 2.0156 3.4637 0.2614 2.2517 1.7713 0.4370 0.8885 1.6490 2.3567 2.5540 1.7164 0.5840 0.1831 0.5712 1.0700 1.1377 0.7908 0.3380 0.0672 0.0707 0.2789 0.5521 0.7766 0.8918 0.8890 0.8040 0.6601 0.5022 0.3520 0.2258 0.1310 0.0669 0.0295 0.0129 0.0114 0.0198 0.0338 0.0501 0.0664 0.0809 0.0940
6.9305 7.5331 3.2849 0.6297 5.6570 3.0938 2.2053 4.4957 2.0601 2.9198 3.3352 0.3582 2.6914 1.6053 0.5175 1.3688 2.1214 2.6767 2.6801 1.6639 0.4861 0.1733 0.6630 1.1874 1.2072 0.7979 0.3156 0.0604 0.1092 0.3691 0.6806 0.9228 1.0358 1.0160 0.9074 0.7373 0.5555 0.3856 0.2447 0.1401 0.0704 0.0305 0.0137 0.0135 0.0240 0.0404 0.0591 0.0776 0.0940 0.1085
5.1527 8.2859 5.7766 0.5432 4.7268 4.9463 1.2001 5.9897 1.3406 4.0270 2.9101 0.6371 3.0513 1.3423 0.7787 2.0044 2.5737 2.8533 2.6190 1.4678 0.3404 0.1928 0.8039 1.3329 1.2777 0.7950 0.2888 0.0617 0.1662 0.4820 0.8295 1.0837 1.1878 1.1454 1.0093 0.8107 0.6043 0.4149 0.2602 0.1468 0.0724 0.0309 0.0145 0.0161 0.0289 0.0479 0.0690 0.0897 0.1077 0.1237
2.3729 7.0578 8.2202 1.6529 3.0603 6.7754 0.4635 7.1981 0.6847 5.2184 2.2156 1.1672 3.2600 1.0720 1.3094 2.7491 2.9023 2.8039 2.3343 1.1376 0.1870 0.2919 1.0406 1.5443 1.3776 0.8020 0.2704 0.0782 0.2444 0.6171 0.9969 1.2571 1.3460 1.2757 1.1087 0.8798 0.6483 0.4400 0.2722 0.1512 0.0731 0.0307 0.0154 0.0191 0.0346 0.0563 0.0799 0.1028 0.1225 0.1399
0.6672 3.9883 9.2539 4.1821 1.2977 7.8545 0.6417 7.6003 0.5075 6.2593 1.3760 1.9853 3.2638 0.9381 2.1580 3.4831 2.9776 2.4728 1.8426 0.7353 0.1041 0.5424 1.4305 1.8650 1.5383 0.8404 0.2725 0.1137 0.3412 0.7680 1.1750 1.4352 1.5037 1.4018 1.2015 0.9417 0.6857 0.4596 0.2803 0.1529 0.0723 0.0301 0.0165 0.0229 0.0414 0.0660 0.0922 0.1172 0.1386 0.1573
2.3310 1.0933 7.6786 7.5063 0.5283 7.4810 2.2663 6.7520 1.2935 6.8049 0.6390 3.0649 3.0510 1.1102 3.2750 4.0016 2.6801 1.8826 1.2551 0.3969 0.2075 1.0212 2.0172 2.3192 1.7746 0.9190 0.2973 0.1633 0.4450 0.9183 1.3455 1.6001 1.6448 1.5102 1.2776 0.9890 0.7114 0.4705 0.2825 0.1510 0.0697 0.0289 0.0181 0.0278 0.0495 0.0771 0.1060 0.1331 0.1560 0.1759
7.3150 1.4821 3.8674 9.9670 1.8181 5.4995 5.2867 4.6507 3.3547 6.4826 0.3731 4.3005 2.6872 1.7295 4.4730 4.0651 1.9958 1.2173 0.8221 0.3331 0.6196 1.7657 2.7882 2.8787 2.0614 1.0192 0.3291 0.2095 0.5354 1.0453 1.4851 1.7302 1.7507 1.5860 1.3255 1.0138 0.7200 0.4693 0.2768 0.1445 0.0650 0.0275 0.0205 0.0341 0.0595 0.0902 0.1217 0.1508 0.1750 0.1959
11.8812 6.3432 0.7776 9.5260 5.4349 2.7351 8.7263 2.0946 6.4403 5.0752 1.0112 5.4918 2.2998 2.8139 5.4220 3.5003 1.1206 0.8694 0.9162 0.7671 1.3833 2.6841 3.5935 3.3986 2.2913 1.0729 0.3279 0.2277 0.5936 1.1315 1.5770 1.8096 1.8073 1.6178 1.3363 1.0093 0.7070 0.4532 0.2617 0.1329 0.0582 0.0260 0.0243 0.0426 0.0719 0.1058 0.1399 0.1708 0.1960 0.2177
11.1949 12.2944 2.2762 5.6164 10.1072 0.8395 10.9456 0.6049 9.3905 2.8276 2.9088 6.3236 2.0155 4.1768 5.7366 2.3591 0.5317 1.3846 1.8952 1.7710 2.3093 3.4323 4.0576 3.5627 2.2501 0.9629 0.2482 0.2150 0.6369 1.2004 1.6428 1.8551 1.8267 1.6135 1.3149 0.9789 0.6745 0.4237 0.2383 0.1171 0.0501 0.0253 0.0300 0.0538 0.0874 0.1245 0.1610 0.1934 0.2195 0.2416
4.8020 13.6513 8.3933 1.2806 12.7530 1.5046 10.6401 1.4831 10.3129 0.7912 6.0432 6.3158 1.8737 5.4343 5.1692 1.0535 0.8842 3.1625 3.7470 2.9762 2.8031 3.3500 3.5899 2.9342 1.6856 0.5973 0.1140 0.2636 0.7862 1.3754 1.7927 1.9579 1.8797 1.6255 1.2992 0.9484 0.6396 0.3917 0.2133 0.1007 0.0427 0.0260 0.0379 0.0675 0.1055 0.1458 0.1845 0.2183 0.2449 0.2673
0.8535 7.8411 13.6420 1.6447 9.6807 5.6736 7.5858 4.4268 7.9236 0.7972 9.3775 4.7611 1.9024 6.2298 3.8436 0.2838 2.5205 5.7145 5.4113 3.2229 1.9167 1.8164 1.8738 1.4368 0.6928 0.1813 0.1896 0.6578 1.3159 1.9046 2.2375 2.2889 2.0991 1.7525 1.3604 0.9669 0.6350 0.3776 0.1986 0.0901 0.0383 0.0285 0.0468 0.0819 0.1241 0.1675 0.2085 0.2437 0.2709 0.2934
7.8344 0.7683 11.4926 8.3138 2.9621 11.4864 1.6479 9.5932 4.1498 3.7600 9.1807 0.9403 4.0498 7.8171 2.5157 0.5201 4.2961 5.8291 3.1856 0.5243 0.4460 1.9070 2.9384 2.8013 1.9388 1.1791 0.9401 1.2049 1.6975 2.1541 2.3801 2.3502 2.1033 1.7220 1.3128 0.9156 0.5883 0.3405 0.1729 0.0761 0.0351 0.0344 0.0601 0.1009 0.1472 0.1934 0.2362 0.2723 0.2995 0.3219
16.0417 4.9135 4.1335 14.3203 0.6877 13.1515 0.7432 12.1377 1.1894 7.6086 7.5046 0.3827 6.6829 7.2939 1.1580 1.5341 5.7598 5.7836 2.3472 0.2378 0.9752 2.6930 3.4765 2.9885 1.9367 1.1788 1.0347 1.3893 1.9161 2.3520 2.5213 2.4258 2.1214 1.7003 1.2690 0.8649 0.5409 0.3025 0.1472 0.0632 0.0337 0.0429 0.0764 0.1231 0.1735 0.2225 0.2668 0.3035 0.3305 0.3524
11.9006 14.7577 0.9127 13.0543 5.1614 9.2752 4.5354 10.8651 0.7353 10.9643 4.4666 1.6273 8.9735 5.7132 0.3653 3.2491 6.9600 5.2259 1.4536 0.2574 1.7867 3.5540 3.9397 3.0724 1.8761 1.1723 1.1512 1.5974 2.1447 2.5430 2.6428 2.4753 2.1130 1.6555 1.2073 0.8019 0.4861 0.2613 0.1215 0.0522 0.0357 0.0554 0.0969 0.1494 0.2037 0.2552 0.3006 0.3375 0.3640 0.3850
1.5961 15.6975 8.3118 5.0916 13.2618 2.9250 11.0961 6.1334 3.9625 11.8534 1.5152 4.6753 9.9996 3.4741 0.6086 5.4202 7.5828 4.1935 0.7027 0.6870 2.8496 4.4086 4.2683 3.0332 1.7629 1.1723 1.2978 1.8299 2.3790 2.7210 2.7391 2.4950 2.0762 1.5873 1.1284 0.7280 0.4257 0.2187 0.0972 0.0445 0.0420 0.0727 0.1223 0.1804 0.2382 0.2917 0.3378 0.3745 0.3999 0.4197
5.8251 5.1003 17.5527 0.8720 16.2616 0.9721 15.1250 1.4658 9.5994 9.3378 0.5356 8.5776 9.1327 1.3851 2.1359 7.5777 7.3843 2.8620 0.3240 1.5798 4.0786 5.1537 4.4072 2.8643 1.6133 1.1956 1.4825 2.0861 2.6133 2.8791 2.8047 2.4816 2.0099 1.4964 1.0339 0.6452 0.3619 0.1766 0.0761 0.0416 0.0538 0.0957 0.1531 0.2164 0.2773 0.3322 0.3785 0.4144 0.4383 0.4566
19.4342 1.9093 14.2071 8.1985 9.7230 7.1418 12.3627 1.4294 14.0182 4.6446 2.7596 11.6154 6.4853 0.4461 4.7830 9.1155 6.3000 1.5439 0.5292 2.9076 5.3336 5.6792 4.3188 2.5778 1.4543 1.2627 1.7131 2.3636 2.8405 3.0101 2.8351 2.4340 1.9156 1.3851 0.9267 0.5565 0.2974 0.1375 0.0601 0.0450 0.0723 0.1253 0.1903 0.2582 0.3215 0.3773 0.4231 0.4577 0.4795 0.4957
14.7351 14.8961 2.8262 18.4570 1.5855 15.9962 4.8954 7.3947 13.5940 1.0204 7.6527 12.0800 3.1356 1.4319 7.8920 9.4767 4.5271 0.6394 1.4478 4.5403 6.4324 5.8847 3.9923 2.2078 1.3229 1.3950 1.9942 2.6563 3.0517 3.1061 2.8258 2.3507 1.7940 1.2557 0.8097 0.4648 0.2351 0.1037 0.0512 0.0563 0.0987 0.1627 0.2347 0.3065 0.3713 0.4270 0.4717 0.5043 0.5235 0.5373
1.1692 20.5982 4.2847 15.9634 4.2171 17.1462 0.8636 14.9436 8.1072 1.7609 12.6722 9.3833 0.8450 4.4185 10.4321 8.3920 2.5451 0.5411 3.0628 6.2449 7.1792 5.7027 3.4542 1.8112 1.2638 1.6119 2.3251 2.9548 3.2356 3.1591 2.7719 2.2301 1.6458 1.1108 0.6864 0.3739 0.1779 0.0778 0.0515 0.0770 0.1343 0.2084 0.2866 0.3613 0.4267 0.4815 0.5243 0.5543 0.5703 0.5810
11.8982 6.6337 18.7610 3.8373 16.1089 8.3232 6.2284 16.8466 2.0792 7.3773 14.5297 4.8221 1.2338 8.5086 11.3567 6.0832 1.0336 1.5032 5.1683 7.7138 7.4044 5.1252 2.7763 1.4640 1.3222 1.9265 2.6989 3.2450 3.3800 3.1613 2.6711 2.0733 1.4747 0.9550 0.5615 0.2878 0.1295 0.0626 0.0632 0.1087 0.1801 0.2634 0.3465 0.4231 0.4879 0.5408 0.5809 0.6076 0.6197 0.6270
24.2985 3.2942 19.7200 3.5148 20.3433 1.1267 16.3539 10.5176 1.6475 14.2608 11.5585 1.2628 4.7369 12.0128 10.1007 3.3185 0.6717 3.5104 7.3738 8.6243 7.0131 4.2199 2.0718 1.2522 1.5360 2.3404 3.1001 3.5089 3.4714 3.1062 2.5223 1.8834 1.2855 0.7937 0.4403 0.2112 0.0937 0.0611 0.0883 0.1531 0.2372 0.3283 0.4150 0.4919 0.5550 0.6049 0.6416 0.6642 0.6718 0.6752
7.4831 20.8422 4.4008 18.0543 9.4702 7.1049 19.2071 2.4348 8.5116 16.7993 5.5504 1.5184 9.9619 13.1498 6.9954 1.2309 1.8712 6.2033 9.1720 8.7262 6.0322 3.1385 1.4860 1.2598 1.9283 2.8418 3.5077 3.7307 3.5037 2.9964 2.3299 1.6658 1.0851 0.6341 0.3292 0.1491 0.0742 0.0761 0.1289 0.2112 0.3061 0.4029 0.4911 0.5672 0.6277 0.6741 0.7068 0.7248 0.7275 0.7266
5.1799 19.8745 5.4266 21.6772 1.2599 19.3851 10.4959 2.5211 16.8590 12.3579 1.2125 6.2089 14.1195 11.1111 3.3687 0.8994 4.5338 8.9125 10.0612 7.9140 4.6146 2.0884 1.1631 1.5432 2.4934 3.3977 3.8846 3.8801 3.4570 2.8208 2.0942 1.4270 0.8811 0.4830 0.2338 0.1061 0.0748 0.1103 0.1869 0.2844 0.3877 0.4879 0.5758 0.6496 0.7062 0.7481 0.7759 0.7886 0.7857 0.7801
25.7508 2.2359 22.8309 6.7421 11.3756 19.7159 1.5883 12.1095 18.1204 4.5801 2.6788 12.7070 14.5628 6.7470 1.0553 2.8263 7.9593 10.8225 9.7126 6.3082 3.0526 1.3148 1.2265 2.1217 3.1952 3.9583 4.1899 3.9321 3.3213 2.5802 1.8220 1.1763 0.6827 0.3485 0.1609 0.0874 0.0990 0.1662 0.2638 0.3737 0.4825 0.5837 0.6691 0.7390 0.7904 0.8267 0.8489 0.8555 0.8465 0.8357
13.4397 12.7958 18.4264 3.2899 23.4463 6.8511 5.9104 20.3289 10.3712 1.0926 9.6329 16.4758 10.6885 2.4464 1.5249 6.5515 10.9959 11.2422 8.1185 4.2663 1.7224 1.0424 1.7415 2.9615 3.9651 4.4597 4.3804 3.8656 3.0922 2.2801 1.5239 0.9254 0.5008 0.2394 0.1171 0.0977 0.1503 0.2461 0.3610 0.4797 0.5910 0.6904 0.7710 0.8353 0.8801 0.9098 0.9255 0.9254 0.9096 0.8932
3.1230 26.0729 1.8773 20.1558 15.0812 1.9287 18.6193 16.4285 2.0445 6.2168 16.6012 14.3834 4.8276 0.9473 4.9721 10.6694 12.4565 9.9138 5.6750 2.3295 1.0027 1.4190 2.6941 3.9826 4.7263 4.8518 4.4310 3.6742 2.7754 1.9327 1.2165 0.6902 0.3478 0.1653 0.1095 0.1420 0.2320 0.3521 0.4806 0.6049 0.7160 0.8117 0.8856 0.9418 0.9782 0.9997 1.0073 0.9996 0.9765 0.9541
25.8204 7.0556 13.3976 22.0780 1.7021 14.5863 21.0152 4.9922 3.4373 15.5513 17.2578 7.7042 1.1026 3.6021 9.9290 13.3252 11.5990 7.1499 3.0835 1.0722 1.1625 2.4551 3.9619 5.0311 5.3473 5.0443 4.2956 3.3460 2.3798 1.5565 0.9157 0.4833 0.2347 0.1343 0.1439 0.2240 0.3463 0.4854 0.6226 0.7482 0.8555 0.9445 1.0093 1.0553 1.0818 1.0939 1.0925 1.0765 1.0456 1.0167
14.4532 7.3798 25.8107 4.2944 10.3494 23.5293 8.7667 1.8415 13.8283 19.3837 10.5445 1.7839 2.5927 9.1952 13.8149 13.1124 8.5993 3.8836 1.2193 0.9591 2.2755 4.0013 5.3338 5.9264 5.7113 4.9806 3.9612 2.8936 1.9288 1.1768 0.6435 0.3225 0.1743 0.1554 0.2260 0.3473 0.4950 0.6467 0.7872 0.9096 1.0092 1.0884 1.1415 1.1752 1.1903 1.1919 1.1807 1.1558 1.1166 1.0808
3.7892 26.9567 7.7225 7.2597 24.5888 12.2386 1.2671 12.3699 20.7354 13.1003 2.6552 1.9603 8.7296 14.3470 14.3334 9.9245 4.6340 1.3754 0.8191 2.1594 4.1603 5.7627 6.5483 6.4941 5.7304 4.6373 3.4436 2.3512 1.4601 0.8270 0.4261 0.2269 0.1798 0.2372 0.3614 0.5153 0.6805 0.8379 0.9757 1.0900 1.1780 1.2443 1.2834 1.3032 1.3052 1.2948 1.2731 1.2386 1.1906 1.1475
27.5430 10.3285 5.7498 25.1970 14.6849 1.2239 11.7305 21.9721 14.9445 3.3762 1.6778 8.6931 15.1993 15.5608 10.9322 5.2097 1.4686 0.7305 2.1840 4.4454 6.3951 7.3531 7.3420 6.5968 5.3623 4.0309 2.7869 1.7693 1.0187 0.5419 0.2898 0.2151 0.2637 0.3878 0.5553 0.7314 0.9055 1.0612 1.1898 1.2908 1.3633 1.4135 1.4363 1.4412 1.4278 1.4038 1.3709 1.3263 1.2689 1.2180
10.8381 5.8149 26.1887 15.5139 1.2604 12.2923 23.3464 15.9391 3.5440 1.7460 9.3125 16.3852 16.8371 11.6627 5.4016 1.4176 0.7045 2.4086 4.9937 7.1944 8.3833 8.3508 7.4822 6.1496 4.6171 3.2166 2.0586 1.2082 0.6520 0.3573 0.2596 0.3037 0.4360 0.6123 0.8094 0.9952 1.1679 1.3134 1.4260 1.5083 1.5614 1.5923 1.5965 1.5847 1.5545 1.5158 1.4711 1.4159 1.3487 1.2897
7.8583 27.8594 14.2548 1.3685 14.5468 24.8649 15.6892 2.9804 2.3025 10.9973 18.0671 17.8811 11.9596 5.1523 1.1665 0.8038 2.9627 5.9198 8.3372 9.5525 9.5327 8.4495 6.8774 5.1901 3.5920 2.3054 1.3586 0.7474 0.4182 0.3128 0.3610 0.5074 0.7043 0.9139 1.1242 1.3056 1.4658 1.5926 1.6823 1.7409 1.7706 1.7794 1.7629 1.7328 1.6845 1.6300 1.5731 1.5069 1.4296 1.3623
29.5233 10.5324 2.5134 19.0385 26.1416 13.6815 1.8259 3.9180 14.0010 20.5001 18.5103 11.4022 4.3476 0.7989 1.1939 4.0620 7.4416 9.9567 11.0513 10.7559 9.4806 7.5847 5.6343 3.8964 2.4698 1.4545 0.8077 0.4737 0.3759 0.4463 0.6164 0.8394 1.0764 1.2976 1.5044 1.6675 1.8049 1.9050 1.9647 1.9934 1.9940 1.9787 1.9400 1.8904 1.8244 1.7547 1.6845 1.6062 1.5179 1.4420
4.5810 7.0651 25.4117 25.2413 9.3659 1.0293 7.6283 18.6065 22.7922 18.2246 9.6435 2.9104 0.5740 2.2382 5.9395 9.7129 12.1100 12.7967 12.0296 10.2874 8.1305 5.8937 3.9811 2.5038 1.4520 0.8185 0.5151 0.4596 0.5690 0.7818 1.0369 1.3025 1.5497 1.7583 1.9431 2.0731 2.1768 2.2420 2.2650 2.2585 2.2259 2.1845 2.1222 2.0519 1.9679 1.8827 1.7987 1.7078 1.6081 1.5236
17.8378 30.5504 19.4444 3.6792 3.0691 14.5850 24.1188 23.7281 15.6765 6.5679 1.3059 1.1576 4.5444 9.0122 12.7009 14.6892 14.6223 13.0979 10.7806 8.2129 5.8302 3.8049 2.3177 1.3378 0.7771 0.5601 0.5835 0.7646 1.0281 1.3311 1.6232 1.8917 2.1168 2.2876 2.4319 2.5145 2.5743 2.5973 2.5779 2.5319 2.4630 2.3938 2.3068 2.2153 2.1128 2.0117 1.9137 1.8102 1.6989 1.6059
26.9979 8.3789 1.5625 11.4908 24.3397 27.7829 20.9263 10.3458 2.7446 0.8724 3.7703 8.8428 13.5688 16.4255 17.1475 16.0615 13.5885 10.6162 7.7219 5.2240 3.2973 1.9295 1.1112 0.7285 0.6590 0.8079 1.0828 1.4218 1.7641 2.0942 2.3712 2.6021 2.7749 2.8852 2.9726 2.9950 3.0009 2.9736 2.9064 2.8194 2.7161 2.6200 2.5079 2.3927 2.2700 2.1517 2.0386 1.9221 1.7993 1.6971
1.5473 11.5525 26.1418 31.1378 24.3252 12.5574 3.5938 1.0265 4.1101 9.9555 15.4942 19.1117 20.1095 18.8420 16.1722 12.8630 9.4217 6.4198 4.0787 2.4260 1.4080 0.8944 0.7771 0.9307 1.2374 1.6281 2.0344 2.4270 2.7607 3.0510 3.2602 3.4154 3.5095 3.5391 3.5554 3.5067 3.4498 3.3650 3.2456 3.1176 2.9829 2.8615 2.7243 2.5832 2.4384 2.3015 2.1726 2.0431 1.9086 1.7969
32.0285 33.8602 24.0745 11.1071 2.7084 1.7044 6.4743 13.4825 19.6407 23.2391 23.6091 21.6961 18.2105 14.1516 10.2588 6.9359 4.3329 2.5423 1.4780 0.9958 0.9451 1.1703 1.5689 2.0566 2.5395 3.0000 3.3939 3.7265 3.9639 4.1504 4.2450 4.2919 4.2852 4.2188 4.1535 4.0265 3.9018 3.7560 3.5825 3.4133 3.2483 3.1027 2.9408 2.7737 2.6069 2.4516 2.3069 2.1645 2.0187 1.8977
16.5391 5.0768 1.5762 5.5999 13.5422 21.4627 26.7403 28.3728 26.8994 23.3150 18.4710 13.6835 9.4036 6.0112 3.5958 2.0767 1.2938 1.0879 1.2838 1.7299 2.3102 2.9019 3.4826 4.0246 4.4507 4.8014 5.0464 5.2194 5.2880 5.3199 5.2689 5.1881 5.0675 4.8967 4.7456 4.5407 4.3490 4.1435 3.9179 3.7097 3.5165 3.3450 3.1587 2.9684 2.7808 2.6076 2.4472 2.2921 2.1351 2.0047
10.3395 20.2188 28.7579 33.6027 34.2266 31.3730 26.3281 20.3620 14.6597 9.8222 6.0437 3.5045 2.0092 1.3570 1.3379 1.7470 2.3960 3.1564 3.9333 4.6642 5.3232 5.8190 6.2260 6.5545 6.7157 6.8126 6.8122 6.7632 6.6200 6.4656 6.2627 6.0538 5.8165 5.5413 5.3077 5.0369 4.7870 4.5289 4.2590 4.0168 3.7979 3.5938 3.3819 3.1761 2.9705 2.7803 2.6038 2.4360 2.2676 2.1273
41.1710 36.0456 29.0973 21.8013 15.1492 9.7363 5.7748 3.2263 1.9142 1.5628 1.8831 2.6539 3.6496 4.7043 5.7527 6.7370 7.5404 8.1771 8.6521 8.9982 9.2447 9.2879 9.2722 9.2174 8.9983 8.7732 8.4916 8.2044 7.8445 7.5042 7.1606 6.8357 6.4924 6.1233 5.8168 5.4904 5.1906 4.8863 4.5781 4.3072 4.0672 3.8327 3.5975 3.3791 3.1572 2.9514 2.7597 2.5800 2.4008 2.2510
4.5012 2.6159 2.0630 2.5207 3.6510 5.1663 6.8336 8.4490 9.9437 11.2714 12.2768 13.1306 13.7150 14.0346 14.2537 14.3949 14.2820 14.0303 13.6760 13.3060 12.9408 12.4267 11.9366 11.4823 10.8940 10.3732 9.8459 9.3565 8.8166 8.3241 7.8728 7.4602 7.0348 6.5924 6.2297 5.8633 5.5263 5.1872 4.8497 4.5564 4.2996 4.0396 3.7860 3.5595 3.3247 3.1059 2.9010 2.7110 2.5226 2.3647
30.7469 31.1530 31.2780 31.1538 30.7591 30.2049 29.4631 28.4788 27.4602 26.4538 25.2079 24.1344 22.9875 21.7720 20.7254 19.8249 18.7817 17.7409 16.7260 15.8202 15.0199 14.1290 13.3202 12.6029 11.8052 11.1162 10.4487 9.8358 9.2007 8.6438 8.1393 7.6824 7.2163 6.7368 6.3444 5.9558 5.6073 5.2620 4.9115 4.5979 4.3143 4.0510 3.7986 3.5774 3.3420 3.1212 2.9135 2.7210 2.5306 2.3719
