0.1566 0.0320 0.1059 0.3908 0.2694 0.0328 0.3705 0.0308 0.3123 0.0422 0.2892 0.0681 0.0855 0.1872 0.0821 0.0199 0.0427 0.1123 0.1697 0.1456 0.0687 0.0239 0.0417 0.0825 0.0982 0.0784 0.0418 0.0124 0.0022 0.0100 0.0269 0.0438 0.0549 0.0580 0.0549 0.0468 0.0368 0.0266 0.0177 0.0107 0.0058 0.0027 0.0011 0.0007 0.0010 0.0018 0.0028 0.0039 0.0049 0.0058
0.5188 0.1120 0.2868 1.1484 0.8392 0.0866 1.1082 0.1021 0.9298 0.1307 0.8681 0.1940 0.2650 0.5573 0.2369 0.0598 0.1348 0.3443 0.5127 0.4361 0.2040 0.0706 0.1249 0.2465 0.2921 0.2325 0.1230 0.0360 0.0065 0.0306 0.0816 0.1323 0.1651 0.1742 0.1644 0.1399 0.1099 0.0796 0.0529 0.0320 0.0172 0.0081 0.0034 0.0021 0.0031 0.0055 0.0086 0.0118 0.0148 0.0175
1.0338 0.2547 0.3841 1.8265 1.4982 0.1120 1.8294 0.2076 1.5223 0.2344 1.4458 0.2907 0.4700 0.9130 0.3647 0.1016 0.2475 0.5976 0.8652 0.7232 0.3325 0.1140 0.2067 0.4068 0.4789 0.3779 0.1974 0.0562 0.0110 0.0535 0.1391 0.2229 0.2765 0.2905 0.2734 0.2321 0.1819 0.1314 0.0870 0.0525 0.0282 0.0131 0.0055 0.0035 0.0053 0.0094 0.0145 0.0199 0.0249 0.0294
1.8129 0.5470 0.3755 2.3484 2.2889 0.1169 2.5004 0.3849 2.0608 0.3719 2.0125 0.3442 0.7167 1.2396 0.4512 0.1522 0.3964 0.8843 1.2295 1.0016 0.4480 0.1512 0.2861 0.5609 0.6533 0.5088 0.2605 0.0712 0.0158 0.0802 0.2014 0.3175 0.3901 0.4073 0.3816 0.3226 0.2520 0.1813 0.1197 0.0719 0.0384 0.0177 0.0074 0.0049 0.0076 0.0134 0.0207 0.0282 0.0352 0.0415
2.9442 1.1263 0.2991 2.6165 3.2177 0.1500 3.0570 0.6904 2.5002 0.5732 2.5453 0.3496 1.0185 1.5164 0.4883 0.2267 0.5986 1.2119 1.6015 1.2607 0.5422 0.1791 0.3617 0.7057 0.8102 0.6196 0.3084 0.0796 0.0220 0.1131 0.2709 0.4179 0.5071 0.5250 0.4887 0.4110 0.3195 0.2288 0.1503 0.0897 0.0475 0.0218 0.0092 0.0064 0.0101 0.0178 0.0272 0.0370 0.0458 0.0539
4.4107 2.1540 0.2885 2.5354 4.2244 0.3137 3.4016 1.1980 2.7791 0.8808 3.0049 0.3158 1.3823 1.7165 0.4798 0.3501 0.8702 1.5798 1.9672 1.4838 0.6045 0.1943 0.4330 0.8387 0.9448 0.7053 0.3378 0.0808 0.0312 0.1547 0.3503 0.5262 0.6287 0.6440 0.5947 0.4968 0.3840 0.2734 0.1784 0.1057 0.0554 0.0251 0.0106 0.0079 0.0130 0.0226 0.0342 0.0462 0.0570 0.0667
5.9684 3.7241 0.5889 2.0682 5.1507 0.7614 3.4184 1.9846 2.8277 1.3462 3.3349 0.2706 1.8028 1.8107 0.4469 0.5564 1.2218 1.9738 2.2997 1.6463 0.6225 0.1952 0.5013 0.9595 1.0542 0.7627 0.3475 0.0758 0.0461 0.2086 0.4429 0.6449 0.7564 0.7650 0.6997 0.5799 0.4449 0.3145 0.2036 0.1195 0.0619 0.0277 0.0119 0.0096 0.0161 0.0279 0.0418 0.0559 0.0686 0.0801
7.0600 5.6992 1.5130 1.3227 5.7341 1.6584 3.0168 3.0965 2.5899 2.0186 3.4679 0.2626 2.2563 1.7757 0.4344 0.8843 1.6496 2.3605 2.5571 1.7177 0.5849 0.1846 0.5734 1.0723 1.1395 0.7920 0.3385 0.0673 0.0705 0.2787 0.5519 0.7764 0.8916 0.8889 0.8039 0.6601 0.5022 0.3520 0.2258 0.1310 0.0669 0.0295 0.0129 0.0114 0.0198 0.0338 0.0501 0.0664 0.0809 0.0940
6.9363 7.5363 3.2871 0.6303 5.6641 3.0934 2.2085 4.4946 2.0617 2.9233 3.3399 0.3595 2.6964 1.6084 0.5129 1.3647 2.1240 2.6829 2.6851 1.6664 0.4875 0.1748 0.6648 1.1892 1.2086 0.7987 0.3159 0.0603 0.1089 0.3688 0.6803 0.9225 1.0355 1.0158 0.9073 0.7372 0.5554 0.3855 0.2446 0.1401 0.0704 0.0305 0.0137 0.0135 0.0240 0.0404 0.0591 0.0776 0.0940 0.1085
5.1591 8.2914 5.7797 0.5435 4.7342 4.9472 1.2027 5.9891 1.3430 4.0306 2.9150 0.6383 3.0560 1.3430 0.7721 2.0013 2.5793 2.8624 2.6259 1.4714 0.3420 0.1937 0.8047 1.3336 1.2782 0.7952 0.2888 0.0615 0.1659 0.4816 0.8291 1.0833 1.1875 1.1451 1.0091 0.8106 0.6042 0.4149 0.2601 0.1468 0.0724 0.0309 0.0145 0.0161 0.0289 0.0479 0.0690 0.0897 0.1077 0.1237
2.3768 7.0654 8.2246 1.6528 3.0666 6.7784 0.4640 7.1990 0.6871 5.2217 2.2203 1.1679 3.2633 1.0694 1.3015 2.7486 2.9118 2.8157 2.3425 1.1416 0.1882 0.2917 1.0397 1.5431 1.3765 0.8012 0.2699 0.0778 0.2441 0.6168 0.9966 1.2568 1.3457 1.2755 1.1085 0.8796 0.6482 0.4399 0.2722 0.1511 0.0730 0.0307 0.0154 0.0191 0.0346 0.0563 0.0800 0.1028 0.1225 0.1399
0.6653 3.9954 9.2599 4.1813 1.3010 7.8595 0.6385 7.6035 0.5082 6.2616 1.3803 1.9845 3.2641 0.9318 2.1504 3.4870 2.9912 2.4861 1.8506 0.7385 0.1042 0.5404 1.4274 1.8615 1.5354 0.8384 0.2714 0.1133 0.3411 0.7680 1.1750 1.4352 1.5036 1.4016 1.2014 0.9415 0.6856 0.4595 0.2802 0.1528 0.0722 0.0300 0.0165 0.0229 0.0414 0.0660 0.0922 0.1172 0.1386 0.1573
2.3230 1.0953 7.6864 7.5040 0.5275 7.4864 2.2591 6.7575 1.2906 6.8064 0.6420 3.0613 3.0470 1.1010 3.2702 4.0114 2.6966 1.8947 1.2602 0.3976 0.2056 1.0172 2.0118 2.3135 1.7699 0.9159 0.2958 0.1629 0.4454 0.9189 1.3461 1.6006 1.6451 1.5103 1.2777 0.9890 0.7114 0.4704 0.2824 0.1509 0.0696 0.0289 0.0181 0.0278 0.0495 0.0771 0.1060 0.1331 0.1560 0.1759
7.3039 1.4760 3.8744 9.9638 1.8127 5.5026 5.2771 4.6567 3.3472 6.4841 0.3736 4.2923 2.6785 1.7198 4.4739 4.0808 2.0121 1.2240 0.8211 0.3297 0.6158 1.7608 2.7819 2.8720 2.0558 1.0155 0.3276 0.2096 0.5365 1.0468 1.4865 1.7314 1.7516 1.5867 1.3259 1.0140 0.7201 0.4693 0.2768 0.1445 0.0650 0.0275 0.0205 0.0341 0.0595 0.0902 0.1217 0.1508 0.1750 0.1959
11.8695 6.3324 0.7792 9.5242 5.4247 2.7344 8.7175 2.0979 6.4308 5.0780 1.0076 5.4785 2.2883 2.8078 5.4310 3.5195 1.1317 0.8660 0.9064 0.7596 1.3795 2.6813 3.5896 3.3937 2.2869 1.0701 0.3271 0.2286 0.5955 1.1339 1.5794 1.8116 1.8089 1.6190 1.3371 1.0098 0.7073 0.4534 0.2618 0.1330 0.0582 0.0260 0.0243 0.0426 0.0719 0.1058 0.1399 0.1708 0.1960 0.2177
11.1851 12.2848 2.2733 5.6175 10.0942 0.8371 10.9392 0.6041 9.3862 2.8318 2.8995 6.3071 2.0059 4.1791 5.7536 2.3770 0.5322 1.3686 1.8777 1.7626 2.3102 3.4369 4.0612 3.5639 2.2498 0.9624 0.2485 0.2163 0.6390 1.2029 1.6452 1.8573 1.8285 1.6148 1.3159 0.9796 0.6749 0.4240 0.2385 0.1171 0.0501 0.0253 0.0300 0.0538 0.0874 0.1245 0.1609 0.1934 0.2195 0.2416
4.7984 13.6450 8.3980 1.2806 12.7473 1.5042 10.6361 1.4836 10.3223 0.7935 6.0298 6.3028 1.8723 5.4479 5.1908 1.0640 0.8726 3.1391 3.7300 2.9750 2.8150 3.3666 3.6044 2.9440 1.6907 0.5995 0.1147 0.2639 0.7866 1.3760 1.7935 1.9587 1.8804 1.6261 1.2997 0.9487 0.6399 0.3918 0.2134 0.1008 0.0427 0.0260 0.0379 0.0675 0.1055 0.1458 0.1845 0.2183 0.2449 0.2673
0.8483 7.8460 13.6579 1.6441 9.6950 5.6717 7.5885 4.4369 7.9446 0.7922 9.3703 4.7619 1.9106 6.2506 3.8634 0.2844 2.5047 5.7003 5.4114 3.2374 1.9382 1.8370 1.8893 1.4461 0.6968 0.1817 0.1878 0.6550 1.3129 1.9019 2.2351 2.2870 2.0977 1.7515 1.3597 0.9664 0.6347 0.3775 0.1985 0.0900 0.0383 0.0285 0.0468 0.0819 0.1241 0.1675 0.2086 0.2438 0.2709 0.2934
7.8187 0.7703 11.4967 8.2987 2.9696 11.4745 1.6536 9.5807 4.1578 3.7480 9.1802 0.9448 4.0367 7.8136 2.5232 0.5149 4.2800 5.8217 3.1911 0.5292 0.4372 1.8832 2.9079 2.7737 1.9206 1.1716 0.9411 1.2114 1.7062 2.1631 2.3879 2.3565 2.1079 1.7252 1.3149 0.9169 0.5891 0.3409 0.1732 0.0762 0.0351 0.0344 0.0601 0.1008 0.1471 0.1934 0.2362 0.2723 0.2995 0.3218
16.0284 4.9005 4.1405 14.3080 0.6857 13.1465 0.7397 12.1295 1.1932 7.5935 7.5080 0.3809 6.6679 7.2937 1.1628 1.5233 5.7429 5.7786 2.3527 0.2386 0.9609 2.6654 3.4452 2.9627 1.9216 1.1744 1.0384 1.3977 1.9261 2.3617 2.5295 2.4322 2.1261 1.7035 1.2712 0.8662 0.5417 0.3029 0.1474 0.0632 0.0337 0.0429 0.0764 0.1231 0.1735 0.2225 0.2668 0.3035 0.3305 0.3524
11.9009 14.7396 0.9097 13.0519 5.1476 9.2775 4.5220 10.8636 0.7310 10.9506 4.4714 1.6183 8.9594 5.7156 0.3654 3.2335 6.9441 5.2234 1.4579 0.2533 1.7671 3.5240 3.9093 3.0498 1.8649 1.1716 1.1577 1.6076 2.1557 2.5531 2.6512 2.4817 2.1176 1.6586 1.2094 0.8031 0.4868 0.2617 0.1217 0.0522 0.0357 0.0554 0.0969 0.1494 0.2037 0.2551 0.3006 0.3375 0.3639 0.3850
1.5990 15.6894 8.2954 5.0950 13.2434 2.9282 11.0783 6.1361 3.9496 11.8447 1.5177 4.6603 9.9889 3.4772 0.6028 5.4015 7.5693 4.1931 0.7045 0.6775 2.8258 4.3778 4.2405 3.0150 1.7562 1.1752 1.3068 1.8415 2.3907 2.7313 2.7474 2.5012 2.0806 1.5903 1.1303 0.7291 0.4264 0.2191 0.0973 0.0446 0.0420 0.0726 0.1222 0.1803 0.2382 0.2916 0.3378 0.3744 0.3998 0.4197
5.8136 5.1016 17.5344 0.8692 16.2491 0.9677 15.1106 1.4666 9.5817 9.3349 0.5321 8.5598 9.1266 1.3865 2.1243 7.5584 7.3745 2.8627 0.3222 1.5653 4.0522 5.1243 4.3837 2.8515 1.6115 1.2021 1.4937 2.0988 2.6253 2.8893 2.8127 2.4875 2.0141 1.4992 1.0357 0.6462 0.3625 0.1769 0.0762 0.0416 0.0537 0.0956 0.1531 0.2163 0.2772 0.3322 0.3784 0.4144 0.4383 0.4565
19.4142 1.9045 14.1991 8.1840 9.7198 7.1275 12.3563 1.4229 14.0021 4.6447 2.7492 11.5992 6.4833 0.4435 4.7671 9.0983 6.2941 1.5444 0.5233 2.8892 5.3067 5.6532 4.3009 2.5709 1.4572 1.2723 1.7259 2.3767 2.8524 3.0198 2.8426 2.4394 1.9193 1.3876 0.9282 0.5573 0.2979 0.1377 0.0601 0.0450 0.0722 0.1252 0.1903 0.2581 0.3214 0.3772 0.4230 0.4576 0.4795 0.4957
14.7249 14.8797 2.8250 18.4392 1.5842 15.9786 4.8942 7.3808 13.5841 1.0190 7.6374 12.0686 3.1352 1.4242 7.8744 9.4636 4.5244 0.6383 1.4378 4.5197 6.4075 5.8640 3.9809 2.2067 1.3300 1.4069 2.0078 2.6694 3.0629 3.1151 2.8324 2.3554 1.7972 1.2578 0.8109 0.4655 0.2354 0.1038 0.0512 0.0562 0.0987 0.1626 0.2346 0.3064 0.3712 0.4270 0.4716 0.5043 0.5235 0.5372
1.1675 20.5832 4.2781 15.9532 4.2093 17.1345 0.8604 14.9279 8.1036 1.7544 12.6568 9.3778 0.8433 4.4067 10.4162 8.3841 2.5444 0.5374 3.0497 6.2245 7.1586 5.6887 3.4497 1.8155 1.2742 1.6252 2.3387 2.9671 3.2458 3.1669 2.7776 2.2340 1.6484 1.1125 0.6873 0.3744 0.1781 0.0778 0.0515 0.0769 0.1342 0.2083 0.2865 0.3612 0.4266 0.4814 0.5243 0.5543 0.5702 0.5810
11.8909 6.6286 18.7482 3.8344 16.0960 8.3191 6.2197 16.8358 2.0776 7.3665 14.5187 4.8204 1.2289 8.4954 11.3453 6.0799 1.0329 1.4968 5.1540 7.6963 7.3901 5.1186 2.7782 1.4727 1.3347 1.9401 2.7117 3.2560 3.3887 3.1678 2.6757 2.0764 1.4767 0.9562 0.5621 0.2881 0.1297 0.0626 0.0631 0.1086 0.1800 0.2633 0.3464 0.4230 0.4878 0.5407 0.5809 0.6076 0.6197 0.6270
24.2870 3.2917 19.7103 3.5111 20.3337 1.1244 16.3435 10.5136 1.6436 14.2500 11.5537 1.2617 4.7291 12.0018 10.0950 3.3183 0.6698 3.5022 7.3608 8.6119 7.0061 4.2204 2.0789 1.2637 1.5491 2.3533 3.1113 3.5180 3.4784 3.1112 2.5257 1.8857 1.2869 0.7945 0.4407 0.2113 0.0937 0.0610 0.0882 0.1530 0.2371 0.3282 0.4149 0.4919 0.5549 0.6049 0.6415 0.6641 0.6718 0.6752
7.4770 20.8375 4.3974 18.0487 9.4668 7.1006 19.2011 2.4337 8.5055 16.7932 5.5499 1.5156 9.9540 13.1438 6.9949 1.2315 1.8677 6.1950 9.1628 8.7206 6.0326 3.1449 1.4966 1.2724 1.9408 2.8529 3.5168 3.7377 3.5088 2.9999 2.3322 1.6672 1.0859 0.6345 0.3293 0.1491 0.0741 0.0760 0.1288 0.2111 0.3059 0.4028 0.4910 0.5672 0.6276 0.6741 0.7067 0.7247 0.7274 0.7266
5.1807 19.8704 5.4260 21.6744 1.2587 19.3820 10.4951 2.5192 16.8550 12.3576 1.2126 6.2050 14.1151 11.1109 3.3709 0.8993 4.5297 8.9068 10.0579 7.9156 4.6214 2.0989 1.1752 1.5552 2.5039 3.4063 3.8912 3.8848 3.4602 2.8229 2.0955 1.4277 0.8814 0.4831 0.2338 0.1060 0.0746 0.1102 0.1868 0.2843 0.3876 0.4878 0.5757 0.6496 0.7062 0.7481 0.7759 0.7886 0.7857 0.7801
25.7547 2.2340 22.8334 6.7416 11.3760 19.7174 1.5887 12.1084 18.1217 4.5824 2.6779 12.7050 14.5642 6.7510 1.0578 2.8253 7.9565 10.8215 9.7159 6.3160 3.0635 1.3268 1.2380 2.1316 3.2029 3.9639 4.1938 3.9346 3.3228 2.5810 1.8224 1.1763 0.6827 0.3484 0.1608 0.0872 0.0989 0.1661 0.2637 0.3736 0.4825 0.5837 0.6690 0.7390 0.7904 0.8267 0.8488 0.8555 0.8464 0.8357
13.4398 12.8002 18.4300 3.2905 23.4515 6.8539 5.9109 20.3327 10.3762 1.0940 9.6328 16.4790 10.6947 2.4513 1.5262 6.5508 10.9968 11.2472 8.1277 4.2782 1.7350 1.0536 1.7505 2.9681 3.9694 4.4623 4.3817 3.8661 3.0923 2.2799 1.5236 0.9250 0.5004 0.2391 0.1169 0.0975 0.1502 0.2460 0.3610 0.4796 0.5909 0.6903 0.7710 0.8352 0.8801 0.9098 0.9255 0.9254 0.9096 0.8932
3.1237 26.0830 1.8779 20.1626 15.0883 1.9298 18.6244 16.4368 2.0483 6.2177 16.6056 14.3918 4.8352 0.9506 4.9727 10.6713 12.4626 9.9243 5.6881 2.3426 1.0140 1.4274 2.6995 3.9856 4.7274 4.8517 4.4303 3.6732 2.7744 1.9318 1.2157 0.6895 0.3474 0.1649 0.1093 0.1418 0.2319 0.3520 0.4806 0.6049 0.7160 0.8116 0.8856 0.9418 0.9782 0.9997 1.0073 0.9996 0.9765 0.9541
25.8334 7.0593 13.4026 22.0897 1.7047 14.5908 21.0262 4.9991 3.4388 15.5558 17.2678 7.7142 1.1078 3.6035 9.9311 13.3317 11.6103 7.1639 3.0972 1.0835 1.1703 2.4594 3.9632 5.0305 5.3456 5.0420 4.2934 3.3440 2.3781 1.5552 0.9147 0.4826 0.2342 0.1340 0.1437 0.2239 0.3462 0.4854 0.6226 0.7483 0.8555 0.9445 1.0093 1.0553 1.0818 1.0939 1.0925 1.0765 1.0456 1.0167
14.4625 7.3815 25.8249 4.2996 10.3520 23.5414 8.7767 1.8435 13.8319 19.3942 10.5565 1.7909 2.5946 9.1968 13.8208 13.1236 8.6136 3.8977 1.2305 0.9662 2.2785 4.0010 5.3314 5.9229 5.7074 4.9769 3.9581 2.8910 1.9268 1.1754 0.6425 0.3218 0.1738 0.1551 0.2259 0.3473 0.4950 0.6467 0.7872 0.9097 1.0093 1.0884 1.1416 1.1753 1.1904 1.1919 1.1807 1.1558 1.1166 1.0808
3.7880 26.9707 7.7306 7.2602 24.6003 12.2508 1.2697 12.3720 20.7453 13.1135 2.6634 1.9623 8.7303 14.3517 14.3436 9.9384 4.6478 1.3862 0.8253 2.1611 4.1584 5.7585 6.5431 6.4886 5.7254 4.6331 3.4402 2.3486 1.4583 0.8256 0.4253 0.2263 0.1794 0.2370 0.3614 0.5153 0.6806 0.8380 0.9758 1.0901 1.1781 1.2443 1.2835 1.3033 1.3052 1.2949 1.2731 1.2386 1.1906 1.1476
27.5554 10.3386 5.7485 25.2068 14.6983 1.2266 11.7309 21.9808 14.9578 3.3848 1.6795 8.6926 15.2025 15.5698 10.9450 5.2227 1.4783 0.7355 2.1842 4.4419 6.3892 7.3463 7.3351 6.5906 5.3572 4.0268 2.7838 1.7670 1.0171 0.5409 0.2891 0.2148 0.2635 0.3878 0.5553 0.7315 0.9056 1.0613 1.1899 1.2909 1.3634 1.4136 1.4364 1.4412 1.4278 1.4039 1.3710 1.3264 1.2689 1.2180
10.8483 5.8119 26.1966 15.5269 1.2624 12.2908 23.3536 15.9516 3.5521 1.7466 9.3106 16.3867 16.8445 11.6740 5.4129 1.4258 0.7077 2.4071 4.9885 7.1870 8.3751 8.3429 7.4752 6.1438 4.6125 3.2131 2.0562 1.2065 0.6510 0.3566 0.2593 0.3036 0.4360 0.6124 0.8095 0.9953 1.1680 1.3136 1.4261 1.5085 1.5615 1.5924 1.5966 1.5847 1.5546 1.5158 1.4712 1.4160 1.3487 1.2897
7.8531 27.8663 14.2663 1.3684 14.5437 24.8709 15.7004 2.9867 2.3013 10.9938 18.0672 17.8870 11.9691 5.1615 1.1725 0.8049 2.9592 5.9131 8.3287 9.5435 9.5241 8.4421 6.8714 5.1854 3.5885 2.3029 1.3569 0.7464 0.4176 0.3126 0.3609 0.5075 0.7045 0.9141 1.1243 1.3058 1.4660 1.5927 1.6824 1.7410 1.7707 1.7795 1.7630 1.7329 1.6846 1.6301 1.5731 1.5069 1.4296 1.3623
29.5304 10.5410 2.5101 19.0343 26.1471 13.6907 1.8294 3.9144 13.9960 20.4993 18.5151 11.4099 4.3544 0.8022 1.1926 4.0566 7.4334 9.9473 11.0419 10.7473 9.4732 7.5788 5.6298 3.8932 2.4676 1.4531 0.8069 0.4733 0.3757 0.4463 0.6166 0.8396 1.0766 1.2978 1.5046 1.6677 1.8051 1.9052 1.9649 1.9935 1.9941 1.9788 1.9400 1.8904 1.8245 1.7548 1.6845 1.6062 1.5179 1.4421
4.5848 7.0582 25.4080 25.2469 9.3724 1.0289 7.6221 18.6008 22.7913 18.2286 9.6492 2.9145 0.5743 2.2344 5.9323 9.7037 12.1003 12.7874 12.0215 10.2808 8.1254 5.8900 3.9785 2.5021 1.4510 0.8180 0.5149 0.4596 0.5692 0.7821 1.0371 1.3028 1.5500 1.7586 1.9433 2.0733 2.1769 2.2422 2.2652 2.2586 2.2260 2.1846 2.1222 2.0520 1.9680 1.8827 1.7987 1.7078 1.6081 1.5237
17.8291 30.5493 19.4498 3.6816 3.0644 14.5771 24.1135 23.7280 15.6799 6.5715 1.3069 1.1549 4.5382 9.0037 12.6914 14.6799 14.6141 13.0911 10.7753 8.2090 5.8274 3.8032 2.3167 1.3373 0.7770 0.5602 0.5838 0.7649 1.0284 1.3314 1.6236 1.8920 2.1170 2.2878 2.4321 2.5146 2.5744 2.5974 2.5780 2.5320 2.4631 2.3939 2.3069 2.2153 2.1128 2.0118 1.9137 1.8102 1.6989 1.6059
27.0004 8.3819 1.5594 11.4827 24.3322 27.7798 20.9274 10.3483 2.7456 0.8702 3.7649 8.8350 13.5599 16.4167 17.1396 16.0549 13.5834 10.6125 7.7195 5.2225 3.2965 1.9293 1.1113 0.7288 0.6593 0.8083 1.0833 1.4222 1.7645 2.0946 2.3715 2.6024 2.7752 2.8854 2.9727 2.9951 3.0010 2.9737 2.9064 2.8195 2.7161 2.6200 2.5080 2.3928 2.2700 2.1517 2.0387 1.9222 1.7993 1.6971
1.5445 11.5447 26.1338 31.1336 24.3251 12.5589 3.5942 1.0242 4.1049 9.9482 15.4860 19.1037 20.1025 18.8364 16.1680 12.8601 9.4199 6.4189 4.0784 2.4262 1.4084 0.8950 0.7777 0.9313 1.2380 1.6286 2.0349 2.4274 2.7611 3.0513 3.2604 3.4156 3.5096 3.5393 3.5555 3.5068 3.4499 3.3651 3.2456 3.1176 2.9829 2.8615 2.7243 2.5832 2.4384 2.3015 2.1726 2.0431 1.9086 1.7970
32.0215 33.8568 24.0745 11.1081 2.7081 1.7016 6.4691 13.4757 19.6335 23.2323 23.6035 21.6918 18.2076 14.1499 10.2581 6.9358 4.3332 2.5429 1.4788 0.9966 0.9458 1.1710 1.5695 2.0571 2.5400 3.0005 3.3943 3.7268 3.9641 4.1506 4.2452 4.2920 4.2853 4.2189 4.1536 4.0265 3.9018 3.7561 3.5825 3.4133 3.2483 3.1027 2.9409 2.7737 2.6069 2.4516 2.3069 2.1645 2.0187 1.8977
16.5398 5.0771 1.5746 5.5961 13.5368 21.4567 26.7346 28.3681 26.8959 23.3127 18.4698 13.6831 9.4039 6.0119 3.5968 2.0777 1.2949 1.0889 1.2847 1.7307 2.3109 2.9024 3.4831 4.0250 4.4510 4.8017 5.0466 5.2195 5.2881 5.3200 5.2690 5.1882 5.0676 4.8967 4.7457 4.5408 4.3490 4.1435 3.9179 3.7097 3.5165 3.3450 3.1587 2.9684 2.7808 2.6076 2.4472 2.2921 2.1351 2.0047
10.3361 20.2145 28.7534 33.5987 34.2236 31.3710 26.3272 20.3618 14.6601 9.8231 6.0448 3.5057 2.0104 1.3581 1.3389 1.7479 2.3967 3.1571 3.9339 4.6646 5.3236 5.8193 6.2263 6.5546 6.7159 6.8127 6.8123 6.7632 6.6200 6.4656 6.2627 6.0538 5.8165 5.5413 5.3077 5.0369 4.7870 4.5289 4.2590 4.0168 3.7979 3.5938 3.3819 3.1761 2.9705 2.7803 2.6038 2.4360 2.2676 2.1273
41.1696 36.0450 29.0974 21.8020 15.1503 9.7375 5.7762 3.2276 1.9154 1.5639 1.8840 2.6547 3.6503 4.7048 5.7531 6.7374 7.5407 8.1773 8.6523 8.9983 9.2448 9.2880 9.2722 9.2175 8.9984 8.7733 8.4917 8.2044 7.8445 7.5042 7.1606 6.8357 6.4924 6.1233 5.8168 5.4904 5.1906 4.8863 4.5781 4.3072 4.0672 3.8327 3.5975 3.3791 3.1572 2.9514 2.7597 2.5800 2.4008 2.2510
4.5024 2.6170 2.0639 2.5215 3.6518 5.1669 6.8342 8.4494 9.9441 11.2717 12.2770 13.1307 13.7152 14.0347 14.2538 14.3949 14.2820 14.0303 13.6760 13.3061 12.9408 12.4267 11.9366 11.4823 10.8940 10.3732 9.8459 9.3565 8.8166 8.3241 7.8728 7.4602 7.0348 6.5924 6.2297 5.8633 5.5263 5.1872 4.8497 4.5564 4.2996 4.0396 3.7860 3.5595 3.3247 3.1059 2.9010 2.7110 2.5226 2.3647
30.7469 31.1530 31.2780 31.1539 30.7592 30.2049 29.4631 28.4788 27.4602 26.4538 25.2079 24.1344 22.9875 21.7720 20.7254 19.8249 18.7817 17.7409 16.7260 15.8202 15.0199 14.1290 13.3202 12.6029 11.8052 11.1162 10.4487 9.8358 9.2007 8.6438 8.1393 7.6824 7.2163 6.7368 6.3444 5.9558 5.6073 5.2620 4.9115 4.5979 4.3143 4.0510 3.7986 3.5774 3.3420 3.1212 2.9135 2.7210 2.5306 2.3719
