0.0000 0.0000 0.0000 0.0000 0.0000 0.0000 0.0000 0.0000 0.0000 0.0000 0.0000 0.0000 0.0000 0.0000 0.0000 0.0000 0.0000 0.0008 0.0003 0.0005 0.0036 0.0065 0.0058 0.0025 0.0012 0.0045 0.0107 0.0162 0.0183 0.0164 0.0118 0.0066 0.0026 0.0005 0.0004 0.0020 0.0045 0.0074 0.0101 0.0123 0.0138 0.0147 0.0149 0.0146 0.0139 0.0129 0.0117 0.0105 0.0093 0.0081
0.0000 0.0000 0.0000 0.0000 0.0000 0.0000 0.0000 0.0000 0.0000 0.0000 0.0000 0.0000 0.0000 0.0000 0.0000 0.0000 0.0000 0.0023 0.0008 0.0015 0.0110 0.0198 0.0174 0.0075 0.0037 0.0137 0.0325 0.0490 0.0550 0.0492 0.0353 0.0198 0.0076 0.0014 0.0013 0.0060 0.0137 0.0223 0.0303 0.0369 0.0416 0.0441 0.0448 0.0439 0.0417 0.0386 0.0351 0.0315 0.0278 0.0242
0.0000 0.0000 0.0000 0.0000 0.0000 0.0000 0.0000 0.0000 0.0000 0.0000 0.0000 0.0000 0.0000 0.0000 0.0000 0.0000 0.0000 0.0036 0.0010 0.0029 0.0191 0.0335 0.0290 0.0125 0.0066 0.0239 0.0552 0.0823 0.0918 0.0816 0.0583 0.0324 0.0124 0.0022 0.0022 0.0103 0.0232 0.0374 0.0508 0.0617 0.0694 0.0735 0.0746 0.0731 0.0694 0.0642 0.0583 0.0523 0.0462 0.0402
0.0000 0.0000 0.0000 0.0000 0.0000 0.0000 0.0000 0.0000 0.0000 0.0000 0.0000 0.0000 0.0000 0.0000 0.0000 0.0000 0.0000 0.0045 0.0009 0.0050 0.0286 0.0481 0.0409 0.0176 0.0104 0.0354 0.0793 0.1166 0.1287 0.1135 0.0804 0.0443 0.0166 0.0028 0.0033 0.0149 0.0331 0.0531 0.0716 0.0868 0.0974 0.1030 0.1044 0.1022 0.0969 0.0896 0.0814 0.0729 0.0643 0.0560
0.0000 0.0000 0.0000 0.0000 0.0000 0.0000 0.0000 0.0000 0.0000 0.0000 0.0000 0.0000 0.0000 0.0000 0.0000 0.0000 0.0000 0.0049 0.0006 0.0084 0.0402 0.0642 0.0532 0.0230 0.0152 0.0489 0.1053 0.1518 0.1655 0.1444 0.1012 0.0549 0.0200 0.0032 0.0046 0.0201 0.0437 0.0693 0.0930 0.1122 0.1256 0.1325 0.1341 0.1311 0.1242 0.1147 0.1041 0.0932 0.0822 0.0715
0.0000 0.0000 0.0000 0.0000 0.0000 0.0000 0.0000 0.0000 0.0000 0.0000 0.0000 0.0000 0.0000 0.0000 0.0000 0.0000 0.0000 0.0047 0.0004 0.0138 0.0547 0.0823 0.0661 0.0289 0.0214 0.0644 0.1332 0.1877 0.2016 0.1736 0.1201 0.0639 0.0225 0.0034 0.0063 0.0259 0.0550 0.0864 0.1150 0.1381 0.1540 0.1621 0.1636 0.1597 0.1511 0.1394 0.1264 0.1131 0.0997 0.0867
0.0000 0.0000 0.0000 0.0000 0.0000 0.0000 0.0000 0.0000 0.0000 0.0000 0.0000 0.0000 0.0000 0.0000 0.0000 0.0000 0.0000 0.0041 0.0008 0.0222 0.0730 0.1028 0.0798 0.0354 0.0291 0.0820 0.1624 0.2236 0.2360 0.2003 0.1362 0.0708 0.0237 0.0032 0.0083 0.0326 0.0675 0.1044 0.1378 0.1645 0.1826 0.1916 0.1929 0.1880 0.1775 0.1636 0.1481 0.1324 0.1166 0.1014
0.0000 0.0000 0.0000 0.0000 0.0000 0.0000 0.0000 0.0000 0.0000 0.0000 0.0000 0.0000 0.0000 0.0000 0.0000 0.0000 0.0000 0.0034 0.0028 0.0349 0.0958 0.1258 0.0941 0.0422 0.0379 0.1009 0.1920 0.2579 0.2674 0.2230 0.1486 0.0749 0.0234 0.0027 0.0109 0.0404 0.0811 0.1236 0.1615 0.1915 0.2115 0.2211 0.2220 0.2158 0.2034 0.1872 0.1693 0.1511 0.1330 0.1155
0.0000 0.0000 0.0000 0.0000 0.0000 0.0000 0.0000 0.0000 0.0000 0.0000 0.0000 0.0000 0.0000 0.0000 0.0000 0.0000 0.0000 0.0030 0.0075 0.0527 0.1232 0.1507 0.1082 0.0486 0.0469 0.1199 0.2202 0.2888 0.2936 0.2401 0.1561 0.0756 0.0215 0.0020 0.0144 0.0497 0.0964 0.1443 0.1864 0.2193 0.2408 0.2506 0.2507 0.2431 0.2287 0.2101 0.1897 0.1692 0.1487 0.1291
0.0000 0.0000 0.0000 0.0000 0.0000 0.0000 0.0000 0.0000 0.0000 0.0000 0.0000 0.0000 0.0000 0.0000 0.0000 0.0000 0.0000 0.0037 0.0161 0.0758 0.1538 0.1754 0.1200 0.0529 0.0547 0.1372 0.2448 0.3138 0.3124 0.2498 0.1576 0.0724 0.0178 0.0014 0.0192 0.0609 0.1139 0.1668 0.2127 0.2480 0.2705 0.2802 0.2792 0.2699 0.2533 0.2322 0.2093 0.1864 0.1637 0.1420
0.0000 0.0000 0.0000 0.0000 0.0000 0.0000 0.0000 0.0000 0.0000 0.0000 0.0000 0.0000 0.0000 0.0000 0.0000 0.0000 0.0000 0.0064 0.0290 0.1031 0.1845 0.1958 0.1261 0.0527 0.0596 0.1513 0.2640 0.3310 0.3221 0.2509 0.1525 0.0653 0.0128 0.0016 0.0263 0.0751 0.1344 0.1922 0.2414 0.2785 0.3015 0.3105 0.3081 0.2967 0.2776 0.2539 0.2285 0.2032 0.1782 0.1544
0.0000 0.0000 0.0000 0.0000 0.0000 0.0000 0.0000 0.0000 0.0000 0.0000 0.0000 0.0000 0.0000 0.0000 0.0000 0.0000 0.0000 0.0117 0.0457 0.1306 0.2092 0.2059 0.1219 0.0458 0.0607 0.1619 0.2778 0.3402 0.3227 0.2435 0.1412 0.0549 0.0074 0.0038 0.0368 0.0935 0.1592 0.2215 0.2734 0.3117 0.3344 0.3423 0.3378 0.3240 0.3021 0.2755 0.2474 0.2197 0.1924 0.1665
0.0000 0.0000 0.0000 0.0000 0.0000 0.0000 0.0000 0.0000 0.0000 0.0000 0.0000 0.0000 0.0000 0.0000 0.0000 0.0000 0.0000 0.0194 0.0632 0.1514 0.2189 0.1976 0.1029 0.0312 0.0599 0.1720 0.2891 0.3441 0.3164 0.2297 0.1256 0.0431 0.0034 0.0094 0.0521 0.1171 0.1890 0.2552 0.3090 0.3476 0.3693 0.3752 0.3683 0.3515 0.3264 0.2968 0.2659 0.2356 0.2060 0.1780
0.0000 0.0000 0.0000 0.0000 0.0000 0.0000 0.0000 0.0000 0.0000 0.0000 0.0000 0.0000 0.0000 0.0000 0.0000 0.0000 0.0000 0.0281 0.0758 0.1560 0.2042 0.1649 0.0684 0.0137 0.0654 0.1913 0.3075 0.3515 0.3107 0.2155 0.1103 0.0333 0.0031 0.0200 0.0730 0.1464 0.2241 0.2934 0.3483 0.3862 0.4061 0.4094 0.3993 0.3792 0.3505 0.3175 0.2839 0.2510 0.2190 0.1889
0.0000 0.0000 0.0000 0.0000 0.0000 0.0000 0.0000 0.0000 0.0000 0.0000 0.0000 0.0000 0.0000 0.0000 0.0000 0.0000 0.0000 0.0348 0.0759 0.1363 0.1611 0.1105 0.0275 0.0074 0.0941 0.2372 0.3494 0.3765 0.3172 0.2097 0.1013 0.0289 0.0080 0.0358 0.0989 0.1801 0.2628 0.3344 0.3895 0.4261 0.4435 0.4436 0.4300 0.4062 0.3738 0.3374 0.3009 0.2655 0.2312 0.1991
0.0000 0.0000 0.0000 0.0000 0.0000 0.0000 0.0000 0.0000 0.0000 0.0000 0.0000 0.0000 0.0000 0.0000 0.0000 0.0000 0.0000 0.0349 0.0581 0.0936 0.1018 0.0549 0.0054 0.0375 0.1686 0.3286 0.4302 0.4316 0.3452 0.2185 0.1020 0.0307 0.0166 0.0536 0.1256 0.2137 0.3006 0.3739 0.4288 0.4638 0.4784 0.4754 0.4584 0.4310 0.3949 0.3553 0.3162 0.2784 0.2421 0.2082
0.0000 0.0000 0.0000 0.0000 0.0000 0.0000 0.0000 0.0000 0.0000 0.0000 0.0000 0.0000 0.0000 0.0000 0.0000 0.0000 0.0000 0.0252 0.0273 0.0534 0.0677 0.0448 0.0413 0.1278 0.2960 0.4609 0.5395 0.5046 0.3834 0.2323 0.1039 0.0311 0.0221 0.0668 0.1466 0.2408 0.3316 0.4065 0.4613 0.4950 0.5073 0.5017 0.4818 0.4513 0.4122 0.3699 0.3287 0.2890 0.2509 0.2155
0.0000 0.0000 0.0000 0.0000 0.0000 0.0000 0.0000 0.0000 0.0000 0.0000 0.0000 0.0000 0.0000 0.0000 0.0000 0.0000 0.0000 0.0082 0.0118 0.0798 0.1375 0.1432 0.1569 0.2479 0.4025 0.5368 0.5774 0.5079 0.3637 0.2034 0.0776 0.0147 0.0183 0.0753 0.1650 0.2660 0.3605 0.4365 0.4909 0.5229 0.5328 0.5245 0.5017 0.4684 0.4265 0.3818 0.3388 0.2975 0.2580 0.2214
0.0000 0.0000 0.0000 0.0000 0.0000 0.0000 0.0000 0.0000 0.0000 0.0000 0.0000 0.0000 0.0000 0.0000 0.0000 0.0000 0.0000 0.0033 0.0709 0.2386 0.3150 0.2454 0.1270 0.0805 0.1351 0.2255 0.2744 0.2512 0.1746 0.0878 0.0300 0.0223 0.0657 0.1477 0.2499 0.3541 0.4450 0.5135 0.5585 0.5809 0.5817 0.5650 0.5348 0.4950 0.4480 0.3991 0.3526 0.3085 0.2668 0.2284
0.0000 0.0000 0.0000 0.0000 0.0000 0.0000 0.0000 0.0000 0.0000 0.0000 0.0000 0.0000 0.0000 0.0000 0.0000 0.0000 0.0000 0.0072 0.1039 0.2683 0.3009 0.2009 0.0915 0.0780 0.1587 0.2525 0.2873 0.2466 0.1602 0.0750 0.0279 0.0355 0.0940 0.1882 0.2983 0.4059 0.4965 0.5616 0.6017 0.6188 0.6142 0.5922 0.5571 0.5132 0.4628 0.4112 0.3623 0.3162 0.2730 0.2333
0.0000 0.0000 0.0000 0.0000 0.0000 0.0000 0.0000 0.0000 0.0000 0.0000 0.0000 0.0000 0.0000 0.0000 0.0000 0.0000 0.0000 0.0168 0.1389 0.2841 0.2690 0.1497 0.0630 0.0882 0.1916 0.2818 0.2976 0.2385 0.1445 0.0641 0.0307 0.0553 0.1296 0.2353 0.3522 0.4617 0.5502 0.6107 0.6448 0.6557 0.6451 0.6175 0.5774 0.5292 0.4757 0.4214 0.3702 0.3225 0.2778 0.2370
0.0000 0.0000 0.0000 0.0000 0.0000 0.0000 0.0000 0.0000 0.0000 0.0000 0.0000 0.0000 0.0000 0.0000 0.0000 0.0000 0.0000 0.0316 0.1703 0.2811 0.2209 0.0983 0.0477 0.1137 0.2331 0.3116 0.3040 0.2268 0.1282 0.0565 0.0399 0.0830 0.1729 0.2892 0.4112 0.5208 0.6057 0.6601 0.6870 0.6909 0.6740 0.6404 0.5952 0.5428 0.4863 0.4296 0.3764 0.3271 0.2813 0.2396
0.0000 0.0000 0.0000 0.0000 0.0000 0.0000 0.0000 0.0000 0.0000 0.0000 0.0000 0.0000 0.0000 0.0000 0.0000 0.0000 0.0000 0.0500 0.1920 0.2568 0.1619 0.0549 0.0512 0.1556 0.2812 0.3393 0.3051 0.2116 0.1126 0.0538 0.0567 0.1193 0.2242 0.3496 0.4748 0.5826 0.6620 0.7089 0.7276 0.7238 0.7002 0.6605 0.6103 0.5537 0.4944 0.4357 0.3805 0.3299 0.2832 0.2408
0.0000 0.0000 0.0000 0.0000 0.0000 0.0000 0.0000 0.0000 0.0000 0.0000 0.0000 0.0000 0.0000 0.0000 0.0000 0.0000 0.0000 0.0686 0.1980 0.2120 0.1005 0.0284 0.0776 0.2125 0.3321 0.3617 0.2996 0.1933 0.0993 0.0578 0.0826 0.1650 0.2838 0.4164 0.5424 0.6463 0.7187 0.7570 0.7667 0.7549 0.7241 0.6783 0.6231 0.5625 0.5004 0.4396 0.3829 0.3312 0.2837 0.2408
0.0000 0.0000 0.0000 0.0000 0.0000 0.0000 0.0000 0.0000 0.0000 0.0000 0.0000 0.0000 0.0000 0.0000 0.0000 0.0000 0.0000 0.0830 0.1846 0.1526 0.0476 0.0270 0.1280 0.2807 0.3806 0.3753 0.2866 0.1729 0.0900 0.0702 0.1188 0.2206 0.3516 0.4889 0.6132 0.7110 0.7748 0.8035 0.8039 0.7835 0.7452 0.6935 0.6335 0.5690 0.5040 0.4412 0.3833 0.3307 0.2828 0.2396
0.0000 0.0000 0.0000 0.0000 0.0000 0.0000 0.0000 0.0000 0.0000 0.0000 0.0000 0.0000 0.0000 0.0000 0.0000 0.0000 0.0000 0.0890 0.1520 0.0891 0.0154 0.0559 0.2002 0.3533 0.4205 0.3770 0.2660 0.1523 0.0870 0.0928 0.1662 0.2863 0.4269 0.5659 0.6858 0.7752 0.8287 0.8467 0.8372 0.8080 0.7622 0.7048 0.6403 0.5723 0.5048 0.4404 0.3815 0.3284 0.2802 0.2370
0.0000 0.0000 0.0000 0.0000 0.0000 0.0000 0.0000 0.0000 0.0000 0.0000 0.0000 0.0000 0.0000 0.0000 0.0000 0.0000 0.0000 0.0838 0.1057 0.0351 0.0142 0.1162 0.2870 0.4215 0.4456 0.3644 0.2386 0.1340 0.0929 0.1274 0.2255 0.3616 0.5088 0.6462 0.7588 0.8375 0.8792 0.8858 0.8659 0.8278 0.7746 0.7118 0.6432 0.5720 0.5025 0.4369 0.3775 0.3242 0.2760 0.2331
0.0000 0.0000 0.0000 0.0000 0.0000 0.0000 0.0000 0.0000 0.0000 0.0000 0.0000 0.0000 0.0000 0.0000 0.0000 0.0000 0.0000 0.0674 0.0559 0.0056 0.0503 0.2026 0.3775 0.4749 0.4502 0.3371 0.2072 0.1213 0.1105 0.1756 0.2970 0.4460 0.5959 0.7281 0.8304 0.8965 0.9250 0.9195 0.8891 0.8422 0.7819 0.7141 0.6419 0.5682 0.4972 0.4308 0.3712 0.3181 0.2703 0.2279
0.0000 0.0000 0.0000 0.0000 0.0000 0.0000 0.0000 0.0000 0.0000 0.0000 0.0000 0.0000 0.0000 0.0000 0.0000 0.0000 0.0000 0.0435 0.0164 0.0120 0.1224 0.3042 0.4581 0.5040 0.4313 0.2972 0.1761 0.1188 0.1431 0.2391 0.3810 0.5384 0.6866 0.8101 0.8996 0.9515 0.9659 0.9473 0.9055 0.8497 0.7827 0.7100 0.6348 0.5598 0.4883 0.4221 0.3630 0.3105 0.2634 0.2217
0.0000 0.0000 0.0000 0.0000 0.0000 0.0000 0.0000 0.0000 0.0000 0.0000 0.0000 0.0000 0.0000 0.0000 0.0000 0.0000 0.0000 0.0191 0.0006 0.0592 0.2212 0.4039 0.5139 0.5015 0.3892 0.2491 0.1509 0.1309 0.1932 0.3185 0.4764 0.6368 0.7786 0.8897 0.9638 1.0001 0.9995 0.9678 0.9150 0.8507 0.7776 0.7008 0.6233 0.5476 0.4763 0.4108 0.3526 0.3010 0.2549 0.2143
0.0000 0.0000 0.0000 0.0000 0.0000 0.0000 0.0000 0.0000 0.0000 0.0000 0.0000 0.0000 0.0000 0.0000 0.0000 0.0000 0.0000 0.0029 0.0176 0.1418 0.3289 0.4827 0.5325 0.4647 0.3284 0.2006 0.1386 0.1624 0.2627 0.4135 0.5815 0.7390 0.8695 0.9646 1.0212 1.0406 1.0247 0.9802 0.9168 0.8449 0.7666 0.6864 0.6074 0.5318 0.4613 0.3969 0.3401 0.2898 0.2450 0.2057
0.0000 0.0000 0.0000 0.0000 0.0000 0.0000 0.0000 0.0000 0.0000 0.0000 0.0000 0.0000 0.0000 0.0000 0.0000 0.0000 0.0000 0.0022 0.0677 0.2438 0.4227 0.5227 0.5076 0.3976 0.2585 0.1617 0.1469 0.2173 0.3529 0.5231 0.6939 0.8419 0.9564 1.0323 1.0695 1.0714 1.0404 0.9836 0.9106 0.8321 0.7495 0.6670 0.5873 0.5124 0.4433 0.3806 0.3255 0.2769 0.2337 0.1960
0.0000 0.0000 0.0000 0.0000 0.0000 0.0000 0.0000 0.0000 0.0000 0.0000 0.0000 0.0000 0.0000 0.0000 0.0000 0.0000 0.0000 0.0199 0.1408 0.3418 0.4808 0.5133 0.4419 0.3122 0.1941 0.1445 0.1835 0.2993 0.4636 0.6443 0.8110 0.9445 1.0387 1.0926 1.1088 1.0922 1.0462 0.9782 0.8982 0.8149 0.7295 0.6457 0.5659 0.4916 0.4239 0.3630 0.3097 0.2629 0.2216 0.1856
0.0000 0.0000 0.0000 0.0000 0.0000 0.0000 0.0000 0.0000 0.0000 0.0000 0.0000 0.0000 0.0000 0.0000 0.0000 0.0000 0.0000 0.0525 0.2174 0.4088 0.4856 0.4527 0.3457 0.2240 0.1498 0.1594 0.2537 0.4087 0.5920 0.7731 0.9274 1.0407 1.1106 1.1406 1.1352 1.1005 1.0406 0.9628 0.8771 0.7904 0.7034 0.6194 0.5404 0.4675 0.4018 0.3431 0.2921 0.2475 0.2083 0.1743
0.0000 0.0000 0.0000 0.0000 0.0000 0.0000 0.0000 0.0000 0.0000 0.0000 0.0000 0.0000 0.0000 0.0000 0.0000 0.0000 0.0000 0.0902 0.2739 0.4240 0.4328 0.3526 0.2400 0.1546 0.1418 0.2154 0.3596 0.5431 0.7331 0.9036 1.0378 1.1257 1.1685 1.1736 1.1470 1.0953 1.0230 0.9371 0.8473 0.7586 0.6713 0.5883 0.5110 0.4402 0.3772 0.3213 0.2729 0.2309 0.1940 0.1621
0.0000 0.0000 0.0000 0.0000 0.0000 0.0000 0.0000 0.0000 0.0000 0.0000 0.0000 0.0000 0.0000 0.0000 0.0000 0.0000 0.0000 0.1196 0.2908 0.3802 0.3343 0.2373 0.1517 0.1258 0.1834 0.3172 0.4997 0.6974 0.8811 1.0311 1.1381 1.1964 1.2108 1.1911 1.1444 1.0775 0.9949 0.9028 0.8103 0.7209 0.6345 0.5534 0.4787 0.4108 0.3509 0.2981 0.2526 0.2134 0.1791 0.1495
0.0000 0.0000 0.0000 0.0000 0.0000 0.0000 0.0000 0.0000 0.0000 0.0000 0.0000 0.0000 0.0000 0.0000 0.0000 0.0000 0.0000 0.1292 0.2603 0.2884 0.2165 0.1383 0.1078 0.1553 0.2818 0.4631 0.6671 0.8631 1.0283 1.1502 1.2240 1.2497 1.2357 1.1924 1.1275 1.0479 0.9574 0.8611 0.7671 0.6782 0.5939 0.5155 0.4442 0.3801 0.3235 0.2740 0.2317 0.1954 0.1638 0.1366
0.0000 0.0000 0.0000 0.0000 0.0000 0.0000 0.0000 0.0000 0.0000 0.0000 0.0000 0.0000 0.0000 0.0000 0.0000 0.0000 0.0000 0.1138 0.1908 0.1764 0.1150 0.0873 0.1297 0.2512 0.4336 0.6428 0.8479 1.0258 1.1608 1.2476 1.2848 1.2775 1.2367 1.1724 1.0922 1.0029 0.9072 0.8093 0.7159 0.6292 0.5482 0.4738 0.4068 0.3470 0.2943 0.2485 0.2099 0.1767 0.1480 0.1232
0.0000 0.0000 0.0000 0.0000 0.0000 0.0000 0.0000 0.0000 0.0000 0.0000 0.0000 0.0000 0.0000 0.0000 0.0000 0.0000 0.0000 0.0789 0.1074 0.0833 0.0661 0.1086 0.2263 0.4091 0.6253 0.8385 1.0244 1.1698 1.2660 1.3137 1.3138 1.2755 1.2112 1.1297 1.0382 0.9426 0.8448 0.7479 0.6572 0.5744 0.4982 0.4288 0.3668 0.3121 0.2638 0.2221 0.1873 0.1575 0.1317 0.1095
0.0000 0.0000 0.0000 0.0000 0.0000 0.0000 0.0000 0.0000 0.0000 0.0000 0.0000 0.0000 0.0000 0.0000 0.0000 0.0000 0.0000 0.0393 0.0436 0.0467 0.0950 0.2108 0.3913 0.6127 0.8367 1.0312 1.1815 1.2840 1.3360 1.3430 1.3094 1.2449 1.1617 1.0682 0.9701 0.8720 0.7749 0.6813 0.5947 0.5168 0.4457 0.3823 0.3261 0.2767 0.2334 0.1962 0.1651 0.1386 0.1158 0.0962
0.0000 0.0000 0.0000 0.0000 0.0000 0.0000 0.0000 0.0000 0.0000 0.0000 0.0000 0.0000 0.0000 0.0000 0.0000 0.0000 0.0000 0.0131 0.0284 0.0882 0.2055 0.3802 0.5987 0.8298 1.0351 1.1913 1.2943 1.3489 1.3568 1.3265 1.2649 1.1806 1.0846 0.9846 0.8848 0.7881 0.6951 0.6072 0.5268 0.4552 0.3906 0.3338 0.2840 0.2404 0.2025 0.1699 0.1428 0.1197 0.0998 0.0829
0.0000 0.0000 0.0000 0.0000 0.0000 0.0000 0.0000 0.0000 0.0000 0.0000 0.0000 0.0000 0.0000 0.0000 0.0000 0.0000 0.0000 0.0145 0.0750 0.2045 0.3756 0.5823 0.8079 1.0206 1.1859 1.2916 1.3433 1.3515 1.3208 1.2606 1.1789 1.0827 0.9810 0.8805 0.7838 0.6924 0.6066 0.5269 0.4546 0.3907 0.3336 0.2843 0.2413 0.2038 0.1714 0.1436 0.1205 0.1009 0.0840 0.0697
0.0000 0.0000 0.0000 0.0000 0.0000 0.0000 0.0000 0.0000 0.0000 0.0000 0.0000 0.0000 0.0000 0.0000 0.0000 0.0000 0.0000 0.0465 0.1725 0.3645 0.5620 0.7692 0.9735 1.1463 1.2610 1.3145 1.3190 1.2888 1.2293 1.1499 1.0577 0.9581 0.8581 0.7628 0.6734 0.5905 0.5139 0.4438 0.3809 0.3261 0.2777 0.2362 0.2001 0.1686 0.1415 0.1184 0.0992 0.0829 0.0690 0.0572
0.0000 0.0000 0.0000 0.0000 0.0000 0.0000 0.0000 0.0000 0.0000 0.0000 0.0000 0.0000 0.0000 0.0000 0.0000 0.0000 0.0000 0.0976 0.2873 0.5176 0.7106 0.8910 1.0536 1.1761 1.2402 1.2486 1.2171 1.1607 1.0852 0.9983 0.9056 0.8109 0.7196 0.6344 0.5561 0.4845 0.4191 0.3598 0.3073 0.2623 0.2231 0.1897 0.1605 0.1349 0.1130 0.0944 0.0789 0.0659 0.0548 0.0455
0.0000 0.0000 0.0000 0.0000 0.0000 0.0000 0.0000 0.0000 0.0000 0.0000 0.0000 0.0000 0.0000 0.0000 0.0000 0.0000 0.0000 0.1457 0.3744 0.6089 0.7721 0.9088 1.0216 1.0947 1.1171 1.0940 1.0418 0.9741 0.8957 0.8129 0.7289 0.6465 0.5692 0.4985 0.4343 0.3763 0.3237 0.2766 0.2352 0.2003 0.1703 0.1448 0.1223 0.1026 0.0858 0.0715 0.0597 0.0499 0.0415 0.0344
0.0000 0.0000 0.0000 0.0000 0.0000 0.0000 0.0000 0.0000 0.0000 0.0000 0.0000 0.0000 0.0000 0.0000 0.0000 0.0000 0.0000 0.1678 0.3953 0.6001 0.7198 0.8094 0.8765 0.9104 0.9055 0.8679 0.8114 0.7470 0.6779 0.6083 0.5406 0.4760 0.4165 0.3627 0.3145 0.2714 0.2326 0.1980 0.1679 0.1427 0.1213 0.1030 0.0870 0.0729 0.0608 0.0507 0.0423 0.0353 0.0293 0.0243
0.0000 0.0000 0.0000 0.0000 0.0000 0.0000 0.0000 0.0000 0.0000 0.0000 0.0000 0.0000 0.0000 0.0000 0.0000 0.0000 0.0000 0.1514 0.3363 0.4871 0.5623 0.6128 0.6460 0.6558 0.6392 0.6024 0.5557 0.5057 0.4543 0.4037 0.3568 0.3127 0.2723 0.2361 0.2040 0.1759 0.1505 0.1278 0.1082 0.0920 0.0782 0.0663 0.0559 0.0469 0.0391 0.0326 0.0272 0.0227 0.0188 0.0156
0.0000 0.0000 0.0000 0.0000 0.0000 0.0000 0.0000 0.0000 0.0000 0.0000 0.0000 0.0000 0.0000 0.0000 0.0000 0.0000 0.0000 0.1030 0.2201 0.3089 0.3474 0.3706 0.3835 0.3831 0.3679 0.3427 0.3130 0.2826 0.2520 0.2223 0.1958 0.1711 0.1485 0.1284 0.1107 0.0954 0.0815 0.0691 0.0585 0.0497 0.0424 0.0358 0.0302 0.0253 0.0212 0.0176 0.0147 0.0122 0.0102 0.0084
0.0000 0.0000 0.0000 0.0000 0.0000 0.0000 0.0000 0.0000 0.0000 0.0000 0.0000 0.0000 0.0000 0.0000 0.0000 0.0000 0.0000 0.0448 0.0935 0.1287 0.1424 0.1500 0.1534 0.1517 0.1443 0.1334 0.1211 0.1088 0.0965 0.0848 0.0745 0.0650 0.0563 0.0486 0.0418 0.0361 0.0308 0.0261 0.0221 0.0188 0.0160 0.0135 0.0114 0.0096 0.0080 0.0067 0.0056 0.0046 0.0039 0.0032
0.0000 0.0000 0.0000 0.0000 0.0000 0.0000 0.0000 0.0000 0.0000 0.0000 0.0000 0.0000 0.0000 0.0000 0.0000 0.0000 0.0000 0.0054 0.0112 0.0152 0.0167 0.0175 0.0178 0.0174 0.0165 0.0152 0.0138 0.0123 0.0109 0.0096 0.0084 0.0073 0.0063 0.0055 0.0047 0.0040 0.0035 0.0029 0.0025 0.0021 0.0018 0.0015 0.0013 0.0011 0.0009 0.0007 0.0006 0.0005 0.0004 0.0004
