0.0533 0.0544 0.0562 0.0557 0.0492 0.0494 0.0477 0.0439 0.0434 0.0392 0.0379 0.0351 0.0316 0.0301 0.0275 0.0247 0.0228 0.0208 0.0186 0.0169 0.0154 0.0140 0.0125 0.0112 0.0100 0.0091 0.0082 0.0074 0.0067 0.0060 0.0053 0.0047 0.0042 0.0037 0.0033 0.0030 0.0027 0.0024 0.0021 0.0019 0.0017 0.0015 0.0014 0.0012 0.0011 0.0010 0.0009 0.0008 0.0007 0.0006
0.1599 0.1627 0.1681 0.1674 0.1482 0.1481 0.1433 0.1317 0.1303 0.1177 0.1138 0.1052 0.0947 0.0903 0.0826 0.0742 0.0683 0.0624 0.0559 0.0506 0.0461 0.0421 0.0376 0.0335 0.0301 0.0272 0.0247 0.0223 0.0202 0.0181 0.0160 0.0142 0.0126 0.0112 0.0100 0.0089 0.0080 0.0072 0.0064 0.0058 0.0052 0.0046 0.0042 0.0038 0.0034 0.0030 0.0027 0.0024 0.0022 0.0019
0.2669 0.2702 0.2784 0.2801 0.2487 0.2462 0.2395 0.2195 0.2173 0.1962 0.1902 0.1752 0.1580 0.1510 0.1378 0.1236 0.1139 0.1040 0.0933 0.0843 0.0768 0.0701 0.0626 0.0559 0.0501 0.0453 0.0412 0.0372 0.0337 0.0301 0.0266 0.0236 0.0209 0.0186 0.0166 0.0148 0.0134 0.0120 0.0108 0.0096 0.0086 0.0078 0.0070 0.0063 0.0056 0.0050 0.0045 0.0040 0.0036 0.0032
0.3765 0.3772 0.3865 0.3935 0.3522 0.3437 0.3366 0.3076 0.3043 0.2749 0.2672 0.2448 0.2218 0.2123 0.1932 0.1730 0.1595 0.1459 0.1307 0.1180 0.1075 0.0981 0.0876 0.0781 0.0702 0.0634 0.0577 0.0521 0.0472 0.0421 0.0372 0.0330 0.0292 0.0260 0.0232 0.0208 0.0187 0.0169 0.0151 0.0135 0.0121 0.0109 0.0098 0.0088 0.0079 0.0071 0.0063 0.0056 0.0050 0.0045
0.4924 0.4858 0.4923 0.5065 0.4601 0.4412 0.4347 0.3964 0.3911 0.3542 0.3447 0.3141 0.2862 0.2746 0.2487 0.2222 0.2055 0.1882 0.1682 0.1517 0.1382 0.1260 0.1125 0.1003 0.0902 0.0816 0.0742 0.0670 0.0606 0.0539 0.0476 0.0422 0.0373 0.0334 0.0298 0.0267 0.0241 0.0218 0.0195 0.0174 0.0156 0.0140 0.0126 0.0113 0.0101 0.0091 0.0081 0.0072 0.0065 0.0058
0.6188 0.5994 0.5979 0.6169 0.5731 0.5398 0.5336 0.4867 0.4774 0.4343 0.4223 0.3827 0.3519 0.3380 0.3039 0.2713 0.2523 0.2311 0.2058 0.1852 0.1689 0.1540 0.1373 0.1224 0.1101 0.0997 0.0908 0.0819 0.0738 0.0655 0.0578 0.0512 0.0454 0.0407 0.0365 0.0327 0.0296 0.0267 0.0239 0.0213 0.0191 0.0172 0.0154 0.0138 0.0124 0.0111 0.0099 0.0088 0.0079 0.0071
0.7563 0.7217 0.7069 0.7232 0.6904 0.6407 0.6336 0.5791 0.5634 0.5155 0.4992 0.4506 0.4192 0.4020 0.3582 0.3206 0.3003 0.2747 0.2433 0.2186 0.1995 0.1820 0.1621 0.1444 0.1300 0.1178 0.1072 0.0965 0.0868 0.0769 0.0678 0.0602 0.0534 0.0480 0.0432 0.0388 0.0351 0.0317 0.0284 0.0253 0.0226 0.0204 0.0182 0.0163 0.0146 0.0131 0.0117 0.0104 0.0093 0.0084
0.8983 0.8520 0.8230 0.8267 0.8084 0.7440 0.7359 0.6728 0.6497 0.5971 0.5743 0.5181 0.4880 0.4654 0.4107 0.3708 0.3502 0.3187 0.2803 0.2519 0.2304 0.2101 0.1867 0.1663 0.1498 0.1359 0.1235 0.1109 0.0994 0.0880 0.0776 0.0690 0.0615 0.0554 0.0500 0.0450 0.0408 0.0368 0.0329 0.0293 0.0262 0.0235 0.0210 0.0188 0.0168 0.0150 0.0134 0.0119 0.0107 0.0096
1.0350 0.9827 0.9448 0.9319 0.9220 0.8474 0.8420 0.7654 0.7381 0.6776 0.6474 0.5851 0.5571 0.5257 0.4609 0.4228 0.4019 0.3621 0.3163 0.2851 0.2616 0.2383 0.2113 0.1879 0.1695 0.1537 0.1394 0.1248 0.1117 0.0988 0.0873 0.0779 0.0697 0.0630 0.0569 0.0513 0.0464 0.0419 0.0373 0.0332 0.0296 0.0266 0.0237 0.0212 0.0190 0.0169 0.0151 0.0134 0.0120 0.0108
1.1666 1.1070 1.0625 1.0412 1.0285 0.9468 0.9493 0.8544 0.8301 0.7551 0.7193 0.6509 0.6236 0.5800 0.5095 0.4776 0.4538 0.4029 0.3508 0.3186 0.2935 0.2666 0.2355 0.2094 0.1889 0.1711 0.1549 0.1383 0.1236 0.1094 0.0970 0.0869 0.0780 0.0706 0.0639 0.0575 0.0520 0.0468 0.0416 0.0370 0.0329 0.0295 0.0263 0.0235 0.0210 0.0187 0.0167 0.0149 0.0133 0.0120
1.2993 1.2376 1.1657 1.1470 1.1316 1.0410 1.0468 0.9440 0.9241 0.8307 0.7929 0.7154 0.6865 0.6295 0.5601 0.5356 0.5032 0.4403 0.3855 0.3546 0.3274 0.2958 0.2604 0.2314 0.2089 0.1890 0.1706 0.1520 0.1359 0.1206 0.1073 0.0965 0.0868 0.0787 0.0711 0.0639 0.0576 0.0517 0.0459 0.0406 0.0361 0.0323 0.0288 0.0257 0.0230 0.0206 0.0183 0.0164 0.0146 0.0132
1.4109 1.3894 1.2668 1.2330 1.2336 1.1338 1.1179 1.0444 1.0080 0.9089 0.8694 0.7789 0.7475 0.6782 0.6155 0.5933 0.5466 0.4754 0.4237 0.3949 0.3637 0.3261 0.2863 0.2549 0.2303 0.2081 0.1874 0.1669 0.1495 0.1331 0.1187 0.1070 0.0962 0.0871 0.0785 0.0703 0.0631 0.0565 0.0501 0.0443 0.0394 0.0352 0.0314 0.0281 0.0252 0.0226 0.0201 0.0180 0.0161 0.0145
1.4487 1.5046 1.4075 1.2925 1.3190 1.2352 1.1577 1.1528 1.0614 0.9951 0.9416 0.8418 0.8085 0.7277 0.6710 0.6420 0.5809 0.5105 0.4663 0.4369 0.3983 0.3546 0.3116 0.2788 0.2523 0.2277 0.2046 0.1824 0.1638 0.1462 0.1306 0.1176 0.1056 0.0953 0.0855 0.0763 0.0683 0.0610 0.0540 0.0479 0.0426 0.0381 0.0340 0.0306 0.0275 0.0246 0.0220 0.0197 0.0176 0.0159
1.4436 1.4979 1.5593 1.3691 1.3698 1.3519 1.1959 1.2456 1.0946 1.0923 1.0002 0.9103 0.8722 0.7795 0.7244 0.6832 0.6156 0.5535 0.5126 0.4757 0.4280 0.3805 0.3371 0.3038 0.2752 0.2479 0.2224 0.1986 0.1786 0.1597 0.1426 0.1281 0.1146 0.1030 0.0922 0.0820 0.0734 0.0656 0.0582 0.0516 0.0461 0.0413 0.0370 0.0333 0.0300 0.0270 0.0241 0.0215 0.0193 0.0174
1.5299 1.4722 1.5912 1.5269 1.3956 1.4567 1.2837 1.3119 1.1594 1.1787 1.0466 0.9893 0.9358 0.8370 0.7822 0.7315 0.6650 0.6054 0.5556 0.5065 0.4540 0.4080 0.3659 0.3313 0.2993 0.2686 0.2407 0.2154 0.1941 0.1735 0.1547 0.1385 0.1236 0.1109 0.0991 0.0882 0.0789 0.0707 0.0629 0.0560 0.0502 0.0450 0.0404 0.0364 0.0329 0.0295 0.0263 0.0236 0.0211 0.0190
1.7526 1.6170 1.5892 1.6755 1.4940 1.5252 1.4326 1.3807 1.2785 1.2495 1.1232 1.0757 0.9990 0.9070 0.8512 0.7948 0.7257 0.6550 0.5917 0.5392 0.4910 0.4477 0.4023 0.3615 0.3237 0.2893 0.2595 0.2329 0.2103 0.1879 0.1672 0.1494 0.1331 0.1194 0.1069 0.0952 0.0855 0.0767 0.0685 0.0611 0.0548 0.0492 0.0441 0.0397 0.0359 0.0322 0.0287 0.0256 0.0229 0.0206
1.9165 1.8416 1.7578 1.7804 1.6956 1.6314 1.5697 1.4860 1.4187 1.3681 1.2401 1.1605 1.0861 0.9896 0.9187 0.8573 0.7801 0.7011 0.6420 0.5993 0.5517 0.4980 0.4388 0.3885 0.3464 0.3108 0.2804 0.2527 0.2283 0.2035 0.1805 0.1610 0.1433 0.1288 0.1155 0.1030 0.0925 0.0830 0.0742 0.0662 0.0593 0.0531 0.0475 0.0428 0.0386 0.0346 0.0308 0.0274 0.0245 0.0220
2.0809 2.0261 1.9329 1.9458 1.8372 1.7918 1.7084 1.6413 1.5114 1.4587 1.3157 1.2984 1.2097 1.0611 0.9874 0.9229 0.8303 0.7520 0.7017 0.6532 0.5871 0.5189 0.4575 0.4134 0.3775 0.3441 0.3113 0.2791 0.2499 0.2209 0.1947 0.1731 0.1540 0.1383 0.1240 0.1104 0.0990 0.0886 0.0790 0.0704 0.0630 0.0563 0.0503 0.0453 0.0409 0.0367 0.0326 0.0291 0.0260 0.0234
2.0427 2.1225 2.0223 1.9157 1.9577 1.7870 1.7972 1.6404 1.6181 1.4843 1.4030 1.3225 1.2074 1.1312 1.0523 0.9579 0.8800 0.8105 0.7356 0.6635 0.5992 0.5476 0.4964 0.4492 0.4029 0.3594 0.3216 0.2888 0.2617 0.2351 0.2103 0.1888 0.1685 0.1512 0.1349 0.1195 0.1065 0.0949 0.0844 0.0751 0.0672 0.0600 0.0537 0.0484 0.0437 0.0393 0.0349 0.0312 0.0279 0.0251
2.1357 2.1546 2.2076 2.0263 2.0523 1.9277 1.8834 1.7575 1.7150 1.5713 1.5051 1.3994 1.2879 1.2092 1.1167 1.0195 0.9408 0.8633 0.7808 0.7068 0.6420 0.5875 0.5306 0.4782 0.4289 0.3837 0.3450 0.3102 0.2811 0.2522 0.2255 0.2023 0.1803 0.1616 0.1441 0.1278 0.1140 0.1016 0.0905 0.0806 0.0722 0.0646 0.0577 0.0519 0.0468 0.0420 0.0374 0.0334 0.0299 0.0269
2.3838 2.2160 2.2993 2.2143 2.1108 2.0936 1.9567 1.8940 1.7990 1.6734 1.6051 1.4786 1.3744 1.2872 1.1835 1.0853 1.0025 0.9161 0.8280 0.7533 0.6870 0.6280 0.5649 0.5075 0.4561 0.4098 0.3701 0.3328 0.3014 0.2699 0.2410 0.2160 0.1923 0.1723 0.1537 0.1365 0.1218 0.1087 0.0969 0.0865 0.0775 0.0693 0.0619 0.0556 0.0501 0.0449 0.0400 0.0358 0.0320 0.0288
2.5728 2.4317 2.3285 2.4031 2.2020 2.2368 2.0511 2.0299 1.8809 1.7896 1.7003 1.5638 1.4654 1.3659 1.2546 1.1540 1.0642 0.9699 0.8786 0.8032 0.7336 0.6687 0.5992 0.5377 0.4850 0.4379 0.3971 0.3568 0.3223 0.2880 0.2568 0.2299 0.2046 0.1833 0.1637 0.1455 0.1301 0.1162 0.1037 0.0927 0.0831 0.0744 0.0664 0.0595 0.0535 0.0479 0.0427 0.0382 0.0342 0.0308
2.5652 2.6674 2.4528 2.5000 2.3749 2.3287 2.1914 2.1444 1.9771 1.9126 1.7924 1.6572 1.5595 1.4470 1.3300 1.2243 1.1265 1.0267 0.9332 0.8556 0.7807 0.7094 0.6344 0.5696 0.5162 0.4682 0.4258 0.3817 0.3438 0.3064 0.2728 0.2441 0.2173 0.1947 0.1741 0.1551 0.1389 0.1242 0.1110 0.0992 0.0891 0.0798 0.0711 0.0637 0.0571 0.0511 0.0456 0.0407 0.0364 0.0328
2.6526 2.7225 2.6994 2.5438 2.5769 2.4002 2.3601 2.2345 2.0968 2.0308 1.8827 1.7567 1.6550 1.5311 1.4079 1.2952 1.1914 1.0888 0.9926 0.9096 0.8275 0.7504 0.6716 0.6050 0.5503 0.5002 0.4549 0.4071 0.3659 0.3256 0.2896 0.2590 0.2306 0.2070 0.1854 0.1653 0.1481 0.1325 0.1186 0.1061 0.0954 0.0854 0.0761 0.0680 0.0610 0.0545 0.0486 0.0435 0.0389 0.0350
2.9659 2.7538 2.8772 2.6771 2.7100 2.5195 2.5113 2.3238 2.2360 2.1379 1.9764 1.8613 1.7523 1.6172 1.4867 1.3680 1.2615 1.1567 1.0551 0.9638 0.8741 0.7929 0.7123 0.6447 0.5873 0.5334 0.4839 0.4326 0.3886 0.3459 0.3075 0.2749 0.2449 0.2203 0.1977 0.1764 0.1580 0.1412 0.1265 0.1134 0.1021 0.0914 0.0814 0.0727 0.0652 0.0584 0.0520 0.0464 0.0415 0.0374
3.1151 3.0009 2.9157 2.9139 2.7770 2.7060 2.6205 2.4439 2.3794 2.2377 2.0807 1.9730 1.8521 1.7042 1.5668 1.4457 1.3381 1.2282 1.1178 1.0173 0.9217 0.8384 0.7569 0.6879 0.6265 0.5676 0.5131 0.4582 0.4116 0.3667 0.3261 0.2918 0.2602 0.2346 0.2109 0.1882 0.1685 0.1505 0.1350 0.1211 0.1091 0.0976 0.0869 0.0775 0.0696 0.0624 0.0555 0.0496 0.0443 0.0398
3.1080 3.2514 3.0268 3.0948 2.8881 2.8932 2.7133 2.6005 2.5099 2.3385 2.1984 2.0897 1.9513 1.7910 1.6513 1.5311 1.4200 1.3003 1.1790 1.0711 0.9724 0.8885 0.8058 0.7340 0.6669 0.6020 0.5421 0.4839 0.4351 0.3886 0.3458 0.3098 0.2766 0.2499 0.2252 0.2008 0.1796 0.1603 0.1438 0.1291 0.1164 0.1042 0.0927 0.0826 0.0742 0.0665 0.0592 0.0528 0.0472 0.0424
3.3660 3.3027 3.2914 3.1719 3.0935 3.0219 2.8401 2.7690 2.6233 2.4514 2.3291 2.2062 2.0472 1.8806 1.7448 1.6241 1.5034 1.3698 1.2392 1.1276 1.0283 0.9439 0.8583 0.7818 0.7077 0.6361 0.5710 0.5100 0.4595 0.4118 0.3671 0.3292 0.2943 0.2665 0.2404 0.2142 0.1914 0.1706 0.1531 0.1376 0.1241 0.1110 0.0987 0.0879 0.0790 0.0709 0.0631 0.0563 0.0503 0.0450
3.6111 3.4087 3.4695 3.2799 3.2869 3.1107 3.0048 2.9132 2.7287 2.5829 2.4630 2.3123 2.1375 1.9780 1.8494 1.7209 1.5838 1.4367 1.3009 1.1906 1.0924 1.0056 0.9140 0.8304 0.7500 0.6730 0.6036 0.5393 0.4866 0.4368 0.3907 0.3515 0.3150 0.2852 0.2572 0.2292 0.2049 0.1829 0.1639 0.1471 0.1326 0.1187 0.1056 0.0939 0.0842 0.0755 0.0673 0.0601 0.0537 0.0481
3.6354 3.6668 3.5357 3.4874 3.4073 3.2385 3.1801 3.0300 2.8485 2.7327 2.5906 2.4084 2.2333 2.0894 1.9605 1.8138 1.6587 1.5037 1.3686 1.2614 1.1622 1.0696 0.9695 0.8781 0.7920 0.7105 0.6376 0.5706 0.5159 0.4641 0.4163 0.3755 0.3371 0.3051 0.2748 0.2448 0.2191 0.1958 0.1752 0.1570 0.1415 0.1267 0.1128 0.1003 0.0897 0.0802 0.0718 0.0641 0.0573 0.0513
3.7928 3.8149 3.6718 3.6736 3.5042 3.4126 3.3268 3.1377 2.9952 2.8860 2.7008 2.5020 2.3447 2.2123 2.0684 1.8981 1.7311 1.5768 1.4455 1.3392 1.2348 1.1331 1.0233 0.9247 0.8344 0.7496 0.6742 0.6048 0.5480 0.4937 0.4439 0.4011 0.3605 0.3260 0.2933 0.2611 0.2339 0.2093 0.1869 0.1673 0.1508 0.1351 0.1203 0.1069 0.0954 0.0852 0.0765 0.0684 0.0611 0.0548
4.0187 3.8976 3.8746 3.7896 3.6403 3.5903 3.4376 3.2639 3.1624 3.0206 2.7956 2.6093 2.4740 2.3348 2.1645 1.9760 1.8088 1.6609 1.5315 1.4207 1.3065 1.1940 1.0753 0.9715 0.8789 0.7921 0.7144 0.6423 0.5829 0.5257 0.4733 0.4282 0.3851 0.3479 0.3124 0.2780 0.2492 0.2233 0.1991 0.1781 0.1604 0.1439 0.1282 0.1139 0.1014 0.0905 0.0815 0.0729 0.0651 0.0584
4.1247 4.0315 4.0348 3.8816 3.8211 3.7324 3.5393 3.4248 3.3205 3.1250 2.8989 2.7457 2.6122 2.4439 2.2502 2.0605 1.9049 1.7639 1.6300 1.5067 1.3785 1.2559 1.1311 1.0247 0.9310 0.8427 0.7628 0.6875 0.6246 0.5629 0.5072 0.4589 0.4125 0.3726 0.3346 0.2976 0.2666 0.2388 0.2131 0.1906 0.1715 0.1540 0.1374 0.1223 0.1090 0.0973 0.0875 0.0783 0.0700 0.0628
4.1822 4.2158 4.1148 4.0165 3.9997 3.8188 3.6755 3.6032 3.4380 3.2172 3.0307 2.8968 2.7350 2.5345 2.3349 2.1586 2.0153 1.8730 1.7270 1.5878 1.4467 1.3174 1.1897 1.0829 0.9887 0.8985 0.8154 0.7360 0.6686 0.6018 0.5423 0.4907 0.4408 0.3981 0.3576 0.3181 0.2849 0.2550 0.2278 0.2038 0.1833 0.1647 0.1471 0.1313 0.1171 0.1045 0.0939 0.0841 0.0751 0.0674
4.3350 4.3269 4.1735 4.2195 4.0875 3.9115 3.8656 3.7412 3.5172 3.3356 3.1902 3.0355 2.8319 2.6183 2.4331 2.2736 2.1334 1.9800 1.8178 1.6641 1.5142 1.3822 1.2542 1.1475 1.0524 0.9590 0.8715 0.7868 0.7142 0.6417 0.5782 0.5233 0.4699 0.4246 0.3816 0.3397 0.3041 0.2721 0.2434 0.2178 0.1958 0.1761 0.1576 0.1410 0.1258 0.1123 0.1009 0.0903 0.0806 0.0724
4.5179 4.3115 4.3922 4.3280 4.1282 4.1027 4.0322 3.8112 3.6179 3.5024 3.3487 3.1453 2.9201 2.7210 2.5572 2.4032 2.2523 2.0815 1.9047 1.7426 1.5894 1.4575 1.3288 1.2204 1.1222 1.0240 0.9310 0.8402 0.7622 0.6845 0.6168 0.5583 0.5015 0.4533 0.4079 0.3634 0.3257 0.2917 0.2613 0.2340 0.2105 0.1895 0.1697 0.1520 0.1358 0.1213 0.1089 0.0974 0.0871 0.0782
4.4372 4.5505 4.5389 4.3205 4.3213 4.2999 4.0888 3.8929 3.7950 3.6832 3.4710 3.2378 3.0315 2.8607 2.7064 2.5397 2.3684 2.1805 1.9947 1.8318 1.6801 1.5482 1.4158 1.3019 1.1975 1.0930 0.9942 0.8971 0.8144 0.7329 0.6602 0.5975 0.5372 0.4860 0.4376 0.3906 0.3511 0.3155 0.2829 0.2538 0.2288 0.2060 0.1844 0.1648 0.1476 0.1322 0.1186 0.1062 0.0949 0.0853
4.6992 4.7057 4.4684 4.5277 4.5445 4.3269 4.1380 4.0794 3.9966 3.8071 3.5521 3.3412 3.1763 3.0214 2.8558 2.6659 2.4762 2.2791 2.0914 1.9314 1.7813 1.6473 1.5083 1.3865 1.2746 1.1632 1.0586 0.9553 0.8683 0.7837 0.7061 0.6393 0.5755 0.5211 0.4699 0.4203 0.3788 0.3416 0.3066 0.2755 0.2489 0.2241 0.2004 0.1788 0.1605 0.1440 0.1292 0.1157 0.1035 0.0930
4.8114 4.5727 4.7209 4.7674 4.5215 4.3541 4.3440 4.3015 4.1160 3.8706 3.6466 3.4898 3.3504 3.1838 2.9927 2.7820 2.5834 2.3854 2.1994 2.0420 1.8910 1.7518 1.6036 1.4725 1.3525 1.2344 1.1247 1.0157 0.9251 0.8378 0.7554 0.6844 0.6170 0.5594 0.5049 0.4525 0.4091 0.3700 0.3324 0.2992 0.2709 0.2439 0.2179 0.1940 0.1745 0.1569 0.1408 0.1261 0.1129 0.1014
4.6880 4.9460 4.9494 4.6971 4.5917 4.6408 4.6022 4.4191 4.1834 3.9915 3.8284 3.6914 3.5320 3.3358 3.1245 2.9077 2.7115 2.5171 2.3316 2.1708 2.0129 1.8665 1.7101 1.5716 1.4448 1.3206 1.2057 1.0906 0.9941 0.8999 0.8141 0.7403 0.6692 0.6078 0.5497 0.4939 0.4473 0.4049 0.3634 0.3270 0.2960 0.2670 0.2392 0.2141 0.1930 0.1738 0.1559 0.1397 0.1251 0.1124
5.1817 5.0395 4.8124 4.8551 4.9553 4.8823 4.6694 4.4660 4.3260 4.2183 4.0620 3.8882 3.6869 3.4693 3.2553 3.0459 2.8570 2.6649 2.4761 2.3075 2.1399 1.9856 1.8215 1.6770 1.5444 1.4148 1.2951 1.1738 1.0708 0.9683 0.8792 0.8026 0.7275 0.6620 0.5997 0.5403 0.4899 0.4438 0.3978 0.3575 0.3236 0.2924 0.2629 0.2367 0.2138 0.1927 0.1730 0.1551 0.1390 0.1249
5.0189 4.9583 5.1565 5.2480 5.0987 4.8759 4.7294 4.6651 4.6034 4.4847 4.2643 4.0389 3.8151 3.6017 3.4013 3.2043 3.0201 2.8253 2.6288 2.4498 2.2716 2.1100 1.9392 1.7898 1.6520 1.5174 1.3929 1.2651 1.1549 1.0431 0.9504 0.8707 0.7912 0.7212 0.6543 0.5909 0.5365 0.4861 0.4352 0.3908 0.3535 0.3200 0.2888 0.2616 0.2368 0.2137 0.1919 0.1721 0.1542 0.1388
5.2968 5.5021 5.4343 5.2268 5.0765 5.0413 5.0431 4.9944 4.8623 4.6633 4.3982 4.1656 3.9548 3.7605 3.5748 3.3850 3.1975 2.9943 2.7883 2.6010 2.4147 2.2453 2.0673 1.9124 1.7693 1.6292 1.4996 1.3666 1.2514 1.1333 1.0343 0.9492 0.8642 0.7889 0.7169 0.6492 0.5907 0.5363 0.4811 0.4330 0.3926 0.3561 0.3219 0.2923 0.2651 0.2396 0.2155 0.1935 0.1736 0.1564
5.7089 5.4923 5.3593 5.3759 5.4373 5.4510 5.3687 5.2006 4.9890 4.7686 4.5320 4.3322 4.1439 3.9593 3.7752 3.5828 3.3842 3.1692 2.9544 2.7624 2.5710 2.3931 2.2067 2.0451 1.8963 1.7502 1.6147 1.4779 1.3601 1.2389 1.1313 1.0383 0.9466 0.8654 0.7878 0.7156 0.6531 0.5948 0.5365 0.4853 0.4422 0.4016 0.3633 0.3298 0.2995 0.2712 0.2444 0.2199 0.1977 0.1785
5.6311 5.7323 5.8370 5.8589 5.7753 5.6402 5.4773 5.2991 5.1198 4.9421 4.7486 4.5677 4.3784 4.1833 3.9879 3.7870 3.5751 3.3488 3.1268 2.9319 2.7365 2.5503 2.3553 2.1865 2.0316 1.8790 1.7373 1.5968 1.4767 1.3529 1.2358 1.1344 1.0357 0.9483 0.8647 0.7879 0.7213 0.6591 0.5977 0.5435 0.4977 0.4526 0.4097 0.3718 0.3381 0.3068 0.2770 0.2498 0.2251 0.2036
6.3109 6.2712 6.1349 5.9794 5.8392 5.7405 5.6504 5.5327 5.3891 5.2207 5.0275 4.8310 4.6190 4.4007 4.1864 3.9705 3.7498 3.5171 3.2908 3.0948 2.8968 2.7042 2.5011 2.3252 2.1646 2.0069 1.8610 1.7175 1.5952 1.4680 1.3432 1.2349 1.1303 1.0380 0.9495 0.8675 0.7964 0.7298 0.6650 0.6076 0.5589 0.5095 0.4620 0.4194 0.3823 0.3478 0.3150 0.2848 0.2574 0.2334
6.4739 6.3657 6.2893 6.2377 6.1858 6.1199 6.0176 5.8595 5.6853 5.4934 5.2828 5.0664 4.8347 4.5924 4.3520 4.1060 3.8844 3.6522 3.4251 3.2288 3.0298 2.8357 2.6264 2.4437 2.2788 2.1203 1.9760 1.8308 1.7055 1.5722 1.4450 1.3351 1.2286 1.1358 1.0452 0.9566 0.8795 0.8073 0.7385 0.6771 0.6248 0.5727 0.5215 0.4744 0.4341 0.3967 0.3611 0.3280 0.2975 0.2706
6.9493 6.9070 6.8462 6.7630 6.6519 6.5022 6.3190 6.0948 5.8936 5.6952 5.4880 5.2700 5.0320 4.7750 4.5137 4.2399 4.0191 3.7884 3.5609 3.3649 3.1651 2.9700 2.7543 2.5647 2.3959 2.2371 2.0957 1.9495 1.8216 1.6822 1.5531 1.4424 1.3345 1.2419 1.1499 1.0543 0.9708 0.8926 0.8196 0.7541 0.6981 0.6434 0.5883 0.5363 0.4927 0.4524 0.4139 0.3775 0.3437 0.3138
7.4366 7.3026 7.1788 7.0492 6.9034 6.7156 6.4996 6.2500 6.0503 5.8641 5.6721 5.4592 5.2182 4.9472 4.6650 4.3637 4.1430 3.9137 3.6864 3.4908 3.2906 3.0948 2.8730 2.6765 2.5038 2.3456 2.2080 2.0615 1.9321 1.7880 1.6575 1.5464 1.4378 1.3460 1.2533 1.1507 1.0613 0.9773 0.9004 0.8311 0.7716 0.7145 0.6560 0.5992 0.5524 0.5092 0.4682 0.4287 0.3917 0.3587
7.4104 7.2928 7.1854 7.0632 6.9117 6.7255 6.5120 6.2650 6.0585 5.8631 5.6698 5.4572 5.2174 4.9394 4.6556 4.3581 4.1342 3.9042 3.6817 3.4881 3.2889 3.0934 2.8669 2.6640 2.4873 2.3294 2.1950 2.0493 1.9245 1.7897 1.6579 1.5450 1.4365 1.3433 1.2490 1.1465 1.0585 0.9764 0.9000 0.8300 0.7690 0.7120 0.6540 0.5984 0.5511 0.5078 0.4680 0.4289 0.3920 0.3590
