0.0533 0.0544 0.0562 0.0555 0.0492 0.0494 0.0476 0.0439 0.0433 0.0392 0.0378 0.0350 0.0315 0.0300 0.0275 0.0248 0.0228 0.0208 0.0186 0.0169 0.0154 0.0140 0.0125 0.0112 0.0100 0.0090 0.0082 0.0074 0.0067 0.0060 0.0053 0.0047 0.0042 0.0037 0.0033 0.0030 0.0027 0.0024 0.0021 0.0019 0.0017 0.0015 0.0014 0.0012 0.0011 0.0010 0.0009 0.0008 0.0007 0.0006
0.1598 0.1628 0.1681 0.1669 0.1480 0.1481 0.1431 0.1317 0.1301 0.1177 0.1135 0.1051 0.0947 0.0901 0.0825 0.0742 0.0683 0.0623 0.0559 0.0506 0.0461 0.0420 0.0376 0.0335 0.0301 0.0271 0.0246 0.0223 0.0202 0.0180 0.0160 0.0142 0.0126 0.0112 0.0100 0.0089 0.0080 0.0072 0.0064 0.0057 0.0051 0.0046 0.0042 0.0037 0.0034 0.0030 0.0027 0.0024 0.0022 0.0019
0.2667 0.2702 0.2784 0.2793 0.2483 0.2461 0.2392 0.2194 0.2169 0.1961 0.1897 0.1749 0.1580 0.1506 0.1377 0.1237 0.1138 0.1039 0.0933 0.0844 0.0768 0.0700 0.0626 0.0559 0.0501 0.0452 0.0411 0.0371 0.0336 0.0300 0.0266 0.0236 0.0209 0.0186 0.0166 0.0148 0.0134 0.0120 0.0107 0.0096 0.0086 0.0077 0.0069 0.0062 0.0056 0.0050 0.0045 0.0040 0.0036 0.0032
0.3758 0.3770 0.3864 0.3925 0.3515 0.3435 0.3362 0.3073 0.3038 0.2748 0.2664 0.2446 0.2216 0.2117 0.1931 0.1730 0.1594 0.1458 0.1307 0.1181 0.1075 0.0980 0.0876 0.0781 0.0702 0.0633 0.0575 0.0520 0.0471 0.0420 0.0371 0.0330 0.0292 0.0260 0.0232 0.0208 0.0187 0.0169 0.0151 0.0134 0.0120 0.0109 0.0097 0.0088 0.0079 0.0070 0.0063 0.0056 0.0050 0.0045
0.4910 0.4850 0.4922 0.5053 0.4590 0.4408 0.4341 0.3960 0.3905 0.3539 0.3437 0.3137 0.2859 0.2738 0.2485 0.2223 0.2053 0.1880 0.1683 0.1517 0.1381 0.1259 0.1125 0.1003 0.0901 0.0814 0.0740 0.0668 0.0604 0.0538 0.0476 0.0422 0.0373 0.0334 0.0298 0.0267 0.0241 0.0217 0.0194 0.0173 0.0155 0.0140 0.0125 0.0113 0.0101 0.0091 0.0081 0.0072 0.0065 0.0058
0.6167 0.5979 0.5973 0.6156 0.5716 0.5390 0.5328 0.4861 0.4768 0.4339 0.4212 0.3824 0.3513 0.3370 0.3038 0.2713 0.2519 0.2309 0.2059 0.1853 0.1687 0.1539 0.1373 0.1224 0.1101 0.0995 0.0905 0.0816 0.0737 0.0655 0.0578 0.0513 0.0454 0.0407 0.0365 0.0327 0.0295 0.0267 0.0238 0.0213 0.0190 0.0171 0.0154 0.0138 0.0124 0.0111 0.0099 0.0088 0.0079 0.0071
0.7539 0.7194 0.7057 0.7219 0.6886 0.6396 0.6326 0.5783 0.5627 0.5149 0.4980 0.4504 0.4183 0.4009 0.3581 0.3205 0.2998 0.2745 0.2434 0.2187 0.1994 0.1819 0.1621 0.1444 0.1299 0.1176 0.1070 0.0963 0.0867 0.0769 0.0678 0.0602 0.0535 0.0480 0.0431 0.0387 0.0350 0.0316 0.0283 0.0252 0.0226 0.0203 0.0182 0.0163 0.0146 0.0131 0.0116 0.0104 0.0093 0.0084
0.8961 0.8496 0.8211 0.8254 0.8065 0.7427 0.7347 0.6721 0.6490 0.5965 0.5733 0.5179 0.4869 0.4644 0.4108 0.3705 0.3495 0.3186 0.2805 0.2518 0.2302 0.2100 0.1868 0.1663 0.1497 0.1356 0.1232 0.1107 0.0994 0.0880 0.0777 0.0691 0.0615 0.0554 0.0499 0.0449 0.0406 0.0367 0.0328 0.0292 0.0261 0.0234 0.0210 0.0188 0.0168 0.0150 0.0134 0.0119 0.0107 0.0096
1.0336 0.9813 0.9429 0.9306 0.9205 0.8465 0.8406 0.7649 0.7375 0.6772 0.6467 0.5851 0.5559 0.5250 0.4611 0.4223 0.4012 0.3622 0.3166 0.2850 0.2614 0.2383 0.2114 0.1880 0.1693 0.1534 0.1392 0.1247 0.1117 0.0989 0.0873 0.0779 0.0696 0.0629 0.0567 0.0511 0.0463 0.0418 0.0372 0.0331 0.0296 0.0265 0.0237 0.0212 0.0189 0.0169 0.0151 0.0134 0.0120 0.0108
1.1650 1.1068 1.0620 1.0402 1.0274 0.9469 0.9481 0.8545 0.8298 0.7552 0.7190 0.6512 0.6227 0.5800 0.5098 0.4770 0.4533 0.4033 0.3511 0.3184 0.2934 0.2667 0.2358 0.2095 0.1888 0.1709 0.1547 0.1382 0.1237 0.1095 0.0970 0.0868 0.0779 0.0705 0.0637 0.0574 0.0519 0.0467 0.0415 0.0369 0.0329 0.0294 0.0262 0.0235 0.0210 0.0187 0.0167 0.0149 0.0133 0.0120
1.2971 1.2377 1.1675 1.1479 1.1311 1.0426 1.0467 0.9448 0.9246 0.8314 0.7932 0.7162 0.6863 0.6301 0.5605 0.5351 0.5033 0.4410 0.3857 0.3544 0.3275 0.2962 0.2607 0.2315 0.2088 0.1889 0.1706 0.1521 0.1360 0.1207 0.1073 0.0963 0.0866 0.0785 0.0709 0.0637 0.0574 0.0516 0.0458 0.0406 0.0361 0.0323 0.0288 0.0257 0.0230 0.0206 0.0183 0.0164 0.0146 0.0132
1.4109 1.3888 1.2698 1.2372 1.2343 1.1367 1.1200 1.0458 1.0099 0.9101 0.8706 0.7804 0.7481 0.6794 0.6159 0.5933 0.5474 0.4762 0.4239 0.3949 0.3640 0.3267 0.2867 0.2550 0.2303 0.2081 0.1875 0.1671 0.1496 0.1331 0.1186 0.1068 0.0960 0.0869 0.0783 0.0702 0.0631 0.0565 0.0500 0.0443 0.0394 0.0352 0.0314 0.0281 0.0252 0.0226 0.0201 0.0180 0.0161 0.0145
1.4568 1.5066 1.4097 1.2988 1.3229 1.2376 1.1629 1.1546 1.0650 0.9966 0.9439 0.8436 0.8094 0.7290 0.6718 0.6429 0.5821 0.5112 0.4664 0.4373 0.3991 0.3553 0.3120 0.2789 0.2524 0.2278 0.2048 0.1826 0.1638 0.1461 0.1304 0.1174 0.1054 0.0951 0.0854 0.0762 0.0683 0.0611 0.0541 0.0479 0.0427 0.0382 0.0341 0.0306 0.0275 0.0246 0.0220 0.0197 0.0176 0.0159
1.4564 1.5078 1.5618 1.3742 1.3772 1.3529 1.2024 1.2477 1.0991 1.0942 1.0033 0.9117 0.8730 0.7809 0.7256 0.6843 0.6164 0.5537 0.5131 0.4766 0.4290 0.3811 0.3373 0.3039 0.2754 0.2481 0.2227 0.1987 0.1786 0.1595 0.1424 0.1280 0.1145 0.1030 0.0922 0.0821 0.0734 0.0656 0.0582 0.0517 0.0461 0.0413 0.0370 0.0333 0.0300 0.0269 0.0240 0.0215 0.0193 0.0174
1.5346 1.4833 1.5974 1.5287 1.4017 1.4585 1.2871 1.3134 1.1626 1.1806 1.0489 0.9900 0.9366 0.8380 0.7828 0.7313 0.6644 0.6054 0.5564 0.5075 0.4546 0.4080 0.3659 0.3315 0.2996 0.2689 0.2409 0.2154 0.1940 0.1734 0.1546 0.1385 0.1236 0.1109 0.0991 0.0882 0.0790 0.0706 0.0629 0.0560 0.0501 0.0450 0.0403 0.0363 0.0328 0.0295 0.0263 0.0235 0.0211 0.0190
1.7510 1.6161 1.5936 1.6751 1.4942 1.5274 1.4305 1.3804 1.2784 1.2489 1.1232 1.0761 0.9991 0.9069 0.8503 0.7929 0.7244 0.6552 0.5923 0.5390 0.4902 0.4470 0.4023 0.3619 0.3242 0.2896 0.2595 0.2328 0.2102 0.1878 0.1671 0.1494 0.1331 0.1194 0.1069 0.0952 0.0854 0.0765 0.0683 0.0610 0.0547 0.0491 0.0440 0.0397 0.0358 0.0321 0.0286 0.0256 0.0229 0.0206
1.9135 1.8377 1.7528 1.7761 1.6924 1.6273 1.5678 1.4835 1.4159 1.3635 1.2392 1.1592 1.0843 0.9894 0.9174 0.8554 0.7797 0.7010 0.6407 0.5969 0.5499 0.4976 0.4393 0.3891 0.3466 0.3107 0.2801 0.2525 0.2282 0.2036 0.1806 0.1611 0.1434 0.1287 0.1154 0.1028 0.0923 0.0828 0.0740 0.0661 0.0592 0.0530 0.0474 0.0428 0.0386 0.0346 0.0308 0.0274 0.0245 0.0220
2.0730 2.0224 1.9350 1.9415 1.8366 1.7915 1.7062 1.6414 1.5112 1.4582 1.3172 1.2953 1.2098 1.0625 0.9866 0.9229 0.8315 0.7519 0.7001 0.6521 0.5875 0.5199 0.4580 0.4132 0.3768 0.3434 0.3111 0.2792 0.2503 0.2213 0.1950 0.1733 0.1540 0.1383 0.1239 0.1103 0.0988 0.0885 0.0789 0.0704 0.0630 0.0563 0.0503 0.0453 0.0409 0.0367 0.0326 0.0291 0.0260 0.0234
2.0579 2.1304 2.0273 1.9257 1.9625 1.7931 1.8018 1.6446 1.6218 1.4872 1.4055 1.3254 1.2083 1.1328 1.0547 0.9585 0.8797 0.8115 0.7374 0.6644 0.5988 0.5469 0.4963 0.4499 0.4039 0.3601 0.3219 0.2887 0.2613 0.2346 0.2100 0.1887 0.1685 0.1513 0.1351 0.1197 0.1067 0.0950 0.0845 0.0752 0.0672 0.0601 0.0537 0.0484 0.0437 0.0392 0.0349 0.0312 0.0279 0.0251
2.1463 2.1674 2.2124 2.0332 2.0590 1.9317 1.8885 1.7607 1.7185 1.5735 1.5079 1.4012 1.2885 1.2114 1.1184 1.0193 0.9408 0.8648 0.7823 0.7069 0.6411 0.5869 0.5309 0.4791 0.4298 0.3842 0.3450 0.3098 0.2806 0.2518 0.2252 0.2022 0.1804 0.1618 0.1444 0.1280 0.1142 0.1017 0.0906 0.0807 0.0722 0.0646 0.0577 0.0519 0.0468 0.0420 0.0374 0.0334 0.0299 0.0269
2.3871 2.2257 2.3079 2.2173 2.1179 2.0963 1.9612 1.8965 1.8018 1.6751 1.6074 1.4793 1.3753 1.2893 1.1840 1.0845 1.0030 0.9178 0.8288 0.7527 0.6860 0.6278 0.5655 0.5085 0.4568 0.4099 0.3697 0.3322 0.3008 0.2696 0.2409 0.2160 0.1925 0.1725 0.1540 0.1367 0.1220 0.1088 0.0970 0.0865 0.0775 0.0693 0.0619 0.0556 0.0500 0.0449 0.0400 0.0357 0.0320 0.0288
2.5799 2.4339 2.3372 2.4061 2.2061 2.2398 2.0537 2.0319 1.8824 1.7911 1.7016 1.5637 1.4666 1.3672 1.2538 1.1534 1.0654 0.9712 0.8784 0.8020 0.7327 0.6689 0.6002 0.5385 0.4853 0.4375 0.3964 0.3560 0.3218 0.2878 0.2568 0.2301 0.2048 0.1836 0.1639 0.1457 0.1302 0.1163 0.1037 0.0926 0.0831 0.0744 0.0663 0.0595 0.0534 0.0479 0.0427 0.0381 0.0341 0.0308
2.5761 2.6702 2.4550 2.5050 2.3752 2.3317 2.1918 2.1457 1.9773 1.9136 1.7921 1.6569 1.5606 1.4469 1.3285 1.2242 1.1277 1.0271 0.9321 0.8542 0.7802 0.7101 0.6353 0.5700 0.5160 0.4674 0.4249 0.3810 0.3434 0.3063 0.2730 0.2444 0.2175 0.1950 0.1743 0.1552 0.1389 0.1242 0.1109 0.0992 0.0890 0.0797 0.0711 0.0636 0.0570 0.0510 0.0455 0.0407 0.0364 0.0328
2.6535 2.7288 2.6977 2.5464 2.5763 2.4009 2.3594 2.2343 2.0963 2.0306 1.8813 1.7566 1.6553 1.5294 1.4065 1.2958 1.1921 1.0879 0.9908 0.9084 0.8276 0.7513 0.6722 0.6049 0.5496 0.4992 0.4540 0.4065 0.3657 0.3257 0.2899 0.2593 0.2309 0.2072 0.1855 0.1654 0.1481 0.1324 0.1185 0.1060 0.0953 0.0853 0.0761 0.0679 0.0609 0.0545 0.0486 0.0434 0.0389 0.0350
2.9622 2.7533 2.8780 2.6738 2.7100 2.5169 2.5101 2.3218 2.2348 2.1360 1.9744 1.8611 1.7509 1.6147 1.4859 1.3686 1.2610 1.1547 1.0533 0.9633 0.8747 0.7935 0.7123 0.6439 0.5862 0.5323 0.4831 0.4323 0.3886 0.3461 0.3078 0.2752 0.2452 0.2204 0.1977 0.1763 0.1578 0.1411 0.1264 0.1133 0.1019 0.0913 0.0813 0.0726 0.0651 0.0583 0.0520 0.0464 0.0415 0.0374
3.1168 2.9940 2.9146 2.9092 2.7745 2.7020 2.6179 2.4406 2.3771 2.2344 2.0789 1.9717 1.8491 1.7019 1.5666 1.4454 1.3362 1.2258 1.1164 1.0174 0.9223 0.8385 0.7562 0.6866 0.6252 0.5666 0.5126 0.4582 0.4118 0.3671 0.3264 0.2920 0.2603 0.2346 0.2108 0.1880 0.1683 0.1503 0.1348 0.1209 0.1089 0.0975 0.0868 0.0775 0.0695 0.0623 0.0555 0.0495 0.0443 0.0398
3.1020 3.2483 3.0187 3.0917 2.8815 2.8895 2.7083 2.5969 2.5061 2.3347 2.1966 2.0868 1.9478 1.7895 1.6509 1.5294 1.4172 1.2981 1.1784 1.0715 0.9726 0.8879 0.8045 0.7325 0.6657 0.6013 0.5420 0.4841 0.4354 0.3889 0.3461 0.3099 0.2766 0.2498 0.2250 0.2005 0.1793 0.1600 0.1436 0.1290 0.1163 0.1041 0.0926 0.0825 0.0742 0.0665 0.0592 0.0528 0.0472 0.0424
3.3546 3.2966 3.2839 3.1654 3.0869 3.0168 2.8341 2.7651 2.6182 2.4481 2.3264 2.2021 2.0443 1.8797 1.7434 1.6213 1.5005 1.3686 1.2393 1.1278 1.0278 0.9425 0.8566 0.7803 0.7068 0.6359 0.5712 0.5104 0.4599 0.4120 0.3671 0.3291 0.2941 0.2662 0.2401 0.2139 0.1911 0.1703 0.1529 0.1374 0.1240 0.1109 0.0987 0.0879 0.0790 0.0709 0.0630 0.0562 0.0503 0.0450
3.6064 3.3962 3.4644 3.2699 3.2821 3.1031 3.0000 2.9080 2.7236 2.5800 2.4591 2.3082 2.1357 1.9769 1.8467 1.7177 1.5819 1.4364 1.3011 1.1901 1.0910 1.0037 0.9123 0.8294 0.7497 0.6731 0.6040 0.5397 0.4868 0.4369 0.3905 0.3512 0.3146 0.2848 0.2568 0.2288 0.2046 0.1827 0.1637 0.1469 0.1326 0.1186 0.1055 0.0939 0.0842 0.0755 0.0673 0.0601 0.0537 0.0481
3.6233 3.6605 3.5251 3.4814 3.4000 3.2318 3.1759 3.0238 2.8448 2.7295 2.5861 2.4056 2.2321 2.0873 1.9572 1.8114 1.6580 1.5039 1.3683 1.2601 1.1603 1.0678 0.9683 0.8777 0.7922 0.7108 0.6380 0.5709 0.5159 0.4639 0.4159 0.3750 0.3366 0.3047 0.2745 0.2445 0.2189 0.1956 0.1751 0.1569 0.1415 0.1267 0.1127 0.1003 0.0897 0.0803 0.0718 0.0642 0.0573 0.0514
3.7820 3.8076 3.6629 3.6689 3.4957 3.4095 3.3212 3.1329 2.9929 2.8821 2.6972 2.5006 2.3433 2.2095 2.0657 1.8970 1.7312 1.5767 1.4444 1.3375 1.2330 1.1319 1.0229 0.9249 0.8349 0.7500 0.6744 0.6047 0.5477 0.4933 0.4434 0.4006 0.3600 0.3256 0.2929 0.2608 0.2337 0.2092 0.1868 0.1673 0.1508 0.1351 0.1203 0.1069 0.0954 0.0853 0.0765 0.0684 0.0611 0.0548
4.0162 3.8863 3.8729 3.7809 3.6374 3.5868 3.4321 3.2624 3.1601 3.0169 2.7940 2.6086 2.4720 2.3323 2.1633 1.9760 1.8089 1.6602 1.5299 1.4190 1.3054 1.1936 1.0756 0.9720 0.8794 0.7923 0.7143 0.6420 0.5824 0.5251 0.4727 0.4277 0.3847 0.3475 0.3122 0.2778 0.2491 0.2233 0.1991 0.1781 0.1605 0.1440 0.1282 0.1139 0.1014 0.0905 0.0815 0.0730 0.0652 0.0584
4.1139 4.0318 4.0285 3.8784 3.8210 3.7272 3.5384 3.4247 3.3176 3.1234 2.8992 2.7451 2.6104 2.4428 2.2504 2.0611 1.9046 1.7627 1.6287 1.5057 1.3782 1.2562 1.1317 1.0253 0.9313 0.8426 0.7624 0.6870 0.6240 0.5623 0.5067 0.4585 0.4122 0.3724 0.3345 0.2976 0.2666 0.2388 0.2131 0.1906 0.1716 0.1541 0.1374 0.1223 0.1090 0.0973 0.0875 0.0783 0.0700 0.0628
4.1833 4.2141 4.1115 4.0202 3.9961 3.8184 3.6782 3.6020 3.4367 3.2185 3.0317 2.8961 2.7343 2.5350 2.3359 2.1590 2.0147 1.8721 1.7264 1.5879 1.4472 1.3181 1.1903 1.0831 0.9887 0.8981 0.8149 0.7354 0.6681 0.6013 0.5419 0.4905 0.4407 0.3981 0.3576 0.3182 0.2849 0.2551 0.2279 0.2038 0.1833 0.1648 0.1472 0.1314 0.1171 0.1045 0.0940 0.0841 0.0751 0.0674
4.3387 4.3241 4.1810 4.2184 4.0880 3.9172 3.8666 3.7406 3.5198 3.3387 3.1911 3.0355 2.8329 2.6199 2.4343 2.2738 2.1331 1.9799 1.8182 1.6649 1.5151 1.3829 1.2545 1.1474 1.0520 0.9585 0.8710 0.7863 0.7138 0.6414 0.5781 0.5233 0.4700 0.4247 0.3818 0.3398 0.3042 0.2722 0.2435 0.2179 0.1959 0.1762 0.1576 0.1410 0.1258 0.1123 0.1009 0.0903 0.0806 0.0724
4.5165 4.3227 4.3939 4.3299 4.1369 4.1060 4.0325 3.8154 3.6231 3.5049 3.3495 3.1468 2.9225 2.7231 2.5584 2.4037 2.2528 2.0822 1.9057 1.7437 1.5902 1.4579 1.3288 1.2202 1.1218 1.0236 0.9307 0.8400 0.7622 0.6845 0.6169 0.5584 0.5016 0.4535 0.4080 0.3635 0.3258 0.2918 0.2614 0.2341 0.2105 0.1895 0.1697 0.1520 0.1358 0.1213 0.1089 0.0974 0.0871 0.0782
4.4523 4.5543 4.5429 4.3323 4.3265 4.3014 4.0948 3.9003 3.7989 3.6848 3.4732 3.2412 3.0347 2.8629 2.7077 2.5407 2.3695 2.1818 1.9960 1.8328 1.6807 1.5484 1.4157 1.3017 1.1973 1.0929 0.9942 0.8972 0.8146 0.7331 0.6604 0.5978 0.5374 0.4862 0.4378 0.3908 0.3512 0.3156 0.2830 0.2539 0.2288 0.2060 0.1844 0.1648 0.1476 0.1322 0.1186 0.1062 0.0949 0.0853
4.7036 4.7125 4.4827 4.5336 4.5472 4.3351 4.1471 4.0841 3.9987 3.8101 3.5565 3.3455 3.1794 3.0234 2.8573 2.6673 2.4778 2.2806 2.0925 1.9321 1.7817 1.6475 1.5084 1.3866 1.2747 1.1634 1.0589 0.9556 0.8687 0.7840 0.7064 0.6396 0.5757 0.5213 0.4700 0.4203 0.3789 0.3416 0.3066 0.2755 0.2489 0.2241 0.2004 0.1788 0.1605 0.1440 0.1292 0.1157 0.1035 0.0930
4.8220 4.5883 4.7260 4.7716 4.5320 4.3641 4.3486 4.3039 4.1200 3.8762 3.6519 3.4935 3.3527 3.1855 2.9943 2.7836 2.5850 2.3867 2.2003 2.0427 1.8914 1.7521 1.6040 1.4729 1.3529 1.2348 1.1252 1.0161 0.9255 0.8381 0.7557 0.6846 0.6171 0.5595 0.5050 0.4525 0.4091 0.3700 0.3324 0.2992 0.2709 0.2439 0.2179 0.1940 0.1745 0.1569 0.1407 0.1261 0.1129 0.1014
4.7020 4.9493 4.9561 4.7097 4.6009 4.6443 4.6048 4.4243 4.1901 3.9972 3.8321 3.6936 3.5336 3.3374 3.1262 2.9094 2.7130 2.5183 2.3326 2.1716 2.0136 1.8671 1.7106 1.5722 1.4453 1.3211 1.2062 1.0909 0.9944 0.9001 0.8142 0.7403 0.6692 0.6078 0.5496 0.4939 0.4472 0.4049 0.3634 0.3269 0.2960 0.2669 0.2392 0.2141 0.1929 0.1737 0.1559 0.1397 0.1251 0.1124
5.1842 5.0498 4.8250 4.8613 4.9573 4.8858 4.6759 4.4732 4.3313 4.2212 4.0636 3.8896 3.6885 3.4712 3.2572 3.0476 2.8584 2.6660 2.4770 2.3083 2.1406 1.9863 1.8220 1.6775 1.5448 1.4151 1.2954 1.1740 1.0709 0.9684 0.8792 0.8025 0.7274 0.6620 0.5996 0.5402 0.4898 0.4437 0.3977 0.3575 0.3235 0.2923 0.2629 0.2367 0.2138 0.1927 0.1730 0.1551 0.1389 0.1249
5.0316 4.9668 5.1585 5.2497 5.1041 4.8834 4.7356 4.6686 4.6049 4.4855 4.2655 4.0406 3.8171 3.6038 3.4031 3.2058 3.0213 2.8263 2.6296 2.4504 2.2721 2.1104 1.9395 1.7901 1.6522 1.5175 1.3929 1.2651 1.1548 1.0430 0.9502 0.8706 0.7911 0.7211 0.6542 0.5908 0.5364 0.4860 0.4351 0.3907 0.3534 0.3200 0.2888 0.2615 0.2368 0.2137 0.1919 0.1721 0.1542 0.1388
5.2983 5.5021 5.4382 5.2337 5.0827 5.0446 5.0440 4.9944 4.8628 4.6647 4.4002 4.1678 3.9568 3.7622 3.5761 3.3860 3.1982 2.9948 2.7887 2.6013 2.4149 2.2454 2.0673 1.9123 1.7693 1.6291 1.4994 1.3664 1.2512 1.1331 1.0341 0.9490 0.8640 0.7888 0.7167 0.6491 0.5906 0.5362 0.4810 0.4330 0.3926 0.3560 0.3219 0.2923 0.2651 0.2396 0.2155 0.1935 0.1736 0.1564
5.7121 5.4984 5.3644 5.3779 5.4370 5.4502 5.3686 5.2018 4.9910 4.7708 4.5340 4.3338 4.1450 3.9600 3.7756 3.5830 3.3842 3.1692 2.9543 2.7623 2.5708 2.3929 2.2065 2.0449 1.8961 1.7499 1.6144 1.4777 1.3599 1.2387 1.1311 1.0381 0.9465 0.8653 0.7877 0.7155 0.6530 0.5947 0.5364 0.4853 0.4422 0.4015 0.3632 0.3297 0.2994 0.2712 0.2443 0.2199 0.1977 0.1785
5.6338 5.7320 5.8351 5.8573 5.7751 5.6413 5.4792 5.3011 5.1214 4.9431 4.7491 4.5678 4.3783 4.1830 3.9876 3.7866 3.5747 3.3484 3.1264 2.9316 2.7362 2.5500 2.3550 2.1863 2.0314 1.8788 1.7371 1.5966 1.4766 1.3527 1.2357 1.1343 1.0356 0.9482 0.8646 0.7879 0.7213 0.6591 0.5977 0.5435 0.4977 0.4525 0.4097 0.3717 0.3381 0.3068 0.2770 0.2498 0.2251 0.2036
6.3085 6.2703 6.1354 5.9808 5.8407 5.7417 5.6511 5.5328 5.3887 5.2201 5.0268 4.8302 4.6183 4.4000 4.1858 3.9699 3.7494 3.5167 3.2905 3.0945 2.8965 2.7039 2.5009 2.3250 2.1644 2.0068 1.8608 1.7174 1.5951 1.4679 1.3431 1.2348 1.1303 1.0380 0.9494 0.8675 0.7963 0.7297 0.6650 0.6076 0.5589 0.5095 0.4620 0.4194 0.3823 0.3478 0.3150 0.2848 0.2574 0.2333
6.4750 6.3666 6.2897 6.2375 6.1852 6.1189 6.0164 5.8584 5.6842 5.4924 5.2819 5.0657 4.8340 4.5919 4.3515 4.1057 3.8841 3.6520 3.4249 3.2287 3.0296 2.8356 2.6263 2.4436 2.2788 2.1202 1.9759 1.8308 1.7054 1.5722 1.4450 1.3351 1.2286 1.1357 1.0452 0.9566 0.8795 0.8073 0.7385 0.6771 0.6248 0.5727 0.5215 0.4744 0.4341 0.3967 0.3611 0.3280 0.2975 0.2706
6.9481 6.9056 6.8448 6.7617 6.6507 6.5011 6.3181 6.0940 5.8930 5.6948 5.4876 5.2697 5.0318 4.7748 4.5135 4.2398 4.0190 3.7883 3.5608 3.3648 3.1651 2.9699 2.7543 2.5647 2.3958 2.2371 2.0957 1.9495 1.8216 1.6822 1.5531 1.4424 1.3345 1.2419 1.1499 1.0543 0.9708 0.8926 0.8195 0.7541 0.6981 0.6434 0.5883 0.5363 0.4927 0.4524 0.4139 0.3775 0.3437 0.3138
7.4360 7.3021 7.1784 7.0489 6.9031 6.7154 6.4994 6.2499 6.0502 5.8640 5.6721 5.4592 5.2182 4.9472 4.6650 4.3637 4.1430 3.9137 3.6863 3.4908 3.2906 3.0948 2.8730 2.6765 2.5038 2.3456 2.2080 2.0615 1.9321 1.7880 1.6575 1.5464 1.4378 1.3460 1.2533 1.1507 1.0613 0.9773 0.9004 0.8311 0.7716 0.7145 0.6560 0.5992 0.5524 0.5092 0.4682 0.4287 0.3917 0.3587
7.4104 7.2928 7.1854 7.0632 6.9117 6.7255 6.5120 6.2650 6.0585 5.8631 5.6698 5.4572 5.2174 4.9394 4.6556 4.3581 4.1342 3.9042 3.6817 3.4881 3.2889 3.0934 2.8669 2.6640 2.4873 2.3294 2.1950 2.0493 1.9245 1.7897 1.6579 1.5450 1.4365 1.3433 1.2490 1.1465 1.0585 0.9764 0.9000 0.8300 0.7690 0.7120 0.6540 0.5984 0.5511 0.5078 0.4680 0.4289 0.3920 0.3590
