0.0000 0.0000 0.0000 0.0000 0.0000 0.0000 0.0000 0.0000 0.0000 0.0000 0.0000 0.0000 0.0000 0.0000 0.0000 0.0000 0.0000 0.0008 0.0003 0.0005 0.0036 0.0065 0.0058 0.0025 0.0012 0.0045 0.0107 0.0162 0.0183 0.0164 0.0118 0.0066 0.0026 0.0005 0.0004 0.0020 0.0045 0.0074 0.0101 0.0123 0.0138 0.0147 0.0149 0.0146 0.0139 0.0129 0.0117 0.0105 0.0093 0.0081
0.0000 0.0000 0.0000 0.0000 0.0000 0.0000 0.0000 0.0000 0.0000 0.0000 0.0000 0.0000 0.0000 0.0000 0.0000 0.0000 0.0000 0.0023 0.0008 0.0015 0.0110 0.0197 0.0174 0.0074 0.0037 0.0137 0.0325 0.0490 0.0550 0.0492 0.0353 0.0198 0.0076 0.0014 0.0013 0.0060 0.0137 0.0223 0.0303 0.0369 0.0416 0.0441 0.0448 0.0439 0.0417 0.0386 0.0351 0.0315 0.0278 0.0242
0.0000 0.0000 0.0000 0.0000 0.0000 0.0000 0.0000 0.0000 0.0000 0.0000 0.0000 0.0000 0.0000 0.0000 0.0000 0.0000 0.0000 0.0036 0.0010 0.0029 0.0191 0.0335 0.0290 0.0124 0.0066 0.0238 0.0551 0.0823 0.0918 0.0816 0.0583 0.0324 0.0124 0.0022 0.0022 0.0103 0.0232 0.0375 0.0508 0.0617 0.0694 0.0735 0.0746 0.0731 0.0694 0.0642 0.0583 0.0523 0.0462 0.0402
0.0000 0.0000 0.0000 0.0000 0.0000 0.0000 0.0000 0.0000 0.0000 0.0000 0.0000 0.0000 0.0000 0.0000 0.0000 0.0000 0.0000 0.0045 0.0009 0.0050 0.0286 0.0481 0.0409 0.0176 0.0103 0.0354 0.0793 0.1166 0.1287 0.1135 0.0804 0.0443 0.0166 0.0028 0.0033 0.0149 0.0331 0.0531 0.0716 0.0868 0.0974 0.1030 0.1044 0.1022 0.0969 0.0896 0.0814 0.0729 0.0643 0.0560
0.0000 0.0000 0.0000 0.0000 0.0000 0.0000 0.0000 0.0000 0.0000 0.0000 0.0000 0.0000 0.0000 0.0000 0.0000 0.0000 0.0000 0.0049 0.0006 0.0084 0.0402 0.0642 0.0531 0.0230 0.0152 0.0488 0.1053 0.1518 0.1655 0.1444 0.1012 0.0549 0.0200 0.0032 0.0046 0.0201 0.0437 0.0694 0.0930 0.1123 0.1256 0.1325 0.1341 0.1311 0.1242 0.1147 0.1041 0.0932 0.0822 0.0715
0.0000 0.0000 0.0000 0.0000 0.0000 0.0000 0.0000 0.0000 0.0000 0.0000 0.0000 0.0000 0.0000 0.0000 0.0000 0.0000 0.0000 0.0047 0.0004 0.0137 0.0546 0.0822 0.0660 0.0289 0.0214 0.0644 0.1332 0.1877 0.2016 0.1736 0.1200 0.0639 0.0225 0.0034 0.0063 0.0259 0.0551 0.0864 0.1150 0.1381 0.1540 0.1621 0.1636 0.1597 0.1511 0.1395 0.1264 0.1131 0.0997 0.0867
0.0000 0.0000 0.0000 0.0000 0.0000 0.0000 0.0000 0.0000 0.0000 0.0000 0.0000 0.0000 0.0000 0.0000 0.0000 0.0000 0.0000 0.0041 0.0008 0.0222 0.0729 0.1027 0.0797 0.0354 0.0291 0.0820 0.1624 0.2236 0.2360 0.2003 0.1362 0.0708 0.0237 0.0032 0.0083 0.0326 0.0675 0.1044 0.1378 0.1646 0.1826 0.1916 0.1929 0.1880 0.1775 0.1636 0.1481 0.1324 0.1166 0.1014
0.0000 0.0000 0.0000 0.0000 0.0000 0.0000 0.0000 0.0000 0.0000 0.0000 0.0000 0.0000 0.0000 0.0000 0.0000 0.0000 0.0000 0.0034 0.0028 0.0348 0.0957 0.1257 0.0940 0.0422 0.0379 0.1009 0.1920 0.2580 0.2674 0.2230 0.1486 0.0749 0.0234 0.0027 0.0109 0.0404 0.0811 0.1236 0.1616 0.1916 0.2115 0.2211 0.2220 0.2158 0.2034 0.1872 0.1693 0.1511 0.1330 0.1156
0.0000 0.0000 0.0000 0.0000 0.0000 0.0000 0.0000 0.0000 0.0000 0.0000 0.0000 0.0000 0.0000 0.0000 0.0000 0.0000 0.0000 0.0030 0.0075 0.0526 0.1231 0.1506 0.1081 0.0485 0.0469 0.1200 0.2203 0.2889 0.2936 0.2401 0.1561 0.0756 0.0215 0.0020 0.0144 0.0497 0.0964 0.1443 0.1864 0.2193 0.2408 0.2506 0.2507 0.2431 0.2287 0.2101 0.1897 0.1692 0.1487 0.1291
0.0000 0.0000 0.0000 0.0000 0.0000 0.0000 0.0000 0.0000 0.0000 0.0000 0.0000 0.0000 0.0000 0.0000 0.0000 0.0000 0.0000 0.0037 0.0160 0.0758 0.1538 0.1753 0.1199 0.0528 0.0547 0.1373 0.2449 0.3139 0.3125 0.2498 0.1577 0.0725 0.0178 0.0014 0.0192 0.0609 0.1139 0.1669 0.2127 0.2480 0.2705 0.2802 0.2792 0.2699 0.2533 0.2322 0.2093 0.1864 0.1637 0.1420
0.0000 0.0000 0.0000 0.0000 0.0000 0.0000 0.0000 0.0000 0.0000 0.0000 0.0000 0.0000 0.0000 0.0000 0.0000 0.0000 0.0000 0.0064 0.0290 0.1030 0.1845 0.1957 0.1260 0.0527 0.0596 0.1514 0.2642 0.3311 0.3223 0.2510 0.1526 0.0653 0.0128 0.0016 0.0263 0.0751 0.1344 0.1922 0.2414 0.2785 0.3015 0.3105 0.3081 0.2967 0.2776 0.2539 0.2285 0.2032 0.1782 0.1544
0.0000 0.0000 0.0000 0.0000 0.0000 0.0000 0.0000 0.0000 0.0000 0.0000 0.0000 0.0000 0.0000 0.0000 0.0000 0.0000 0.0000 0.0116 0.0457 0.1306 0.2092 0.2059 0.1219 0.0459 0.0608 0.1621 0.2780 0.3404 0.3228 0.2436 0.1412 0.0549 0.0074 0.0038 0.0368 0.0935 0.1592 0.2215 0.2734 0.3117 0.3344 0.3423 0.3379 0.3240 0.3021 0.2755 0.2474 0.2197 0.1924 0.1665
0.0000 0.0000 0.0000 0.0000 0.0000 0.0000 0.0000 0.0000 0.0000 0.0000 0.0000 0.0000 0.0000 0.0000 0.0000 0.0000 0.0000 0.0193 0.0632 0.1515 0.2190 0.1976 0.1029 0.0313 0.0600 0.1722 0.2892 0.3443 0.3166 0.2298 0.1256 0.0431 0.0034 0.0094 0.0521 0.1170 0.1889 0.2552 0.3090 0.3476 0.3693 0.3752 0.3683 0.3515 0.3264 0.2968 0.2659 0.2356 0.2060 0.1780
0.0000 0.0000 0.0000 0.0000 0.0000 0.0000 0.0000 0.0000 0.0000 0.0000 0.0000 0.0000 0.0000 0.0000 0.0000 0.0000 0.0000 0.0281 0.0759 0.1562 0.2043 0.1651 0.0684 0.0138 0.0655 0.1914 0.3076 0.3515 0.3108 0.2155 0.1103 0.0333 0.0030 0.0200 0.0730 0.1464 0.2240 0.2934 0.3482 0.3862 0.4061 0.4094 0.3993 0.3792 0.3505 0.3175 0.2839 0.2510 0.2190 0.1889
0.0000 0.0000 0.0000 0.0000 0.0000 0.0000 0.0000 0.0000 0.0000 0.0000 0.0000 0.0000 0.0000 0.0000 0.0000 0.0000 0.0000 0.0348 0.0760 0.1365 0.1614 0.1107 0.0276 0.0074 0.0941 0.2371 0.3493 0.3764 0.3171 0.2096 0.1013 0.0289 0.0079 0.0357 0.0989 0.1801 0.2628 0.3344 0.3895 0.4261 0.4435 0.4436 0.4300 0.4062 0.3737 0.3374 0.3009 0.2655 0.2312 0.1991
0.0000 0.0000 0.0000 0.0000 0.0000 0.0000 0.0000 0.0000 0.0000 0.0000 0.0000 0.0000 0.0000 0.0000 0.0000 0.0000 0.0000 0.0350 0.0583 0.0939 0.1019 0.0549 0.0054 0.0374 0.1684 0.3284 0.4300 0.4313 0.3450 0.2183 0.1019 0.0306 0.0166 0.0536 0.1256 0.2137 0.3007 0.3740 0.4288 0.4638 0.4784 0.4754 0.4584 0.4310 0.3949 0.3553 0.3162 0.2784 0.2421 0.2082
0.0000 0.0000 0.0000 0.0000 0.0000 0.0000 0.0000 0.0000 0.0000 0.0000 0.0000 0.0000 0.0000 0.0000 0.0000 0.0000 0.0000 0.0253 0.0274 0.0534 0.0676 0.0446 0.0411 0.1276 0.2958 0.4607 0.5392 0.5043 0.3832 0.2321 0.1038 0.0311 0.0221 0.0669 0.1466 0.2408 0.3316 0.4065 0.4614 0.4951 0.5074 0.5018 0.4818 0.4514 0.4122 0.3699 0.3287 0.2890 0.2509 0.2155
0.0000 0.0000 0.0000 0.0000 0.0000 0.0000 0.0000 0.0000 0.0000 0.0000 0.0000 0.0000 0.0000 0.0000 0.0000 0.0000 0.0000 0.0083 0.0118 0.0795 0.1371 0.1428 0.1567 0.2480 0.4028 0.5371 0.5776 0.5080 0.3638 0.2035 0.0776 0.0147 0.0184 0.0754 0.1650 0.2660 0.3605 0.4366 0.4909 0.5229 0.5328 0.5245 0.5018 0.4684 0.4265 0.3818 0.3388 0.2975 0.2580 0.2214
0.0000 0.0000 0.0000 0.0000 0.0000 0.0000 0.0000 0.0000 0.0000 0.0000 0.0000 0.0000 0.0000 0.0000 0.0000 0.0000 0.0000 0.0033 0.0709 0.2386 0.3152 0.2458 0.1276 0.0811 0.1356 0.2259 0.2746 0.2512 0.1745 0.0877 0.0299 0.0222 0.0656 0.1475 0.2498 0.3540 0.4450 0.5134 0.5585 0.5809 0.5817 0.5649 0.5347 0.4950 0.4480 0.3991 0.3526 0.3085 0.2668 0.2284
0.0000 0.0000 0.0000 0.0000 0.0000 0.0000 0.0000 0.0000 0.0000 0.0000 0.0000 0.0000 0.0000 0.0000 0.0000 0.0000 0.0000 0.0072 0.1039 0.2684 0.3012 0.2013 0.0921 0.0785 0.1591 0.2527 0.2873 0.2465 0.1601 0.0748 0.0277 0.0353 0.0939 0.1881 0.2983 0.4059 0.4964 0.5616 0.6017 0.6188 0.6142 0.5922 0.5571 0.5132 0.4628 0.4112 0.3623 0.3162 0.2730 0.2333
0.0000 0.0000 0.0000 0.0000 0.0000 0.0000 0.0000 0.0000 0.0000 0.0000 0.0000 0.0000 0.0000 0.0000 0.0000 0.0000 0.0000 0.0168 0.1389 0.2843 0.2693 0.1502 0.0636 0.0886 0.1918 0.2818 0.2974 0.2383 0.1442 0.0638 0.0305 0.0552 0.1295 0.2353 0.3521 0.4617 0.5502 0.6107 0.6448 0.6557 0.6451 0.6175 0.5774 0.5292 0.4757 0.4214 0.3702 0.3225 0.2778 0.2370
0.0000 0.0000 0.0000 0.0000 0.0000 0.0000 0.0000 0.0000 0.0000 0.0000 0.0000 0.0000 0.0000 0.0000 0.0000 0.0000 0.0000 0.0316 0.1704 0.2813 0.2213 0.0988 0.0482 0.1140 0.2331 0.3114 0.3037 0.2265 0.1279 0.0562 0.0397 0.0828 0.1728 0.2892 0.4111 0.5208 0.6057 0.6601 0.6870 0.6909 0.6740 0.6404 0.5952 0.5428 0.4863 0.4296 0.3764 0.3271 0.2813 0.2396
0.0000 0.0000 0.0000 0.0000 0.0000 0.0000 0.0000 0.0000 0.0000 0.0000 0.0000 0.0000 0.0000 0.0000 0.0000 0.0000 0.0000 0.0500 0.1921 0.2570 0.1624 0.0553 0.0515 0.1556 0.2810 0.3390 0.3047 0.2111 0.1123 0.0535 0.0565 0.1192 0.2241 0.3496 0.4748 0.5826 0.6621 0.7089 0.7276 0.7238 0.7003 0.6605 0.6103 0.5537 0.4944 0.4357 0.3805 0.3299 0.2832 0.2408
0.0000 0.0000 0.0000 0.0000 0.0000 0.0000 0.0000 0.0000 0.0000 0.0000 0.0000 0.0000 0.0000 0.0000 0.0000 0.0000 0.0000 0.0686 0.1981 0.2123 0.1008 0.0287 0.0777 0.2124 0.3317 0.3612 0.2991 0.1928 0.0989 0.0575 0.0825 0.1649 0.2838 0.4164 0.5425 0.6464 0.7188 0.7570 0.7668 0.7549 0.7241 0.6783 0.6231 0.5625 0.5004 0.4396 0.3829 0.3312 0.2837 0.2408
0.0000 0.0000 0.0000 0.0000 0.0000 0.0000 0.0000 0.0000 0.0000 0.0000 0.0000 0.0000 0.0000 0.0000 0.0000 0.0000 0.0000 0.0830 0.1847 0.1529 0.0479 0.0271 0.1279 0.2803 0.3800 0.3747 0.2860 0.1725 0.0896 0.0700 0.1187 0.2206 0.3517 0.4889 0.6133 0.7111 0.7748 0.8035 0.8039 0.7835 0.7452 0.6935 0.6335 0.5690 0.5041 0.4412 0.3833 0.3307 0.2828 0.2396
0.0000 0.0000 0.0000 0.0000 0.0000 0.0000 0.0000 0.0000 0.0000 0.0000 0.0000 0.0000 0.0000 0.0000 0.0000 0.0000 0.0000 0.0890 0.1522 0.0893 0.0156 0.0559 0.1998 0.3527 0.4198 0.3763 0.2653 0.1519 0.0867 0.0927 0.1661 0.2863 0.4270 0.5660 0.6859 0.7753 0.8288 0.8468 0.8373 0.8081 0.7622 0.7048 0.6403 0.5723 0.5048 0.4404 0.3815 0.3284 0.2802 0.2370
0.0000 0.0000 0.0000 0.0000 0.0000 0.0000 0.0000 0.0000 0.0000 0.0000 0.0000 0.0000 0.0000 0.0000 0.0000 0.0000 0.0000 0.0839 0.1058 0.0353 0.0143 0.1160 0.2865 0.4207 0.4448 0.3637 0.2381 0.1336 0.0927 0.1274 0.2255 0.3617 0.5089 0.6463 0.7589 0.8377 0.8793 0.8859 0.8660 0.8279 0.7746 0.7118 0.6432 0.5721 0.5026 0.4369 0.3775 0.3242 0.2760 0.2331
0.0000 0.0000 0.0000 0.0000 0.0000 0.0000 0.0000 0.0000 0.0000 0.0000 0.0000 0.0000 0.0000 0.0000 0.0000 0.0000 0.0000 0.0675 0.0560 0.0057 0.0502 0.2023 0.3768 0.4741 0.4494 0.3364 0.2067 0.1210 0.1104 0.1756 0.2971 0.4462 0.5961 0.7283 0.8305 0.8966 0.9252 0.9196 0.8892 0.8423 0.7819 0.7142 0.6419 0.5682 0.4972 0.4308 0.3712 0.3181 0.2703 0.2279
0.0000 0.0000 0.0000 0.0000 0.0000 0.0000 0.0000 0.0000 0.0000 0.0000 0.0000 0.0000 0.0000 0.0000 0.0000 0.0000 0.0000 0.0436 0.0164 0.0120 0.1222 0.3037 0.4574 0.5033 0.4306 0.2966 0.1758 0.1187 0.1431 0.2392 0.3812 0.5386 0.6868 0.8103 0.8998 0.9517 0.9660 0.9474 0.9056 0.8498 0.7827 0.7100 0.6348 0.5598 0.4883 0.4221 0.3630 0.3105 0.2634 0.2217
0.0000 0.0000 0.0000 0.0000 0.0000 0.0000 0.0000 0.0000 0.0000 0.0000 0.0000 0.0000 0.0000 0.0000 0.0000 0.0000 0.0000 0.0192 0.0006 0.0590 0.2208 0.4033 0.5131 0.5008 0.3886 0.2487 0.1507 0.1309 0.1933 0.3186 0.4766 0.6371 0.7788 0.8899 0.9640 1.0003 0.9996 0.9680 0.9151 0.8508 0.7777 0.7008 0.6233 0.5477 0.4764 0.4108 0.3526 0.3010 0.2549 0.2143
0.0000 0.0000 0.0000 0.0000 0.0000 0.0000 0.0000 0.0000 0.0000 0.0000 0.0000 0.0000 0.0000 0.0000 0.0000 0.0000 0.0000 0.0029 0.0176 0.1415 0.3284 0.4821 0.5319 0.4641 0.3279 0.2004 0.1385 0.1624 0.2629 0.4138 0.5818 0.7392 0.8697 0.9648 1.0213 1.0408 1.0248 0.9803 0.9169 0.8449 0.7666 0.6864 0.6074 0.5318 0.4613 0.3969 0.3401 0.2898 0.2450 0.2057
0.0000 0.0000 0.0000 0.0000 0.0000 0.0000 0.0000 0.0000 0.0000 0.0000 0.0000 0.0000 0.0000 0.0000 0.0000 0.0000 0.0000 0.0021 0.0676 0.2435 0.4223 0.5221 0.5071 0.3972 0.2583 0.1617 0.1470 0.2175 0.3532 0.5234 0.6942 0.8422 0.9567 1.0325 1.0697 1.0716 1.0405 0.9837 0.9107 0.8321 0.7496 0.6670 0.5873 0.5125 0.4433 0.3806 0.3256 0.2769 0.2337 0.1960
0.0000 0.0000 0.0000 0.0000 0.0000 0.0000 0.0000 0.0000 0.0000 0.0000 0.0000 0.0000 0.0000 0.0000 0.0000 0.0000 0.0000 0.0198 0.1406 0.3414 0.4804 0.5129 0.4415 0.3119 0.1941 0.1446 0.1837 0.2996 0.4639 0.6446 0.8113 0.9448 1.0389 1.0928 1.1090 1.0923 1.0463 0.9783 0.8983 0.8149 0.7296 0.6458 0.5660 0.4917 0.4239 0.3630 0.3097 0.2629 0.2216 0.1856
0.0000 0.0000 0.0000 0.0000 0.0000 0.0000 0.0000 0.0000 0.0000 0.0000 0.0000 0.0000 0.0000 0.0000 0.0000 0.0000 0.0000 0.0525 0.2172 0.4085 0.4853 0.4524 0.3456 0.2240 0.1499 0.1596 0.2539 0.4090 0.5923 0.7734 0.9277 1.0409 1.1108 1.1408 1.1354 1.1006 1.0407 0.9629 0.8772 0.7904 0.7035 0.6195 0.5405 0.4675 0.4018 0.3431 0.2921 0.2475 0.2083 0.1743
0.0000 0.0000 0.0000 0.0000 0.0000 0.0000 0.0000 0.0000 0.0000 0.0000 0.0000 0.0000 0.0000 0.0000 0.0000 0.0000 0.0000 0.0901 0.2738 0.4238 0.4326 0.3524 0.2400 0.1547 0.1419 0.2156 0.3599 0.5434 0.7334 0.9039 1.0380 1.1259 1.1687 1.1738 1.1471 1.0954 1.0231 0.9372 0.8474 0.7587 0.6714 0.5883 0.5111 0.4402 0.3772 0.3213 0.2729 0.2309 0.1941 0.1621
0.0000 0.0000 0.0000 0.0000 0.0000 0.0000 0.0000 0.0000 0.0000 0.0000 0.0000 0.0000 0.0000 0.0000 0.0000 0.0000 0.0000 0.1196 0.2907 0.3801 0.3342 0.2373 0.1517 0.1260 0.1837 0.3175 0.5000 0.6976 0.8813 1.0313 1.1383 1.1966 1.2109 1.1912 1.1444 1.0776 0.9950 0.9028 0.8103 0.7209 0.6345 0.5534 0.4787 0.4108 0.3509 0.2981 0.2526 0.2134 0.1791 0.1495
0.0000 0.0000 0.0000 0.0000 0.0000 0.0000 0.0000 0.0000 0.0000 0.0000 0.0000 0.0000 0.0000 0.0000 0.0000 0.0000 0.0000 0.1291 0.2603 0.2884 0.2165 0.1384 0.1080 0.1555 0.2820 0.4634 0.6673 0.8633 1.0285 1.1504 1.2241 1.2498 1.2358 1.1925 1.1276 1.0480 0.9574 0.8612 0.7671 0.6783 0.5939 0.5155 0.4442 0.3801 0.3235 0.2740 0.2317 0.1954 0.1638 0.1366
0.0000 0.0000 0.0000 0.0000 0.0000 0.0000 0.0000 0.0000 0.0000 0.0000 0.0000 0.0000 0.0000 0.0000 0.0000 0.0000 0.0000 0.1138 0.1908 0.1765 0.1151 0.0874 0.1299 0.2514 0.4338 0.6430 0.8481 1.0259 1.1609 1.2477 1.2849 1.2775 1.2368 1.1724 1.0923 1.0029 0.9072 0.8093 0.7159 0.6292 0.5482 0.4738 0.4068 0.3470 0.2943 0.2485 0.2099 0.1767 0.1480 0.1232
0.0000 0.0000 0.0000 0.0000 0.0000 0.0000 0.0000 0.0000 0.0000 0.0000 0.0000 0.0000 0.0000 0.0000 0.0000 0.0000 0.0000 0.0789 0.1074 0.0834 0.0662 0.1088 0.2265 0.4092 0.6255 0.8387 1.0245 1.1699 1.2660 1.3138 1.3139 1.2755 1.2113 1.1297 1.0382 0.9426 0.8448 0.7479 0.6572 0.5744 0.4982 0.4288 0.3668 0.3121 0.2638 0.2221 0.1873 0.1575 0.1317 0.1095
0.0000 0.0000 0.0000 0.0000 0.0000 0.0000 0.0000 0.0000 0.0000 0.0000 0.0000 0.0000 0.0000 0.0000 0.0000 0.0000 0.0000 0.0393 0.0437 0.0468 0.0952 0.2110 0.3915 0.6128 0.8368 1.0313 1.1816 1.2840 1.3360 1.3430 1.3094 1.2449 1.1617 1.0682 0.9701 0.8720 0.7749 0.6813 0.5947 0.5168 0.4457 0.3822 0.3261 0.2767 0.2334 0.1962 0.1651 0.1386 0.1158 0.0962
0.0000 0.0000 0.0000 0.0000 0.0000 0.0000 0.0000 0.0000 0.0000 0.0000 0.0000 0.0000 0.0000 0.0000 0.0000 0.0000 0.0000 0.0131 0.0285 0.0883 0.2056 0.3803 0.5988 0.8299 1.0352 1.1913 1.2943 1.3489 1.3568 1.3265 1.2649 1.1806 1.0846 0.9846 0.8848 0.7881 0.6951 0.6072 0.5268 0.4552 0.3906 0.3338 0.2840 0.2404 0.2025 0.1699 0.1428 0.1197 0.0998 0.0829
0.0000 0.0000 0.0000 0.0000 0.0000 0.0000 0.0000 0.0000 0.0000 0.0000 0.0000 0.0000 0.0000 0.0000 0.0000 0.0000 0.0000 0.0145 0.0750 0.2045 0.3756 0.5823 0.8080 1.0206 1.1859 1.2916 1.3433 1.3515 1.3208 1.2606 1.1789 1.0827 0.9809 0.8805 0.7838 0.6924 0.6066 0.5269 0.4545 0.3907 0.3336 0.2843 0.2413 0.2038 0.1714 0.1436 0.1205 0.1009 0.0840 0.0697
0.0000 0.0000 0.0000 0.0000 0.0000 0.0000 0.0000 0.0000 0.0000 0.0000 0.0000 0.0000 0.0000 0.0000 0.0000 0.0000 0.0000 0.0465 0.1725 0.3645 0.5620 0.7692 0.9735 1.1463 1.2610 1.3144 1.3190 1.2888 1.2293 1.1499 1.0577 0.9581 0.8581 0.7628 0.6734 0.5905 0.5139 0.4438 0.3809 0.3261 0.2776 0.2362 0.2001 0.1686 0.1415 0.1184 0.0992 0.0829 0.0690 0.0572
0.0000 0.0000 0.0000 0.0000 0.0000 0.0000 0.0000 0.0000 0.0000 0.0000 0.0000 0.0000 0.0000 0.0000 0.0000 0.0000 0.0000 0.0976 0.2873 0.5176 0.7106 0.8910 1.0536 1.1761 1.2402 1.2485 1.2171 1.1607 1.0851 0.9983 0.9056 0.8109 0.7195 0.6344 0.5561 0.4844 0.4190 0.3598 0.3073 0.2623 0.2231 0.1897 0.1605 0.1349 0.1130 0.0944 0.0789 0.0659 0.0548 0.0455
0.0000 0.0000 0.0000 0.0000 0.0000 0.0000 0.0000 0.0000 0.0000 0.0000 0.0000 0.0000 0.0000 0.0000 0.0000 0.0000 0.0000 0.1457 0.3744 0.6089 0.7721 0.9087 1.0216 1.0946 1.1170 1.0940 1.0417 0.9740 0.8957 0.8129 0.7289 0.6465 0.5692 0.4985 0.4343 0.3763 0.3237 0.2766 0.2352 0.2003 0.1703 0.1447 0.1223 0.1026 0.0858 0.0715 0.0597 0.0499 0.0415 0.0344
0.0000 0.0000 0.0000 0.0000 0.0000 0.0000 0.0000 0.0000 0.0000 0.0000 0.0000 0.0000 0.0000 0.0000 0.0000 0.0000 0.0000 0.1678 0.3953 0.6001 0.7198 0.8094 0.8765 0.9104 0.9055 0.8679 0.8114 0.7470 0.6779 0.6082 0.5406 0.4760 0.4165 0.3627 0.3145 0.2714 0.2326 0.1980 0.1678 0.1427 0.1213 0.1030 0.0870 0.0729 0.0608 0.0507 0.0423 0.0353 0.0293 0.0243
0.0000 0.0000 0.0000 0.0000 0.0000 0.0000 0.0000 0.0000 0.0000 0.0000 0.0000 0.0000 0.0000 0.0000 0.0000 0.0000 0.0000 0.1514 0.3363 0.4871 0.5623 0.6128 0.6460 0.6558 0.6392 0.6024 0.5557 0.5057 0.4543 0.4037 0.3568 0.3127 0.2723 0.2361 0.2040 0.1759 0.1505 0.1278 0.1082 0.0920 0.0782 0.0663 0.0559 0.0469 0.0391 0.0326 0.0272 0.0227 0.0188 0.0156
0.0000 0.0000 0.0000 0.0000 0.0000 0.0000 0.0000 0.0000 0.0000 0.0000 0.0000 0.0000 0.0000 0.0000 0.0000 0.0000 0.0000 0.1030 0.2201 0.3089 0.3474 0.3706 0.3835 0.3831 0.3679 0.3427 0.3130 0.2826 0.2520 0.2223 0.1958 0.1711 0.1485 0.1284 0.1107 0.0954 0.0815 0.0691 0.0585 0.0497 0.0424 0.0358 0.0302 0.0253 0.0212 0.0176 0.0147 0.0122 0.0102 0.0084
0.0000 0.0000 0.0000 0.0000 0.0000 0.0000 0.0000 0.0000 0.0000 0.0000 0.0000 0.0000 0.0000 0.0000 0.0000 0.0000 0.0000 0.0448 0.0935 0.1287 0.1424 0.1500 0.1534 0.1517 0.1443 0.1334 0.1211 0.1088 0.0965 0.0848 0.0745 0.0650 0.0563 0.0486 0.0418 0.0361 0.0308 0.0261 0.0221 0.0188 0.0160 0.0135 0.0114 0.0096 0.0080 0.0067 0.0056 0.0046 0.0039 0.0032
0.0000 0.0000 0.0000 0.0000 0.0000 0.0000 0.0000 0.0000 0.0000 0.0000 0.0000 0.0000 0.0000 0.0000 0.0000 0.0000 0.0000 0.0054 0.0112 0.0152 0.0167 0.0175 0.0178 0.0174 0.0165 0.0152 0.0138 0.0123 0.0109 0.0096 0.0084 0.0073 0.0063 0.0055 0.0047 0.0040 0.0035 0.0029 0.0025 0.0021 0.0018 0.0015 0.0013 0.0011 0.0009 0.0007 0.0006 0.0005 0.0004 0.0004
