0.2187 0.2176 0.2161 0.1854 0.1759 0.1647 0.1530 0.1450 0.1392 0.1515 0.1137 0.1069 0.1202 0.1222 0.1164 0.1046 0.0846 0.0620 0.0517 0.0587 0.0714 0.0774 0.0706 0.0563 0.0411 0.0296 0.0228 0.0197 0.0188 0.0183 0.0176 0.0164 0.0149 0.0132 0.0115 0.0099 0.0085 0.0073 0.0063 0.0054 0.0047 0.0041 0.0036 0.0032 0.0028 0.0025 0.0022 0.0020 0.0018 0.0016
0.6557 0.6505 0.6462 0.5565 0.5280 0.4936 0.4581 0.4340 0.4170 0.4535 0.3411 0.3206 0.3620 0.3686 0.3504 0.3146 0.2548 0.1867 0.1548 0.1744 0.2123 0.2311 0.2118 0.1699 0.1243 0.0895 0.0687 0.0591 0.0560 0.0545 0.0523 0.0490 0.0444 0.0396 0.0346 0.0299 0.0257 0.0221 0.0189 0.0163 0.0141 0.0123 0.0108 0.0096 0.0085 0.0076 0.0067 0.0060 0.0054 0.0048
1.0917 1.0774 1.0699 0.9283 0.8820 0.8208 0.7607 0.7201 0.6926 0.7523 0.5688 0.5345 0.6084 0.6211 0.5885 0.5269 0.4273 0.3134 0.2569 0.2852 0.3469 0.3807 0.3529 0.2862 0.2111 0.1521 0.1158 0.0983 0.0922 0.0895 0.0860 0.0809 0.0736 0.0658 0.0578 0.0500 0.0430 0.0370 0.0318 0.0274 0.0236 0.0206 0.0181 0.0161 0.0142 0.0126 0.0112 0.0100 0.0089 0.0080
1.5282 1.4977 1.4839 1.3001 1.2403 1.1458 1.0592 1.0025 0.9638 1.0472 0.7970 0.7489 0.8632 0.8837 0.8325 0.7424 0.6037 0.4438 0.3580 0.3882 0.4712 0.5234 0.4933 0.4068 0.3039 0.2196 0.1652 0.1376 0.1271 0.1226 0.1180 0.1114 0.1020 0.0917 0.0809 0.0703 0.0607 0.0523 0.0449 0.0387 0.0333 0.0290 0.0255 0.0226 0.0199 0.0177 0.0157 0.0140 0.0125 0.0112
1.9690 1.9157 1.8880 1.6693 1.6072 1.4693 1.3525 1.2819 1.2281 1.3390 1.0257 0.9647 1.1313 1.1602 1.0832 0.9610 0.7850 0.5803 0.4590 0.4814 0.5810 0.6553 0.6317 0.5329 0.4052 0.2945 0.2189 0.1779 0.1608 0.1533 0.1475 0.1401 0.1292 0.1170 0.1039 0.0908 0.0787 0.0679 0.0584 0.0503 0.0433 0.0377 0.0331 0.0292 0.0258 0.0228 0.0203 0.0180 0.0161 0.0144
2.4191 2.3390 2.2889 2.0313 1.9884 1.7942 1.6407 1.5599 1.4828 1.6310 1.2540 1.1839 1.4187 1.4534 1.3396 1.1809 0.9720 0.7259 0.5625 0.5641 0.6725 0.7723 0.7657 0.6649 0.5175 0.3802 0.2798 0.2211 0.1938 0.1817 0.1741 0.1661 0.1544 0.1411 0.1264 0.1112 0.0969 0.0840 0.0724 0.0624 0.0536 0.0467 0.0409 0.0361 0.0317 0.0281 0.0249 0.0221 0.0197 0.0176
2.8833 2.7749 2.7034 2.3829 2.3878 2.1271 1.9263 1.8389 1.7263 1.9287 1.4800 1.4103 1.7326 1.7640 1.5976 1.3985 1.1649 0.8849 0.6734 0.6380 0.7433 0.8696 0.8917 0.8019 0.6428 0.4800 0.3514 0.2700 0.2282 0.2083 0.1977 0.1889 0.1769 0.1633 0.1477 0.1311 0.1150 0.1002 0.0867 0.0748 0.0644 0.0561 0.0491 0.0432 0.0379 0.0335 0.0296 0.0263 0.0234 0.0208
3.3623 3.2226 3.1562 2.7301 2.8017 2.4815 2.2142 2.1201 1.9606 2.2382 1.7000 1.6512 2.0800 2.0890 1.8497 1.6082 1.3637 1.0632 0.8000 0.7084 0.7930 0.9427 1.0044 0.9410 0.7817 0.5976 0.4385 0.3291 0.2671 0.2351 0.2188 0.2083 0.1961 0.1828 0.1671 0.1498 0.1326 0.1163 0.1011 0.0876 0.0755 0.0657 0.0575 0.0505 0.0443 0.0390 0.0345 0.0305 0.0271 0.0241
3.8455 3.6704 3.6641 3.1008 3.2112 2.8808 2.5100 2.4025 2.1935 2.5623 1.9090 1.9174 2.4653 2.4192 2.0840 1.8030 1.5685 1.2684 0.9541 0.7858 0.8254 0.9881 1.0968 1.0763 0.9321 0.7348 0.5456 0.4037 0.3153 0.2653 0.2392 0.2247 0.2116 0.1986 0.1835 0.1662 0.1486 0.1315 0.1151 0.1002 0.0867 0.0756 0.0662 0.0582 0.0509 0.0448 0.0395 0.0349 0.0310 0.0275
4.2967 4.1047 4.2083 3.5526 3.5783 3.3575 2.8151 2.6840 2.4390 2.8943 2.1022 2.2229 2.8857 2.7374 2.2859 1.9755 1.7796 1.5091 1.1513 0.8865 0.8499 1.0049 1.1603 1.1975 1.0870 0.8901 0.6758 0.4996 0.3790 0.3043 0.2626 0.2401 0.2238 0.2104 0.1959 0.1793 0.1620 0.1447 0.1277 0.1120 0.0974 0.0853 0.0748 0.0658 0.0577 0.0507 0.0447 0.0395 0.0350 0.0310
4.6535 4.5251 4.7171 4.1534 3.8627 3.9429 3.1236 2.9697 2.7154 3.2143 2.2840 2.5845 3.3275 3.0206 2.4432 2.1235 1.9993 1.7945 1.4111 1.0360 0.8866 0.9995 1.1879 1.2908 1.2338 1.0567 0.8295 0.6222 0.4663 0.3604 0.2961 0.2598 0.2362 0.2200 0.2050 0.1890 0.1723 0.1555 0.1385 0.1225 0.1073 0.0945 0.0833 0.0735 0.0645 0.0568 0.0501 0.0442 0.0392 0.0347
4.9102 4.9294 5.1040 4.9060 4.0630 4.6272 3.4192 3.2734 3.0282 3.4849 2.4680 3.0085 3.7580 3.2418 2.5502 2.2492 2.2272 2.1254 1.7468 1.2613 0.9637 0.9867 1.1753 1.3381 1.3504 1.2173 0.9978 0.7712 0.5830 0.4424 0.3486 0.2915 0.2548 0.2315 0.2134 0.1963 0.1798 0.1634 0.1469 0.1311 0.1159 0.1028 0.0912 0.0809 0.0713 0.0630 0.0556 0.0491 0.0436 0.0386
5.2790 5.2623 5.3620 5.6535 4.2612 5.3041 3.6847 3.6081 3.3443 3.6558 2.6704 3.4705 4.1218 3.3764 2.6104 2.3567 2.4508 2.4796 2.1477 1.5752 1.1077 0.9864 1.1213 1.3167 1.4026 1.3375 1.1548 0.9319 0.7245 0.5528 0.4267 0.3428 0.2864 0.2502 0.2244 0.2033 0.1851 0.1684 0.1522 0.1368 0.1220 0.1090 0.0974 0.0869 0.0770 0.0684 0.0606 0.0537 0.0477 0.0423
6.0979 5.4581 5.5875 6.1021 4.6073 5.7673 3.9490 3.9778 3.6027 3.7064 2.9182 3.9111 4.3602 3.4284 2.6514 2.4556 2.6433 2.8050 2.5720 1.9735 1.3493 1.0378 1.0461 1.2172 1.3567 1.3732 1.2595 1.0742 0.8742 0.6871 0.5343 0.4225 0.3414 0.2862 0.2470 0.2170 0.1935 0.1741 0.1567 0.1409 0.1261 0.1133 0.1018 0.0914 0.0815 0.0727 0.0647 0.0576 0.0514 0.0457
7.1408 5.6855 5.8151 6.0995 5.1312 5.8303 4.2787 4.3430 3.7605 3.6844 3.2175 4.2289 4.4412 3.4477 2.7188 2.5477 2.7515 3.0045 2.9226 2.4091 1.7076 1.2012 1.0088 1.0668 1.2004 1.2829 1.2584 1.1481 0.9940 0.8224 0.6625 0.5318 0.4276 0.3505 0.2927 0.2481 0.2143 0.1879 0.1661 0.1477 0.1315 0.1178 0.1059 0.0953 0.0852 0.0763 0.0681 0.0608 0.0544 0.0486
7.3789 6.2191 5.9958 5.9320 5.5375 5.5879 4.6687 4.6538 3.9064 3.7125 3.5122 4.3086 4.4071 3.5385 2.8561 2.6146 2.7049 2.9478 3.0417 2.7674 2.1663 1.5552 1.1315 0.9738 0.9922 1.0688 1.1118 1.0929 1.0211 0.9060 0.7743 0.6497 0.5368 0.4442 0.3685 0.3066 0.2582 0.2202 0.1898 0.1652 0.1445 0.1276 0.1135 0.1015 0.0904 0.0807 0.0720 0.0643 0.0576 0.0514
6.9042 6.5453 6.4762 5.9813 5.5683 5.4927 4.9102 5.0347 4.3086 3.8889 3.6774 4.1020 4.4030 3.8313 3.0709 2.6248 2.4821 2.5608 2.7587 2.8484 2.6164 2.1494 1.5994 1.1786 0.9446 0.8671 0.8687 0.8882 0.8918 0.8574 0.7915 0.7103 0.6198 0.5340 0.4548 0.3833 0.3232 0.2735 0.2326 0.1993 0.1715 0.1488 0.1302 0.1147 0.1009 0.0892 0.0789 0.0701 0.0624 0.0555
7.1003 6.5482 7.3252 6.5008 6.0698 5.7853 4.8942 5.8856 5.0946 4.1385 3.7259 3.7335 4.5374 4.3597 3.3142 2.5957 2.2945 2.0988 2.1062 2.3930 2.6949 2.7678 2.4809 2.0037 1.5047 1.1132 0.8598 0.7272 0.6732 0.6486 0.6290 0.6034 0.5639 0.5179 0.4662 0.4111 0.3592 0.3120 0.2702 0.2340 0.2024 0.1755 0.1529 0.1339 0.1168 0.1024 0.0899 0.0792 0.0701 0.0619
7.8892 7.5209 8.1302 6.9507 6.7356 6.5325 5.7903 5.6208 5.2658 4.5137 4.8124 3.9330 3.6260 3.8709 3.3097 2.6734 2.7529 2.9456 2.6458 2.0550 1.6465 1.6717 1.9640 2.2834 2.4305 2.3641 2.1192 1.7917 1.4618 1.1582 0.9075 0.7176 0.5736 0.4701 0.3934 0.3336 0.2881 0.2521 0.2228 0.1983 0.1769 0.1581 0.1417 0.1273 0.1135 0.1014 0.0905 0.0807 0.0722 0.0643
9.1854 7.8492 8.1581 7.9127 6.7702 7.2191 5.9138 6.2276 5.3376 4.9964 5.0644 4.0626 4.0014 4.1142 3.3952 2.8593 3.0241 3.1389 2.7321 2.1202 1.7584 1.8334 2.1406 2.4445 2.5639 2.4730 2.2106 1.8714 1.5338 1.2231 0.9652 0.7682 0.6173 0.5077 0.4255 0.3611 0.3114 0.2720 0.2399 0.2132 0.1900 0.1697 0.1520 0.1363 0.1214 0.1084 0.0967 0.0863 0.0772 0.0689
9.9726 8.9216 8.0415 8.6373 7.1358 7.6133 6.2684 6.6908 5.4578 5.5350 5.2145 4.2596 4.4027 4.3021 3.4820 3.0850 3.3028 3.3099 2.8029 2.1900 1.8854 2.0076 2.3213 2.6024 2.6906 2.5746 2.2961 1.9472 1.6037 1.2877 1.0236 0.8202 0.6626 0.5470 0.4595 0.3902 0.3363 0.2933 0.2580 0.2289 0.2039 0.1820 0.1629 0.1458 0.1297 0.1157 0.1032 0.0922 0.0825 0.0735
9.7602 10.0054 8.4669 8.8076 7.9282 7.6822 6.9007 6.9258 5.7335 6.0401 5.2919 4.5529 4.7935 4.4327 3.5911 3.3511 3.5768 3.4537 2.8620 2.2698 2.0293 2.1930 2.5036 2.7551 2.8093 2.6686 2.3757 2.0192 1.6718 1.3519 1.0826 0.8734 0.7096 0.5882 0.4952 0.4210 0.3627 0.3158 0.2773 0.2457 0.2186 0.1950 0.1743 0.1557 0.1384 0.1233 0.1101 0.0982 0.0879 0.0784
9.6891 10.2368 9.5236 8.6902 8.8358 7.6720 7.6590 6.9815 6.2075 6.4210 5.3636 4.9433 5.1333 4.5195 3.7431 3.6509 3.8332 3.5690 2.9161 2.3648 2.1909 2.3871 2.6847 2.9007 2.9195 2.7550 2.4496 2.0876 1.7381 1.4157 1.1422 0.9278 0.7581 0.6311 0.5328 0.4536 0.3908 0.3399 0.2978 0.2635 0.2343 0.2089 0.1865 0.1663 0.1475 0.1313 0.1172 0.1046 0.0936 0.0835
10.7335 9.9831 10.4318 8.9136 9.3708 7.9203 8.2585 7.0260 6.8050 6.6305 5.5073 5.3956 5.3924 4.5892 3.9500 3.9697 4.0610 3.6598 2.9739 2.4803 2.3702 2.5880 2.8626 3.0386 3.0215 2.8343 2.5181 2.1529 1.8029 1.4795 1.2030 0.9843 0.8090 0.6762 0.5723 0.4881 0.4206 0.3657 0.3200 0.2827 0.2510 0.2235 0.1993 0.1774 0.1573 0.1400 0.1249 0.1114 0.0996 0.0889
11.8426 10.3980 10.5804 9.7157 9.4165 8.5482 8.5244 7.2544 7.3743 6.7098 5.7790 5.8486 5.5654 4.6779 4.2141 4.2884 4.2531 3.7336 3.0447 2.6192 2.5652 2.7925 3.0353 3.1684 3.1157 2.9074 2.5821 2.2156 1.8665 1.5432 1.2651 1.0429 0.8623 0.7236 0.6137 0.5244 0.4524 0.3936 0.3440 0.3033 0.2689 0.2389 0.2127 0.1891 0.1678 0.1495 0.1333 0.1188 0.1062 0.0948
11.8831 11.4878 10.4729 10.5934 9.4036 9.3146 8.5655 7.7402 7.7829 6.7770 6.1821 6.2402 5.6777 4.8205 4.5269 4.5886 4.4090 3.8003 3.1353 2.7817 2.7723 2.9968 3.2008 3.2896 3.2027 2.9753 2.6428 2.2763 1.9292 1.6067 1.3277 1.1025 0.9172 0.7727 0.6568 0.5624 0.4859 0.4231 0.3695 0.3254 0.2879 0.2553 0.2269 0.2016 0.1790 0.1596 0.1422 0.1267 0.1132 0.1010
11.8618 12.1278 10.9331 10.9786 9.7848 9.8443 8.6683 8.3535 8.0001 6.9495 6.6565 6.5358 5.7770 5.0356 4.8666 4.8560 4.5356 3.8726 3.2517 2.9663 2.9879 3.1983 3.3588 3.4031 3.2839 3.0394 2.7012 2.3355 1.9910 1.6700 1.3906 1.1630 0.9732 0.8231 0.7014 0.6021 0.5211 0.4543 0.3966 0.3488 0.3080 0.2727 0.2420 0.2148 0.1909 0.1703 0.1516 0.1350 0.1205 0.1075
12.6873 12.1889 11.7948 11.0570 10.4904 10.0629 9.0297 8.8881 8.1281 7.2748 7.1161 6.7466 5.9134 5.3194 5.2078 5.0865 4.6465 3.9621 3.3964 3.1702 3.2085 3.3958 3.5100 3.5107 3.3612 3.1012 2.7584 2.3938 2.0522 1.7331 1.4537 1.2241 1.0302 0.8748 0.7475 0.6433 0.5580 0.4871 0.4252 0.3737 0.3295 0.2912 0.2581 0.2288 0.2035 0.1817 0.1617 0.1438 0.1283 0.1144
13.3124 12.4201 12.2723 11.2822 11.0384 10.1803 9.5306 9.2174 8.2826 7.6840 7.4776 6.8991 6.1004 5.6439 5.5294 5.2860 4.7573 4.0790 3.5727 3.3958 3.4393 3.5960 3.6603 3.6161 3.4363 3.1629 2.8183 2.4563 2.1183 1.8004 1.5197 1.2880 1.0903 0.9304 0.7980 0.6884 0.5981 0.5230 0.4576 0.4025 0.3547 0.3127 0.2767 0.2452 0.2180 0.1946 0.1733 0.1542 0.1375 0.1225
13.5845 12.9445 12.5233 11.7536 11.3808 10.4607 10.0220 9.4597 8.5533 8.1147 7.7717 7.0676 6.3528 5.9881 5.8273 5.4695 4.8812 4.2245 3.7735 3.6337 3.6722 3.7940 3.8082 3.7202 3.5112 3.2250 2.8786 2.5190 2.1843 1.8673 1.5857 1.3522 1.1512 0.9871 0.8499 0.7349 0.6399 0.5605 0.4917 0.4329 0.3814 0.3357 0.2965 0.2626 0.2333 0.2083 0.1856 0.1652 0.1473 0.1312
13.9027 13.4390 12.8384 12.2271 11.7062 10.8361 10.4565 9.7240 8.8987 8.5267 8.0421 7.2760 6.6501 6.3362 6.1096 5.6519 5.0250 4.3971 3.9949 3.8820 3.9084 3.9925 3.9562 3.8251 3.5872 3.2879 2.9394 2.5816 2.2499 1.9335 1.6513 1.4165 1.2123 1.0445 0.9029 0.7827 0.6830 0.5996 0.5275 0.4651 0.4096 0.3599 0.3176 0.2811 0.2497 0.2228 0.1988 0.1769 0.1578 0.1404
14.0683 14.0804 13.0704 12.8065 11.9976 11.2540 10.9079 10.0006 9.2786 8.9440 8.3160 7.5141 6.9761 6.6916 6.3901 5.8418 5.1889 4.5936 4.2353 4.1421 4.1508 4.1944 4.1069 3.9323 3.6652 3.3523 3.0009 2.6443 2.3150 1.9989 1.7165 1.4807 1.2739 1.1027 0.9569 0.8317 0.7276 0.6402 0.5650 0.4990 0.4395 0.3857 0.3399 0.3009 0.2671 0.2384 0.2129 0.1896 0.1690 0.1503
14.8181 14.3085 13.5214 13.3638 12.1705 11.8491 11.3041 10.2415 9.7363 9.3837 8.5779 7.7757 7.3405 7.0769 6.6872 6.0487 5.3802 4.8230 4.5069 4.4274 4.4122 4.4097 4.2705 4.0551 3.7619 3.4331 3.0730 2.7129 2.3839 2.0689 1.7870 1.5502 1.3412 1.1672 1.0178 0.8880 0.7788 0.6861 0.6058 0.5358 0.4732 0.4167 0.3681 0.3257 0.2891 0.2578 0.2300 0.2047 0.1825 0.1623
15.7284 14.2221 14.5099 13.4289 12.6298 12.5519 11.4876 10.5760 10.3278 9.7816 8.7935 8.0792 7.7674 7.4856 6.9795 6.2533 5.5865 5.0783 4.8042 4.7321 4.6853 4.6309 4.4371 4.1796 3.8593 3.5140 3.1448 2.7812 2.4525 2.1392 1.8578 1.6201 1.4092 1.2328 1.0802 0.9461 0.8318 0.7339 0.6484 0.5744 0.5087 0.4497 0.3981 0.3523 0.3126 0.2787 0.2483 0.2209 0.1969 0.1752
15.2346 15.2944 14.8820 13.4720 13.6103 12.8855 11.5986 11.2061 10.9411 10.0332 8.9998 8.4871 8.2667 7.8931 7.2449 6.4502 5.8139 5.3683 5.1335 5.0581 4.9690 4.8556 4.6038 4.3034 3.9556 3.5937 3.2157 2.8488 2.5211 2.2100 1.9289 1.6904 1.4782 1.2998 1.1442 1.0061 0.8868 0.7835 0.6927 0.6147 0.5461 0.4847 0.4302 0.3807 0.3377 0.3010 0.2679 0.2383 0.2124 0.1889
15.9272 16.3531 14.5184 14.5479 14.3283 12.8116 12.1441 12.0720 11.3478 10.1745 9.3455 9.0635 8.8171 8.2631 7.4762 6.6609 6.0901 5.7138 5.5057 5.4099 5.2649 5.0857 4.7733 4.4290 4.0536 3.6759 3.2900 2.9215 2.5956 2.2869 2.0058 1.7665 1.5527 1.3722 1.2137 1.0714 0.9471 0.8384 0.7422 0.6599 0.5878 0.5230 0.4651 0.4119 0.3655 0.3257 0.2900 0.2580 0.2300 0.2045
17.7964 15.7823 15.5108 15.7899 14.1935 13.1838 13.2477 12.7331 11.4805 10.4420 9.9713 9.7784 9.3453 8.5647 7.6921 6.9267 6.4483 6.1315 5.9249 5.7856 5.5705 5.3210 4.9468 4.5593 4.1574 3.7660 3.3743 3.0060 2.6822 2.3752 2.0939 1.8539 1.6378 1.4548 1.2929 1.1459 1.0164 0.9023 0.8006 0.7132 0.6363 0.5661 0.5037 0.4469 0.3970 0.3542 0.3159 0.2812 0.2507 0.2230
17.0169 16.5162 17.1954 15.6093 14.3015 14.4373 14.1451 12.8403 11.6047 11.0522 10.8011 10.4392 9.7228 8.7770 7.9206 7.2667 6.8858 6.6017 6.3644 6.1587 5.8627 5.5409 5.1083 4.6823 4.2594 3.8581 3.4626 3.0951 2.7738 2.4682 2.1869 1.9461 1.7276 1.5419 1.3767 1.2249 1.0900 0.9702 0.8628 0.7701 0.6882 0.6123 0.5450 0.4845 0.4308 0.3847 0.3438 0.3062 0.2731 0.2430
17.6083 18.5669 16.9155 15.4799 15.7048 15.5500 14.2071 12.8102 12.1808 11.9962 11.5903 10.8777 9.9380 8.9707 8.2313 7.7126 7.4002 7.1041 6.8010 6.5107 6.1294 5.7393 5.2556 4.7986 4.3617 3.9548 3.5578 3.1916 2.8725 2.5680 2.2865 2.0446 1.8232 1.6348 1.4660 1.3091 1.1684 1.0427 0.9291 0.8308 0.7438 0.6616 0.5892 0.5248 0.4671 0.4177 0.3740 0.3333 0.2973 0.2646
20.0650 18.1260 16.7887 17.2334 17.0651 15.5959 14.1162 13.4631 13.3111 12.9719 12.1351 11.1207 10.1341 9.2988 8.7216 8.3041 7.9995 7.6415 7.2469 6.8623 6.3974 5.9464 5.4218 4.9428 4.4947 4.0842 3.6865 3.3216 3.0036 2.6974 2.4145 2.1703 1.9446 1.7503 1.5746 1.4100 1.2634 1.1325 1.0131 0.9083 0.8143 0.7261 0.6482 0.5785 0.5151 0.4609 0.4136 0.3692 0.3296 0.2936
19.0353 18.2133 18.9414 18.5617 16.8700 15.4282 14.8984 14.7614 14.3747 13.5174 12.3466 11.2975 10.4611 9.8184 9.3627 8.9689 8.6046 8.1456 7.6479 7.1748 6.6405 6.1436 5.5914 5.0998 4.6457 4.2341 3.8367 3.4730 3.1551 2.8456 2.5600 2.3123 2.0809 1.8791 1.6950 1.5214 1.3683 1.2323 1.1067 0.9949 0.8931 0.7986 0.7146 0.6390 0.5692 0.5096 0.4584 0.4098 0.3663 0.3264
19.9537 20.7305 19.8126 17.9733 16.7778 16.5004 16.3777 15.8101 14.8078 13.6298 12.4990 11.6632 11.0350 10.5187 10.0806 9.6241 9.1514 8.5778 7.9872 7.4454 6.8636 6.3384 5.7713 5.2753 4.8195 4.4084 4.0109 3.6477 3.3284 3.0135 2.7234 2.4706 2.2321 2.0213 1.8273 1.6434 1.4832 1.3416 1.2096 1.0901 0.9796 0.8783 0.7879 0.7057 0.6289 0.5633 0.5079 0.4548 0.4069 0.3629
22.3137 20.6389 18.9950 18.3877 18.3558 18.1021 17.2595 16.0179 14.7844 13.7530 12.9087 12.3151 11.8045 11.2874 10.7653 10.1866 9.6010 8.9309 8.2699 7.6871 7.0819 6.5468 5.9765 5.4826 5.0289 4.6187 4.2192 3.8567 3.5365 3.2168 2.9199 2.6599 2.4123 2.1917 1.9873 1.7926 1.6230 1.4730 1.3331 1.2049 1.0847 0.9742 0.8758 0.7870 0.7036 0.6318 0.5701 0.5113 0.4584 0.4095
21.1742 20.3886 20.4469 20.4066 19.7300 18.5402 17.1791 15.9495 15.0213 14.3162 13.6684 13.1418 12.5917 11.9715 11.3208 10.6155 9.9506 9.2231 8.5205 7.9233 7.3152 6.7852 6.2194 5.7312 5.2807 4.8699 4.4651 4.1034 3.7829 3.4590 3.1530 2.8834 2.6244 2.3933 2.1783 1.9725 1.7910 1.6292 1.4801 1.3418 1.2109 1.0884 0.9805 0.8850 0.7956 0.7175 0.6472 0.5814 0.5225 0.4681
22.7149 22.7580 22.1306 20.9186 19.5235 18.2967 17.3166 16.5258 15.8828 15.2622 14.5435 13.8906 13.2038 12.4653 11.7159 10.9332 10.2392 9.4959 8.7795 8.1876 7.5886 7.0709 6.5113 6.0276 5.5771 5.1619 4.7478 4.3852 4.0626 3.7326 3.4153 3.1340 2.8615 2.6183 2.3914 2.1735 1.9787 1.8038 1.6445 1.4952 1.3525 1.2164 1.0980 0.9953 0.8999 0.8150 0.7348 0.6612 0.5957 0.5350
24.4111 23.0509 21.7134 20.5966 19.7317 19.0497 18.3955 17.6674 16.9043 16.0790 15.1519 14.3437 13.5598 12.7605 11.9788 11.1801 10.4978 9.7660 9.0533 8.4756 7.8893 7.3849 6.8307 6.3500 5.8957 5.4730 5.0468 4.6793 4.3526 4.0164 3.6890 3.3974 3.1123 2.8578 2.6197 2.3904 2.1829 1.9949 1.8236 1.6631 1.5094 1.3619 1.2337 1.1228 1.0196 0.9269 0.8366 0.7546 0.6818 0.6141
24.1493 23.3107 22.6290 21.9684 21.2579 20.4576 19.5370 18.5067 17.4709 16.4366 15.3933 14.5394 13.7594 12.9445 12.1680 11.3857 10.7226 10.0065 9.3084 8.7451 8.1680 7.6737 7.1250 6.6486 6.1902 5.7599 5.3220 4.9421 4.6085 4.2690 3.9397 3.6454 3.3536 3.0927 2.8477 2.6118 2.3955 2.1974 2.0099 1.8394 1.6800 1.5305 1.3967 1.2752 1.1601 1.0571 0.9591 0.8686 0.7877 0.7121
26.3294 25.4442 24.4464 23.3658 22.2597 21.1319 19.9755 18.7988 17.6734 16.5942 15.5655 14.7596 14.0422 13.2340 12.4649 11.6889 11.0338 10.3215 9.6280 9.0687 8.4917 8.0005 7.4524 6.9772 6.5119 6.0714 5.6191 5.2244 4.8830 4.5403 4.2095 3.9129 3.6147 3.3477 3.0962 2.8540 2.6290 2.4204 2.2151 2.0340 1.8696 1.7199 1.5811 1.4480 1.3196 1.2052 1.0991 0.9996 0.9099 0.8256
27.4005 26.1486 24.9034 23.6899 22.5432 21.4101 20.2678 19.1175 17.9968 16.9140 15.9083 15.1408 14.4649 13.6360 12.8464 12.0505 11.3857 10.6633 9.9636 9.3988 8.8143 8.3212 7.7704 7.2945 6.8227 6.3727 5.9070 5.4971 5.1476 4.8021 4.4700 4.1718 3.8686 3.5970 3.3404 3.0930 2.8602 2.6419 2.4190 2.2281 2.0599 1.9114 1.7688 1.6244 1.4825 1.3570 1.2435 1.1352 1.0369 0.9439
27.1552 25.9966 24.8502 23.6998 22.5744 21.4585 20.3385 19.2372 18.1404 17.0661 16.0433 15.2585 14.5632 13.7200 12.9137 12.0994 11.4390 10.7166 10.0068 9.4274 8.8296 8.3296 7.7708 7.2890 6.8289 6.3890 5.9319 5.5163 5.1612 4.8097 4.4705 4.1684 3.8674 3.6003 3.3473 3.0986 2.8639 2.6438 2.4219 2.2319 2.0641 1.9118 1.7664 1.6211 1.4799 1.3556 1.2442 1.1364 1.0380 0.9447
