0.2187 0.2176 0.2162 0.1854 0.1758 0.1648 0.1530 0.1450 0.1393 0.1515 0.1136 0.1069 0.1202 0.1221 0.1162 0.1045 0.0846 0.0620 0.0518 0.0587 0.0715 0.0775 0.0706 0.0563 0.0410 0.0295 0.0228 0.0197 0.0188 0.0183 0.0176 0.0164 0.0149 0.0132 0.0115 0.0099 0.0085 0.0073 0.0063 0.0054 0.0047 0.0041 0.0036 0.0032 0.0028 0.0025 0.0022 0.0020 0.0018 0.0016
0.6556 0.6505 0.6464 0.5566 0.5279 0.4937 0.4582 0.4340 0.4172 0.4535 0.3409 0.3207 0.3620 0.3683 0.3501 0.3143 0.2545 0.1866 0.1549 0.1746 0.2125 0.2312 0.2118 0.1698 0.1242 0.0894 0.0687 0.0591 0.0560 0.0545 0.0523 0.0490 0.0444 0.0396 0.0346 0.0299 0.0257 0.0221 0.0189 0.0163 0.0141 0.0123 0.0108 0.0096 0.0085 0.0076 0.0067 0.0060 0.0054 0.0048
1.0916 1.0774 1.0703 0.9285 0.8817 0.8209 0.7609 0.7201 0.6929 0.7523 0.5685 0.5347 0.6083 0.6206 0.5879 0.5264 0.4269 0.3132 0.2570 0.2855 0.3473 0.3809 0.3529 0.2861 0.2109 0.1520 0.1157 0.0983 0.0923 0.0895 0.0861 0.0809 0.0736 0.0658 0.0578 0.0500 0.0430 0.0370 0.0318 0.0273 0.0236 0.0206 0.0181 0.0161 0.0142 0.0126 0.0112 0.0100 0.0089 0.0080
1.5281 1.4977 1.4844 1.3003 1.2399 1.1459 1.0594 1.0025 0.9643 1.0472 0.7967 0.7492 0.8631 0.8830 0.8317 0.7417 0.6032 0.4435 0.3580 0.3886 0.4717 0.5237 0.4933 0.4066 0.3036 0.2194 0.1651 0.1376 0.1272 0.1226 0.1180 0.1115 0.1020 0.0917 0.0809 0.0703 0.0607 0.0522 0.0449 0.0386 0.0333 0.0290 0.0255 0.0226 0.0199 0.0177 0.0157 0.0140 0.0125 0.0112
1.9687 1.9155 1.8885 1.6695 1.6067 1.4694 1.3527 1.2818 1.2287 1.3389 1.0252 0.9651 1.1311 1.1592 1.0822 0.9601 0.7843 0.5798 0.4590 0.4819 0.5816 0.6557 0.6317 0.5326 0.4048 0.2942 0.2188 0.1779 0.1608 0.1534 0.1476 0.1401 0.1292 0.1170 0.1039 0.0907 0.0786 0.0679 0.0584 0.0503 0.0433 0.0377 0.0331 0.0292 0.0258 0.0228 0.0203 0.0180 0.0161 0.0144
2.4186 2.3387 2.2893 2.0316 1.9876 1.7943 1.6409 1.5598 1.4835 1.6309 1.2534 1.1844 1.4184 1.4521 1.3384 1.1799 0.9712 0.7253 0.5624 0.5646 0.6733 0.7729 0.7659 0.6646 0.5171 0.3798 0.2795 0.2210 0.1939 0.1818 0.1742 0.1661 0.1544 0.1411 0.1264 0.1112 0.0968 0.0839 0.0724 0.0623 0.0536 0.0467 0.0409 0.0361 0.0317 0.0281 0.0249 0.0221 0.0197 0.0176
2.8824 2.7743 2.7036 2.3834 2.3865 2.1271 1.9264 1.8388 1.7271 1.9284 1.4793 1.4110 1.7322 1.7625 1.5962 1.3974 1.1639 0.8841 0.6732 0.6385 0.7441 0.8704 0.8920 0.8016 0.6423 0.4795 0.3511 0.2699 0.2282 0.2084 0.1978 0.1890 0.1770 0.1633 0.1477 0.1311 0.1150 0.1002 0.0867 0.0748 0.0644 0.0560 0.0491 0.0432 0.0379 0.0335 0.0296 0.0263 0.0234 0.0208
3.3610 3.2218 3.1561 2.7307 2.8000 2.4815 2.2141 2.1199 1.9615 2.2377 1.6992 1.6519 2.0794 2.0873 1.8481 1.6071 1.3626 1.0622 0.7994 0.7088 0.7939 0.9436 1.0049 0.9408 0.7812 0.5970 0.4380 0.3288 0.2670 0.2351 0.2189 0.2083 0.1962 0.1828 0.1671 0.1498 0.1325 0.1162 0.1011 0.0875 0.0755 0.0657 0.0575 0.0505 0.0443 0.0390 0.0345 0.0305 0.0271 0.0241
3.8437 3.6691 3.6635 3.1014 3.2091 2.8806 2.5097 2.4023 2.1944 2.5616 1.9081 1.9182 2.4646 2.4173 2.0824 1.8018 1.5673 1.2672 0.9532 0.7859 0.8263 0.9892 1.0974 1.0762 0.9315 0.7341 0.5450 0.4033 0.3151 0.2653 0.2393 0.2248 0.2116 0.1986 0.1835 0.1662 0.1486 0.1314 0.1150 0.1001 0.0867 0.0756 0.0662 0.0581 0.0509 0.0448 0.0395 0.0349 0.0310 0.0275
4.2944 4.1030 4.2072 3.5533 3.5759 3.3569 2.8145 2.6837 2.4399 2.8934 2.1013 2.2238 2.8848 2.7354 2.2844 1.9744 1.7783 1.5075 1.1499 0.8862 0.8506 1.0061 1.1612 1.1976 1.0865 0.8893 0.6751 0.4990 0.3786 0.3042 0.2626 0.2402 0.2239 0.2105 0.1959 0.1793 0.1620 0.1447 0.1277 0.1119 0.0974 0.0853 0.0748 0.0658 0.0577 0.0507 0.0447 0.0394 0.0350 0.0310
4.6514 4.5229 4.7156 4.1539 3.8604 3.9418 3.1229 2.9693 2.7162 3.2133 2.2832 2.5855 3.3266 3.0186 2.4418 2.1225 1.9979 1.7926 1.4092 1.0351 0.8870 1.0007 1.1890 1.2913 1.2335 1.0560 0.8287 0.6215 0.4658 0.3602 0.2960 0.2598 0.2363 0.2201 0.2051 0.1890 0.1723 0.1555 0.1385 0.1225 0.1073 0.0945 0.0833 0.0735 0.0645 0.0568 0.0501 0.0442 0.0391 0.0347
4.9092 4.9269 5.1022 4.9064 4.0613 4.6256 3.4188 3.2729 3.0290 3.4841 2.4674 3.0098 3.7572 3.2400 2.5490 2.2483 2.2259 2.1233 1.7444 1.2597 0.9636 0.9877 1.1766 1.3389 1.3506 1.2168 0.9970 0.7704 0.5824 0.4419 0.3484 0.2914 0.2549 0.2316 0.2135 0.1964 0.1798 0.1634 0.1470 0.1311 0.1159 0.1028 0.0912 0.0809 0.0713 0.0629 0.0556 0.0491 0.0436 0.0386
5.2797 5.2602 5.3603 5.6540 4.2605 5.3021 3.6848 3.6074 3.3453 3.6554 2.6702 3.4720 4.1212 3.3748 2.6093 2.3558 2.4495 2.4774 2.1449 1.5729 1.1069 0.9870 1.1227 1.3179 1.4033 1.3374 1.1542 0.9311 0.7237 0.5522 0.4263 0.3426 0.2863 0.2502 0.2245 0.2034 0.1852 0.1685 0.1523 0.1368 0.1220 0.1090 0.0974 0.0869 0.0770 0.0684 0.0606 0.0537 0.0477 0.0423
6.1003 5.4576 5.5858 6.1031 4.6078 5.7656 3.9498 3.9771 3.6039 3.7065 2.9185 3.9132 4.3601 3.4270 2.6503 2.4546 2.6421 2.8031 2.5693 1.9707 1.3476 1.0377 1.0473 1.2187 1.3579 1.3738 1.2594 1.0738 0.8736 0.6865 0.5338 0.4221 0.3412 0.2861 0.2469 0.2170 0.1936 0.1741 0.1567 0.1409 0.1261 0.1133 0.1018 0.0914 0.0815 0.0727 0.0647 0.0576 0.0514 0.0457
7.1443 5.6866 5.8140 6.1011 5.1329 5.8294 4.2802 4.3424 3.7618 3.6850 3.2181 4.2316 4.4417 3.4463 2.7174 2.5466 2.7506 3.0033 2.9206 2.4064 1.7052 1.2001 1.0092 1.0682 1.2021 1.2842 1.2591 1.1482 0.9937 0.8219 0.6619 0.5313 0.4272 0.3502 0.2925 0.2480 0.2143 0.1879 0.1661 0.1477 0.1315 0.1178 0.1059 0.0953 0.0852 0.0763 0.0681 0.0609 0.0545 0.0486
7.3832 6.2211 5.9950 5.9336 5.5401 5.5877 4.6705 4.6535 3.9068 3.7130 3.5132 4.3122 4.4080 3.5365 2.8541 2.6134 2.7044 2.9479 3.0412 2.7657 2.1638 1.5529 1.1305 0.9742 0.9935 1.0703 1.1131 1.0937 1.0214 0.9059 0.7740 0.6493 0.5363 0.4437 0.3681 0.3063 0.2580 0.2200 0.1897 0.1651 0.1445 0.1276 0.1135 0.1015 0.0904 0.0807 0.0720 0.0643 0.0576 0.0514
6.9069 6.5475 6.4733 5.9824 5.5698 5.4922 4.9121 5.0341 4.3065 3.8889 3.6786 4.1060 4.4037 3.8280 3.0680 2.6235 2.4820 2.5619 2.7601 2.8486 2.6148 2.1465 1.5966 1.1769 0.9442 0.8677 0.8698 0.8893 0.8927 0.8579 0.7917 0.7103 0.6195 0.5337 0.4545 0.3830 0.3229 0.2732 0.2325 0.1991 0.1713 0.1487 0.1301 0.1147 0.1008 0.0892 0.0789 0.0700 0.0624 0.0555
7.1013 6.5474 7.3193 6.5015 6.0658 5.7845 4.8954 5.8837 5.0891 4.1383 3.7261 3.7367 4.5379 4.3550 3.3102 2.5947 2.2945 2.0993 2.1079 2.3952 2.6959 2.7667 2.4779 1.9999 1.5014 1.1111 0.8588 0.7271 0.6737 0.6492 0.6296 0.6040 0.5642 0.5181 0.4663 0.4110 0.3591 0.3119 0.2701 0.2339 0.2023 0.1754 0.1529 0.1338 0.1167 0.1024 0.0899 0.0791 0.0700 0.0618
7.8921 7.5188 8.1299 6.9536 6.7330 6.5354 5.7880 5.6235 5.2636 4.5153 4.8129 3.9311 3.6281 3.8721 3.3077 2.6732 2.7557 2.9475 2.6447 2.0529 1.6464 1.6743 1.9683 2.2874 2.4330 2.3647 2.1182 1.7897 1.4594 1.1558 0.9055 0.7160 0.5725 0.4693 0.3928 0.3333 0.2879 0.2520 0.2228 0.1983 0.1769 0.1581 0.1417 0.1273 0.1135 0.1014 0.0905 0.0807 0.0722 0.0644
9.1897 7.8506 8.1560 7.9162 6.7688 7.2211 5.9128 6.2299 5.3356 4.9990 5.0641 4.0614 4.0041 4.1148 3.3932 2.8599 3.0272 3.1405 2.7308 2.1183 1.7586 1.8364 2.1451 2.4486 2.5665 2.4736 2.2096 1.8694 1.5314 1.2208 0.9632 0.7666 0.6161 0.5068 0.4250 0.3607 0.3112 0.2719 0.2398 0.2132 0.1900 0.1697 0.1520 0.1363 0.1214 0.1084 0.0967 0.0863 0.0773 0.0689
9.9740 8.9261 8.0402 8.6392 7.1370 7.6136 6.2695 6.6920 5.4568 5.5381 5.2134 4.2595 4.4057 4.3020 3.4803 3.0864 3.3060 3.3110 2.8013 2.1884 1.8861 2.0111 2.3260 2.6066 2.6931 2.5752 2.2951 1.9453 1.6014 1.2854 1.0216 0.8186 0.6614 0.5461 0.4589 0.3898 0.3360 0.2931 0.2580 0.2289 0.2039 0.1820 0.1629 0.1458 0.1297 0.1157 0.1033 0.0922 0.0825 0.0735
9.7586 10.0092 8.4689 8.8070 7.9319 7.6809 6.9037 6.9256 5.7340 6.0428 5.2903 4.5540 4.7963 4.4319 3.5899 3.3533 3.5800 3.4544 2.8603 2.2685 2.0306 2.1968 2.5085 2.7593 2.8119 2.6692 2.3747 2.0173 1.6695 1.3497 1.0807 0.8718 0.7083 0.5873 0.4946 0.4206 0.3624 0.3157 0.2772 0.2456 0.2186 0.1950 0.1743 0.1558 0.1384 0.1233 0.1101 0.0982 0.0879 0.0784
9.6894 10.2371 9.5284 8.6888 8.8401 7.6708 7.6629 6.9802 6.2098 6.4228 5.3622 4.9456 5.1357 4.5183 3.7426 3.6537 3.8361 3.5692 2.9143 2.3639 2.1927 2.3913 2.6897 2.9049 2.9219 2.7556 2.4487 2.0858 1.7359 1.4136 1.1403 0.9263 0.7568 0.6302 0.5321 0.4532 0.3905 0.3397 0.2977 0.2634 0.2343 0.2089 0.1865 0.1663 0.1475 0.1313 0.1172 0.1046 0.0936 0.0835
10.7386 9.9820 10.4361 8.9143 9.3733 7.9209 8.2617 7.0249 6.8085 6.6310 5.5066 5.3987 5.3939 4.5878 3.9503 3.9729 4.0635 3.6594 2.9722 2.4798 2.3725 2.5925 2.8677 3.0427 3.0238 2.8349 2.5173 2.1512 1.8008 1.4773 1.2012 0.9827 0.8077 0.6753 0.5716 0.4876 0.4203 0.3655 0.3199 0.2826 0.2510 0.2235 0.1993 0.1774 0.1573 0.1400 0.1249 0.1114 0.0997 0.0889
11.8480 10.4000 10.5813 9.7197 9.4164 8.5513 8.5257 7.2546 7.3780 6.7091 5.7795 5.8520 5.5659 4.6765 4.2154 4.2919 4.2551 3.7328 3.0430 2.6193 2.5680 2.7973 3.0403 3.1723 3.1179 2.9079 2.5813 2.2139 1.8645 1.5412 1.2633 1.0413 0.8611 0.7227 0.6130 0.5239 0.4521 0.3933 0.3439 0.3033 0.2688 0.2388 0.2127 0.1891 0.1678 0.1495 0.1333 0.1188 0.1062 0.0948
11.8837 11.4934 10.4719 10.5983 9.4026 9.3190 8.5648 7.7423 7.7856 6.7758 6.1840 6.2433 5.6772 4.8196 4.5290 4.5919 4.4102 3.7991 3.1340 2.7823 2.7756 3.0017 3.2057 3.2933 3.2047 2.9757 2.6420 2.2747 1.9273 1.6048 1.3259 1.1010 0.9160 0.7717 0.6561 0.5619 0.4856 0.4228 0.3694 0.3253 0.2878 0.2552 0.2269 0.2016 0.1790 0.1596 0.1422 0.1267 0.1132 0.1010
11.8609 12.1316 10.9345 10.9809 9.7856 9.8478 8.6673 8.3571 8.0011 6.9486 6.6595 6.5378 5.7759 5.0354 4.8694 4.8590 4.5361 3.8711 3.2507 2.9676 2.9915 3.2032 3.3635 3.4065 3.2858 3.0397 2.7004 2.3340 1.9891 1.6682 1.3889 1.1616 0.9720 0.8222 0.7007 0.6016 0.5208 0.4540 0.3964 0.3487 0.3080 0.2726 0.2420 0.2148 0.1909 0.1703 0.1516 0.1350 0.1205 0.1075
12.6910 12.1880 11.7994 11.0560 10.4939 10.0636 9.0300 8.8917 8.1273 7.2752 7.1193 6.7473 5.9121 5.3202 5.2110 5.0888 4.6461 3.9605 3.3958 3.1720 3.2124 3.4006 3.5144 3.5138 3.3628 3.1014 2.7576 2.3924 2.0505 1.7314 1.4521 1.2227 1.0291 0.8739 0.7468 0.6428 0.5576 0.4869 0.4250 0.3735 0.3294 0.2911 0.2580 0.2288 0.2035 0.1817 0.1617 0.1438 0.1283 0.1144
13.3171 12.4192 12.2757 11.2811 11.0423 10.1788 9.5330 9.2193 8.2811 7.6857 7.4802 6.8985 6.0993 5.6456 5.5324 5.2873 4.7563 4.0774 3.5726 3.3981 3.4432 3.6005 3.6643 3.6188 3.4376 3.1630 2.8175 2.4550 2.1167 1.7988 1.5183 1.2868 1.0893 0.9296 0.7974 0.6879 0.5978 0.5227 0.4574 0.4023 0.3546 0.3127 0.2767 0.2452 0.2179 0.1946 0.1733 0.1541 0.1375 0.1225
13.5833 12.9477 12.5221 11.7555 11.3818 10.4596 10.0252 9.4593 8.5525 8.1174 7.7730 7.0661 6.3524 5.9904 5.8298 5.4698 4.8797 4.2232 3.7740 3.6363 3.6762 3.7982 3.8117 3.7225 3.5123 3.2249 2.8778 2.5177 2.1828 1.8658 1.5844 1.3511 1.1502 0.9863 0.8493 0.7344 0.6395 0.5603 0.4915 0.4328 0.3813 0.3356 0.2965 0.2626 0.2333 0.2082 0.1856 0.1652 0.1473 0.1312
13.9002 13.4417 12.8359 12.2303 11.7040 10.8372 10.4583 9.7219 8.8993 8.5291 8.0417 7.2743 6.6506 6.3387 6.1112 5.6513 5.0232 4.3962 3.9959 3.8849 3.9123 3.9963 3.9593 3.8270 3.5880 3.2878 2.9386 2.5805 2.2486 1.9322 1.6501 1.4154 1.2115 1.0438 0.9023 0.7822 0.6827 0.5993 0.5273 0.4650 0.4095 0.3598 0.3175 0.2811 0.2496 0.2228 0.1988 0.1769 0.1577 0.1404
14.0707 14.0777 13.0714 12.8065 11.9953 11.2564 10.9069 9.9988 9.2805 8.9451 8.3142 7.5129 6.9774 6.6937 6.3906 5.8405 5.1872 4.5931 4.2367 4.1450 4.1544 4.1978 4.1095 3.9338 3.6657 3.3521 3.0001 2.6433 2.3138 1.9977 1.7154 1.4798 1.2731 1.1020 0.9564 0.8313 0.7273 0.6400 0.5648 0.4988 0.4394 0.3856 0.3399 0.3008 0.2671 0.2384 0.2129 0.1895 0.1690 0.1503
14.8185 14.3053 13.5234 13.3602 12.1710 11.8498 11.3012 10.2413 9.7380 9.3829 8.5757 7.7755 7.3422 7.0782 6.6867 6.0469 5.3788 4.8231 4.5086 4.4303 4.4154 4.4125 4.2725 4.0563 3.7622 3.4328 3.0723 2.7120 2.3828 2.0679 1.7861 1.5494 1.3405 1.1666 1.0173 0.8877 0.7785 0.6859 0.6056 0.5356 0.4731 0.4166 0.3680 0.3257 0.2890 0.2578 0.2300 0.2047 0.1824 0.1623
15.7234 14.2232 14.5075 13.4264 12.6313 12.5495 11.4853 10.5772 10.3280 9.7793 8.7918 8.0799 7.7688 7.4858 6.9781 6.2515 5.5855 5.0789 4.8062 4.7348 4.6880 4.6332 4.4387 4.1805 3.8595 3.5137 3.1442 2.7804 2.4516 2.1384 1.8570 1.6194 1.4087 1.2323 1.0798 0.9458 0.8316 0.7337 0.6482 0.5742 0.5086 0.4496 0.3981 0.3523 0.3126 0.2787 0.2483 0.2209 0.1969 0.1751
15.2330 15.2940 14.8776 13.4727 13.6091 12.8820 11.5984 11.2069 10.9393 10.0306 8.9992 8.4883 8.2674 7.8922 7.2430 6.4485 5.8134 5.3693 5.1354 5.0605 4.9713 4.8574 4.6050 4.3039 3.9557 3.5934 3.2151 2.8481 2.5204 2.2093 1.9283 1.6899 1.4777 1.2994 1.1439 1.0058 0.8866 0.7833 0.6926 0.6146 0.5460 0.4846 0.4301 0.3807 0.3377 0.3009 0.2679 0.2383 0.2124 0.1889
15.9279 16.3482 14.5175 14.5477 14.3244 12.8099 12.1449 12.0709 11.3450 10.1729 9.3459 9.0644 8.8168 8.2615 7.4743 6.6598 6.0903 5.7151 5.5076 5.4120 5.2667 5.0870 4.7741 4.4294 4.0536 3.6756 3.2895 2.9210 2.5950 2.2863 2.0053 1.7660 1.5523 1.3719 1.2135 1.0712 0.9469 0.8382 0.7421 0.6598 0.5877 0.5229 0.4650 0.4118 0.3655 0.3257 0.2900 0.2580 0.2300 0.2045
17.7919 15.7800 15.5112 15.7863 14.1908 13.1842 13.2472 12.7304 11.4783 10.4418 9.9720 9.7784 9.3440 8.5628 7.6906 6.9262 6.4489 6.1329 5.9266 5.7873 5.5719 5.3220 4.9474 4.5595 4.1574 3.7658 3.3739 3.0055 2.6818 2.3747 2.0936 1.8535 1.6375 1.4545 1.2927 1.1458 1.0162 0.9022 0.8005 0.7131 0.6363 0.5661 0.5037 0.4469 0.3969 0.3541 0.3159 0.2812 0.2507 0.2230
17.0138 16.5169 17.1923 15.6060 14.3016 14.4371 14.1426 12.8377 11.6039 11.0528 10.8013 10.4382 9.7211 8.7754 7.9197 7.2668 6.8867 6.6030 6.3658 6.1600 5.8637 5.5416 5.1087 4.6824 4.2594 3.8579 3.4624 3.0948 2.7734 2.4679 2.1867 1.9458 1.7273 1.5417 1.3765 1.2248 1.0898 0.9701 0.8627 0.7700 0.6882 0.6122 0.5450 0.4845 0.4308 0.3847 0.3438 0.3062 0.2731 0.2430
17.6091 18.5642 16.9122 15.4799 15.7048 15.5478 14.2045 12.8093 12.1813 11.9965 11.5896 10.8762 9.9364 8.9696 8.2311 7.7131 7.4012 7.1052 6.8021 6.5117 6.1301 5.7398 5.2558 4.7987 4.3616 3.9547 3.5576 3.1914 2.8723 2.5678 2.2863 2.0444 1.8231 1.6347 1.4658 1.3090 1.1683 1.0426 0.9291 0.8308 0.7438 0.6615 0.5892 0.5248 0.4671 0.4176 0.3740 0.3333 0.2973 0.2646
20.0624 18.1231 16.7890 17.2335 17.0630 15.5934 14.1153 13.4635 13.3114 12.9713 12.1337 11.1193 10.1331 9.2985 8.7219 8.3048 8.0004 7.6425 7.2477 6.8630 6.3979 5.9467 5.4220 4.9428 4.4947 4.0841 3.6864 3.3215 3.0034 2.6972 2.4144 2.1702 1.9444 1.7502 1.5745 1.4100 1.2633 1.1325 1.0130 0.9083 0.8143 0.7261 0.6482 0.5784 0.5151 0.4609 0.4136 0.3692 0.3296 0.2936
19.0333 18.2141 18.9415 18.5598 16.8680 15.4277 14.8990 14.7618 14.3742 13.5163 12.3453 11.2966 10.4608 9.8186 9.3633 8.9697 8.6054 8.1463 7.6485 7.1753 6.6408 6.1438 5.5915 5.0998 4.6457 4.2341 3.8366 3.4730 3.1550 2.8456 2.5599 2.3122 2.0808 1.8791 1.6950 1.5214 1.3683 1.2322 1.1067 0.9949 0.8931 0.7985 0.7146 0.6389 0.5692 0.5096 0.4584 0.4098 0.3663 0.3264
19.9550 20.7302 19.8107 17.9719 16.7779 16.5012 16.3780 15.8096 14.8067 13.6289 12.4984 11.6631 11.0353 10.5193 10.0813 9.6248 9.1520 8.5783 7.9875 7.4457 6.8637 6.3385 5.7714 5.2754 4.8195 4.4084 4.0109 3.6476 3.3283 3.0135 2.7233 2.4706 2.2321 2.0213 1.8273 1.6433 1.4831 1.3416 1.2096 1.0901 0.9796 0.8783 0.7879 0.7057 0.6289 0.5633 0.5079 0.4548 0.4069 0.3629
22.3129 20.6374 18.9947 18.3885 18.3567 18.1022 17.2589 16.0171 14.7837 13.7528 12.9089 12.3156 11.8051 11.2880 10.7659 10.1870 9.6014 8.9312 8.2701 7.6873 7.0820 6.5469 5.9765 5.4827 5.0289 4.6187 4.2192 3.8567 3.5365 3.2168 2.9199 2.6599 2.4122 2.1917 1.9873 1.7926 1.6230 1.4730 1.3331 1.2049 1.0847 0.9741 0.8758 0.7870 0.7036 0.6318 0.5701 0.5113 0.4584 0.4095
21.1738 20.3893 20.4480 20.4072 19.7298 18.5396 17.1785 15.9493 15.0214 14.3166 13.6689 13.1423 12.5923 11.9720 11.3211 10.6157 9.9508 9.2232 8.5206 7.9234 7.3153 6.7853 6.2194 5.7312 5.2807 4.8699 4.4651 4.1034 3.7829 3.4590 3.1530 2.8834 2.6244 2.3933 2.1783 1.9725 1.7910 1.6292 1.4801 1.3418 1.2109 1.0884 0.9805 0.8850 0.7956 0.7175 0.6472 0.5814 0.5225 0.4681
22.7161 22.7587 22.1306 20.9183 19.5232 18.2966 17.3168 16.5262 15.8834 15.2628 14.5440 13.8911 13.2042 12.4656 11.7161 10.9333 10.2393 9.4960 8.7796 8.1876 7.5887 7.0709 6.5113 6.0277 5.5771 5.1619 4.7478 4.3852 4.0626 3.7326 3.4153 3.1340 2.8615 2.6183 2.3914 2.1735 1.9787 1.8038 1.6445 1.4952 1.3525 1.2164 1.0980 0.9953 0.8999 0.8150 0.7348 0.6612 0.5957 0.5350
24.4111 23.0507 21.7133 20.5967 19.7321 19.0502 18.3960 17.6679 16.9047 16.0794 15.1522 14.3440 13.5600 12.7606 11.9788 11.1801 10.4979 9.7660 9.0533 8.4757 7.8893 7.3849 6.8307 6.3500 5.8957 5.4730 5.0468 4.6793 4.3526 4.0164 3.6890 3.3974 3.1123 2.8578 2.6197 2.3904 2.1829 1.9949 1.8236 1.6631 1.5094 1.3619 1.2337 1.1228 1.0196 0.9269 0.8366 0.7546 0.6818 0.6141
24.1495 23.3111 22.6295 21.9689 21.2584 20.4580 19.5373 18.5070 17.4711 16.4367 15.3934 14.5395 13.7594 12.9445 12.1680 11.3857 10.7226 10.0065 9.3084 8.7451 8.1680 7.6737 7.1250 6.6486 6.1902 5.7599 5.3220 4.9421 4.6085 4.2690 3.9397 3.6454 3.3536 3.0927 2.8477 2.6118 2.3955 2.1974 2.0099 1.8394 1.6800 1.5305 1.3967 1.2752 1.1601 1.0571 0.9591 0.8686 0.7877 0.7121
26.3298 25.4446 24.4467 23.3660 22.2599 21.1320 19.9756 18.7988 17.6734 16.5942 15.5655 14.7596 14.0422 13.2340 12.4649 11.6889 11.0338 10.3215 9.6280 9.0687 8.4917 8.0005 7.4524 6.9772 6.5119 6.0714 5.6191 5.2244 4.8830 4.5403 4.2095 3.9129 3.6147 3.3477 3.0962 2.8540 2.6290 2.4204 2.2151 2.0340 1.8696 1.7199 1.5811 1.4480 1.3196 1.2052 1.0991 0.9996 0.9099 0.8256
27.4005 26.1486 24.9034 23.6899 22.5432 21.4100 20.2678 19.1175 17.9968 16.9140 15.9083 15.1408 14.4649 13.6360 12.8464 12.0505 11.3857 10.6633 9.9636 9.3988 8.8143 8.3212 7.7704 7.2945 6.8227 6.3727 5.9070 5.4971 5.1476 4.8021 4.4700 4.1718 3.8686 3.5970 3.3404 3.0930 2.8602 2.6419 2.4190 2.2281 2.0599 1.9114 1.7688 1.6244 1.4825 1.3570 1.2435 1.1352 1.0369 0.9439
27.1552 25.9966 24.8502 23.6998 22.5744 21.4585 20.3385 19.2372 18.1404 17.0661 16.0433 15.2585 14.5632 13.7200 12.9137 12.0994 11.4390 10.7166 10.0068 9.4274 8.8296 8.3296 7.7708 7.2890 6.8289 6.3890 5.9319 5.5163 5.1612 4.8097 4.4705 4.1684 3.8674 3.6003 3.3473 3.0986 2.8639 2.6438 2.4219 2.2319 2.0641 1.9118 1.7664 1.6211 1.4799 1.3556 1.2442 1.1364 1.0380 0.9447
