0.0533 0.0544 0.0562 0.0556 0.0492 0.0494 0.0476 0.0439 0.0434 0.0392 0.0378 0.0351 0.0315 0.0300 0.0275 0.0247 0.0228 0.0208 0.0186 0.0169 0.0154 0.0140 0.0125 0.0112 0.0100 0.0090 0.0082 0.0074 0.0067 0.0060 0.0053 0.0047 0.0042 0.0037 0.0033 0.0030 0.0027 0.0024 0.0021 0.0019 0.0017 0.0015 0.0014 0.0012 0.0011 0.0010 0.0009 0.0008 0.0007 0.0006
0.1598 0.1628 0.1681 0.1671 0.1481 0.1481 0.1432 0.1317 0.1302 0.1177 0.1136 0.1051 0.0947 0.0902 0.0826 0.0742 0.0683 0.0623 0.0559 0.0506 0.0461 0.0420 0.0376 0.0335 0.0301 0.0271 0.0247 0.0223 0.0202 0.0181 0.0160 0.0142 0.0126 0.0112 0.0100 0.0089 0.0080 0.0072 0.0064 0.0057 0.0051 0.0046 0.0042 0.0037 0.0034 0.0030 0.0027 0.0024 0.0022 0.0019
0.2668 0.2702 0.2784 0.2796 0.2485 0.2462 0.2393 0.2195 0.2171 0.1962 0.1899 0.1750 0.1580 0.1508 0.1378 0.1237 0.1138 0.1040 0.0933 0.0844 0.0768 0.0700 0.0626 0.0559 0.0501 0.0452 0.0411 0.0372 0.0337 0.0301 0.0266 0.0236 0.0209 0.0186 0.0166 0.0148 0.0134 0.0120 0.0107 0.0096 0.0086 0.0077 0.0070 0.0062 0.0056 0.0050 0.0045 0.0040 0.0036 0.0032
0.3761 0.3771 0.3864 0.3929 0.3518 0.3436 0.3364 0.3074 0.3040 0.2748 0.2667 0.2447 0.2217 0.2120 0.1931 0.1730 0.1595 0.1458 0.1307 0.1181 0.1075 0.0980 0.0876 0.0781 0.0702 0.0634 0.0576 0.0521 0.0471 0.0420 0.0372 0.0330 0.0292 0.0260 0.0232 0.0208 0.0187 0.0169 0.0151 0.0135 0.0121 0.0109 0.0097 0.0088 0.0079 0.0071 0.0063 0.0056 0.0050 0.0045
0.4916 0.4853 0.4922 0.5058 0.4595 0.4410 0.4344 0.3961 0.3908 0.3540 0.3442 0.3139 0.2860 0.2741 0.2486 0.2222 0.2054 0.1881 0.1682 0.1517 0.1381 0.1260 0.1125 0.1003 0.0901 0.0815 0.0741 0.0669 0.0605 0.0538 0.0476 0.0422 0.0373 0.0334 0.0298 0.0267 0.0241 0.0218 0.0194 0.0174 0.0156 0.0140 0.0126 0.0113 0.0101 0.0091 0.0081 0.0072 0.0065 0.0058
0.6176 0.5985 0.5975 0.6162 0.5723 0.5393 0.5332 0.4864 0.4771 0.4341 0.4217 0.3825 0.3516 0.3374 0.3039 0.2713 0.2521 0.2310 0.2058 0.1853 0.1688 0.1539 0.1373 0.1224 0.1101 0.0996 0.0906 0.0817 0.0737 0.0655 0.0578 0.0513 0.0454 0.0407 0.0365 0.0327 0.0296 0.0267 0.0238 0.0213 0.0191 0.0172 0.0154 0.0138 0.0124 0.0111 0.0099 0.0088 0.0079 0.0071
0.7549 0.7204 0.7062 0.7225 0.6894 0.6401 0.6330 0.5787 0.5630 0.5152 0.4985 0.4505 0.4187 0.4014 0.3582 0.3206 0.3000 0.2746 0.2433 0.2186 0.1994 0.1819 0.1621 0.1444 0.1300 0.1177 0.1071 0.0964 0.0867 0.0769 0.0678 0.0602 0.0535 0.0480 0.0431 0.0388 0.0351 0.0317 0.0283 0.0253 0.0226 0.0203 0.0182 0.0163 0.0146 0.0131 0.0117 0.0104 0.0093 0.0084
0.8971 0.8507 0.8220 0.8259 0.8074 0.7433 0.7352 0.6724 0.6493 0.5967 0.5737 0.5180 0.4874 0.4649 0.4107 0.3706 0.3498 0.3186 0.2804 0.2519 0.2303 0.2100 0.1868 0.1663 0.1498 0.1357 0.1233 0.1108 0.0994 0.0880 0.0776 0.0691 0.0615 0.0554 0.0499 0.0449 0.0407 0.0367 0.0328 0.0292 0.0261 0.0235 0.0210 0.0188 0.0168 0.0150 0.0134 0.0119 0.0107 0.0096
1.0342 0.9819 0.9438 0.9312 0.9212 0.8469 0.8413 0.7651 0.7378 0.6774 0.6470 0.5851 0.5564 0.5253 0.4610 0.4225 0.4015 0.3622 0.3164 0.2850 0.2615 0.2383 0.2114 0.1880 0.1694 0.1535 0.1393 0.1247 0.1117 0.0988 0.0873 0.0779 0.0696 0.0629 0.0568 0.0512 0.0463 0.0418 0.0373 0.0332 0.0296 0.0265 0.0237 0.0212 0.0190 0.0169 0.0151 0.0134 0.0120 0.0108
1.1657 1.1069 1.0623 1.0407 1.0279 0.9469 0.9487 0.8544 0.8300 0.7552 0.7191 0.6511 0.6231 0.5800 0.5097 0.4773 0.4535 0.4031 0.3509 0.3185 0.2935 0.2667 0.2357 0.2094 0.1888 0.1710 0.1548 0.1383 0.1236 0.1095 0.0970 0.0869 0.0779 0.0705 0.0638 0.0574 0.0519 0.0468 0.0416 0.0369 0.0329 0.0294 0.0262 0.0235 0.0210 0.0187 0.0167 0.0149 0.0133 0.0120
1.2981 1.2377 1.1667 1.1475 1.1313 1.0419 1.0468 0.9444 0.9244 0.8311 0.7931 0.7158 0.6864 0.6298 0.5603 0.5353 0.5033 0.4407 0.3856 0.3545 0.3274 0.2960 0.2606 0.2315 0.2088 0.1889 0.1706 0.1521 0.1360 0.1207 0.1073 0.0964 0.0867 0.0786 0.0709 0.0638 0.0575 0.0516 0.0458 0.0406 0.0361 0.0323 0.0288 0.0257 0.0230 0.0206 0.0183 0.0164 0.0146 0.0132
1.4110 1.3891 1.2685 1.2354 1.2340 1.1354 1.1191 1.0452 1.0091 0.9095 0.8701 0.7798 0.7478 0.6789 0.6157 0.5933 0.5471 0.4759 0.4238 0.3949 0.3639 0.3265 0.2865 0.2550 0.2303 0.2081 0.1874 0.1670 0.1496 0.1331 0.1187 0.1069 0.0961 0.0870 0.0784 0.0702 0.0631 0.0565 0.0500 0.0443 0.0394 0.0352 0.0314 0.0281 0.0252 0.0226 0.0201 0.0180 0.0161 0.0145
1.4533 1.5058 1.4088 1.2960 1.3212 1.2366 1.1606 1.1538 1.0634 0.9959 0.9429 0.8428 0.8090 0.7284 0.6714 0.6425 0.5816 0.5109 0.4664 0.4371 0.3988 0.3550 0.3118 0.2789 0.2524 0.2278 0.2047 0.1825 0.1638 0.1461 0.1305 0.1175 0.1055 0.0952 0.0855 0.0763 0.0683 0.0610 0.0541 0.0479 0.0426 0.0381 0.0341 0.0306 0.0275 0.0246 0.0220 0.0197 0.0176 0.0159
1.4507 1.5034 1.5607 1.3719 1.3739 1.3524 1.1995 1.2468 1.0971 1.0934 1.0019 0.9111 0.8726 0.7803 0.7251 0.6838 0.6160 0.5536 0.5129 0.4762 0.4286 0.3808 0.3372 0.3039 0.2753 0.2480 0.2226 0.1986 0.1786 0.1596 0.1425 0.1280 0.1145 0.1030 0.0922 0.0821 0.0734 0.0656 0.0582 0.0517 0.0461 0.0413 0.0370 0.0333 0.0300 0.0269 0.0240 0.0215 0.0193 0.0174
1.5324 1.4783 1.5946 1.5279 1.3989 1.4576 1.2855 1.3127 1.1612 1.1797 1.0479 0.9897 0.9362 0.8375 0.7825 0.7314 0.6646 0.6054 0.5561 0.5071 0.4543 0.4080 0.3659 0.3314 0.2995 0.2688 0.2408 0.2154 0.1941 0.1734 0.1546 0.1385 0.1236 0.1109 0.0991 0.0882 0.0789 0.0706 0.0629 0.0560 0.0501 0.0450 0.0403 0.0364 0.0328 0.0295 0.0263 0.0235 0.0211 0.0190
1.7517 1.6164 1.5915 1.6752 1.4940 1.5264 1.4314 1.3805 1.2784 1.2492 1.1232 1.0759 0.9990 0.9069 0.8507 0.7937 0.7250 0.6551 0.5920 0.5391 0.4906 0.4473 0.4023 0.3617 0.3239 0.2894 0.2595 0.2328 0.2102 0.1879 0.1672 0.1494 0.1331 0.1194 0.1069 0.0952 0.0854 0.0766 0.0684 0.0610 0.0547 0.0491 0.0440 0.0397 0.0358 0.0322 0.0286 0.0256 0.0229 0.0206
1.9148 1.8394 1.7549 1.7780 1.6938 1.6291 1.5687 1.4846 1.4171 1.3655 1.2396 1.1597 1.0851 0.9895 0.9180 0.8563 0.7799 0.7010 0.6413 0.5980 0.5507 0.4978 0.4391 0.3888 0.3465 0.3107 0.2802 0.2526 0.2283 0.2035 0.1805 0.1610 0.1433 0.1287 0.1154 0.1029 0.0924 0.0829 0.0741 0.0661 0.0592 0.0531 0.0475 0.0428 0.0386 0.0346 0.0308 0.0274 0.0245 0.0220
2.0766 2.0241 1.9342 1.9435 1.8369 1.7917 1.7072 1.6414 1.5113 1.4585 1.3165 1.2967 1.2098 1.0619 0.9870 0.9229 0.8310 0.7520 0.7008 0.6526 0.5873 0.5195 0.4578 0.4133 0.3772 0.3437 0.3112 0.2792 0.2501 0.2211 0.1949 0.1732 0.1540 0.1383 0.1239 0.1104 0.0989 0.0885 0.0790 0.0704 0.0630 0.0563 0.0503 0.0453 0.0409 0.0367 0.0326 0.0291 0.0260 0.0234
2.0512 2.1269 2.0250 1.9212 1.9604 1.7903 1.7998 1.6427 1.6201 1.4859 1.4044 1.3241 1.2078 1.1321 1.0536 0.9582 0.8798 0.8110 0.7365 0.6639 0.5990 0.5472 0.4964 0.4496 0.4034 0.3598 0.3218 0.2887 0.2615 0.2348 0.2101 0.1887 0.1685 0.1512 0.1350 0.1196 0.1066 0.0949 0.0844 0.0752 0.0672 0.0600 0.0537 0.0484 0.0437 0.0392 0.0349 0.0312 0.0279 0.0251
2.1414 2.1617 2.2102 2.0301 2.0560 1.9298 1.8862 1.7592 1.7169 1.5724 1.5066 1.4003 1.2882 1.2104 1.1176 1.0193 0.9408 0.8642 0.7816 0.7068 0.6415 0.5871 0.5308 0.4787 0.4294 0.3840 0.3450 0.3099 0.2808 0.2520 0.2254 0.2022 0.1803 0.1617 0.1443 0.1279 0.1141 0.1017 0.0905 0.0807 0.0722 0.0646 0.0577 0.0519 0.0468 0.0420 0.0374 0.0334 0.0299 0.0269
2.3855 2.2212 2.3040 2.2158 2.1147 2.0951 1.9591 1.8953 1.8005 1.6743 1.6063 1.4789 1.3749 1.2883 1.1837 1.0848 1.0028 0.9170 0.8284 0.7530 0.6865 0.6279 0.5652 0.5080 0.4564 0.4098 0.3699 0.3325 0.3010 0.2697 0.2410 0.2160 0.1924 0.1724 0.1539 0.1366 0.1219 0.1088 0.0969 0.0865 0.0775 0.0693 0.0619 0.0556 0.0501 0.0449 0.0400 0.0357 0.0320 0.0288
2.5767 2.4328 2.3332 2.4047 2.2041 2.2384 2.0524 2.0309 1.8816 1.7904 1.7010 1.5637 1.4660 1.3665 1.2541 1.1537 1.0649 0.9706 0.8784 0.8025 0.7331 0.6689 0.5998 0.5381 0.4851 0.4377 0.3967 0.3564 0.3220 0.2879 0.2568 0.2300 0.2047 0.1834 0.1638 0.1456 0.1301 0.1162 0.1037 0.0926 0.0831 0.0744 0.0664 0.0595 0.0535 0.0479 0.0427 0.0382 0.0342 0.0308
2.5711 2.6689 2.4538 2.5027 2.3749 2.3302 2.1915 2.1450 1.9771 1.9131 1.7922 1.6570 1.5601 1.4469 1.3291 1.2242 1.1272 1.0269 0.9326 0.8548 0.7804 0.7098 0.6349 0.5698 0.5161 0.4678 0.4253 0.3813 0.3436 0.3063 0.2729 0.2442 0.2174 0.1949 0.1742 0.1552 0.1389 0.1242 0.1109 0.0992 0.0891 0.0797 0.0711 0.0636 0.0570 0.0511 0.0455 0.0407 0.0364 0.0328
2.6528 2.7259 2.6983 2.5451 2.5765 2.4004 2.3596 2.2343 2.0964 2.0306 1.8818 1.7566 1.6551 1.5301 1.4071 1.2955 1.1917 1.0883 0.9915 0.9089 0.8276 0.7509 0.6719 0.6049 0.5499 0.4996 0.4544 0.4068 0.3658 0.3256 0.2898 0.2592 0.2308 0.2071 0.1854 0.1654 0.1481 0.1325 0.1185 0.1061 0.0954 0.0854 0.0761 0.0680 0.0609 0.0545 0.0486 0.0434 0.0389 0.0350
2.9637 2.7533 2.8776 2.6751 2.7099 2.5180 2.5105 2.3226 2.2352 2.1368 1.9753 1.8611 1.7514 1.6158 1.4863 1.3683 1.2612 1.1556 1.0541 0.9635 0.8744 0.7932 0.7122 0.6442 0.5867 0.5328 0.4835 0.4324 0.3886 0.3460 0.3076 0.2751 0.2451 0.2204 0.1977 0.1763 0.1579 0.1412 0.1265 0.1133 0.1020 0.0913 0.0814 0.0726 0.0651 0.0583 0.0520 0.0464 0.0415 0.0374
3.1159 2.9970 2.9149 2.9112 2.7755 2.7037 2.6189 2.4420 2.3781 2.2358 2.0796 1.9722 1.8504 1.7029 1.5666 1.4455 1.3370 1.2269 1.1170 1.0174 0.9221 0.8384 0.7565 0.6872 0.6257 0.5670 0.5128 0.4582 0.4117 0.3669 0.3263 0.2919 0.2603 0.2346 0.2109 0.1881 0.1683 0.1504 0.1349 0.1210 0.1090 0.0976 0.0869 0.0775 0.0696 0.0623 0.0555 0.0496 0.0443 0.0398
3.1044 3.2496 3.0222 3.0930 2.8843 2.8911 2.7104 2.5984 2.5077 2.3364 2.1974 2.0880 1.9494 1.7902 1.6511 1.5301 1.4184 1.2991 1.1787 1.0713 0.9725 0.8881 0.8050 0.7332 0.6663 0.6016 0.5420 0.4840 0.4353 0.3888 0.3460 0.3098 0.2766 0.2498 0.2251 0.2006 0.1794 0.1601 0.1437 0.1290 0.1164 0.1041 0.0927 0.0826 0.0742 0.0665 0.0592 0.0528 0.0472 0.0424
3.3596 3.2991 3.2872 3.1681 3.0898 3.0190 2.8367 2.7668 2.6204 2.4496 2.3275 2.2039 2.0456 1.8801 1.7440 1.6225 1.5018 1.3692 1.2393 1.1277 1.0280 0.9431 0.8574 0.7810 0.7072 0.6360 0.5711 0.5102 0.4597 0.4119 0.3671 0.3292 0.2942 0.2663 0.2403 0.2141 0.1912 0.1704 0.1530 0.1375 0.1241 0.1110 0.0987 0.0879 0.0790 0.0709 0.0630 0.0562 0.0503 0.0450
3.6085 3.4017 3.4666 3.2743 3.2842 3.1064 3.0022 2.9103 2.7259 2.5813 2.4608 2.3100 2.1365 1.9774 1.8479 1.7191 1.5827 1.4365 1.3010 1.1903 1.0916 1.0045 0.9130 0.8299 0.7499 0.6731 0.6038 0.5395 0.4867 0.4368 0.3906 0.3513 0.3147 0.2850 0.2570 0.2290 0.2048 0.1828 0.1638 0.1470 0.1326 0.1187 0.1056 0.0939 0.0842 0.0755 0.0673 0.0601 0.0537 0.0481
3.6286 3.6634 3.5297 3.4841 3.4032 3.2348 3.1778 3.0266 2.8464 2.7310 2.5881 2.4068 2.2327 2.0883 1.9587 1.8125 1.6583 1.5038 1.3684 1.2607 1.1612 1.0686 0.9688 0.8779 0.7921 0.7107 0.6379 0.5708 0.5159 0.4640 0.4161 0.3752 0.3368 0.3049 0.2746 0.2446 0.2190 0.1957 0.1751 0.1570 0.1415 0.1267 0.1128 0.1003 0.0897 0.0803 0.0718 0.0641 0.0573 0.0514
3.7869 3.8108 3.6669 3.6710 3.4995 3.4109 3.3237 3.1351 2.9939 2.8838 2.6988 2.5013 2.3439 2.2107 2.0670 1.8975 1.7312 1.5767 1.4449 1.3382 1.2339 1.1325 1.0231 0.9248 0.8347 0.7499 0.6743 0.6047 0.5478 0.4935 0.4436 0.4008 0.3603 0.3258 0.2931 0.2610 0.2338 0.2092 0.1869 0.1673 0.1508 0.1351 0.1203 0.1069 0.0954 0.0852 0.0765 0.0684 0.0611 0.0548
4.0174 3.8914 3.8737 3.7848 3.6388 3.5884 3.4346 3.2632 3.1612 3.0186 2.7947 2.6089 2.4729 2.3334 2.1638 1.9760 1.8089 1.6605 1.5306 1.4198 1.3059 1.1938 1.0755 0.9718 0.8792 0.7922 0.7144 0.6421 0.5827 0.5253 0.4730 0.4279 0.3849 0.3477 0.3123 0.2779 0.2491 0.2233 0.1991 0.1781 0.1605 0.1440 0.1282 0.1139 0.1014 0.0905 0.0815 0.0730 0.0652 0.0584
4.1187 4.0318 4.0313 3.8800 3.8212 3.7295 3.5389 3.4248 3.3189 3.1242 2.8992 2.7454 2.6112 2.4433 2.2503 2.0608 1.9048 1.7633 1.6293 1.5062 1.3783 1.2561 1.1314 1.0250 0.9312 0.8426 0.7625 0.6872 0.6243 0.5626 0.5069 0.4587 0.4124 0.3725 0.3345 0.2976 0.2666 0.2388 0.2131 0.1906 0.1716 0.1540 0.1374 0.1223 0.1090 0.0973 0.0875 0.0783 0.0700 0.0628
4.1830 4.2149 4.1131 4.0186 3.9977 3.8187 3.6771 3.6026 3.4373 3.2180 3.0313 2.8964 2.7347 2.5348 2.3355 2.1588 2.0150 1.8726 1.7267 1.5879 1.4470 1.3178 1.1901 1.0830 0.9887 0.8983 0.8151 0.7357 0.6683 0.6015 0.5421 0.4906 0.4407 0.3981 0.3576 0.3182 0.2849 0.2550 0.2278 0.2038 0.1833 0.1647 0.1472 0.1313 0.1171 0.1045 0.0940 0.0841 0.0751 0.0674
4.3371 4.3255 4.1778 4.2189 4.0879 3.9148 3.8662 3.7409 3.5187 3.3374 3.1907 3.0355 2.8325 2.6192 2.4338 2.2737 2.1333 1.9799 1.8180 1.6646 1.5147 1.3826 1.2544 1.1475 1.0522 0.9587 0.8712 0.7866 0.7140 0.6415 0.5782 0.5233 0.4700 0.4246 0.3817 0.3397 0.3042 0.2722 0.2434 0.2179 0.1958 0.1762 0.1576 0.1410 0.1258 0.1123 0.1009 0.0903 0.0806 0.0724
4.5173 4.3178 4.3932 4.3292 4.1332 4.1046 4.0324 3.8136 3.6209 3.5038 3.3492 3.1462 2.9215 2.7222 2.5579 2.4035 2.2526 2.0819 1.9053 1.7432 1.5899 1.4577 1.3288 1.2203 1.1220 1.0238 0.9308 0.8401 0.7622 0.6845 0.6168 0.5584 0.5016 0.4534 0.4080 0.3635 0.3257 0.2918 0.2613 0.2341 0.2105 0.1895 0.1697 0.1520 0.1358 0.1213 0.1089 0.0974 0.0871 0.0782
4.4457 4.5527 4.5412 4.3272 4.3242 4.3008 4.0922 3.8971 3.7972 3.6841 3.4722 3.2397 3.0333 2.8620 2.7071 2.5402 2.3690 2.1812 1.9954 1.8324 1.6805 1.5483 1.4158 1.3018 1.1974 1.0930 0.9942 0.8971 0.8145 0.7330 0.6603 0.5977 0.5373 0.4861 0.4377 0.3907 0.3512 0.3156 0.2829 0.2539 0.2288 0.2060 0.1844 0.1648 0.1476 0.1322 0.1186 0.1062 0.0949 0.0853
4.7016 4.7096 4.4764 4.5310 4.5460 4.3315 4.1431 4.0820 3.9978 3.8088 3.5546 3.3436 3.1780 3.0226 2.8566 2.6667 2.4771 2.2799 2.0920 1.9318 1.7816 1.6474 1.5083 1.3866 1.2746 1.1633 1.0588 0.9555 0.8685 0.7838 0.7063 0.6395 0.5756 0.5212 0.4699 0.4203 0.3789 0.3416 0.3066 0.2755 0.2489 0.2241 0.2004 0.1788 0.1605 0.1440 0.1292 0.1157 0.1035 0.0930
4.8173 4.5814 4.7237 4.7698 4.5274 4.3597 4.3466 4.3029 4.1183 3.8737 3.6495 3.4919 3.3517 3.1847 2.9936 2.7829 2.5843 2.3861 2.1999 2.0424 1.8912 1.7520 1.6038 1.4727 1.3527 1.2347 1.1250 1.0159 0.9253 0.8380 0.7556 0.6845 0.6171 0.5594 0.5050 0.4525 0.4091 0.3700 0.3324 0.2992 0.2709 0.2439 0.2179 0.1940 0.1745 0.1569 0.1408 0.1261 0.1129 0.1014
4.6957 4.9478 4.9532 4.7042 4.5968 4.6427 4.6037 4.4220 4.1871 3.9947 3.8305 3.6926 3.5329 3.3367 3.1255 2.9086 2.7123 2.5177 2.3322 2.1713 2.0133 1.8669 1.7104 1.5720 1.4451 1.3209 1.2060 1.0908 0.9943 0.9000 0.8142 0.7403 0.6692 0.6078 0.5496 0.4939 0.4472 0.4049 0.3634 0.3269 0.2960 0.2670 0.2392 0.2141 0.1930 0.1737 0.1559 0.1397 0.1251 0.1124
5.1831 5.0452 4.8194 4.8585 4.9564 4.8842 4.6730 4.4700 4.3290 4.2199 4.0629 3.8890 3.6878 3.4704 3.2563 3.0468 2.8578 2.6655 2.4766 2.3080 2.1403 1.9860 1.8218 1.6773 1.5446 1.4150 1.2953 1.1739 1.0709 0.9683 0.8792 0.8025 0.7275 0.6620 0.5996 0.5402 0.4898 0.4437 0.3977 0.3575 0.3235 0.2924 0.2629 0.2367 0.2138 0.1927 0.1730 0.1551 0.1389 0.1249
5.0260 4.9630 5.1576 5.2490 5.1017 4.8801 4.7329 4.6670 4.6042 4.4852 4.2649 4.0398 3.8162 3.6029 3.4023 3.2051 3.0208 2.8259 2.6293 2.4502 2.2719 2.1102 1.9394 1.7900 1.6521 1.5174 1.3929 1.2651 1.1549 1.0430 0.9503 0.8706 0.7912 0.7212 0.6542 0.5909 0.5364 0.4861 0.4351 0.3907 0.3535 0.3200 0.2888 0.2616 0.2368 0.2137 0.1919 0.1721 0.1542 0.1388
5.2976 5.5021 5.4365 5.2306 5.0799 5.0431 5.0436 4.9944 4.8626 4.6641 4.3993 4.1668 3.9559 3.7614 3.5755 3.3855 3.1979 2.9946 2.7885 2.6012 2.4148 2.2454 2.0673 1.9124 1.7693 1.6292 1.4995 1.3665 1.2513 1.1331 1.0342 0.9491 0.8641 0.7889 0.7168 0.6491 0.5906 0.5362 0.4811 0.4330 0.3926 0.3560 0.3219 0.2923 0.2651 0.2396 0.2155 0.1935 0.1736 0.1564
5.7107 5.4957 5.3621 5.3770 5.4371 5.4505 5.3686 5.2013 4.9901 4.7698 4.5331 4.3331 4.1445 3.9597 3.7754 3.5829 3.3842 3.1692 2.9543 2.7623 2.5709 2.3930 2.2066 2.0450 1.8962 1.7500 1.6145 1.4778 1.3600 1.2388 1.1312 1.0382 0.9465 0.8654 0.7877 0.7155 0.6530 0.5948 0.5364 0.4853 0.4422 0.4015 0.3633 0.3297 0.2994 0.2712 0.2443 0.2199 0.1977 0.1785
5.6326 5.7321 5.8359 5.8580 5.7752 5.6408 5.4783 5.3002 5.1207 4.9427 4.7489 4.5678 4.3784 4.1831 3.9877 3.7868 3.5748 3.3486 3.1266 2.9317 2.7364 2.5501 2.3551 2.1864 2.0315 1.8789 1.7372 1.5967 1.4766 1.3528 1.2358 1.1343 1.0356 0.9482 0.8647 0.7879 0.7213 0.6591 0.5977 0.5435 0.4977 0.4526 0.4097 0.3718 0.3381 0.3068 0.2770 0.2498 0.2251 0.2036
6.3095 6.2707 6.1351 5.9802 5.8401 5.7412 5.6508 5.5328 5.3889 5.2203 5.0271 4.8305 4.6186 4.4003 4.1860 3.9702 3.7496 3.5169 3.2906 3.0946 2.8966 2.7040 2.5010 2.3251 2.1645 2.0068 1.8609 1.7174 1.5951 1.4680 1.3432 1.2348 1.1303 1.0380 0.9494 0.8675 0.7963 0.7297 0.6650 0.6076 0.5589 0.5095 0.4620 0.4194 0.3823 0.3478 0.3150 0.2848 0.2574 0.2333
6.4745 6.3662 6.2896 6.2376 6.1855 6.1194 6.0169 5.8589 5.6847 5.4928 5.2823 5.0660 4.8343 4.5921 4.3517 4.1058 3.8843 3.6521 3.4249 3.2287 3.0297 2.8357 2.6264 2.4436 2.2788 2.1202 1.9760 1.8308 1.7054 1.5722 1.4450 1.3351 1.2286 1.1357 1.0452 0.9566 0.8795 0.8073 0.7385 0.6771 0.6248 0.5727 0.5215 0.4744 0.4341 0.3967 0.3611 0.3280 0.2975 0.2706
6.9486 6.9062 6.8454 6.7622 6.6512 6.5016 6.3185 6.0944 5.8932 5.6950 5.4878 5.2699 5.0319 4.7749 4.5136 4.2398 4.0190 3.7883 3.5609 3.3649 3.1651 2.9699 2.7543 2.5647 2.3959 2.2371 2.0957 1.9495 1.8216 1.6822 1.5531 1.4424 1.3345 1.2419 1.1499 1.0543 0.9708 0.8926 0.8195 0.7541 0.6981 0.6434 0.5883 0.5363 0.4927 0.4524 0.4139 0.3775 0.3437 0.3138
7.4363 7.3023 7.1786 7.0491 6.9033 6.7155 6.4995 6.2500 6.0502 5.8641 5.6721 5.4592 5.2182 4.9472 4.6650 4.3637 4.1430 3.9137 3.6864 3.4908 3.2906 3.0948 2.8730 2.6765 2.5038 2.3456 2.2080 2.0615 1.9321 1.7880 1.6575 1.5464 1.4378 1.3460 1.2533 1.1507 1.0613 0.9773 0.9004 0.8311 0.7716 0.7145 0.6560 0.5992 0.5524 0.5092 0.4682 0.4287 0.3917 0.3587
7.4104 7.2928 7.1854 7.0632 6.9117 6.7255 6.5120 6.2650 6.0585 5.8631 5.6698 5.4572 5.2174 4.9394 4.6556 4.3581 4.1342 3.9042 3.6817 3.4881 3.2889 3.0934 2.8669 2.6640 2.4873 2.3294 2.1950 2.0493 1.9245 1.7897 1.6579 1.5450 1.4365 1.3433 1.2490 1.1465 1.0585 0.9764 0.9000 0.8300 0.7690 0.7120 0.6540 0.5984 0.5511 0.5078 0.4680 0.4289 0.3920 0.3590
