0.1567 0.0319 0.1060 0.3907 0.2693 0.0328 0.3707 0.0308 0.3127 0.0421 0.2888 0.0680 0.0851 0.1863 0.0816 0.0202 0.0430 0.1125 0.1700 0.1460 0.0689 0.0238 0.0414 0.0821 0.0978 0.0782 0.0417 0.0123 0.0022 0.0100 0.0269 0.0438 0.0549 0.0580 0.0549 0.0467 0.0368 0.0266 0.0177 0.0107 0.0058 0.0027 0.0011 0.0007 0.0010 0.0018 0.0029 0.0039 0.0049 0.0058
0.5190 0.1118 0.2871 1.1482 0.8389 0.0863 1.1089 0.1022 0.9310 0.1304 0.8669 0.1936 0.2639 0.5546 0.2355 0.0607 0.1357 0.3447 0.5134 0.4371 0.2046 0.0703 0.1238 0.2452 0.2911 0.2318 0.1227 0.0359 0.0065 0.0306 0.0816 0.1322 0.1650 0.1741 0.1644 0.1399 0.1099 0.0795 0.0528 0.0320 0.0172 0.0080 0.0034 0.0021 0.0031 0.0055 0.0086 0.0118 0.0148 0.0175
1.0341 0.2544 0.3846 1.8260 1.4974 0.1117 1.8303 0.2078 1.5241 0.2338 1.4436 0.2901 0.4681 0.9084 0.3628 0.1032 0.2490 0.5981 0.8662 0.7247 0.3333 0.1134 0.2049 0.4047 0.4772 0.3768 0.1969 0.0561 0.0110 0.0535 0.1391 0.2229 0.2764 0.2904 0.2733 0.2320 0.1819 0.1313 0.0870 0.0525 0.0282 0.0131 0.0055 0.0035 0.0053 0.0094 0.0145 0.0199 0.0249 0.0294
1.8133 0.5466 0.3758 2.3476 2.2873 0.1167 2.5011 0.3853 2.0630 0.3708 2.0092 0.3433 0.7137 1.2332 0.4491 0.1549 0.3985 0.8847 1.2304 1.0033 0.4489 0.1502 0.2835 0.5579 0.6509 0.5073 0.2598 0.0710 0.0158 0.0803 0.2014 0.3175 0.3901 0.4072 0.3815 0.3225 0.2519 0.1813 0.1197 0.0719 0.0384 0.0177 0.0074 0.0049 0.0076 0.0134 0.0207 0.0282 0.0352 0.0415
2.9442 1.1258 0.2992 2.6153 3.2146 0.1501 3.0570 0.6911 2.5025 0.5712 2.5408 0.3484 1.0142 1.5084 0.4866 0.2308 0.6009 1.2116 1.6018 1.2622 0.5429 0.1776 0.3584 0.7019 0.8071 0.6177 0.3074 0.0793 0.0221 0.1132 0.2709 0.4179 0.5070 0.5249 0.4886 0.4109 0.3194 0.2288 0.1503 0.0897 0.0475 0.0218 0.0092 0.0064 0.0101 0.0178 0.0272 0.0370 0.0458 0.0539
4.4096 2.1531 0.2880 2.5338 4.2190 0.3144 3.4002 1.1992 2.7809 0.8776 2.9990 0.3143 1.3764 1.7073 0.4793 0.3557 0.8723 1.5781 1.9662 1.4845 0.6046 0.1922 0.4290 0.8343 0.9412 0.7030 0.3367 0.0805 0.0313 0.1549 0.3505 0.5263 0.6287 0.6440 0.5946 0.4968 0.3839 0.2733 0.1784 0.1056 0.0554 0.0251 0.0106 0.0079 0.0130 0.0226 0.0342 0.0462 0.0570 0.0667
5.9648 3.7225 0.5874 2.0666 5.1423 0.7627 3.4151 1.9864 2.8283 1.3417 3.3277 0.2687 1.7952 1.8011 0.4487 0.5636 1.2229 1.9697 2.2965 1.6456 0.6217 0.1925 0.4969 0.9547 1.0503 0.7602 0.3463 0.0755 0.0463 0.2090 0.4432 0.6451 0.7565 0.7651 0.6997 0.5799 0.4449 0.3145 0.2036 0.1195 0.0619 0.0277 0.0119 0.0096 0.0161 0.0279 0.0418 0.0559 0.0686 0.0801
7.0526 5.6960 1.5102 1.3212 5.7224 1.6599 3.0115 3.0988 2.5888 2.0127 3.4595 0.2603 2.2471 1.7670 0.4396 0.8927 1.6483 2.3528 2.5509 1.7150 0.5831 0.1816 0.5690 1.0678 1.1359 0.7897 0.3375 0.0672 0.0708 0.2792 0.5524 0.7768 0.8920 0.8891 0.8040 0.6602 0.5022 0.3520 0.2258 0.1310 0.0669 0.0295 0.0129 0.0114 0.0198 0.0338 0.0501 0.0664 0.0809 0.0940
6.9248 7.5300 3.2827 0.6292 5.6498 3.0942 2.2022 4.4969 2.0585 2.9163 3.3306 0.3570 2.6864 1.6023 0.5221 1.3729 2.1187 2.6704 2.6751 1.6614 0.4848 0.1719 0.6612 1.1857 1.2058 0.7971 0.3153 0.0604 0.1094 0.3695 0.6809 0.9231 1.0360 1.0162 0.9076 0.7374 0.5555 0.3856 0.2447 0.1401 0.0704 0.0305 0.0137 0.0135 0.0240 0.0404 0.0591 0.0776 0.0940 0.1085
5.1463 8.2805 5.7735 0.5429 4.7193 4.9455 1.1975 5.9903 1.3382 4.0234 2.9053 0.6359 3.0466 1.3417 0.7853 2.0074 2.5680 2.8442 2.6121 1.4643 0.3388 0.1919 0.8032 1.3323 1.2773 0.7948 0.2889 0.0619 0.1666 0.4824 0.8299 1.0840 1.1881 1.1456 1.0095 0.8109 0.6044 0.4150 0.2602 0.1469 0.0725 0.0309 0.0145 0.0161 0.0289 0.0479 0.0690 0.0897 0.1077 0.1237
2.3690 7.0503 8.2160 1.6530 3.0541 6.7725 0.4631 7.1972 0.6824 5.2153 2.2108 1.1666 3.2569 1.0746 1.3172 2.7495 2.8928 2.7922 2.3262 1.1336 0.1858 0.2922 1.0416 1.5455 1.3786 0.8028 0.2710 0.0785 0.2447 0.6173 0.9973 1.2574 1.3463 1.2760 1.1089 0.8799 0.6484 0.4401 0.2723 0.1512 0.0731 0.0307 0.0154 0.0191 0.0346 0.0563 0.0799 0.1028 0.1225 0.1399
0.6690 3.9813 9.2479 4.1831 1.2945 7.8496 0.6450 7.5971 0.5068 6.2570 1.3718 1.9862 3.2636 0.9444 2.1656 3.4791 2.9640 2.4596 1.8347 0.7321 0.1041 0.5444 1.4338 1.8684 1.5412 0.8424 0.2736 0.1142 0.3413 0.7679 1.1750 1.4353 1.5039 1.4019 1.2017 0.9418 0.6858 0.4596 0.2804 0.1529 0.0723 0.0301 0.0165 0.0229 0.0414 0.0659 0.0922 0.1172 0.1386 0.1573
2.3389 1.0914 7.6709 7.5086 0.5291 7.4756 2.2736 6.7466 1.2965 6.8035 0.6361 3.0687 3.0552 1.1194 3.2797 3.9918 2.6636 1.8706 1.2500 0.3962 0.2094 1.0252 2.0227 2.3249 1.7793 0.9221 0.2988 0.1636 0.4447 0.9177 1.3449 1.5997 1.6445 1.5100 1.2776 0.9891 0.7115 0.4705 0.2825 0.1510 0.0697 0.0289 0.0181 0.0278 0.0495 0.0771 0.1060 0.1331 0.1560 0.1759
7.3261 1.4883 3.8605 9.9704 1.8235 5.4966 5.2962 4.6447 3.3622 6.4812 0.3726 4.3087 2.6959 1.7391 4.4719 4.0494 1.9795 1.2108 0.8232 0.3365 0.6235 1.7706 2.7945 2.8854 2.0670 1.0228 0.3306 0.2093 0.5343 1.0438 1.4836 1.7289 1.7498 1.5854 1.3251 1.0135 0.7199 0.4692 0.2767 0.1445 0.0650 0.0275 0.0205 0.0341 0.0595 0.0902 0.1217 0.1508 0.1750 0.1959
11.8930 6.3539 0.7760 9.5279 5.4452 2.7360 8.7352 2.0914 6.4499 5.0725 1.0149 5.5052 2.3113 2.8198 5.4129 3.4810 1.1096 0.8730 0.9261 0.7747 1.3871 2.6869 3.5973 3.4034 2.2957 1.0758 0.3287 0.2268 0.5916 1.1291 1.5747 1.8076 1.8057 1.6167 1.3354 1.0088 0.7066 0.4530 0.2616 0.1329 0.0582 0.0260 0.0243 0.0426 0.0719 0.1058 0.1399 0.1708 0.1960 0.2177
11.2047 12.3038 2.2790 5.6154 10.1201 0.8419 10.9520 0.6058 9.3947 2.8234 2.9181 6.3402 2.0251 4.1743 5.7195 2.3414 0.5314 1.4006 1.9129 1.7793 2.3083 3.4275 4.0539 3.5613 2.2504 0.9633 0.2478 0.2136 0.6348 1.1979 1.6403 1.8529 1.8249 1.6121 1.3140 0.9782 0.6740 0.4234 0.2382 0.1170 0.0501 0.0252 0.0300 0.0538 0.0874 0.1245 0.1610 0.1934 0.2195 0.2416
4.8057 13.6574 8.3884 1.2807 12.7585 1.5050 10.6440 1.4825 10.3033 0.7888 6.0564 6.3288 1.8749 5.4205 5.1476 1.0432 0.8958 3.1858 3.7638 2.9773 2.7912 3.3334 3.5753 2.9244 1.6804 0.5952 0.1133 0.2633 0.7859 1.3748 1.7920 1.9572 1.8791 1.6249 1.2988 0.9481 0.6394 0.3915 0.2132 0.1007 0.0426 0.0260 0.0379 0.0675 0.1055 0.1458 0.1845 0.2184 0.2450 0.2673
0.8589 7.8360 13.6260 1.6452 9.6661 5.6755 7.5829 4.4168 7.9025 0.8024 9.3845 4.7600 1.8942 6.2090 3.8238 0.2833 2.5362 5.7285 5.4110 3.2083 1.8953 1.7959 1.8585 1.4276 0.6889 0.1811 0.1914 0.6605 1.3189 1.9074 2.2398 2.2907 2.1005 1.7535 1.3611 0.9673 0.6353 0.3778 0.1987 0.0901 0.0383 0.0285 0.0467 0.0819 0.1241 0.1675 0.2085 0.2437 0.2708 0.2934
7.8502 0.7664 11.4889 8.3291 2.9548 11.4985 1.6425 9.6060 4.1419 3.7721 9.1815 0.9360 4.0630 7.8210 2.5083 0.5254 4.3122 5.8367 3.1804 0.5196 0.4549 1.9307 2.9690 2.8289 1.9570 1.1867 0.9389 1.1984 1.6886 2.1451 2.3723 2.3440 2.0986 1.7187 1.3106 0.9142 0.5875 0.3400 0.1727 0.0760 0.0351 0.0345 0.0601 0.1009 0.1472 0.1934 0.2362 0.2723 0.2995 0.3219
16.0553 4.9264 4.1267 14.3329 0.6898 13.1568 0.7467 12.1461 1.1858 7.6238 7.5016 0.3846 6.6981 7.2945 1.1534 1.5450 5.7767 5.7889 2.3420 0.2372 0.9896 2.7204 3.5076 3.0141 1.9517 1.1830 1.0308 1.3809 1.9060 2.3423 2.5131 2.4194 2.1167 1.6970 1.2669 0.8636 0.5401 0.3020 0.1470 0.0631 0.0337 0.0430 0.0765 0.1231 0.1736 0.2225 0.2669 0.3036 0.3306 0.3524
11.9007 14.7759 0.9156 13.0570 5.1751 9.2731 4.5487 10.8669 0.7397 10.9782 4.4621 1.6363 8.9878 5.7112 0.3653 3.2647 6.9760 5.2286 1.4496 0.2616 1.8062 3.5839 3.9699 3.0948 1.8871 1.1730 1.1447 1.5871 2.1336 2.5328 2.6344 2.4689 2.1083 1.6523 1.2052 0.8006 0.4854 0.2609 0.1213 0.0521 0.0357 0.0554 0.0970 0.1495 0.2038 0.2552 0.3007 0.3376 0.3640 0.3850
1.5934 15.7059 8.3281 5.0885 13.2802 2.9219 11.1140 6.1309 3.9754 11.8624 1.5130 4.6903 10.0105 3.4712 0.6143 5.4388 7.5963 4.1941 0.7010 0.6964 2.8732 4.4391 4.2959 3.0512 1.7693 1.1692 1.2887 1.8182 2.3672 2.7106 2.7308 2.4887 2.0717 1.5843 1.1264 0.7268 0.4251 0.2184 0.0970 0.0445 0.0420 0.0728 0.1224 0.1804 0.2383 0.2917 0.3378 0.3745 0.3999 0.4197
5.8365 5.0992 17.5710 0.8749 16.2742 0.9765 15.1395 1.4651 9.6170 9.3410 0.5390 8.5952 9.1389 1.3838 2.1474 7.5969 7.3942 2.8614 0.3257 1.5941 4.1048 5.1829 4.4304 2.8769 1.6150 1.1891 1.4713 2.0734 2.6013 2.8689 2.7967 2.4757 2.0058 1.4937 1.0322 0.6442 0.3614 0.1764 0.0760 0.0416 0.0538 0.0957 0.1532 0.2164 0.2773 0.3323 0.3785 0.4144 0.4383 0.4566
19.4543 1.9141 14.2153 8.2128 9.7263 7.1560 12.3692 1.4358 14.0344 4.6445 2.7700 11.6316 6.4875 0.4487 4.7989 9.1327 6.3060 1.5435 0.5350 2.9259 5.3601 5.7049 4.3364 2.5846 1.4513 1.2531 1.7004 2.3504 2.8287 3.0004 2.8277 2.4286 1.9119 1.3827 0.9252 0.5556 0.2970 0.1373 0.0600 0.0450 0.0724 0.1254 0.1904 0.2583 0.3216 0.3773 0.4231 0.4577 0.4795 0.4958
14.7453 14.9123 2.8275 18.4747 1.5868 16.0136 4.8968 7.4085 13.6040 1.0219 7.6678 12.0913 3.1360 1.4394 7.9094 9.4897 4.5297 0.6405 1.4577 4.5606 6.4569 5.9050 4.0033 2.2087 1.3158 1.3831 1.9806 2.6433 3.0405 3.0972 2.8191 2.3460 1.7908 1.2537 0.8084 0.4641 0.2347 0.1035 0.0512 0.0563 0.0988 0.1628 0.2348 0.3066 0.3714 0.4271 0.4717 0.5044 0.5236 0.5373
1.1708 20.6131 4.2910 15.9736 4.2247 17.1580 0.8668 14.9591 8.1109 1.7672 12.6875 9.3889 0.8467 4.4301 10.4478 8.3999 2.5459 0.5447 3.0756 6.2649 7.1993 5.7164 3.4585 1.8067 1.2534 1.5987 2.3115 2.9425 3.2256 3.1513 2.7663 2.2261 1.6432 1.1092 0.6854 0.3734 0.1777 0.0777 0.0516 0.0770 0.1344 0.2085 0.2867 0.3614 0.4268 0.4815 0.5244 0.5543 0.5703 0.5811
11.9052 6.6389 18.7736 3.8403 16.1214 8.3274 6.2369 16.8572 2.0808 7.3880 14.5406 4.8238 1.2387 8.5216 11.3680 6.0864 1.0342 1.5095 5.1823 7.7310 7.4184 5.1316 2.7743 1.4553 1.3098 1.9129 2.6861 3.2341 3.3714 3.1548 2.6665 2.0702 1.4727 0.9538 0.5608 0.2875 0.1294 0.0626 0.0632 0.1088 0.1802 0.2635 0.3466 0.4231 0.4880 0.5408 0.5810 0.6076 0.6197 0.6271
24.3098 3.2964 19.7295 3.5184 20.3527 1.1290 16.3641 10.5216 1.6513 14.2713 11.5632 1.2639 4.7445 12.0236 10.1062 3.3187 0.6735 3.5185 7.3865 8.6363 7.0197 4.2192 2.0646 1.2407 1.5229 2.3277 3.0889 3.4999 3.4646 3.1013 2.5189 1.8812 1.2841 0.7929 0.4399 0.2110 0.0937 0.0611 0.0884 0.1532 0.2373 0.3284 0.4150 0.4920 0.5551 0.6050 0.6416 0.6642 0.6718 0.6752
7.4891 20.8465 4.4042 18.0595 9.4736 7.1090 19.2128 2.4358 8.5174 16.8051 5.5509 1.5212 9.9695 13.1555 6.9959 1.2302 1.8745 6.2112 9.1808 8.7315 6.0315 3.1319 1.4753 1.2472 1.9160 2.8309 3.4988 3.7239 3.4987 2.9929 2.3277 1.6644 1.0843 0.6337 0.3290 0.1490 0.0743 0.0762 0.1290 0.2113 0.3062 0.4029 0.4911 0.5673 0.6278 0.6742 0.7068 0.7248 0.7275 0.7266
5.1790 19.8784 5.4270 21.6798 1.2611 19.3879 10.4965 2.5228 16.8627 12.3580 1.2122 6.2127 14.1235 11.1110 3.3664 0.8994 4.5378 8.9180 10.0643 7.9122 4.6077 2.0779 1.1511 1.5313 2.4830 3.3893 3.8782 3.8755 3.4539 2.8188 2.0930 1.4263 0.8808 0.4829 0.2339 0.1062 0.0749 0.1104 0.1870 0.2845 0.3878 0.4880 0.5758 0.6497 0.7062 0.7481 0.7759 0.7886 0.7857 0.7801
25.7465 2.2377 22.8281 6.7426 11.3751 19.7143 1.5879 12.1104 18.1187 4.5777 2.6796 12.7087 14.5612 6.7430 1.0528 2.8273 7.9619 10.8232 9.7091 6.3002 3.0415 1.3027 1.2152 2.1120 3.1877 3.9528 4.1861 3.9297 3.3199 2.5794 1.8217 1.1762 0.6828 0.3486 0.1611 0.0875 0.0991 0.1664 0.2639 0.3738 0.4826 0.5838 0.6691 0.7390 0.7904 0.8267 0.8489 0.8555 0.8465 0.8357
13.4394 12.7913 18.4226 3.2892 23.4408 6.8482 5.9099 20.3249 10.3661 1.0911 9.6328 16.4724 10.6822 2.4414 1.5235 6.5520 10.9948 11.2371 8.1091 4.2543 1.7100 1.0312 1.7325 2.9550 3.9608 4.4572 4.3791 3.8651 3.0923 2.2804 1.5243 0.9258 0.5011 0.2397 0.1174 0.0979 0.1505 0.2462 0.3611 0.4797 0.5910 0.6904 0.7710 0.8353 0.8801 0.9098 0.9255 0.9254 0.9096 0.8932
3.1223 26.0625 1.8767 20.1488 15.0740 1.9275 18.6141 16.4200 2.0405 6.2158 16.5967 14.3749 4.8201 0.9440 4.9714 10.6673 12.4502 9.9032 5.6619 2.3163 0.9915 1.4108 2.6888 3.9798 4.7254 4.8519 4.4318 3.6752 2.7765 1.9337 1.2173 0.6908 0.3483 0.1656 0.1098 0.1421 0.2321 0.3522 0.4807 0.6049 0.7160 0.8117 0.8856 0.9418 0.9782 0.9997 1.0073 0.9996 0.9765 0.9541
25.8073 7.0519 13.3926 22.0662 1.6996 14.5819 21.0040 4.9853 3.4358 15.5468 17.2477 7.6941 1.0973 3.6007 9.9268 13.3187 11.5877 7.1360 3.0697 1.0609 1.1548 2.4510 3.9606 5.0319 5.3492 5.0466 4.2979 3.3481 2.3815 1.5579 0.9167 0.4841 0.2352 0.1346 0.1441 0.2242 0.3463 0.4854 0.6226 0.7482 0.8555 0.9444 1.0093 1.0553 1.0818 1.0938 1.0925 1.0765 1.0456 1.0167
14.4438 7.3783 25.7964 4.2892 10.3468 23.5171 8.7567 1.8395 13.8248 19.3731 10.5325 1.7770 2.5908 9.1936 13.8090 13.1012 8.5850 3.8696 1.2081 0.9521 2.2726 4.0017 5.3363 5.9300 5.7152 4.9842 3.9644 2.8961 1.9308 1.1783 0.6446 0.3232 0.1747 0.1557 0.2262 0.3474 0.4950 0.6467 0.7872 0.9096 1.0092 1.0883 1.1415 1.1752 1.1903 1.1919 1.1807 1.1558 1.1165 1.0808
3.7905 26.9426 7.7143 7.2592 24.5773 12.2263 1.2645 12.3679 20.7255 13.0871 2.6471 1.9583 8.7289 14.3423 14.3231 9.9106 4.6202 1.3647 0.8130 2.1578 4.1623 5.7670 6.5537 6.4996 5.7354 4.6416 3.4470 2.3538 1.4620 0.8283 0.4270 0.2274 0.1801 0.2374 0.3615 0.5153 0.6805 0.8378 0.9756 1.0899 1.1780 1.2442 1.2833 1.3032 1.3051 1.2948 1.2730 1.2386 1.1905 1.1475
27.5307 10.3184 5.7511 25.1873 14.6716 1.2212 11.7302 21.9635 14.9313 3.3675 1.6763 8.6937 15.1962 15.5520 10.9195 5.1968 1.4589 0.7256 2.1839 4.4491 6.4011 7.3600 7.3488 6.6030 5.3675 4.0350 2.7901 1.7715 1.0202 0.5430 0.2904 0.2155 0.2638 0.3878 0.5552 0.7313 0.9054 1.0611 1.1897 1.2907 1.3632 1.4134 1.4363 1.4411 1.4278 1.4038 1.3709 1.3263 1.2689 1.2180
10.8279 5.8181 26.1808 15.5009 1.2586 12.2938 23.3394 15.9266 3.5360 1.7455 9.3146 16.3836 16.8298 11.6516 5.3904 1.4096 0.7013 2.4102 4.9989 7.2018 8.3916 8.3588 7.4892 6.1554 4.6217 3.2200 2.0611 1.2099 0.6531 0.3579 0.2600 0.3038 0.4359 0.6122 0.8092 0.9950 1.1677 1.3133 1.4258 1.5082 1.5613 1.5922 1.5965 1.5846 1.5545 1.5157 1.4711 1.4159 1.3487 1.2897
7.8636 27.8526 14.2434 1.3687 14.5500 24.8590 15.6781 2.9741 2.3037 11.0010 18.0670 17.8752 11.9502 5.1431 1.1607 0.8027 2.9661 5.9266 8.3459 9.5616 9.5413 8.4570 6.8835 5.1948 3.5954 2.3078 1.3602 0.7484 0.4188 0.3131 0.3610 0.5073 0.7042 0.9137 1.1240 1.3054 1.4656 1.5924 1.6821 1.7408 1.7705 1.7793 1.7628 1.7328 1.6845 1.6300 1.5731 1.5069 1.4296 1.3623
29.5162 10.5238 2.5168 19.0427 26.1363 13.6723 1.8225 3.9217 14.0060 20.5009 18.5057 11.3947 4.3408 0.7957 1.1952 4.0675 7.4498 9.9662 11.0608 10.7645 9.4879 7.5905 5.6387 3.8996 2.4720 1.4559 0.8085 0.4742 0.3760 0.4463 0.6163 0.8392 1.0761 1.2974 1.5042 1.6673 1.8048 1.9049 1.9646 1.9933 1.9939 1.9786 1.9399 1.8903 1.8244 1.7547 1.6845 1.6062 1.5178 1.4420
4.5773 7.0720 25.4154 25.2358 9.3594 1.0297 7.6345 18.6123 22.7931 18.2207 9.6378 2.9064 0.5738 2.2421 5.9467 9.7221 12.1198 12.8059 12.0376 10.2940 8.1356 5.8974 3.9837 2.5055 1.4530 0.8190 0.5153 0.4595 0.5689 0.7816 1.0366 1.3022 1.5495 1.7581 1.9428 2.0729 2.1766 2.2419 2.2649 2.2584 2.2259 2.1844 2.1221 2.0519 1.9679 1.8826 1.7986 1.7078 1.6081 1.5236
17.8466 30.5516 19.4390 3.6768 3.0738 14.5930 24.1240 23.7283 15.6731 6.5643 1.3049 1.1603 4.5506 9.0207 12.7103 14.6985 14.6306 13.1047 10.7859 8.2168 5.8329 3.8067 2.3187 1.3383 0.7772 0.5600 0.5833 0.7643 1.0277 1.3307 1.6229 1.8915 2.1165 2.2873 2.4317 2.5143 2.5741 2.5972 2.5778 2.5318 2.4629 2.3938 2.3068 2.2152 2.1128 2.0117 1.9137 1.8102 1.6989 1.6058
26.9955 8.3758 1.5656 11.4989 24.3472 27.7859 20.9252 10.3433 2.7437 0.8747 3.7758 8.8507 13.5777 16.4342 17.1553 16.0680 13.5935 10.6198 7.7243 5.2254 3.2981 1.9298 1.1111 0.7283 0.6586 0.8075 1.0824 1.4214 1.7637 2.0939 2.3709 2.6019 2.7747 2.8850 2.9724 2.9949 3.0008 2.9735 2.9063 2.8194 2.7160 2.6200 2.5079 2.3927 2.2699 2.1516 2.0386 1.9221 1.7993 1.6971
1.5500 11.5603 26.1497 31.1420 24.3254 12.5558 3.5933 1.0288 4.1153 9.9629 15.5024 19.1197 20.1165 18.8476 16.1764 12.8659 9.4234 6.4207 4.0790 2.4259 1.4076 0.8939 0.7765 0.9301 1.2369 1.6276 2.0340 2.4266 2.7604 3.0507 3.2599 3.4152 3.5093 3.5390 3.5553 3.5066 3.4498 3.3650 3.2455 3.1175 2.9829 2.8615 2.7243 2.5832 2.4384 2.3015 2.1726 2.0431 1.9086 1.7969
32.0354 33.8635 24.0745 11.1061 2.7087 1.7072 6.4795 13.4892 19.6479 23.2458 23.6147 21.7003 18.2133 14.1533 10.2596 6.9360 4.3325 2.5416 1.4773 0.9950 0.9443 1.1696 1.5682 2.0560 2.5390 2.9996 3.3936 3.7262 3.9636 4.1502 4.2448 4.2918 4.2851 4.2187 4.1534 4.0264 3.9017 3.7560 3.5825 3.4132 3.2483 3.1026 2.9408 2.7737 2.6069 2.4515 2.3069 2.1645 2.0187 1.8977
16.5383 5.0765 1.5777 5.6036 13.5475 21.4686 26.7459 28.3775 26.9030 23.3173 18.4722 13.6838 9.4033 6.0105 3.5949 2.0756 1.2928 1.0870 1.2829 1.7291 2.3096 2.9013 3.4822 4.0242 4.4504 4.8012 5.0461 5.2192 5.2878 5.3198 5.2688 5.1880 5.0675 4.8966 4.7456 4.5407 4.3490 4.1434 3.9179 3.7097 3.5165 3.3450 3.1587 2.9684 2.7808 2.6075 2.4472 2.2921 2.1351 2.0047
10.3428 20.2231 28.7623 33.6066 34.2297 31.3750 26.3291 20.3621 14.6592 9.8213 6.0426 3.5033 2.0080 1.3558 1.3369 1.7461 2.3952 3.1558 3.9328 4.6638 5.3229 5.8187 6.2258 6.5543 6.7156 6.8125 6.8121 6.7631 6.6199 6.4655 6.2627 6.0537 5.8164 5.5413 5.3077 5.0368 4.7870 4.5288 4.2590 4.0168 3.7979 3.5938 3.3819 3.1761 2.9705 2.7803 2.6038 2.4360 2.2676 2.1273
41.1724 36.0462 29.0972 21.8006 15.1482 9.7350 5.7735 3.2250 1.9130 1.5617 1.8821 2.6531 3.6489 4.7037 5.7522 6.7366 7.5401 8.1768 8.6519 8.9980 9.2445 9.2878 9.2721 9.2173 8.9983 8.7732 8.4916 8.2044 7.8444 7.5042 7.1606 6.8357 6.4924 6.1233 5.8168 5.4904 5.1906 4.8863 4.5781 4.3072 4.0672 3.8327 3.5975 3.3791 3.1572 2.9514 2.7597 2.5800 2.4008 2.2510
4.5000 2.6148 2.0620 2.5198 3.6503 5.1656 6.8331 8.4485 9.9434 11.2711 12.2766 13.1304 13.7149 14.0345 14.2537 14.3948 14.2819 14.0302 13.6759 13.3060 12.9407 12.4267 11.9366 11.4823 10.8940 10.3732 9.8459 9.3564 8.8166 8.3241 7.8728 7.4602 7.0348 6.5924 6.2297 5.8633 5.5263 5.1872 4.8497 4.5564 4.2996 4.0396 3.7860 3.5595 3.3247 3.1059 2.9010 2.7110 2.5226 2.3647
30.7468 31.1529 31.2779 31.1538 30.7591 30.2049 29.4631 28.4788 27.4602 26.4538 25.2079 24.1344 22.9875 21.7720 20.7254 19.8249 18.7817 17.7409 16.7260 15.8202 15.0199 14.1290 13.3202 12.6029 11.8052 11.1162 10.4487 9.8358 9.2007 8.6438 8.1393 7.6824 7.2163 6.7368 6.3444 5.9558 5.6073 5.2620 4.9115 4.5979 4.3143 4.0510 3.7986 3.5774 3.3420 3.1212 2.9135 2.7210 2.5306 2.3719
