0.0000 0.0000 0.0000 0.0000 0.0000 0.0000 0.0000 0.0000 0.0000 0.0000 0.0000 0.0000 0.0000 0.0000 0.0000 0.0000 0.0000 0.0008 0.0003 0.0005 0.0036 0.0066 0.0059 0.0025 0.0012 0.0045 0.0107 0.0163 0.0183 0.0164 0.0119 0.0067 0.0026 0.0005 0.0004 0.0020 0.0045 0.0074 0.0101 0.0123 0.0138 0.0147 0.0149 0.0146 0.0139 0.0129 0.0117 0.0105 0.0093 0.0081
0.0000 0.0000 0.0000 0.0000 0.0000 0.0000 0.0000 0.0000 0.0000 0.0000 0.0000 0.0000 0.0000 0.0000 0.0000 0.0000 0.0000 0.0023 0.0007 0.0015 0.0111 0.0199 0.0176 0.0076 0.0038 0.0138 0.0325 0.0490 0.0551 0.0492 0.0354 0.0198 0.0077 0.0014 0.0013 0.0060 0.0137 0.0223 0.0303 0.0369 0.0415 0.0441 0.0448 0.0439 0.0417 0.0386 0.0351 0.0315 0.0278 0.0242
0.0000 0.0000 0.0000 0.0000 0.0000 0.0000 0.0000 0.0000 0.0000 0.0000 0.0000 0.0000 0.0000 0.0000 0.0000 0.0000 0.0000 0.0036 0.0010 0.0029 0.0193 0.0338 0.0294 0.0127 0.0068 0.0239 0.0552 0.0824 0.0919 0.0818 0.0584 0.0325 0.0124 0.0022 0.0022 0.0103 0.0231 0.0374 0.0507 0.0617 0.0694 0.0735 0.0746 0.0731 0.0694 0.0642 0.0583 0.0523 0.0462 0.0402
0.0000 0.0000 0.0000 0.0000 0.0000 0.0000 0.0000 0.0000 0.0000 0.0000 0.0000 0.0000 0.0000 0.0000 0.0000 0.0000 0.0000 0.0045 0.0009 0.0051 0.0289 0.0486 0.0414 0.0180 0.0106 0.0355 0.0794 0.1166 0.1288 0.1137 0.0806 0.0444 0.0166 0.0029 0.0033 0.0149 0.0330 0.0530 0.0716 0.0867 0.0973 0.1030 0.1043 0.1022 0.0969 0.0896 0.0814 0.0729 0.0643 0.0560
0.0000 0.0000 0.0000 0.0000 0.0000 0.0000 0.0000 0.0000 0.0000 0.0000 0.0000 0.0000 0.0000 0.0000 0.0000 0.0000 0.0000 0.0048 0.0006 0.0085 0.0406 0.0649 0.0539 0.0236 0.0155 0.0489 0.1053 0.1518 0.1656 0.1446 0.1014 0.0550 0.0201 0.0033 0.0046 0.0200 0.0436 0.0693 0.0929 0.1122 0.1255 0.1325 0.1340 0.1311 0.1242 0.1147 0.1041 0.0932 0.0822 0.0715
0.0000 0.0000 0.0000 0.0000 0.0000 0.0000 0.0000 0.0000 0.0000 0.0000 0.0000 0.0000 0.0000 0.0000 0.0000 0.0000 0.0000 0.0047 0.0004 0.0140 0.0553 0.0832 0.0671 0.0296 0.0217 0.0644 0.1330 0.1876 0.2016 0.1738 0.1202 0.0640 0.0226 0.0034 0.0062 0.0259 0.0549 0.0863 0.1149 0.1380 0.1539 0.1620 0.1635 0.1597 0.1510 0.1394 0.1263 0.1130 0.0996 0.0867
0.0000 0.0000 0.0000 0.0000 0.0000 0.0000 0.0000 0.0000 0.0000 0.0000 0.0000 0.0000 0.0000 0.0000 0.0000 0.0000 0.0000 0.0041 0.0009 0.0226 0.0738 0.1040 0.0810 0.0362 0.0293 0.0817 0.1620 0.2233 0.2359 0.2003 0.1363 0.0709 0.0238 0.0032 0.0082 0.0325 0.0673 0.1043 0.1377 0.1644 0.1825 0.1915 0.1928 0.1879 0.1775 0.1636 0.1481 0.1324 0.1166 0.1014
0.0000 0.0000 0.0000 0.0000 0.0000 0.0000 0.0000 0.0000 0.0000 0.0000 0.0000 0.0000 0.0000 0.0000 0.0000 0.0000 0.0000 0.0034 0.0030 0.0353 0.0968 0.1272 0.0955 0.0431 0.0380 0.1004 0.1913 0.2574 0.2670 0.2228 0.1486 0.0749 0.0235 0.0027 0.0108 0.0403 0.0810 0.1234 0.1614 0.1914 0.2114 0.2210 0.2219 0.2157 0.2033 0.1872 0.1692 0.1511 0.1330 0.1155
0.0000 0.0000 0.0000 0.0000 0.0000 0.0000 0.0000 0.0000 0.0000 0.0000 0.0000 0.0000 0.0000 0.0000 0.0000 0.0000 0.0000 0.0031 0.0078 0.0532 0.1243 0.1523 0.1097 0.0493 0.0467 0.1190 0.2190 0.2878 0.2928 0.2397 0.1559 0.0756 0.0215 0.0019 0.0143 0.0495 0.0963 0.1441 0.1862 0.2191 0.2406 0.2505 0.2506 0.2430 0.2286 0.2100 0.1896 0.1691 0.1487 0.1291
0.0000 0.0000 0.0000 0.0000 0.0000 0.0000 0.0000 0.0000 0.0000 0.0000 0.0000 0.0000 0.0000 0.0000 0.0000 0.0000 0.0000 0.0039 0.0164 0.0763 0.1549 0.1769 0.1213 0.0533 0.0541 0.1358 0.2430 0.3122 0.3112 0.2490 0.1573 0.0723 0.0177 0.0014 0.0192 0.0608 0.1137 0.1667 0.2126 0.2478 0.2704 0.2801 0.2791 0.2698 0.2532 0.2322 0.2093 0.1864 0.1637 0.1419
0.0000 0.0000 0.0000 0.0000 0.0000 0.0000 0.0000 0.0000 0.0000 0.0000 0.0000 0.0000 0.0000 0.0000 0.0000 0.0000 0.0000 0.0067 0.0293 0.1033 0.1852 0.1969 0.1270 0.0528 0.0584 0.1493 0.2617 0.3289 0.3205 0.2498 0.1519 0.0650 0.0127 0.0016 0.0263 0.0751 0.1343 0.1921 0.2413 0.2784 0.3013 0.3104 0.3080 0.2966 0.2775 0.2539 0.2284 0.2031 0.1782 0.1543
0.0000 0.0000 0.0000 0.0000 0.0000 0.0000 0.0000 0.0000 0.0000 0.0000 0.0000 0.0000 0.0000 0.0000 0.0000 0.0000 0.0000 0.0120 0.0458 0.1303 0.2091 0.2062 0.1222 0.0453 0.0591 0.1595 0.2751 0.3378 0.3209 0.2422 0.1405 0.0546 0.0073 0.0038 0.0369 0.0935 0.1592 0.2215 0.2734 0.3116 0.3344 0.3422 0.3378 0.3240 0.3020 0.2755 0.2474 0.2196 0.1924 0.1664
0.0000 0.0000 0.0000 0.0000 0.0000 0.0000 0.0000 0.0000 0.0000 0.0000 0.0000 0.0000 0.0000 0.0000 0.0000 0.0000 0.0000 0.0196 0.0628 0.1502 0.2177 0.1969 0.1023 0.0302 0.0581 0.1697 0.2866 0.3419 0.3147 0.2286 0.1250 0.0429 0.0034 0.0095 0.0523 0.1173 0.1892 0.2553 0.3091 0.3477 0.3694 0.3753 0.3683 0.3516 0.3264 0.2968 0.2659 0.2356 0.2060 0.1780
0.0000 0.0000 0.0000 0.0000 0.0000 0.0000 0.0000 0.0000 0.0000 0.0000 0.0000 0.0000 0.0000 0.0000 0.0000 0.0000 0.0000 0.0282 0.0747 0.1538 0.2019 0.1633 0.0672 0.0126 0.0642 0.1899 0.3062 0.3503 0.3099 0.2151 0.1102 0.0334 0.0033 0.0203 0.0734 0.1467 0.2244 0.2937 0.3485 0.3864 0.4062 0.4095 0.3994 0.3792 0.3505 0.3176 0.2839 0.2510 0.2191 0.1890
0.0000 0.0000 0.0000 0.0000 0.0000 0.0000 0.0000 0.0000 0.0000 0.0000 0.0000 0.0000 0.0000 0.0000 0.0000 0.0000 0.0000 0.0344 0.0740 0.1332 0.1583 0.1086 0.0266 0.0071 0.0943 0.2377 0.3501 0.3773 0.3180 0.2104 0.1020 0.0294 0.0084 0.0361 0.0992 0.1804 0.2630 0.3346 0.3897 0.4263 0.4436 0.4437 0.4301 0.4063 0.3738 0.3374 0.3009 0.2655 0.2312 0.1991
0.0000 0.0000 0.0000 0.0000 0.0000 0.0000 0.0000 0.0000 0.0000 0.0000 0.0000 0.0000 0.0000 0.0000 0.0000 0.0000 0.0000 0.0342 0.0558 0.0910 0.1000 0.0544 0.0059 0.0389 0.1708 0.3314 0.4334 0.4346 0.3478 0.2205 0.1034 0.0315 0.0170 0.0537 0.1255 0.2135 0.3004 0.3737 0.4286 0.4636 0.4783 0.4753 0.4583 0.4309 0.3949 0.3553 0.3162 0.2784 0.2421 0.2082
0.0000 0.0000 0.0000 0.0000 0.0000 0.0000 0.0000 0.0000 0.0000 0.0000 0.0000 0.0000 0.0000 0.0000 0.0000 0.0000 0.0000 0.0243 0.0258 0.0533 0.0696 0.0476 0.0441 0.1303 0.2986 0.4637 0.5426 0.5077 0.3861 0.2343 0.1052 0.0316 0.0220 0.0663 0.1457 0.2398 0.3306 0.4056 0.4605 0.4943 0.5068 0.5013 0.4814 0.4510 0.4120 0.3697 0.3286 0.2889 0.2508 0.2155
0.0000 0.0000 0.0000 0.0000 0.0000 0.0000 0.0000 0.0000 0.0000 0.0000 0.0000 0.0000 0.0000 0.0000 0.0000 0.0000 0.0000 0.0077 0.0125 0.0839 0.1438 0.1487 0.1593 0.2468 0.3991 0.5328 0.5740 0.5055 0.3623 0.2027 0.0772 0.0142 0.0178 0.0746 0.1641 0.2651 0.3596 0.4357 0.4901 0.5222 0.5321 0.5240 0.5013 0.4681 0.4262 0.3816 0.3386 0.2973 0.2579 0.2213
0.0000 0.0000 0.0000 0.0000 0.0000 0.0000 0.0000 0.0000 0.0000 0.0000 0.0000 0.0000 0.0000 0.0000 0.0000 0.0000 0.0000 0.0032 0.0711 0.2383 0.3127 0.2401 0.1196 0.0725 0.1284 0.2213 0.2726 0.2513 0.1760 0.0899 0.0322 0.0243 0.0674 0.1490 0.2510 0.3548 0.4456 0.5139 0.5588 0.5811 0.5818 0.5650 0.5348 0.4951 0.4480 0.3991 0.3526 0.3085 0.2668 0.2284
0.0000 0.0000 0.0000 0.0000 0.0000 0.0000 0.0000 0.0000 0.0000 0.0000 0.0000 0.0000 0.0000 0.0000 0.0000 0.0000 0.0000 0.0071 0.1040 0.2673 0.2975 0.1948 0.0841 0.0712 0.1540 0.2505 0.2876 0.2485 0.1629 0.0778 0.0305 0.0376 0.0957 0.1894 0.2992 0.4065 0.4969 0.5619 0.6019 0.6189 0.6143 0.5922 0.5572 0.5132 0.4628 0.4112 0.3623 0.3162 0.2730 0.2333
0.0000 0.0000 0.0000 0.0000 0.0000 0.0000 0.0000 0.0000 0.0000 0.0000 0.0000 0.0000 0.0000 0.0000 0.0000 0.0000 0.0000 0.0168 0.1387 0.2824 0.2646 0.1433 0.0563 0.0831 0.1893 0.2823 0.3001 0.2420 0.1482 0.0674 0.0335 0.0574 0.1310 0.2363 0.3528 0.4620 0.5504 0.6108 0.6448 0.6556 0.6451 0.6174 0.5774 0.5292 0.4757 0.4214 0.3702 0.3225 0.2778 0.2370
0.0000 0.0000 0.0000 0.0000 0.0000 0.0000 0.0000 0.0000 0.0000 0.0000 0.0000 0.0000 0.0000 0.0000 0.0000 0.0000 0.0000 0.0317 0.1699 0.2786 0.2160 0.0921 0.0423 0.1109 0.2335 0.3146 0.3085 0.2317 0.1327 0.0601 0.0426 0.0848 0.1740 0.2898 0.4114 0.5208 0.6056 0.6599 0.6868 0.6907 0.6739 0.6403 0.5951 0.5427 0.4862 0.4296 0.3763 0.3270 0.2813 0.2395
0.0000 0.0000 0.0000 0.0000 0.0000 0.0000 0.0000 0.0000 0.0000 0.0000 0.0000 0.0000 0.0000 0.0000 0.0000 0.0000 0.0000 0.0500 0.1911 0.2536 0.1568 0.0495 0.0478 0.1554 0.2843 0.3447 0.3113 0.2174 0.1175 0.0575 0.0592 0.1207 0.2249 0.3498 0.4746 0.5823 0.6617 0.7085 0.7272 0.7235 0.7000 0.6603 0.6101 0.5536 0.4943 0.4356 0.3805 0.3299 0.2832 0.2408
0.0000 0.0000 0.0000 0.0000 0.0000 0.0000 0.0000 0.0000 0.0000 0.0000 0.0000 0.0000 0.0000 0.0000 0.0000 0.0000 0.0000 0.0685 0.1967 0.2084 0.0956 0.0245 0.0765 0.2152 0.3378 0.3690 0.3070 0.1997 0.1042 0.0611 0.0846 0.1659 0.2839 0.4161 0.5418 0.6457 0.7181 0.7564 0.7662 0.7544 0.7238 0.6780 0.6229 0.5623 0.5003 0.4395 0.3828 0.3311 0.2837 0.2408
0.0000 0.0000 0.0000 0.0000 0.0000 0.0000 0.0000 0.0000 0.0000 0.0000 0.0000 0.0000 0.0000 0.0000 0.0000 0.0000 0.0000 0.0828 0.1829 0.1489 0.0436 0.0250 0.1297 0.2861 0.3885 0.3841 0.2947 0.1794 0.0945 0.0730 0.1201 0.2209 0.3512 0.4880 0.6122 0.7100 0.7738 0.8026 0.8032 0.7829 0.7447 0.6931 0.6332 0.5688 0.5039 0.4411 0.3832 0.3307 0.2827 0.2395
0.0000 0.0000 0.0000 0.0000 0.0000 0.0000 0.0000 0.0000 0.0000 0.0000 0.0000 0.0000 0.0000 0.0000 0.0000 0.0000 0.0000 0.0887 0.1501 0.0857 0.0129 0.0564 0.2045 0.3611 0.4301 0.3865 0.2740 0.1583 0.0908 0.0947 0.1666 0.2857 0.4258 0.5645 0.6844 0.7739 0.8274 0.8457 0.8363 0.8073 0.7616 0.7043 0.6399 0.5720 0.5046 0.4402 0.3814 0.3283 0.2801 0.2370
0.0000 0.0000 0.0000 0.0000 0.0000 0.0000 0.0000 0.0000 0.0000 0.0000 0.0000 0.0000 0.0000 0.0000 0.0000 0.0000 0.0000 0.0833 0.1037 0.0327 0.0137 0.1191 0.2937 0.4309 0.4559 0.3739 0.2461 0.1390 0.0956 0.1283 0.2250 0.3603 0.5070 0.6443 0.7569 0.8358 0.8777 0.8846 0.8649 0.8270 0.7739 0.7113 0.6428 0.5717 0.5023 0.4367 0.3773 0.3241 0.2760 0.2330
0.0000 0.0000 0.0000 0.0000 0.0000 0.0000 0.0000 0.0000 0.0000 0.0000 0.0000 0.0000 0.0000 0.0000 0.0000 0.0000 0.0000 0.0668 0.0543 0.0044 0.0517 0.2078 0.3860 0.4852 0.4605 0.3458 0.2135 0.1250 0.1119 0.1753 0.2956 0.4440 0.5936 0.7258 0.8282 0.8945 0.9234 0.9182 0.8880 0.8413 0.7812 0.7136 0.6415 0.5679 0.4969 0.4306 0.3711 0.3180 0.2702 0.2278
0.0000 0.0000 0.0000 0.0000 0.0000 0.0000 0.0000 0.0000 0.0000 0.0000 0.0000 0.0000 0.0000 0.0000 0.0000 0.0000 0.0000 0.0430 0.0154 0.0124 0.1259 0.3110 0.4675 0.5144 0.4407 0.3044 0.1808 0.1210 0.1432 0.2377 0.3787 0.5357 0.6838 0.8074 0.8972 0.9494 0.9641 0.9459 0.9044 0.8488 0.7819 0.7094 0.6343 0.5594 0.4881 0.4219 0.3629 0.3103 0.2633 0.2216
0.0000 0.0000 0.0000 0.0000 0.0000 0.0000 0.0000 0.0000 0.0000 0.0000 0.0000 0.0000 0.0000 0.0000 0.0000 0.0000 0.0000 0.0187 0.0005 0.0612 0.2262 0.4118 0.5233 0.5109 0.3969 0.2544 0.1536 0.1314 0.1919 0.3161 0.4734 0.6336 0.7755 0.8868 0.9613 0.9979 0.9977 0.9664 0.9138 0.8498 0.7769 0.7002 0.6228 0.5473 0.4761 0.4106 0.3525 0.3009 0.2548 0.2142
0.0000 0.0000 0.0000 0.0000 0.0000 0.0000 0.0000 0.0000 0.0000 0.0000 0.0000 0.0000 0.0000 0.0000 0.0000 0.0000 0.0000 0.0028 0.0185 0.1451 0.3348 0.4906 0.5410 0.4724 0.3340 0.2038 0.1394 0.1612 0.2603 0.4103 0.5780 0.7354 0.8662 0.9616 1.0186 1.0384 1.0229 0.9787 0.9156 0.8439 0.7658 0.6858 0.6069 0.5314 0.4610 0.3967 0.3399 0.2897 0.2449 0.2056
0.0000 0.0000 0.0000 0.0000 0.0000 0.0000 0.0000 0.0000 0.0000 0.0000 0.0000 0.0000 0.0000 0.0000 0.0000 0.0000 0.0000 0.0024 0.0693 0.2479 0.4288 0.5298 0.5144 0.4030 0.2618 0.1627 0.1459 0.2149 0.3496 0.5193 0.6901 0.8383 0.9531 1.0295 1.0671 1.0694 1.0387 0.9822 0.9096 0.8312 0.7489 0.6664 0.5869 0.5121 0.4431 0.3804 0.3254 0.2768 0.2336 0.1959
0.0000 0.0000 0.0000 0.0000 0.0000 0.0000 0.0000 0.0000 0.0000 0.0000 0.0000 0.0000 0.0000 0.0000 0.0000 0.0000 0.0000 0.0204 0.1429 0.3460 0.4862 0.5188 0.4465 0.3152 0.1951 0.1436 0.1812 0.2960 0.4597 0.6403 0.8071 0.9410 1.0356 1.0899 1.1065 1.0903 1.0447 0.9770 0.8972 0.8141 0.7289 0.6453 0.5656 0.4914 0.4237 0.3628 0.3096 0.2628 0.2215 0.1856
0.0000 0.0000 0.0000 0.0000 0.0000 0.0000 0.0000 0.0000 0.0000 0.0000 0.0000 0.0000 0.0000 0.0000 0.0000 0.0000 0.0000 0.0532 0.2197 0.4126 0.4898 0.4563 0.3481 0.2247 0.1488 0.1570 0.2503 0.4048 0.5880 0.7692 0.9238 1.0375 1.1078 1.1383 1.1333 1.0989 1.0393 0.9618 0.8763 0.7897 0.7029 0.6191 0.5401 0.4672 0.4016 0.3430 0.2920 0.2475 0.2083 0.1742
0.0000 0.0000 0.0000 0.0000 0.0000 0.0000 0.0000 0.0000 0.0000 0.0000 0.0000 0.0000 0.0000 0.0000 0.0000 0.0000 0.0000 0.0910 0.2759 0.4267 0.4353 0.3542 0.2403 0.1534 0.1394 0.2121 0.3558 0.5392 0.7293 0.9001 1.0346 1.1229 1.1662 1.1717 1.1454 1.0940 1.0220 0.9363 0.8467 0.7581 0.6710 0.5880 0.5108 0.4400 0.3771 0.3212 0.2728 0.2308 0.1940 0.1621
0.0000 0.0000 0.0000 0.0000 0.0000 0.0000 0.0000 0.0000 0.0000 0.0000 0.0000 0.0000 0.0000 0.0000 0.0000 0.0000 0.0000 0.1203 0.2922 0.3816 0.3351 0.2371 0.1503 0.1235 0.1803 0.3136 0.4960 0.6938 0.8777 1.0281 1.1355 1.1942 1.2090 1.1896 1.1432 1.0765 0.9941 0.9022 0.8098 0.7205 0.6342 0.5532 0.4785 0.4107 0.3508 0.2980 0.2526 0.2133 0.1791 0.1495
0.0000 0.0000 0.0000 0.0000 0.0000 0.0000 0.0000 0.0000 0.0000 0.0000 0.0000 0.0000 0.0000 0.0000 0.0000 0.0000 0.0000 0.1296 0.2609 0.2886 0.2160 0.1368 0.1056 0.1524 0.2785 0.4598 0.6638 0.8601 1.0256 1.1479 1.2221 1.2481 1.2345 1.1914 1.1267 1.0473 0.9568 0.8607 0.7668 0.6780 0.5937 0.5154 0.4441 0.3800 0.3234 0.2739 0.2317 0.1954 0.1638 0.1366
0.0000 0.0000 0.0000 0.0000 0.0000 0.0000 0.0000 0.0000 0.0000 0.0000 0.0000 0.0000 0.0000 0.0000 0.0000 0.0000 0.0000 0.1139 0.1907 0.1757 0.1136 0.0852 0.1271 0.2483 0.4306 0.6400 0.8454 1.0235 1.1589 1.2460 1.2835 1.2764 1.2359 1.1717 1.0917 1.0025 0.9069 0.8091 0.7157 0.6291 0.5481 0.4737 0.4067 0.3469 0.2943 0.2485 0.2098 0.1767 0.1480 0.1232
0.0000 0.0000 0.0000 0.0000 0.0000 0.0000 0.0000 0.0000 0.0000 0.0000 0.0000 0.0000 0.0000 0.0000 0.0000 0.0000 0.0000 0.0787 0.1068 0.0821 0.0643 0.1065 0.2240 0.4067 0.6231 0.8366 1.0227 1.1684 1.2648 1.3128 1.3131 1.2749 1.2108 1.1294 1.0379 0.9425 0.8447 0.7478 0.6571 0.5744 0.4981 0.4287 0.3668 0.3120 0.2638 0.2221 0.1873 0.1575 0.1317 0.1095
0.0000 0.0000 0.0000 0.0000 0.0000 0.0000 0.0000 0.0000 0.0000 0.0000 0.0000 0.0000 0.0000 0.0000 0.0000 0.0000 0.0000 0.0390 0.0428 0.0454 0.0935 0.2091 0.3896 0.6111 0.8353 1.0301 1.1806 1.2832 1.3354 1.3426 1.3091 1.2447 1.1616 1.0681 0.9701 0.8720 0.7750 0.6813 0.5947 0.5168 0.4457 0.3823 0.3261 0.2767 0.2334 0.1962 0.1651 0.1386 0.1158 0.0962
0.0000 0.0000 0.0000 0.0000 0.0000 0.0000 0.0000 0.0000 0.0000 0.0000 0.0000 0.0000 0.0000 0.0000 0.0000 0.0000 0.0000 0.0127 0.0276 0.0872 0.2044 0.3791 0.5977 0.8290 1.0345 1.1908 1.2940 1.3487 1.3567 1.3265 1.2649 1.1807 1.0847 0.9847 0.8849 0.7882 0.6952 0.6073 0.5269 0.4552 0.3906 0.3339 0.2840 0.2405 0.2025 0.1699 0.1428 0.1197 0.0998 0.0829
0.0000 0.0000 0.0000 0.0000 0.0000 0.0000 0.0000 0.0000 0.0000 0.0000 0.0000 0.0000 0.0000 0.0000 0.0000 0.0000 0.0000 0.0142 0.0745 0.2038 0.3750 0.5818 0.8076 1.0204 1.1858 1.2917 1.3434 1.3517 1.3210 1.2608 1.1791 1.0829 0.9811 0.8807 0.7840 0.6925 0.6067 0.5270 0.4546 0.3908 0.3337 0.2844 0.2413 0.2039 0.1714 0.1436 0.1205 0.1009 0.0840 0.0697
0.0000 0.0000 0.0000 0.0000 0.0000 0.0000 0.0000 0.0000 0.0000 0.0000 0.0000 0.0000 0.0000 0.0000 0.0000 0.0000 0.0000 0.0464 0.1723 0.3643 0.5618 0.7692 0.9736 1.1465 1.2613 1.3148 1.3193 1.2891 1.2296 1.1502 1.0580 0.9583 0.8583 0.7630 0.6736 0.5906 0.5141 0.4439 0.3810 0.3262 0.2777 0.2363 0.2001 0.1687 0.1415 0.1184 0.0992 0.0829 0.0690 0.0572
0.0000 0.0000 0.0000 0.0000 0.0000 0.0000 0.0000 0.0000 0.0000 0.0000 0.0000 0.0000 0.0000 0.0000 0.0000 0.0000 0.0000 0.0976 0.2873 0.5177 0.7108 0.8912 1.0539 1.1764 1.2406 1.2489 1.2174 1.1610 1.0855 0.9986 0.9059 0.8111 0.7197 0.6346 0.5562 0.4846 0.4191 0.3599 0.3074 0.2624 0.2232 0.1898 0.1605 0.1349 0.1130 0.0944 0.0789 0.0659 0.0549 0.0455
0.0000 0.0000 0.0000 0.0000 0.0000 0.0000 0.0000 0.0000 0.0000 0.0000 0.0000 0.0000 0.0000 0.0000 0.0000 0.0000 0.0000 0.1458 0.3745 0.6091 0.7724 0.9090 1.0219 1.0950 1.1174 1.0943 1.0420 0.9743 0.8960 0.8131 0.7291 0.6466 0.5694 0.4986 0.4344 0.3763 0.3238 0.2767 0.2353 0.2004 0.1703 0.1448 0.1224 0.1026 0.0858 0.0715 0.0597 0.0499 0.0415 0.0344
0.0000 0.0000 0.0000 0.0000 0.0000 0.0000 0.0000 0.0000 0.0000 0.0000 0.0000 0.0000 0.0000 0.0000 0.0000 0.0000 0.0000 0.1679 0.3954 0.6003 0.7200 0.8096 0.8767 0.9107 0.9057 0.8681 0.8116 0.7471 0.6780 0.6084 0.5407 0.4761 0.4166 0.3628 0.3146 0.2715 0.2327 0.1980 0.1679 0.1427 0.1213 0.1031 0.0870 0.0729 0.0609 0.0507 0.0423 0.0353 0.0293 0.0243
0.0000 0.0000 0.0000 0.0000 0.0000 0.0000 0.0000 0.0000 0.0000 0.0000 0.0000 0.0000 0.0000 0.0000 0.0000 0.0000 0.0000 0.1514 0.3364 0.4872 0.5624 0.6129 0.6461 0.6559 0.6393 0.6025 0.5557 0.5058 0.4543 0.4038 0.3569 0.3128 0.2724 0.2362 0.2041 0.1759 0.1505 0.1278 0.1082 0.0920 0.0782 0.0663 0.0559 0.0469 0.0391 0.0326 0.0272 0.0227 0.0189 0.0156
0.0000 0.0000 0.0000 0.0000 0.0000 0.0000 0.0000 0.0000 0.0000 0.0000 0.0000 0.0000 0.0000 0.0000 0.0000 0.0000 0.0000 0.1030 0.2201 0.3089 0.3474 0.3706 0.3835 0.3831 0.3679 0.3427 0.3130 0.2826 0.2520 0.2224 0.1958 0.1711 0.1485 0.1284 0.1107 0.0954 0.0815 0.0692 0.0585 0.0497 0.0424 0.0358 0.0302 0.0254 0.0212 0.0176 0.0147 0.0122 0.0102 0.0084
0.0000 0.0000 0.0000 0.0000 0.0000 0.0000 0.0000 0.0000 0.0000 0.0000 0.0000 0.0000 0.0000 0.0000 0.0000 0.0000 0.0000 0.0448 0.0935 0.1287 0.1424 0.1500 0.1534 0.1517 0.1443 0.1334 0.1211 0.1088 0.0965 0.0848 0.0745 0.0650 0.0563 0.0486 0.0418 0.0361 0.0308 0.0261 0.0221 0.0188 0.0160 0.0135 0.0114 0.0096 0.0080 0.0067 0.0056 0.0046 0.0039 0.0032
0.0000 0.0000 0.0000 0.0000 0.0000 0.0000 0.0000 0.0000 0.0000 0.0000 0.0000 0.0000 0.0000 0.0000 0.0000 0.0000 0.0000 0.0054 0.0112 0.0152 0.0167 0.0175 0.0178 0.0174 0.0165 0.0152 0.0138 0.0123 0.0109 0.0096 0.0084 0.0073 0.0063 0.0055 0.0047 0.0040 0.0035 0.0029 0.0025 0.0021 0.0018 0.0015 0.0013 0.0011 0.0009 0.0007 0.0006 0.0005 0.0004 0.0004
