0.0000 0.0000 0.0000 0.0000 0.0000 0.0000 0.0000 0.0000 0.0000 0.0000 0.0000 0.0000 0.0000 0.0000 0.0000 0.0000 0.0000 0.0005 0.0004 0.0000 0.0015 0.0043 0.0048 0.0025 0.0002 0.0007 0.0036 0.0069 0.0086 0.0081 0.0060 0.0035 0.0014 0.0002 0.0000 0.0006 0.0017 0.0029 0.0040 0.0048 0.0054 0.0057 0.0058 0.0056 0.0053 0.0049 0.0044 0.0039 0.0034 0.0030
0.0000 0.0000 0.0000 0.0000 0.0000 0.0000 0.0000 0.0000 0.0000 0.0000 0.0000 0.0000 0.0000 0.0000 0.0000 0.0000 0.0000 0.0015 0.0013 0.0001 0.0047 0.0128 0.0143 0.0073 0.0006 0.0022 0.0111 0.0208 0.0257 0.0241 0.0179 0.0103 0.0041 0.0007 0.0001 0.0019 0.0051 0.0086 0.0119 0.0146 0.0163 0.0172 0.0174 0.0169 0.0159 0.0146 0.0132 0.0118 0.0103 0.0089
0.0000 0.0000 0.0000 0.0000 0.0000 0.0000 0.0000 0.0000 0.0000 0.0000 0.0000 0.0000 0.0000 0.0000 0.0000 0.0000 0.0000 0.0025 0.0020 0.0002 0.0081 0.0215 0.0236 0.0117 0.0009 0.0038 0.0189 0.0350 0.0428 0.0400 0.0295 0.0169 0.0066 0.0010 0.0003 0.0033 0.0086 0.0145 0.0200 0.0244 0.0273 0.0287 0.0289 0.0281 0.0265 0.0243 0.0219 0.0195 0.0171 0.0148
0.0000 0.0000 0.0000 0.0000 0.0000 0.0000 0.0000 0.0000 0.0000 0.0000 0.0000 0.0000 0.0000 0.0000 0.0000 0.0000 0.0000 0.0034 0.0026 0.0004 0.0119 0.0302 0.0324 0.0155 0.0009 0.0060 0.0273 0.0496 0.0600 0.0555 0.0406 0.0230 0.0089 0.0013 0.0005 0.0049 0.0123 0.0206 0.0283 0.0343 0.0383 0.0403 0.0405 0.0393 0.0370 0.0339 0.0306 0.0272 0.0239 0.0206
0.0000 0.0000 0.0000 0.0000 0.0000 0.0000 0.0000 0.0000 0.0000 0.0000 0.0000 0.0000 0.0000 0.0000 0.0000 0.0000 0.0000 0.0043 0.0029 0.0008 0.0163 0.0392 0.0404 0.0184 0.0008 0.0087 0.0367 0.0648 0.0771 0.0705 0.0510 0.0285 0.0107 0.0014 0.0007 0.0067 0.0164 0.0271 0.0368 0.0445 0.0495 0.0519 0.0520 0.0504 0.0474 0.0434 0.0391 0.0348 0.0305 0.0264
0.0000 0.0000 0.0000 0.0000 0.0000 0.0000 0.0000 0.0000 0.0000 0.0000 0.0000 0.0000 0.0000 0.0000 0.0000 0.0000 0.0000 0.0051 0.0030 0.0014 0.0213 0.0481 0.0475 0.0202 0.0006 0.0123 0.0473 0.0807 0.0943 0.0848 0.0605 0.0331 0.0119 0.0013 0.0012 0.0089 0.0209 0.0339 0.0457 0.0549 0.0608 0.0635 0.0636 0.0615 0.0577 0.0528 0.0475 0.0423 0.0370 0.0320
0.0000 0.0000 0.0000 0.0000 0.0000 0.0000 0.0000 0.0000 0.0000 0.0000 0.0000 0.0000 0.0000 0.0000 0.0000 0.0000 0.0000 0.0057 0.0028 0.0023 0.0272 0.0570 0.0533 0.0208 0.0003 0.0171 0.0592 0.0974 0.1112 0.0983 0.0689 0.0368 0.0126 0.0011 0.0018 0.0115 0.0259 0.0413 0.0550 0.0656 0.0724 0.0753 0.0751 0.0725 0.0679 0.0620 0.0558 0.0496 0.0434 0.0374
0.0000 0.0000 0.0000 0.0000 0.0000 0.0000 0.0000 0.0000 0.0000 0.0000 0.0000 0.0000 0.0000 0.0000 0.0000 0.0000 0.0000 0.0061 0.0023 0.0039 0.0339 0.0656 0.0576 0.0201 0.0002 0.0234 0.0729 0.1149 0.1279 0.1107 0.0759 0.0393 0.0127 0.0008 0.0028 0.0146 0.0316 0.0493 0.0649 0.0767 0.0841 0.0871 0.0867 0.0834 0.0779 0.0711 0.0638 0.0566 0.0495 0.0427
0.0000 0.0000 0.0000 0.0000 0.0000 0.0000 0.0000 0.0000 0.0000 0.0000 0.0000 0.0000 0.0000 0.0000 0.0000 0.0000 0.0000 0.0062 0.0016 0.0062 0.0415 0.0736 0.0600 0.0181 0.0007 0.0315 0.0883 0.1332 0.1440 0.1218 0.0814 0.0407 0.0122 0.0005 0.0041 0.0185 0.0381 0.0580 0.0753 0.0883 0.0961 0.0991 0.0982 0.0942 0.0878 0.0799 0.0717 0.0635 0.0555 0.0477
0.0000 0.0000 0.0000 0.0000 0.0000 0.0000 0.0000 0.0000 0.0000 0.0000 0.0000 0.0000 0.0000 0.0000 0.0000 0.0000 0.0000 0.0061 0.0009 0.0095 0.0499 0.0805 0.0602 0.0150 0.0022 0.0420 0.1057 0.1520 0.1593 0.1311 0.0851 0.0408 0.0111 0.0003 0.0061 0.0232 0.0455 0.0676 0.0864 0.1003 0.1084 0.1111 0.1097 0.1049 0.0975 0.0886 0.0793 0.0701 0.0612 0.0526
0.0000 0.0000 0.0000 0.0000 0.0000 0.0000 0.0000 0.0000 0.0000 0.0000 0.0000 0.0000 0.0000 0.0000 0.0000 0.0000 0.0000 0.0057 0.0003 0.0140 0.0588 0.0861 0.0582 0.0112 0.0053 0.0551 0.1252 0.1713 0.1735 0.1386 0.0870 0.0396 0.0095 0.0003 0.0089 0.0290 0.0540 0.0782 0.0984 0.1130 0.1212 0.1235 0.1213 0.1156 0.1071 0.0971 0.0867 0.0766 0.0667 0.0573
0.0000 0.0000 0.0000 0.0000 0.0000 0.0000 0.0000 0.0000 0.0000 0.0000 0.0000 0.0000 0.0000 0.0000 0.0000 0.0000 0.0000 0.0050 0.0002 0.0200 0.0682 0.0898 0.0539 0.0071 0.0106 0.0715 0.1469 0.1909 0.1864 0.1440 0.0868 0.0371 0.0075 0.0007 0.0126 0.0361 0.0639 0.0902 0.1116 0.1266 0.1347 0.1364 0.1333 0.1265 0.1169 0.1056 0.0941 0.0830 0.0721 0.0619
0.0000 0.0000 0.0000 0.0000 0.0000 0.0000 0.0000 0.0000 0.0000 0.0000 0.0000 0.0000 0.0000 0.0000 0.0000 0.0000 0.0000 0.0040 0.0008 0.0274 0.0774 0.0911 0.0474 0.0035 0.0190 0.0912 0.1702 0.2099 0.1970 0.1466 0.0844 0.0333 0.0052 0.0017 0.0175 0.0446 0.0752 0.1033 0.1256 0.1408 0.1485 0.1494 0.1452 0.1371 0.1263 0.1139 0.1013 0.0891 0.0773 0.0662
0.0000 0.0000 0.0000 0.0000 0.0000 0.0000 0.0000 0.0000 0.0000 0.0000 0.0000 0.0000 0.0000 0.0000 0.0000 0.0000 0.0000 0.0029 0.0025 0.0365 0.0860 0.0896 0.0391 0.0012 0.0310 0.1143 0.1946 0.2275 0.2048 0.1462 0.0797 0.0284 0.0030 0.0037 0.0238 0.0546 0.0879 0.1175 0.1404 0.1555 0.1625 0.1624 0.1569 0.1475 0.1354 0.1218 0.1080 0.0948 0.0821 0.0702
0.0000 0.0000 0.0000 0.0000 0.0000 0.0000 0.0000 0.0000 0.0000 0.0000 0.0000 0.0000 0.0000 0.0000 0.0000 0.0000 0.0000 0.0017 0.0056 0.0467 0.0928 0.0847 0.0294 0.0015 0.0475 0.1407 0.2196 0.2430 0.2092 0.1425 0.0729 0.0227 0.0012 0.0068 0.0316 0.0661 0.1019 0.1327 0.1559 0.1705 0.1765 0.1751 0.1683 0.1574 0.1440 0.1292 0.1143 0.1001 0.0865 0.0739
0.0000 0.0000 0.0000 0.0000 0.0000 0.0000 0.0000 0.0000 0.0000 0.0000 0.0000 0.0000 0.0000 0.0000 0.0000 0.0000 0.0000 0.0006 0.0101 0.0569 0.0962 0.0755 0.0190 0.0054 0.0691 0.1702 0.2441 0.2555 0.2097 0.1355 0.0641 0.0166 0.0003 0.0115 0.0413 0.0794 0.1173 0.1490 0.1719 0.1857 0.1905 0.1877 0.1793 0.1669 0.1522 0.1361 0.1201 0.1049 0.0906 0.0772
0.0000 0.0000 0.0000 0.0000 0.0000 0.0000 0.0000 0.0000 0.0000 0.0000 0.0000 0.0000 0.0000 0.0000 0.0000 0.0000 0.0000 0.0001 0.0159 0.0656 0.0945 0.0619 0.0091 0.0140 0.0956 0.2014 0.2665 0.2636 0.2055 0.1251 0.0537 0.0106 0.0007 0.0183 0.0532 0.0948 0.1345 0.1666 0.1889 0.2015 0.2048 0.2002 0.1902 0.1760 0.1600 0.1427 0.1255 0.1094 0.0943 0.0803
0.0000 0.0000 0.0000 0.0000 0.0000 0.0000 0.0000 0.0000 0.0000 0.0000 0.0000 0.0000 0.0000 0.0000 0.0000 0.0000 0.0000 0.0006 0.0234 0.0736 0.0899 0.0474 0.0024 0.0275 0.1247 0.2308 0.2838 0.2655 0.1960 0.1114 0.0422 0.0054 0.0030 0.0276 0.0678 0.1126 0.1537 0.1857 0.2070 0.2180 0.2194 0.2129 0.2010 0.1851 0.1676 0.1490 0.1307 0.1137 0.0977 0.0830
0.0000 0.0000 0.0000 0.0000 0.0000 0.0000 0.0000 0.0000 0.0000 0.0000 0.0000 0.0000 0.0000 0.0000 0.0000 0.0000 0.0000 0.0024 0.0325 0.0806 0.0831 0.0337 0.0015 0.0496 0.1614 0.2649 0.3031 0.2676 0.1864 0.0981 0.0320 0.0023 0.0081 0.0397 0.0850 0.1327 0.1747 0.2061 0.2258 0.2348 0.2339 0.2254 0.2115 0.1938 0.1748 0.1549 0.1354 0.1175 0.1008 0.0855
0.0000 0.0000 0.0000 0.0000 0.0000 0.0000 0.0000 0.0000 0.0000 0.0000 0.0000 0.0000 0.0000 0.0000 0.0000 0.0000 0.0000 0.0054 0.0414 0.0821 0.0692 0.0184 0.0063 0.0793 0.2012 0.2953 0.3137 0.2599 0.1688 0.0802 0.0207 0.0007 0.0160 0.0552 0.1054 0.1553 0.1974 0.2275 0.2450 0.2515 0.2479 0.2370 0.2211 0.2017 0.1812 0.1601 0.1394 0.1206 0.1033 0.0875
0.0000 0.0000 0.0000 0.0000 0.0000 0.0000 0.0000 0.0000 0.0000 0.0000 0.0000 0.0000 0.0000 0.0000 0.0000 0.0000 0.0000 0.0097 0.0489 0.0783 0.0518 0.0067 0.0198 0.1164 0.2424 0.3209 0.3166 0.2451 0.1469 0.0611 0.0110 0.0023 0.0278 0.0743 0.1288 0.1801 0.2216 0.2497 0.2644 0.2679 0.2614 0.2480 0.2300 0.2089 0.1869 0.1645 0.1428 0.1233 0.1053 0.0891
0.0000 0.0000 0.0000 0.0000 0.0000 0.0000 0.0000 0.0000 0.0000 0.0000 0.0000 0.0000 0.0000 0.0000 0.0000 0.0000 0.0000 0.0147 0.0537 0.0689 0.0331 0.0015 0.0432 0.1595 0.2820 0.3392 0.3106 0.2231 0.1214 0.0421 0.0039 0.0079 0.0438 0.0974 0.1553 0.2071 0.2471 0.2724 0.2838 0.2839 0.2741 0.2582 0.2381 0.2153 0.1918 0.1682 0.1455 0.1253 0.1068 0.0902
0.0000 0.0000 0.0000 0.0000 0.0000 0.0000 0.0000 0.0000 0.0000 0.0000 0.0000 0.0000 0.0000 0.0000 0.0000 0.0000 0.0000 0.0196 0.0543 0.0547 0.0162 0.0055 0.0767 0.2062 0.3168 0.3478 0.2948 0.1947 0.0937 0.0248 0.0009 0.0186 0.0648 0.1245 0.1847 0.2360 0.2736 0.2953 0.3028 0.2992 0.2860 0.2674 0.2451 0.2207 0.1959 0.1712 0.1475 0.1266 0.1078 0.0909
0.0000 0.0000 0.0000 0.0000 0.0000 0.0000 0.0000 0.0000 0.0000 0.0000 0.0000 0.0000 0.0000 0.0000 0.0000 0.0000 0.0000 0.0234 0.0501 0.0375 0.0044 0.0208 0.1191 0.2530 0.3435 0.3446 0.2689 0.1608 0.0657 0.0109 0.0034 0.0352 0.0910 0.1558 0.2171 0.2667 0.3008 0.3182 0.3214 0.3138 0.2972 0.2757 0.2513 0.2250 0.1989 0.1732 0.1488 0.1274 0.1082 0.0911
0.0000 0.0000 0.0000 0.0000 0.0000 0.0000 0.0000 0.0000 0.0000 0.0000 0.0000 0.0000 0.0000 0.0000 0.0000 0.0000 0.0000 0.0251 0.0412 0.0202 0.0013 0.0483 0.1676 0.2958 0.3585 0.3285 0.2337 0.1236 0.0397 0.0025 0.0127 0.0583 0.1227 0.1911 0.2522 0.2986 0.3283 0.3408 0.3393 0.3275 0.3075 0.2832 0.2564 0.2282 0.2008 0.1742 0.1492 0.1275 0.1081 0.0908
0.0000 0.0000 0.0000 0.0000 0.0000 0.0000 0.0000 0.0000 0.0000 0.0000 0.0000 0.0000 0.0000 0.0000 0.0000 0.0000 0.0000 0.0240 0.0289 0.0066 0.0098 0.0868 0.2179 0.3292 0.3585 0.2989 0.1911 0.0859 0.0184 0.0015 0.0300 0.0885 0.1599 0.2301 0.2892 0.3312 0.3555 0.3625 0.3558 0.3398 0.3164 0.2893 0.2602 0.2302 0.2016 0.1742 0.1489 0.1269 0.1074 0.0901
0.0000 0.0000 0.0000 0.0000 0.0000 0.0000 0.0000 0.0000 0.0000 0.0000 0.0000 0.0000 0.0000 0.0000 0.0000 0.0000 0.0000 0.0200 0.0157 0.0007 0.0309 0.1331 0.2639 0.3482 0.3417 0.2571 0.1441 0.0509 0.0045 0.0098 0.0562 0.1260 0.2022 0.2722 0.3276 0.3638 0.3817 0.3827 0.3706 0.3502 0.3235 0.2936 0.2624 0.2308 0.2012 0.1733 0.1477 0.1256 0.1061 0.0888
0.0000 0.0000 0.0000 0.0000 0.0000 0.0000 0.0000 0.0000 0.0000 0.0000 0.0000 0.0000 0.0000 0.0000 0.0000 0.0000 0.0000 0.0138 0.0050 0.0054 0.0638 0.1817 0.2994 0.3490 0.3077 0.2057 0.0967 0.0226 0.0009 0.0291 0.0919 0.1706 0.2490 0.3165 0.3665 0.3956 0.4064 0.4009 0.3832 0.3586 0.3286 0.2962 0.2631 0.2300 0.1996 0.1713 0.1456 0.1236 0.1042 0.0871
0.0000 0.0000 0.0000 0.0000 0.0000 0.0000 0.0000 0.0000 0.0000 0.0000 0.0000 0.0000 0.0000 0.0000 0.0000 0.0000 0.0000 0.0070 0.0003 0.0220 0.1045 0.2259 0.3183 0.3293 0.2586 0.1494 0.0539 0.0047 0.0100 0.0604 0.1374 0.2220 0.2998 0.3625 0.4051 0.4263 0.4294 0.4169 0.3937 0.3646 0.3313 0.2965 0.2619 0.2281 0.1971 0.1685 0.1430 0.1212 0.1020 0.0851
0.0000 0.0000 0.0000 0.0000 0.0000 0.0000 0.0000 0.0000 0.0000 0.0000 0.0000 0.0000 0.0000 0.0000 0.0000 0.0000 0.0000 0.0018 0.0040 0.0492 0.1470 0.2578 0.3157 0.2893 0.1985 0.0937 0.0206 0.0011 0.0340 0.1044 0.1921 0.2789 0.3531 0.4085 0.4423 0.4546 0.4494 0.4298 0.4012 0.3679 0.3316 0.2947 0.2589 0.2248 0.1933 0.1647 0.1396 0.1180 0.0991 0.0826
0.0000 0.0000 0.0000 0.0000 0.0000 0.0000 0.0000 0.0000 0.0000 0.0000 0.0000 0.0000 0.0000 0.0000 0.0000 0.0000 0.0000 0.0001 0.0167 0.0824 0.1832 0.2706 0.2899 0.2325 0.1341 0.0455 0.0023 0.0149 0.0740 0.1608 0.2548 0.3399 0.4072 0.4531 0.4767 0.4794 0.4658 0.4392 0.4053 0.3683 0.3293 0.2907 0.2541 0.2200 0.1883 0.1598 0.1353 0.1141 0.0957 0.0796
0.0000 0.0000 0.0000 0.0000 0.0000 0.0000 0.0000 0.0000 0.0000 0.0000 0.0000 0.0000 0.0000 0.0000 0.0000 0.0000 0.0000 0.0033 0.0365 0.1150 0.2053 0.2602 0.2427 0.1657 0.0738 0.0121 0.0039 0.0485 0.1303 0.2284 0.3236 0.4028 0.4603 0.4948 0.5070 0.4999 0.4778 0.4446 0.4059 0.3655 0.3244 0.2845 0.2475 0.2136 0.1820 0.1539 0.1301 0.1096 0.0917 0.0762
0.0000 0.0000 0.0000 0.0000 0.0000 0.0000 0.0000 0.0000 0.0000 0.0000 0.0000 0.0000 0.0000 0.0000 0.0000 0.0000 0.0000 0.0110 0.0591 0.1394 0.2077 0.2267 0.1807 0.0988 0.0270 0.0004 0.0290 0.1028 0.2019 0.3057 0.3971 0.4664 0.5115 0.5333 0.5339 0.5166 0.4863 0.4469 0.4039 0.3606 0.3176 0.2770 0.2398 0.2061 0.1751 0.1476 0.1245 0.1047 0.0874 0.0725
0.0000 0.0000 0.0000 0.0000 0.0000 0.0000 0.0000 0.0000 0.0000 0.0000 0.0000 0.0000 0.0000 0.0000 0.0000 0.0000 0.0000 0.0214 0.0782 0.1486 0.1876 0.1741 0.1128 0.0420 0.0024 0.0157 0.0795 0.1767 0.2861 0.3890 0.4712 0.5270 0.5574 0.5656 0.5543 0.5271 0.4892 0.4444 0.3978 0.3522 0.3080 0.2671 0.2303 0.1971 0.1669 0.1403 0.1181 0.0991 0.0826 0.0684
0.0000 0.0000 0.0000 0.0000 0.0000 0.0000 0.0000 0.0000 0.0000 0.0000 0.0000 0.0000 0.0000 0.0000 0.0000 0.0000 0.0000 0.0313 0.0879 0.1386 0.1475 0.1117 0.0518 0.0072 0.0079 0.0614 0.1547 0.2672 0.3786 0.4740 0.5421 0.5812 0.5956 0.5898 0.5670 0.5305 0.4860 0.4366 0.3873 0.3402 0.2955 0.2550 0.2189 0.1867 0.1576 0.1322 0.1110 0.0929 0.0773 0.0640
0.0000 0.0000 0.0000 0.0000 0.0000 0.0000 0.0000 0.0000 0.0000 0.0000 0.0000 0.0000 0.0000 0.0000 0.0000 0.0000 0.0000 0.0371 0.0844 0.1108 0.0959 0.0530 0.0113 0.0042 0.0482 0.1372 0.2513 0.3695 0.4748 0.5565 0.6066 0.6274 0.6251 0.6054 0.5717 0.5272 0.4772 0.4245 0.3733 0.3256 0.2811 0.2414 0.2062 0.1752 0.1474 0.1234 0.1034 0.0864 0.0718 0.0594
0.0000 0.0000 0.0000 0.0000 0.0000 0.0000 0.0000 0.0000 0.0000 0.0000 0.0000 0.0000 0.0000 0.0000 0.0000 0.0000 0.0000 0.0365 0.0680 0.0719 0.0456 0.0125 0.0030 0.0393 0.1235 0.2391 0.3633 0.4778 0.5695 0.6320 0.6619 0.6636 0.6449 0.6120 0.5684 0.5175 0.4634 0.4086 0.3566 0.3091 0.2654 0.2267 0.1928 0.1629 0.1367 0.1141 0.0955 0.0797 0.0661 0.0546
0.0000 0.0000 0.0000 0.0000 0.0000 0.0000 0.0000 0.0000 0.0000 0.0000 0.0000 0.0000 0.0000 0.0000 0.0000 0.0000 0.0000 0.0291 0.0430 0.0329 0.0105 0.0029 0.0341 0.1128 0.2285 0.3584 0.4810 0.5821 0.6535 0.6932 0.7015 0.6847 0.6507 0.6063 0.5547 0.4991 0.4426 0.3871 0.3355 0.2890 0.2470 0.2100 0.1777 0.1495 0.1251 0.1042 0.0870 0.0725 0.0601 0.0496
0.0000 0.0000 0.0000 0.0000 0.0000 0.0000 0.0000 0.0000 0.0000 0.0000 0.0000 0.0000 0.0000 0.0000 0.0000 0.0000 0.0000 0.0175 0.0180 0.0066 0.0032 0.0315 0.1047 0.2181 0.3523 0.4830 0.5925 0.6725 0.7192 0.7343 0.7217 0.6880 0.6410 0.5876 0.5303 0.4721 0.4150 0.3603 0.3101 0.2658 0.2261 0.1913 0.1612 0.1350 0.1127 0.0937 0.0781 0.0650 0.0539 0.0443
0.0000 0.0000 0.0000 0.0000 0.0000 0.0000 0.0000 0.0000 0.0000 0.0000 0.0000 0.0000 0.0000 0.0000 0.0000 0.0000 0.0000 0.0063 0.0028 0.0039 0.0304 0.0980 0.2073 0.3432 0.4818 0.6011 0.6893 0.7430 0.7634 0.7551 0.7235 0.6756 0.6191 0.5595 0.4991 0.4396 0.3831 0.3301 0.2821 0.2404 0.2037 0.1720 0.1446 0.1208 0.1006 0.0836 0.0695 0.0577 0.0477 0.0393
0.0000 0.0000 0.0000 0.0000 0.0000 0.0000 0.0000 0.0000 0.0000 0.0000 0.0000 0.0000 0.0000 0.0000 0.0000 0.0000 0.0000 0.0007 0.0045 0.0294 0.0899 0.1924 0.3258 0.4690 0.5980 0.6957 0.7569 0.7824 0.7776 0.7487 0.7018 0.6436 0.5813 0.5189 0.4580 0.3996 0.3454 0.2955 0.2509 0.2128 0.1796 0.1514 0.1271 0.1059 0.0881 0.0731 0.0606 0.0503 0.0415 0.0341
0.0000 0.0000 0.0000 0.0000 0.0000 0.0000 0.0000 0.0000 0.0000 0.0000 0.0000 0.0000 0.0000 0.0000 0.0000 0.0000 0.0000 0.0040 0.0254 0.0791 0.1699 0.2962 0.4384 0.5738 0.6820 0.7520 0.7848 0.7838 0.7576 0.7131 0.6559 0.5923 0.5282 0.4664 0.4078 0.3529 0.3028 0.2574 0.2173 0.1834 0.1543 0.1299 0.1089 0.0906 0.0753 0.0623 0.0516 0.0427 0.0352 0.0289
0.0000 0.0000 0.0000 0.0000 0.0000 0.0000 0.0000 0.0000 0.0000 0.0000 0.0000 0.0000 0.0000 0.0000 0.0000 0.0000 0.0000 0.0160 0.0600 0.1402 0.2511 0.3866 0.5230 0.6393 0.7206 0.7617 0.7680 0.7463 0.7050 0.6509 0.5896 0.5257 0.4638 0.4060 0.3524 0.3029 0.2583 0.2184 0.1835 0.1543 0.1295 0.1088 0.0910 0.0757 0.0628 0.0520 0.0429 0.0355 0.0292 0.0240
0.0000 0.0000 0.0000 0.0000 0.0000 0.0000 0.0000 0.0000 0.0000 0.0000 0.0000 0.0000 0.0000 0.0000 0.0000 0.0000 0.0000 0.0327 0.0973 0.1946 0.3116 0.4415 0.5602 0.6513 0.7047 0.7200 0.7056 0.6708 0.6221 0.5652 0.5058 0.4465 0.3904 0.3394 0.2929 0.2504 0.2125 0.1788 0.1498 0.1256 0.1052 0.0881 0.0736 0.0611 0.0507 0.0419 0.0345 0.0285 0.0235 0.0193
0.0000 0.0000 0.0000 0.0000 0.0000 0.0000 0.0000 0.0000 0.0000 0.0000 0.0000 0.0000 0.0000 0.0000 0.0000 0.0000 0.0000 0.0472 0.1236 0.2242 0.3329 0.4447 0.5384 0.6026 0.6317 0.6283 0.6017 0.5621 0.5136 0.4604 0.4080 0.3572 0.3100 0.2680 0.2303 0.1961 0.1656 0.1389 0.1160 0.0971 0.0811 0.0678 0.0565 0.0469 0.0389 0.0322 0.0265 0.0218 0.0180 0.0148
0.0000 0.0000 0.0000 0.0000 0.0000 0.0000 0.0000 0.0000 0.0000 0.0000 0.0000 0.0000 0.0000 0.0000 0.0000 0.0000 0.0000 0.0531 0.1279 0.2173 0.3062 0.3920 0.4582 0.4983 0.5100 0.4970 0.4675 0.4307 0.3888 0.3449 0.3034 0.2640 0.2278 0.1961 0.1679 0.1424 0.1200 0.1003 0.0837 0.0700 0.0584 0.0487 0.0406 0.0337 0.0280 0.0231 0.0190 0.0157 0.0129 0.0106
0.0000 0.0000 0.0000 0.0000 0.0000 0.0000 0.0000 0.0000 0.0000 0.0000 0.0000 0.0000 0.0000 0.0000 0.0000 0.0000 0.0000 0.0469 0.1071 0.1741 0.2367 0.2937 0.3345 0.3558 0.3582 0.3441 0.3198 0.2914 0.2605 0.2292 0.2007 0.1741 0.1496 0.1283 0.1095 0.0927 0.0781 0.0653 0.0545 0.0456 0.0381 0.0317 0.0264 0.0220 0.0182 0.0150 0.0124 0.0102 0.0084 0.0069
0.0000 0.0000 0.0000 0.0000 0.0000 0.0000 0.0000 0.0000 0.0000 0.0000 0.0000 0.0000 0.0000 0.0000 0.0000 0.0000 0.0000 0.0315 0.0693 0.1095 0.1452 0.1764 0.1973 0.2066 0.2056 0.1956 0.1803 0.1630 0.1447 0.1265 0.1106 0.0957 0.0821 0.0702 0.0597 0.0506 0.0426 0.0356 0.0298 0.0250 0.0208 0.0174 0.0145 0.0121 0.0100 0.0083 0.0068 0.0056 0.0046 0.0038
0.0000 0.0000 0.0000 0.0000 0.0000 0.0000 0.0000 0.0000 0.0000 0.0000 0.0000 0.0000 0.0000 0.0000 0.0000 0.0000 0.0000 0.0136 0.0293 0.0454 0.0593 0.0711 0.0786 0.0815 0.0806 0.0762 0.0699 0.0629 0.0556 0.0484 0.0423 0.0366 0.0313 0.0267 0.0227 0.0193 0.0162 0.0136 0.0114 0.0095 0.0080 0.0066 0.0055 0.0046 0.0038 0.0032 0.0026 0.0022 0.0018 0.0015
0.0000 0.0000 0.0000 0.0000 0.0000 0.0000 0.0000 0.0000 0.0000 0.0000 0.0000 0.0000 0.0000 0.0000 0.0000 0.0000 0.0000 0.0016 0.0035 0.0053 0.0069 0.0083 0.0091 0.0093 0.0092 0.0087 0.0079 0.0071 0.0063 0.0055 0.0047 0.0041 0.0035 0.0030 0.0025 0.0022 0.0018 0.0015 0.0013 0.0011 0.0009 0.0007 0.0006 0.0005 0.0004 0.0004 0.0003 0.0002 0.0002 0.0002
