0.0000 0.0000 0.0000 0.0000 0.0000 0.0000 0.0000 0.0000 0.0000 0.0000 0.0000 0.0000 0.0000 0.0000 0.0000 0.0000 0.0000 0.0008 0.0003 0.0005 0.0036 0.0066 0.0058 0.0025 0.0012 0.0045 0.0107 0.0163 0.0183 0.0164 0.0118 0.0067 0.0026 0.0005 0.0004 0.0020 0.0045 0.0074 0.0101 0.0123 0.0138 0.0147 0.0149 0.0146 0.0139 0.0129 0.0117 0.0105 0.0093 0.0081
0.0000 0.0000 0.0000 0.0000 0.0000 0.0000 0.0000 0.0000 0.0000 0.0000 0.0000 0.0000 0.0000 0.0000 0.0000 0.0000 0.0000 0.0023 0.0007 0.0015 0.0110 0.0199 0.0175 0.0076 0.0037 0.0138 0.0325 0.0490 0.0550 0.0492 0.0354 0.0198 0.0076 0.0014 0.0013 0.0060 0.0137 0.0223 0.0303 0.0369 0.0416 0.0441 0.0448 0.0439 0.0417 0.0386 0.0351 0.0315 0.0278 0.0242
0.0000 0.0000 0.0000 0.0000 0.0000 0.0000 0.0000 0.0000 0.0000 0.0000 0.0000 0.0000 0.0000 0.0000 0.0000 0.0000 0.0000 0.0036 0.0010 0.0029 0.0192 0.0337 0.0293 0.0126 0.0067 0.0239 0.0552 0.0824 0.0919 0.0817 0.0584 0.0325 0.0124 0.0022 0.0022 0.0103 0.0231 0.0374 0.0507 0.0617 0.0694 0.0735 0.0746 0.0731 0.0694 0.0642 0.0583 0.0523 0.0462 0.0402
0.0000 0.0000 0.0000 0.0000 0.0000 0.0000 0.0000 0.0000 0.0000 0.0000 0.0000 0.0000 0.0000 0.0000 0.0000 0.0000 0.0000 0.0045 0.0009 0.0051 0.0288 0.0484 0.0412 0.0179 0.0105 0.0355 0.0794 0.1166 0.1288 0.1136 0.0805 0.0443 0.0166 0.0029 0.0033 0.0149 0.0331 0.0530 0.0716 0.0868 0.0973 0.1030 0.1044 0.1022 0.0969 0.0896 0.0814 0.0729 0.0643 0.0560
0.0000 0.0000 0.0000 0.0000 0.0000 0.0000 0.0000 0.0000 0.0000 0.0000 0.0000 0.0000 0.0000 0.0000 0.0000 0.0000 0.0000 0.0048 0.0006 0.0084 0.0405 0.0646 0.0536 0.0234 0.0154 0.0489 0.1053 0.1518 0.1656 0.1445 0.1013 0.0550 0.0201 0.0033 0.0046 0.0201 0.0436 0.0693 0.0930 0.1122 0.1255 0.1325 0.1340 0.1311 0.1242 0.1147 0.1041 0.0932 0.0822 0.0715
0.0000 0.0000 0.0000 0.0000 0.0000 0.0000 0.0000 0.0000 0.0000 0.0000 0.0000 0.0000 0.0000 0.0000 0.0000 0.0000 0.0000 0.0047 0.0004 0.0139 0.0551 0.0828 0.0667 0.0294 0.0216 0.0644 0.1331 0.1877 0.2016 0.1737 0.1202 0.0640 0.0225 0.0034 0.0062 0.0259 0.0550 0.0863 0.1150 0.1381 0.1539 0.1620 0.1635 0.1597 0.1511 0.1394 0.1264 0.1130 0.0997 0.0867
0.0000 0.0000 0.0000 0.0000 0.0000 0.0000 0.0000 0.0000 0.0000 0.0000 0.0000 0.0000 0.0000 0.0000 0.0000 0.0000 0.0000 0.0041 0.0009 0.0224 0.0735 0.1035 0.0805 0.0359 0.0292 0.0818 0.1622 0.2234 0.2360 0.2003 0.1362 0.0708 0.0237 0.0032 0.0083 0.0326 0.0674 0.1043 0.1377 0.1645 0.1825 0.1916 0.1929 0.1879 0.1775 0.1636 0.1481 0.1324 0.1166 0.1014
0.0000 0.0000 0.0000 0.0000 0.0000 0.0000 0.0000 0.0000 0.0000 0.0000 0.0000 0.0000 0.0000 0.0000 0.0000 0.0000 0.0000 0.0034 0.0030 0.0352 0.0964 0.1267 0.0950 0.0427 0.0379 0.1006 0.1916 0.2576 0.2671 0.2229 0.1486 0.0749 0.0235 0.0027 0.0109 0.0403 0.0810 0.1235 0.1614 0.1914 0.2114 0.2211 0.2219 0.2157 0.2034 0.1872 0.1692 0.1511 0.1330 0.1155
0.0000 0.0000 0.0000 0.0000 0.0000 0.0000 0.0000 0.0000 0.0000 0.0000 0.0000 0.0000 0.0000 0.0000 0.0000 0.0000 0.0000 0.0031 0.0077 0.0530 0.1239 0.1517 0.1091 0.0491 0.0468 0.1193 0.2195 0.2882 0.2931 0.2398 0.1560 0.0756 0.0215 0.0020 0.0143 0.0496 0.0963 0.1442 0.1863 0.2192 0.2407 0.2505 0.2507 0.2430 0.2286 0.2101 0.1896 0.1691 0.1487 0.1291
0.0000 0.0000 0.0000 0.0000 0.0000 0.0000 0.0000 0.0000 0.0000 0.0000 0.0000 0.0000 0.0000 0.0000 0.0000 0.0000 0.0000 0.0039 0.0163 0.0761 0.1545 0.1763 0.1208 0.0532 0.0543 0.1363 0.2437 0.3128 0.3117 0.2493 0.1574 0.0723 0.0178 0.0014 0.0192 0.0608 0.1138 0.1667 0.2126 0.2479 0.2704 0.2801 0.2792 0.2699 0.2532 0.2322 0.2093 0.1864 0.1637 0.1420
0.0000 0.0000 0.0000 0.0000 0.0000 0.0000 0.0000 0.0000 0.0000 0.0000 0.0000 0.0000 0.0000 0.0000 0.0000 0.0000 0.0000 0.0066 0.0292 0.1032 0.1849 0.1965 0.1267 0.0528 0.0589 0.1501 0.2626 0.3297 0.3212 0.2503 0.1522 0.0651 0.0127 0.0016 0.0263 0.0751 0.1343 0.1922 0.2413 0.2784 0.3014 0.3104 0.3080 0.2967 0.2775 0.2539 0.2284 0.2031 0.1782 0.1543
0.0000 0.0000 0.0000 0.0000 0.0000 0.0000 0.0000 0.0000 0.0000 0.0000 0.0000 0.0000 0.0000 0.0000 0.0000 0.0000 0.0000 0.0118 0.0458 0.1305 0.2092 0.2061 0.1221 0.0455 0.0597 0.1604 0.2761 0.3387 0.3216 0.2427 0.1408 0.0547 0.0074 0.0038 0.0368 0.0935 0.1592 0.2215 0.2734 0.3117 0.3344 0.3422 0.3378 0.3240 0.3020 0.2755 0.2474 0.2197 0.1924 0.1664
0.0000 0.0000 0.0000 0.0000 0.0000 0.0000 0.0000 0.0000 0.0000 0.0000 0.0000 0.0000 0.0000 0.0000 0.0000 0.0000 0.0000 0.0195 0.0630 0.1507 0.2182 0.1971 0.1025 0.0306 0.0588 0.1706 0.2875 0.3427 0.3154 0.2290 0.1252 0.0430 0.0034 0.0095 0.0522 0.1172 0.1891 0.2553 0.3091 0.3477 0.3694 0.3753 0.3683 0.3515 0.3264 0.2968 0.2659 0.2356 0.2060 0.1780
0.0000 0.0000 0.0000 0.0000 0.0000 0.0000 0.0000 0.0000 0.0000 0.0000 0.0000 0.0000 0.0000 0.0000 0.0000 0.0000 0.0000 0.0281 0.0751 0.1546 0.2028 0.1639 0.0676 0.0130 0.0646 0.1904 0.3067 0.3507 0.3102 0.2152 0.1102 0.0333 0.0032 0.0202 0.0732 0.1466 0.2243 0.2936 0.3484 0.3864 0.4062 0.4094 0.3994 0.3792 0.3505 0.3175 0.2839 0.2510 0.2190 0.1889
0.0000 0.0000 0.0000 0.0000 0.0000 0.0000 0.0000 0.0000 0.0000 0.0000 0.0000 0.0000 0.0000 0.0000 0.0000 0.0000 0.0000 0.0346 0.0747 0.1344 0.1594 0.1094 0.0269 0.0072 0.0942 0.2375 0.3498 0.3770 0.3177 0.2101 0.1017 0.0292 0.0082 0.0360 0.0991 0.1803 0.2630 0.3346 0.3896 0.4262 0.4435 0.4437 0.4301 0.4062 0.3738 0.3374 0.3009 0.2655 0.2312 0.1991
0.0000 0.0000 0.0000 0.0000 0.0000 0.0000 0.0000 0.0000 0.0000 0.0000 0.0000 0.0000 0.0000 0.0000 0.0000 0.0000 0.0000 0.0345 0.0567 0.0920 0.1007 0.0546 0.0057 0.0384 0.1699 0.3303 0.4321 0.4334 0.3468 0.2197 0.1028 0.0312 0.0169 0.0537 0.1256 0.2136 0.3005 0.3738 0.4287 0.4637 0.4783 0.4753 0.4583 0.4309 0.3949 0.3553 0.3162 0.2784 0.2421 0.2082
0.0000 0.0000 0.0000 0.0000 0.0000 0.0000 0.0000 0.0000 0.0000 0.0000 0.0000 0.0000 0.0000 0.0000 0.0000 0.0000 0.0000 0.0246 0.0264 0.0533 0.0688 0.0465 0.0430 0.1294 0.2976 0.4627 0.5414 0.5065 0.3851 0.2335 0.1047 0.0314 0.0220 0.0665 0.1461 0.2402 0.3310 0.4059 0.4608 0.4946 0.5070 0.5014 0.4815 0.4511 0.4121 0.3698 0.3286 0.2889 0.2509 0.2155
0.0000 0.0000 0.0000 0.0000 0.0000 0.0000 0.0000 0.0000 0.0000 0.0000 0.0000 0.0000 0.0000 0.0000 0.0000 0.0000 0.0000 0.0079 0.0122 0.0823 0.1414 0.1466 0.1584 0.2473 0.4005 0.5344 0.5753 0.5065 0.3629 0.2030 0.0773 0.0144 0.0180 0.0749 0.1645 0.2654 0.3599 0.4360 0.4904 0.5225 0.5324 0.5242 0.5015 0.4682 0.4263 0.3817 0.3387 0.2974 0.2579 0.2213
0.0000 0.0000 0.0000 0.0000 0.0000 0.0000 0.0000 0.0000 0.0000 0.0000 0.0000 0.0000 0.0000 0.0000 0.0000 0.0000 0.0000 0.0032 0.0710 0.2384 0.3136 0.2422 0.1224 0.0756 0.1309 0.2228 0.2732 0.2512 0.1754 0.0890 0.0314 0.0235 0.0668 0.1485 0.2506 0.3546 0.4454 0.5137 0.5587 0.5811 0.5817 0.5650 0.5348 0.4951 0.4480 0.3991 0.3526 0.3085 0.2668 0.2284
0.0000 0.0000 0.0000 0.0000 0.0000 0.0000 0.0000 0.0000 0.0000 0.0000 0.0000 0.0000 0.0000 0.0000 0.0000 0.0000 0.0000 0.0072 0.1040 0.2677 0.2988 0.1972 0.0869 0.0737 0.1557 0.2511 0.2874 0.2477 0.1618 0.0766 0.0295 0.0368 0.0950 0.1889 0.2989 0.4063 0.4967 0.5618 0.6018 0.6189 0.6142 0.5922 0.5572 0.5132 0.4628 0.4112 0.3623 0.3162 0.2730 0.2333
0.0000 0.0000 0.0000 0.0000 0.0000 0.0000 0.0000 0.0000 0.0000 0.0000 0.0000 0.0000 0.0000 0.0000 0.0000 0.0000 0.0000 0.0168 0.1388 0.2831 0.2663 0.1457 0.0589 0.0850 0.1901 0.2820 0.2990 0.2406 0.1467 0.0661 0.0324 0.0566 0.1305 0.2359 0.3526 0.4619 0.5504 0.6108 0.6448 0.6557 0.6451 0.6174 0.5774 0.5292 0.4757 0.4214 0.3702 0.3225 0.2778 0.2370
0.0000 0.0000 0.0000 0.0000 0.0000 0.0000 0.0000 0.0000 0.0000 0.0000 0.0000 0.0000 0.0000 0.0000 0.0000 0.0000 0.0000 0.0317 0.1701 0.2796 0.2179 0.0945 0.0444 0.1119 0.2333 0.3133 0.3067 0.2297 0.1309 0.0587 0.0415 0.0841 0.1736 0.2896 0.4113 0.5209 0.6057 0.6600 0.6869 0.6908 0.6739 0.6403 0.5952 0.5427 0.4862 0.4296 0.3763 0.3270 0.2813 0.2395
0.0000 0.0000 0.0000 0.0000 0.0000 0.0000 0.0000 0.0000 0.0000 0.0000 0.0000 0.0000 0.0000 0.0000 0.0000 0.0000 0.0000 0.0500 0.1915 0.2548 0.1587 0.0516 0.0490 0.1554 0.2830 0.3425 0.3089 0.2151 0.1156 0.0561 0.0582 0.1202 0.2246 0.3498 0.4747 0.5824 0.6618 0.7087 0.7274 0.7237 0.7001 0.6604 0.6102 0.5536 0.4944 0.4356 0.3805 0.3299 0.2832 0.2408
0.0000 0.0000 0.0000 0.0000 0.0000 0.0000 0.0000 0.0000 0.0000 0.0000 0.0000 0.0000 0.0000 0.0000 0.0000 0.0000 0.0000 0.0685 0.1972 0.2098 0.0974 0.0260 0.0769 0.2141 0.3355 0.3662 0.3041 0.1972 0.1023 0.0599 0.0838 0.1656 0.2839 0.4162 0.5421 0.6459 0.7183 0.7566 0.7664 0.7546 0.7239 0.6782 0.6230 0.5624 0.5003 0.4395 0.3828 0.3311 0.2837 0.2408
0.0000 0.0000 0.0000 0.0000 0.0000 0.0000 0.0000 0.0000 0.0000 0.0000 0.0000 0.0000 0.0000 0.0000 0.0000 0.0000 0.0000 0.0829 0.1836 0.1503 0.0451 0.0257 0.1290 0.2839 0.3854 0.3807 0.2915 0.1769 0.0928 0.0719 0.1196 0.2208 0.3514 0.4884 0.6126 0.7104 0.7742 0.8030 0.8034 0.7831 0.7449 0.6933 0.6333 0.5689 0.5039 0.4412 0.3832 0.3307 0.2827 0.2396
0.0000 0.0000 0.0000 0.0000 0.0000 0.0000 0.0000 0.0000 0.0000 0.0000 0.0000 0.0000 0.0000 0.0000 0.0000 0.0000 0.0000 0.0888 0.1508 0.0870 0.0138 0.0562 0.2028 0.3580 0.4264 0.3828 0.2709 0.1560 0.0893 0.0940 0.1665 0.2860 0.4263 0.5651 0.6850 0.7744 0.8279 0.8461 0.8367 0.8076 0.7618 0.7045 0.6401 0.5721 0.5047 0.4403 0.3814 0.3283 0.2802 0.2370
0.0000 0.0000 0.0000 0.0000 0.0000 0.0000 0.0000 0.0000 0.0000 0.0000 0.0000 0.0000 0.0000 0.0000 0.0000 0.0000 0.0000 0.0835 0.1045 0.0336 0.0139 0.1179 0.2911 0.4272 0.4519 0.3702 0.2432 0.1371 0.0946 0.1280 0.2252 0.3609 0.5077 0.6451 0.7576 0.8365 0.8783 0.8850 0.8653 0.8273 0.7742 0.7115 0.6429 0.5719 0.5024 0.4368 0.3774 0.3241 0.2760 0.2330
0.0000 0.0000 0.0000 0.0000 0.0000 0.0000 0.0000 0.0000 0.0000 0.0000 0.0000 0.0000 0.0000 0.0000 0.0000 0.0000 0.0000 0.0671 0.0549 0.0049 0.0511 0.2058 0.3827 0.4812 0.4565 0.3424 0.2111 0.1236 0.1114 0.1755 0.2961 0.4448 0.5945 0.7267 0.8290 0.8953 0.9240 0.9187 0.8884 0.8417 0.7814 0.7138 0.6416 0.5680 0.4970 0.4307 0.3711 0.3180 0.2702 0.2278
0.0000 0.0000 0.0000 0.0000 0.0000 0.0000 0.0000 0.0000 0.0000 0.0000 0.0000 0.0000 0.0000 0.0000 0.0000 0.0000 0.0000 0.0432 0.0158 0.0123 0.1245 0.3084 0.4639 0.5104 0.4371 0.3016 0.1790 0.1202 0.1432 0.2383 0.3796 0.5367 0.6848 0.8084 0.8981 0.9502 0.9648 0.9464 0.9048 0.8491 0.7822 0.7096 0.6345 0.5596 0.4882 0.4220 0.3629 0.3104 0.2633 0.2217
0.0000 0.0000 0.0000 0.0000 0.0000 0.0000 0.0000 0.0000 0.0000 0.0000 0.0000 0.0000 0.0000 0.0000 0.0000 0.0000 0.0000 0.0189 0.0006 0.0604 0.2243 0.4087 0.5197 0.5073 0.3939 0.2524 0.1526 0.1312 0.1924 0.3170 0.4746 0.6349 0.7767 0.8879 0.9623 0.9988 0.9984 0.9669 0.9142 0.8501 0.7772 0.7004 0.6230 0.5474 0.4762 0.4107 0.3525 0.3009 0.2548 0.2143
0.0000 0.0000 0.0000 0.0000 0.0000 0.0000 0.0000 0.0000 0.0000 0.0000 0.0000 0.0000 0.0000 0.0000 0.0000 0.0000 0.0000 0.0028 0.0181 0.1438 0.3326 0.4875 0.5378 0.4694 0.3318 0.2026 0.1391 0.1617 0.2613 0.4115 0.5794 0.7368 0.8675 0.9628 1.0196 1.0393 1.0236 0.9793 0.9161 0.8443 0.7661 0.6860 0.6071 0.5316 0.4611 0.3968 0.3400 0.2897 0.2449 0.2057
0.0000 0.0000 0.0000 0.0000 0.0000 0.0000 0.0000 0.0000 0.0000 0.0000 0.0000 0.0000 0.0000 0.0000 0.0000 0.0000 0.0000 0.0023 0.0687 0.2463 0.4265 0.5271 0.5118 0.4010 0.2606 0.1624 0.1463 0.2159 0.3509 0.5207 0.6916 0.8397 0.9544 1.0306 1.0680 1.0702 1.0393 0.9827 0.9100 0.8315 0.7491 0.6666 0.5871 0.5122 0.4431 0.3805 0.3255 0.2768 0.2337 0.1960
0.0000 0.0000 0.0000 0.0000 0.0000 0.0000 0.0000 0.0000 0.0000 0.0000 0.0000 0.0000 0.0000 0.0000 0.0000 0.0000 0.0000 0.0202 0.1421 0.3444 0.4841 0.5167 0.4447 0.3140 0.1948 0.1440 0.1821 0.2973 0.4613 0.6418 0.8086 0.9424 1.0368 1.0910 1.1074 1.0910 1.0452 0.9775 0.8976 0.8144 0.7292 0.6454 0.5657 0.4915 0.4238 0.3629 0.3096 0.2629 0.2216 0.1856
0.0000 0.0000 0.0000 0.0000 0.0000 0.0000 0.0000 0.0000 0.0000 0.0000 0.0000 0.0000 0.0000 0.0000 0.0000 0.0000 0.0000 0.0530 0.2188 0.4111 0.4882 0.4549 0.3472 0.2245 0.1492 0.1579 0.2516 0.4063 0.5895 0.7707 0.9252 1.0387 1.1089 1.1392 1.1340 1.0995 1.0398 0.9622 0.8766 0.7900 0.7031 0.6192 0.5403 0.4673 0.4017 0.3430 0.2920 0.2475 0.2083 0.1743
0.0000 0.0000 0.0000 0.0000 0.0000 0.0000 0.0000 0.0000 0.0000 0.0000 0.0000 0.0000 0.0000 0.0000 0.0000 0.0000 0.0000 0.0907 0.2752 0.4257 0.4344 0.3536 0.2402 0.1539 0.1403 0.2134 0.3573 0.5407 0.7308 0.9014 1.0358 1.1240 1.1671 1.1724 1.1460 1.0945 1.0224 0.9366 0.8469 0.7583 0.6711 0.5881 0.5109 0.4401 0.3771 0.3212 0.2728 0.2308 0.1940 0.1621
0.0000 0.0000 0.0000 0.0000 0.0000 0.0000 0.0000 0.0000 0.0000 0.0000 0.0000 0.0000 0.0000 0.0000 0.0000 0.0000 0.0000 0.1200 0.2917 0.3811 0.3348 0.2372 0.1509 0.1244 0.1815 0.3150 0.4975 0.6951 0.8790 1.0293 1.1365 1.1951 1.2097 1.1902 1.1436 1.0769 0.9944 0.9024 0.8100 0.7207 0.6343 0.5533 0.4786 0.4107 0.3508 0.2980 0.2526 0.2133 0.1791 0.1495
0.0000 0.0000 0.0000 0.0000 0.0000 0.0000 0.0000 0.0000 0.0000 0.0000 0.0000 0.0000 0.0000 0.0000 0.0000 0.0000 0.0000 0.1294 0.2607 0.2886 0.2162 0.1374 0.1065 0.1535 0.2797 0.4611 0.6650 0.8612 1.0267 1.1488 1.2228 1.2487 1.2349 1.1918 1.1270 1.0475 0.9570 0.8609 0.7669 0.6781 0.5937 0.5154 0.4442 0.3800 0.3234 0.2739 0.2317 0.1954 0.1638 0.1366
0.0000 0.0000 0.0000 0.0000 0.0000 0.0000 0.0000 0.0000 0.0000 0.0000 0.0000 0.0000 0.0000 0.0000 0.0000 0.0000 0.0000 0.1139 0.1908 0.1760 0.1141 0.0860 0.1281 0.2494 0.4318 0.6411 0.8463 1.0244 1.1596 1.2466 1.2840 1.2768 1.2362 1.1720 1.0919 1.0027 0.9070 0.8092 0.7157 0.6291 0.5481 0.4737 0.4067 0.3470 0.2943 0.2485 0.2099 0.1767 0.1480 0.1232
0.0000 0.0000 0.0000 0.0000 0.0000 0.0000 0.0000 0.0000 0.0000 0.0000 0.0000 0.0000 0.0000 0.0000 0.0000 0.0000 0.0000 0.0788 0.1070 0.0826 0.0650 0.1073 0.2249 0.4076 0.6239 0.8373 1.0234 1.1689 1.2652 1.3131 1.3134 1.2751 1.2110 1.1295 1.0380 0.9425 0.8447 0.7478 0.6571 0.5744 0.4982 0.4287 0.3668 0.3121 0.2638 0.2221 0.1873 0.1575 0.1317 0.1095
0.0000 0.0000 0.0000 0.0000 0.0000 0.0000 0.0000 0.0000 0.0000 0.0000 0.0000 0.0000 0.0000 0.0000 0.0000 0.0000 0.0000 0.0391 0.0431 0.0459 0.0941 0.2098 0.3903 0.6117 0.8359 1.0305 1.1809 1.2835 1.3356 1.3428 1.3092 1.2448 1.1617 1.0681 0.9701 0.8720 0.7749 0.6813 0.5947 0.5168 0.4457 0.3823 0.3261 0.2767 0.2334 0.1962 0.1651 0.1386 0.1158 0.0962
0.0000 0.0000 0.0000 0.0000 0.0000 0.0000 0.0000 0.0000 0.0000 0.0000 0.0000 0.0000 0.0000 0.0000 0.0000 0.0000 0.0000 0.0129 0.0279 0.0876 0.2048 0.3796 0.5981 0.8293 1.0347 1.1910 1.2941 1.3488 1.3568 1.3265 1.2649 1.1807 1.0847 0.9847 0.8849 0.7881 0.6951 0.6072 0.5268 0.4552 0.3906 0.3339 0.2840 0.2404 0.2025 0.1699 0.1428 0.1197 0.0998 0.0829
0.0000 0.0000 0.0000 0.0000 0.0000 0.0000 0.0000 0.0000 0.0000 0.0000 0.0000 0.0000 0.0000 0.0000 0.0000 0.0000 0.0000 0.0143 0.0747 0.2041 0.3752 0.5820 0.8077 1.0204 1.1859 1.2916 1.3433 1.3516 1.3209 1.2607 1.1790 1.0828 0.9811 0.8806 0.7839 0.6925 0.6066 0.5269 0.4546 0.3907 0.3336 0.2844 0.2413 0.2039 0.1714 0.1436 0.1205 0.1009 0.0840 0.0697
0.0000 0.0000 0.0000 0.0000 0.0000 0.0000 0.0000 0.0000 0.0000 0.0000 0.0000 0.0000 0.0000 0.0000 0.0000 0.0000 0.0000 0.0464 0.1723 0.3644 0.5619 0.7692 0.9735 1.1464 1.2612 1.3146 1.3192 1.2890 1.2295 1.1501 1.0579 0.9582 0.8582 0.7629 0.6735 0.5906 0.5140 0.4439 0.3810 0.3261 0.2777 0.2363 0.2001 0.1686 0.1415 0.1184 0.0992 0.0829 0.0690 0.0572
0.0000 0.0000 0.0000 0.0000 0.0000 0.0000 0.0000 0.0000 0.0000 0.0000 0.0000 0.0000 0.0000 0.0000 0.0000 0.0000 0.0000 0.0976 0.2873 0.5176 0.7107 0.8911 1.0538 1.1763 1.2404 1.2488 1.2173 1.1609 1.0853 0.9985 0.9058 0.8110 0.7197 0.6345 0.5562 0.4845 0.4191 0.3599 0.3074 0.2624 0.2232 0.1897 0.1605 0.1349 0.1130 0.0944 0.0789 0.0659 0.0549 0.0455
0.0000 0.0000 0.0000 0.0000 0.0000 0.0000 0.0000 0.0000 0.0000 0.0000 0.0000 0.0000 0.0000 0.0000 0.0000 0.0000 0.0000 0.1458 0.3745 0.6090 0.7723 0.9089 1.0218 1.0949 1.1173 1.0942 1.0419 0.9742 0.8959 0.8130 0.7290 0.6466 0.5693 0.4985 0.4344 0.3763 0.3238 0.2766 0.2353 0.2003 0.1703 0.1448 0.1224 0.1026 0.0858 0.0715 0.0597 0.0499 0.0415 0.0344
0.0000 0.0000 0.0000 0.0000 0.0000 0.0000 0.0000 0.0000 0.0000 0.0000 0.0000 0.0000 0.0000 0.0000 0.0000 0.0000 0.0000 0.1679 0.3954 0.6002 0.7199 0.8095 0.8766 0.9106 0.9057 0.8680 0.8115 0.7471 0.6780 0.6083 0.5407 0.4760 0.4166 0.3628 0.3146 0.2715 0.2327 0.1980 0.1679 0.1427 0.1213 0.1030 0.0870 0.0729 0.0609 0.0507 0.0423 0.0353 0.0293 0.0243
0.0000 0.0000 0.0000 0.0000 0.0000 0.0000 0.0000 0.0000 0.0000 0.0000 0.0000 0.0000 0.0000 0.0000 0.0000 0.0000 0.0000 0.1514 0.3364 0.4872 0.5623 0.6128 0.6461 0.6559 0.6392 0.6025 0.5557 0.5058 0.4543 0.4038 0.3569 0.3127 0.2724 0.2361 0.2041 0.1759 0.1505 0.1278 0.1082 0.0920 0.0782 0.0663 0.0559 0.0469 0.0391 0.0326 0.0272 0.0227 0.0188 0.0156
0.0000 0.0000 0.0000 0.0000 0.0000 0.0000 0.0000 0.0000 0.0000 0.0000 0.0000 0.0000 0.0000 0.0000 0.0000 0.0000 0.0000 0.1030 0.2201 0.3089 0.3474 0.3706 0.3835 0.3831 0.3679 0.3427 0.3130 0.2826 0.2520 0.2224 0.1958 0.1711 0.1485 0.1284 0.1107 0.0954 0.0815 0.0691 0.0585 0.0497 0.0424 0.0358 0.0302 0.0254 0.0212 0.0176 0.0147 0.0122 0.0102 0.0084
0.0000 0.0000 0.0000 0.0000 0.0000 0.0000 0.0000 0.0000 0.0000 0.0000 0.0000 0.0000 0.0000 0.0000 0.0000 0.0000 0.0000 0.0448 0.0935 0.1287 0.1424 0.1500 0.1534 0.1517 0.1443 0.1334 0.1211 0.1088 0.0965 0.0848 0.0745 0.0650 0.0563 0.0486 0.0418 0.0361 0.0308 0.0261 0.0221 0.0188 0.0160 0.0135 0.0114 0.0096 0.0080 0.0067 0.0056 0.0046 0.0039 0.0032
0.0000 0.0000 0.0000 0.0000 0.0000 0.0000 0.0000 0.0000 0.0000 0.0000 0.0000 0.0000 0.0000 0.0000 0.0000 0.0000 0.0000 0.0054 0.0112 0.0152 0.0167 0.0175 0.0178 0.0174 0.0165 0.0152 0.0138 0.0123 0.0109 0.0096 0.0084 0.0073 0.0063 0.0055 0.0047 0.0040 0.0035 0.0029 0.0025 0.0021 0.0018 0.0015 0.0013 0.0011 0.0009 0.0007 0.0006 0.0005 0.0004 0.0004
