0.1260 0.0672 0.0066 0.0636 0.1421 0.0224 0.0839 0.0755 0.0513 0.0673 0.0725 0.0187 0.1013 0.0193 0.0316 0.0845 0.0316 0.0041 0.0460 0.0642 0.0328 0.0035 0.0082 0.0310 0.0441 0.0387 0.0224 0.0076 0.0010 0.0028 0.0092 0.0161 0.0209 0.0224 0.0214 0.0183 0.0144 0.0105 0.0070 0.0043 0.0023 0.0011 0.0005 0.0002 0.0003 0.0006 0.0010 0.0014 0.0017 0.0020
0.3903 0.2168 0.0229 0.1784 0.4278 0.0743 0.2424 0.2348 0.1466 0.2083 0.2118 0.0596 0.3037 0.0549 0.0981 0.2535 0.0922 0.0130 0.1398 0.1923 0.0968 0.0100 0.0255 0.0939 0.1325 0.1155 0.0666 0.0223 0.0029 0.0086 0.0279 0.0487 0.0628 0.0673 0.0641 0.0548 0.0431 0.0314 0.0210 0.0128 0.0069 0.0033 0.0013 0.0007 0.0010 0.0018 0.0029 0.0041 0.0051 0.0061
0.6870 0.4119 0.0528 0.2571 0.7151 0.1499 0.3729 0.4186 0.2203 0.3688 0.3337 0.1121 0.5046 0.0822 0.1745 0.4217 0.1453 0.0246 0.2391 0.3191 0.1563 0.0150 0.0451 0.1595 0.2215 0.1910 0.1089 0.0357 0.0047 0.0149 0.0475 0.0821 0.1052 0.1123 0.1067 0.0910 0.0714 0.0519 0.0346 0.0210 0.0114 0.0053 0.0022 0.0012 0.0017 0.0031 0.0049 0.0068 0.0086 0.0103
1.0205 0.6812 0.1189 0.2805 0.9945 0.2699 0.4563 0.6412 0.2601 0.5606 0.4263 0.1855 0.7007 0.0971 0.2679 0.5876 0.1861 0.0413 0.3472 0.4432 0.2080 0.0182 0.0688 0.2295 0.3114 0.2641 0.1478 0.0470 0.0062 0.0224 0.0688 0.1169 0.1485 0.1576 0.1491 0.1267 0.0990 0.0717 0.0476 0.0288 0.0155 0.0072 0.0030 0.0017 0.0025 0.0044 0.0070 0.0097 0.0122 0.0145
1.3646 1.0416 0.2603 0.2414 1.2413 0.4604 0.4764 0.9123 0.2579 0.7928 0.4779 0.2911 0.8853 0.0977 0.3855 0.7477 0.2108 0.0665 0.4672 0.5625 0.2492 0.0193 0.0987 0.3056 0.4021 0.3335 0.1823 0.0556 0.0074 0.0315 0.0922 0.1536 0.1930 0.2032 0.1910 0.1616 0.1257 0.0906 0.0599 0.0360 0.0193 0.0089 0.0036 0.0022 0.0033 0.0059 0.0092 0.0127 0.0159 0.0188
1.6477 1.4785 0.5287 0.1566 1.4127 0.7475 0.4250 1.2317 0.2140 1.0688 0.4788 0.4415 1.0473 0.0854 0.5342 0.8963 0.2166 0.1051 0.6010 0.6741 0.2771 0.0189 0.1369 0.3891 0.4932 0.3980 0.2109 0.0610 0.0087 0.0428 0.1186 0.1927 0.2387 0.2489 0.2323 0.1953 0.1511 0.1084 0.0712 0.0425 0.0225 0.0103 0.0042 0.0027 0.0042 0.0075 0.0116 0.0159 0.0198 0.0233
1.7535 1.9191 0.9700 0.0819 1.4528 1.1468 0.3121 1.5819 0.1432 1.3817 0.4254 0.6491 1.1709 0.0669 0.7194 1.0246 0.2026 0.1633 0.7494 0.7737 0.2895 0.0187 0.1861 0.4810 0.5838 0.4558 0.2326 0.0627 0.0103 0.0570 0.1485 0.2345 0.2858 0.2948 0.2728 0.2277 0.1750 0.1246 0.0813 0.0481 0.0252 0.0114 0.0047 0.0032 0.0053 0.0093 0.0142 0.0193 0.0238 0.0280
1.5618 2.2172 1.5833 0.1195 1.3106 1.6442 0.1769 1.9211 0.0801 1.7084 0.3245 0.9222 1.2371 0.0551 0.9431 1.1212 0.1709 0.2483 0.9115 0.8562 0.2848 0.0213 0.2490 0.5816 0.6725 0.5053 0.2462 0.0608 0.0129 0.0748 0.1825 0.2795 0.3344 0.3405 0.3119 0.2582 0.1969 0.1392 0.0900 0.0527 0.0272 0.0121 0.0050 0.0038 0.0065 0.0113 0.0171 0.0229 0.0282 0.0328
1.0472 2.1840 2.2669 0.4027 0.9753 2.1742 0.0962 2.1806 0.0820 2.0057 0.1997 1.2601 1.2263 0.0697 1.2013 1.1721 0.1274 0.3681 1.0834 0.9155 0.2630 0.0305 0.3283 0.6909 0.7572 0.5445 0.2511 0.0556 0.0173 0.0972 0.2212 0.3277 0.3842 0.3858 0.3495 0.2866 0.2166 0.1517 0.0972 0.0561 0.0286 0.0125 0.0053 0.0045 0.0079 0.0136 0.0202 0.0268 0.0327 0.0380
0.4065 1.6987 2.7853 1.0373 0.5241 2.6066 0.1790 2.2723 0.2231 2.2101 0.0961 1.6467 1.1246 0.1370 1.4809 1.1632 0.0833 0.5297 1.2581 0.9447 0.2256 0.0514 0.4267 0.8074 0.8352 0.5714 0.2467 0.0478 0.0247 0.1252 0.2652 0.3793 0.4352 0.4302 0.3851 0.3124 0.2339 0.1621 0.1026 0.0584 0.0292 0.0126 0.0055 0.0054 0.0096 0.0162 0.0237 0.0311 0.0376 0.0434
0.1075 0.8785 2.8246 1.9936 0.1571 2.7633 0.5396 2.1139 0.5753 2.2489 0.0806 2.0462 0.9319 0.2865 1.7603 1.0852 0.0555 0.7380 1.4257 0.9384 0.1768 0.0904 0.5467 0.9304 0.9046 0.5850 0.2333 0.0386 0.0365 0.1599 0.3154 0.4350 0.4878 0.4743 0.4190 0.3360 0.2488 0.1705 0.1065 0.0597 0.0292 0.0123 0.0057 0.0064 0.0116 0.0192 0.0276 0.0358 0.0429 0.0491
0.6871 0.1949 2.1921 2.9966 0.1751 2.4858 1.2382 1.6719 1.1749 2.0614 0.2323 2.3971 0.6682 0.5467 2.0094 0.9370 0.0662 0.9931 1.5718 0.8919 0.1230 0.1549 0.6904 1.0577 0.9626 0.5839 0.2115 0.0296 0.0545 0.2030 0.3730 0.4956 0.5425 0.5184 0.4515 0.3576 0.2616 0.1770 0.1089 0.0599 0.0287 0.0119 0.0060 0.0077 0.0140 0.0226 0.0320 0.0410 0.0486 0.0554
2.2171 0.3337 1.0827 3.5502 0.8391 1.7539 2.2059 1.0211 1.9775 1.6310 0.6188 2.6109 0.3808 0.9362 2.1880 0.7295 0.1407 1.2843 1.6740 0.8004 0.0740 0.2519 0.8559 1.1819 1.0027 0.5657 0.1821 0.0229 0.0807 0.2556 0.4381 0.5604 0.5983 0.5612 0.4815 0.3762 0.2716 0.1812 0.1097 0.0591 0.0276 0.0114 0.0065 0.0093 0.0168 0.0266 0.0369 0.0466 0.0549 0.0620
3.7824 1.6628 0.1988 3.1917 2.1212 0.8086 3.1900 0.3889 2.8221 1.0265 1.2598 2.5973 0.1515 1.4505 2.2558 0.4921 0.3044 1.5949 1.7141 0.6685 0.0435 0.3876 1.0390 1.2957 1.0201 0.5295 0.1471 0.0215 0.1174 0.3188 0.5110 0.6291 0.6545 0.6023 0.5085 0.3916 0.2786 0.1831 0.1088 0.0572 0.0260 0.0107 0.0071 0.0114 0.0202 0.0311 0.0424 0.0529 0.0616 0.0691
3.8943 3.5463 0.4607 1.9154 3.5298 0.1678 3.7762 0.1191 3.4486 0.4316 2.0892 2.2975 0.0848 2.0435 2.1705 0.2681 0.5800 1.9073 1.6843 0.5115 0.0480 0.5646 1.2317 1.3896 1.0102 0.4758 0.1097 0.0286 0.1667 0.3935 0.5912 0.7006 0.7100 0.6402 0.5315 0.4029 0.2822 0.1822 0.1059 0.0542 0.0239 0.0101 0.0081 0.0140 0.0242 0.0364 0.0486 0.0598 0.0689 0.0767
2.0983 4.3970 2.1481 0.5290 4.2189 0.4046 3.5586 0.5195 3.5988 0.1260 2.9302 1.7257 0.2834 2.6199 1.9010 0.1132 0.9802 2.2002 1.5856 0.3524 0.1050 0.7827 1.4239 1.4548 0.9703 0.4073 0.0743 0.0480 0.2306 0.4797 0.6777 0.7733 0.7628 0.6736 0.5492 0.4091 0.2815 0.1782 0.1011 0.0501 0.0214 0.0096 0.0096 0.0173 0.0291 0.0425 0.0557 0.0675 0.0770 0.0850
0.2748 3.0911 4.1904 0.2695 3.5873 1.7368 2.4568 1.6562 3.0918 0.3541 3.5603 1.0307 0.8099 3.0508 1.4594 0.0924 1.4837 2.4209 1.4046 0.2097 0.2317 1.0460 1.6128 1.4903 0.9038 0.3298 0.0468 0.0837 0.3106 0.5772 0.7690 0.8453 0.8113 0.7008 0.5604 0.4097 0.2764 0.1710 0.0943 0.0451 0.0187 0.0094 0.0118 0.0215 0.0349 0.0496 0.0637 0.0760 0.0858 0.0939
0.9909 0.8585 4.6675 1.7802 1.8722 3.6051 1.0496 3.2108 1.9690 1.1910 3.7382 0.4326 1.6379 3.2166 0.9288 0.2773 2.0358 2.4946 1.1208 0.0969 0.4388 1.3519 1.7917 1.4935 0.8143 0.2504 0.0336 0.1394 0.4079 0.6851 0.8634 0.9148 0.8539 0.7211 0.5651 0.4048 0.2673 0.1611 0.0860 0.0395 0.0162 0.0099 0.0149 0.0266 0.0417 0.0577 0.0725 0.0853 0.0952 0.1034
4.0355 0.3439 2.8564 4.1870 0.3167 4.8444 0.1628 4.4397 0.7511 2.5213 3.2328 0.1089 2.5886 3.0156 0.4331 0.6928 2.5452 2.3852 0.7819 0.0587 0.7124 1.6427 1.8990 1.4247 0.6865 0.1676 0.0367 0.2149 0.5190 0.7981 0.9548 0.9760 0.8866 0.7317 0.5615 0.3939 0.2541 0.1489 0.0766 0.0337 0.0141 0.0111 0.0189 0.0328 0.0496 0.0668 0.0823 0.0955 0.1055 0.1137
5.3924 3.0438 0.4699 5.3044 0.6472 4.3851 0.7773 4.6002 0.1392 3.9461 2.1694 0.4212 3.5187 2.4377 0.1223 1.3677 2.9713 2.1072 0.4482 0.1494 1.0866 1.9436 1.9599 1.3083 0.5408 0.0972 0.0686 0.3214 0.6542 0.9254 1.0512 1.0358 0.9142 0.7362 0.5520 0.3783 0.2375 0.1347 0.0664 0.0281 0.0127 0.0134 0.0242 0.0405 0.0590 0.0772 0.0933 0.1068 0.1167 0.1248
2.4857 5.7384 0.8608 3.5494 3.1481 2.2615 2.8916 3.3065 0.7766 4.7114 0.9323 1.4256 4.0476 1.5808 0.1734 2.2025 3.1744 1.6622 0.1857 0.3893 1.5224 2.2009 1.9420 1.1392 0.3876 0.0512 0.1354 0.4573 0.8063 1.0572 1.1431 1.0862 0.9312 0.7309 0.5347 0.3571 0.2176 0.1188 0.0558 0.0229 0.0124 0.0171 0.0311 0.0496 0.0697 0.0890 0.1056 0.1191 0.1288 0.1367
0.1443 4.2238 4.2889 0.7310 5.6480 0.3437 5.1381 1.3005 2.6290 4.2771 0.1743 2.8925 3.9084 0.7046 0.6899 3.0391 3.0709 1.1156 0.0722 0.7872 1.9820 2.3790 1.8342 0.9268 0.2427 0.0423 0.2432 0.6228 0.9721 1.1895 1.2267 1.1245 0.9359 0.7152 0.5096 0.3306 0.1947 0.1017 0.0454 0.0187 0.0135 0.0226 0.0397 0.0605 0.0821 0.1023 0.1191 0.1325 0.1419 0.1494
3.4220 0.6143 6.2693 0.7133 5.2965 0.8781 5.5776 0.1772 4.7413 2.7163 0.4873 4.2806 3.0471 0.1624 1.6460 3.6678 2.6344 0.5785 0.1777 1.3245 2.4120 2.4440 1.6349 0.6883 0.1258 0.0832 0.3960 0.8157 1.1468 1.3166 1.2976 1.1478 0.9268 0.6885 0.4766 0.2995 0.1695 0.0842 0.0357 0.0160 0.0165 0.0300 0.0503 0.0733 0.0963 0.1171 0.1339 0.1471 0.1560 0.1629
6.7660 1.5425 3.5120 4.2857 2.1660 3.9264 3.5298 1.2254 5.6513 0.9102 1.9910 4.9185 1.7339 0.2785 2.8451 3.8815 1.9265 0.1931 0.5441 1.9504 2.7516 2.3726 1.3562 0.4496 0.0585 0.1848 0.5947 1.0309 1.3228 1.4321 1.3512 1.1539 0.9032 0.6512 0.4368 0.2645 0.1429 0.0670 0.0274 0.0154 0.0219 0.0399 0.0633 0.0883 0.1124 0.1336 0.1503 0.1630 0.1712 0.1774
3.1869 6.2314 0.2851 6.8003 0.2230 6.4716 0.8301 4.0282 4.4873 0.1807 4.0684 4.3682 0.5483 1.1827 3.9387 3.5544 1.1075 0.1027 1.1652 2.5817 2.9373 2.1542 1.0226 0.2422 0.0621 0.3545 0.8360 1.2602 1.4916 1.5288 1.3833 1.1405 0.8646 0.6037 0.3908 0.2267 0.1160 0.0511 0.0214 0.0175 0.0302 0.0527 0.0790 0.1056 0.1305 0.1519 0.1681 0.1802 0.1875 0.1929
0.3027 5.9226 2.7023 4.2508 2.6687 5.3933 0.5271 6.3034 1.9778 1.3716 5.5497 2.7846 0.1602 2.6783 4.5288 2.7180 0.4166 0.4092 1.9708 3.1094 2.9153 1.7982 0.6723 0.1016 0.1554 0.5945 1.1122 1.4928 1.6437 1.6000 1.3894 1.1054 0.8101 0.5461 0.3396 0.1874 0.0900 0.0375 0.0186 0.0230 0.0418 0.0686 0.0975 0.1254 0.1507 0.1719 0.1875 0.1987 0.2049 0.2092
5.4875 0.9394 7.2311 0.4726 6.7230 1.7313 3.5359 5.7640 0.2661 3.9836 5.3906 1.0010 0.9729 4.2349 4.3247 1.6004 0.1146 1.1279 2.8264 3.4207 2.6614 1.3434 0.3583 0.0644 0.3508 0.8996 1.4101 1.7148 1.7682 1.6387 1.3662 1.0478 0.7406 0.4800 0.2849 0.1481 0.0662 0.0275 0.0197 0.0326 0.0574 0.0882 0.1192 0.1479 0.1733 0.1939 0.2085 0.2186 0.2234 0.2265
7.1454 2.2044 5.3946 2.2913 6.4545 0.4001 6.8504 2.6885 1.2276 6.1954 3.5169 0.1818 2.8025 5.1631 3.3138 0.5947 0.3952 2.1551 3.5510 3.4250 2.1929 0.8563 0.1406 0.1609 0.6505 1.2560 1.7115 1.9106 1.8544 1.6391 1.3118 0.9680 0.6577 0.4076 0.2289 0.1108 0.0464 0.0222 0.0259 0.0469 0.0774 0.1117 0.1443 0.1732 0.1982 0.2179 0.2312 0.2398 0.2431 0.2448
1.0209 7.8030 0.5548 7.3069 1.9545 3.8660 6.4200 0.3236 4.4436 6.1268 1.1689 1.1006 4.8290 4.9570 1.8531 0.1412 1.2932 3.2699 3.9591 3.0851 1.5772 0.4252 0.0772 0.4090 1.0443 1.6433 2.0001 2.0710 1.8990 1.6003 1.2278 0.8693 0.5649 0.3321 0.1744 0.0779 0.0322 0.0231 0.0380 0.0668 0.1022 0.1393 0.1730 0.2019 0.2258 0.2441 0.2561 0.2630 0.2644 0.2645
3.1003 5.0443 3.1411 6.4929 0.6621 7.6897 2.5141 1.7128 7.0391 3.6260 0.2321 3.4681 5.9216 3.5875 0.5793 0.5469 2.6250 4.1709 3.9092 2.4392 0.9281 0.1463 0.2126 0.8074 1.5065 2.0295 2.2459 2.1729 1.8874 1.5165 1.1133 0.7533 0.4650 0.2565 0.1243 0.0516 0.0255 0.0315 0.0571 0.0929 0.1324 0.1714 0.2053 0.2337 0.2561 0.2724 0.2827 0.2876 0.2869 0.2851
8.6249 0.3627 8.3829 1.1234 5.4597 6.0995 0.3099 5.7869 6.2720 0.8347 1.7796 5.8679 5.3215 1.6924 0.1818 1.8113 4.0037 4.5653 3.3657 1.6133 0.3917 0.1068 0.5659 1.3313 1.9968 2.3775 2.4228 2.2017 1.8144 1.3886 0.9721 0.6248 0.3628 0.1852 0.0819 0.0345 0.0282 0.0486 0.0840 0.1257 0.1681 0.2082 0.2415 0.2687 0.2888 0.3027 0.3110 0.3137 0.3105 0.3067
2.6212 5.8586 4.7365 2.0892 8.3938 1.2962 3.3585 7.8435 2.7158 0.5696 4.9142 6.5852 3.2568 0.3444 1.0355 3.5479 4.9472 4.2765 2.4350 0.8060 0.1166 0.3621 1.1208 1.9313 2.4639 2.6485 2.5077 2.1478 1.6794 1.2212 0.8110 0.4907 0.2643 0.1227 0.0508 0.0291 0.0419 0.0757 0.1194 0.1656 0.2098 0.2498 0.2816 0.3069 0.3242 0.3350 0.3410 0.3411 0.3352 0.3293
2.0455 8.1171 0.3993 8.1447 3.9310 1.2525 7.8513 5.1017 0.2980 3.5227 7.1328 4.9189 1.0127 0.4815 2.9176 5.0860 5.0660 3.3415 1.3665 0.2484 0.2172 0.9183 1.8262 2.5478 2.8650 2.8186 2.4893 2.0103 1.4892 1.0258 0.6408 0.3599 0.1764 0.0743 0.0348 0.0382 0.0687 0.1143 0.1646 0.2137 0.2582 0.2972 0.3266 0.3491 0.3631 0.3707 0.3736 0.3707 0.3618 0.3536
9.1516 1.1368 6.1312 6.6857 0.3640 6.6914 7.1830 0.9367 2.1730 7.0701 6.3868 2.0261 0.2308 2.2662 5.0011 5.7218 4.2334 2.0289 0.4879 0.1403 0.7376 1.7170 2.5870 3.0898 3.1317 2.8471 2.3535 1.7912 1.2522 0.8106 0.4700 0.2402 0.1053 0.0446 0.0372 0.0639 0.1100 0.1649 0.2198 0.2698 0.3130 0.3497 0.3757 0.3945 0.4045 0.4084 0.4079 0.4016 0.3896 0.3788
3.1374 3.8542 8.5222 0.6467 5.1335 8.5468 2.0936 1.1972 6.6007 7.5413 3.1588 0.2569 1.7144 4.8184 6.2093 5.0817 2.7173 0.8013 0.1286 0.5910 1.6248 2.6364 3.2830 3.4706 3.2168 2.7183 2.1047 1.5046 0.9850 0.5914 0.3117 0.1415 0.0583 0.0385 0.0612 0.1083 0.1668 0.2284 0.2852 0.3339 0.3741 0.4071 0.4286 0.4429 0.4484 0.4480 0.4436 0.4337 0.4183 0.4049
2.2162 9.3739 1.4833 3.8240 9.2499 3.2932 0.6588 6.0764 8.3436 4.2197 0.4490 1.3271 4.6766 6.6317 5.8195 3.3849 1.1317 0.1615 0.4954 1.5648 2.7268 3.5139 3.7924 3.6205 3.0947 2.4368 1.7640 1.1762 0.7114 0.3874 0.1804 0.0742 0.0424 0.0606 0.1099 0.1733 0.2406 0.3056 0.3617 0.4071 0.4425 0.4705 0.4863 0.4950 0.4953 0.4902 0.4817 0.4679 0.4488 0.4325
9.7588 2.2216 3.0813 9.6027 4.1684 0.4448 5.7788 8.9366 5.0137 0.6576 1.1309 4.6863 7.0978 6.4938 3.9422 1.4209 0.2065 0.4557 1.5824 2.8710 3.8182 4.1749 4.0133 3.4990 2.7675 2.0275 1.3638 0.8367 0.4567 0.2180 0.0900 0.0477 0.0637 0.1150 0.1858 0.2608 0.3328 0.3981 0.4506 0.4906 0.5198 0.5414 0.5501 0.5516 0.5461 0.5358 0.5228 0.5049 0.4819 0.4623
2.3248 3.0023 9.8610 4.4420 0.4159 5.9184 9.4006 5.3996 0.7308 1.1474 4.9463 7.6265 7.0767 4.3349 1.5814 0.2300 0.4766 1.7104 3.1297 4.1805 4.6287 4.4523 3.8732 3.1010 2.2658 1.5321 0.9424 0.5179 0.2455 0.1021 0.0532 0.0702 0.1274 0.2044 0.2902 0.3710 0.4428 0.5045 0.5504 0.5824 0.6037 0.6173 0.6176 0.6110 0.5990 0.5832 0.5654 0.5431 0.5161 0.4930
3.7546 10.1116 3.9326 0.5822 6.6667 9.7588 5.2183 0.5902 1.4437 5.6041 8.2656 7.4765 4.4677 1.5500 0.2104 0.5899 1.9914 3.5598 4.6743 5.1181 4.9318 4.2558 3.3738 2.4766 1.6562 1.0143 0.5529 0.2603 0.1065 0.0586 0.0819 0.1489 0.2371 0.3306 0.4235 0.5035 0.5701 0.6242 0.6602 0.6820 0.6935 0.6978 0.6885 0.6728 0.6538 0.6321 0.6092 0.5824 0.5512 0.5244
10.0746 2.6094 1.2823 8.1225 9.8241 4.3427 0.3213 2.2331 6.7735 9.0718 7.6154 4.2126 1.2789 0.1749 0.8661 2.5288 4.2220 5.3608 5.7147 5.3970 4.6282 3.6119 2.6041 1.7329 1.0366 0.5532 0.2532 0.1035 0.0654 0.1034 0.1858 0.2895 0.3970 0.4967 0.5891 0.6615 0.7173 0.7594 0.7818 0.7907 0.7908 0.7859 0.7674 0.7431 0.7168 0.6887 0.6594 0.6272 0.5911 0.5606
0.8049 3.2447 9.9760 8.9053 2.6808 0.3346 3.8462 8.4426 9.6990 7.2434 3.4491 0.7880 0.2451 1.4493 3.4077 5.1930 6.2110 6.3836 5.8378 4.8709 3.7447 2.6306 1.6966 0.9917 0.5041 0.2201 0.0931 0.0803 0.1421 0.2479 0.3705 0.4940 0.6066 0.7011 0.7841 0.8415 0.8810 0.9071 0.9125 0.9061 0.8933 0.8786 0.8505 0.8170 0.7831 0.7482 0.7119 0.6739 0.6328 0.5984
7.0855 10.9733 6.2509 0.7967 1.5328 6.5621 10.2029 9.5895 5.9437 2.1673 0.2989 0.7074 2.5726 4.7611 6.4322 7.2013 6.9997 6.1498 4.9366 3.6558 2.4945 1.5374 0.8471 0.4052 0.1661 0.0867 0.1173 0.2163 0.3494 0.4971 0.6364 0.7605 0.8630 0.9403 1.0051 1.0406 1.0585 1.0647 1.0501 1.0266 0.9997 0.9746 0.9364 0.8932 0.8515 0.8094 0.7659 0.7219 0.6756 0.6372
8.7480 2.2230 0.5818 4.9685 9.9299 10.9305 7.8947 3.5971 0.7403 0.3904 2.0421 4.5013 6.6536 7.8767 8.0617 7.3947 6.1339 4.6909 3.2957 2.1207 1.2302 0.6192 0.2668 0.1174 0.1134 0.2062 0.3540 0.5239 0.6910 0.8499 0.9813 1.0872 1.1651 1.2149 1.2545 1.2627 1.2549 1.2381 1.2020 1.1599 1.1179 1.0806 1.0309 0.9778 0.9277 0.8781 0.8268 0.7765 0.7246 0.6819
0.4523 4.6364 10.0509 11.6679 8.8409 4.2823 1.0017 0.3687 2.0291 4.7462 7.2517 8.8077 9.1612 8.4795 7.1610 5.5687 3.9646 2.5901 1.5215 0.7862 0.3487 0.1503 0.1312 0.2324 0.4009 0.6029 0.8084 0.9991 1.1587 1.2967 1.3966 1.4670 1.5071 1.5206 1.5292 1.5058 1.4689 1.4264 1.3675 1.3060 1.2478 1.1962 1.1338 1.0707 1.0118 0.9541 0.8946 0.8377 0.7800 0.7325
11.3651 11.8418 8.2256 3.5592 0.6842 0.6679 2.8817 5.9478 8.6008 10.1108 10.2790 9.4002 7.8355 5.9846 4.2159 2.7173 1.5673 0.7920 0.3452 0.1657 0.1813 0.3238 0.5400 0.7908 1.0342 1.2626 1.4572 1.6167 1.7282 1.8153 1.8626 1.8827 1.8742 1.8442 1.8173 1.7587 1.6899 1.6199 1.5371 1.4555 1.3808 1.3144 1.2390 1.1659 1.0982 1.0323 0.9645 0.9008 0.8371 0.7848
5.1174 1.3823 0.4496 2.2378 5.4802 8.6993 10.8756 11.6175 11.0519 9.5596 7.5738 5.5425 3.7131 2.2394 1.1976 0.5573 0.2524 0.2061 0.3380 0.5801 0.8784 1.1837 1.4766 1.7456 1.9547 2.1260 2.2462 2.3289 2.3591 2.3719 2.3529 2.3138 2.2503 2.1725 2.1076 2.0128 1.9123 1.8154 1.7102 1.6092 1.5181 1.4371 1.3491 1.2664 1.1899 1.1158 1.0396 0.9691 0.8993 0.8421
3.6855 7.3184 10.5573 12.5270 12.9423 11.9918 10.1317 7.8515 5.6127 3.6718 2.1608 1.1231 0.5191 0.2787 0.3145 0.5378 0.8702 1.2544 1.6388 2.0018 2.3268 2.5812 2.7849 2.9475 3.0338 3.0868 3.0912 3.0661 2.9945 2.9207 2.8326 2.7343 2.6157 2.4889 2.3852 2.2572 2.1291 2.0099 1.8876 1.7700 1.6632 1.5686 1.4691 1.3782 1.2926 1.2101 1.1260 1.0487 0.9725 0.9101
13.7664 12.2708 10.0658 7.6318 5.3174 3.3650 1.8991 0.9455 0.4677 0.3716 0.5578 0.9333 1.4131 1.9252 2.4280 2.8887 3.2799 3.6077 3.8518 4.0396 4.1731 4.2159 4.2185 4.2001 4.1193 4.0273 3.9013 3.7606 3.5853 3.4258 3.2742 3.1226 2.9539 2.7823 2.6435 2.4864 2.3344 2.1962 2.0600 1.9279 1.8067 1.6996 1.5894 1.4914 1.3973 1.3066 1.2149 1.1308 1.0484 0.9809
1.2375 0.6495 0.5014 0.7111 1.1819 1.8209 2.5411 3.2539 3.9433 4.5762 5.1357 5.6011 5.9482 6.1733 6.3134 6.3742 6.3512 6.2901 6.1702 6.0427 5.9004 5.6858 5.4661 5.2617 5.0240 4.8021 4.5640 4.3241 4.0623 3.8331 3.6326 3.4403 3.2328 3.0261 2.8598 2.6803 2.5101 2.3578 2.2116 2.0684 1.9354 1.8179 1.6991 1.5955 1.4945 1.3968 1.2980 1.2079 1.1198 1.0478
10.2112 10.6437 10.9711 11.2350 11.4210 11.5210 11.5074 11.3399 11.1452 10.9145 10.6370 10.3428 9.9975 9.6047 9.2082 8.8057 8.3737 7.9707 7.5603 7.1956 6.8582 6.4771 6.1099 5.7810 5.4421 5.1456 4.8514 4.5516 4.2445 3.9868 3.7538 3.5358 3.3127 3.0936 2.9171 2.7246 2.5456 2.3873 2.2334 2.0855 1.9504 1.8309 1.7103 1.6051 1.5060 1.4089 1.3047 1.2125 1.1236 1.0511
