0.1561 0.1469 0.1381 0.1294 0.1210 0.1131 0.1054 0.0982 0.0913 0.0848 0.0787 0.0729 0.0675 0.0626 0.0578 0.0534 0.0494 0.0456 0.0420 0.0388 0.0357 0.0330 0.0303 0.0279 0.0257 0.0236 0.0217 0.0199 0.0183 0.0167 0.0153 0.0140 0.0128 0.0117 0.0106 0.0096 0.0087 0.0078 0.0071 0.0063 0.0056 0.0049 0.0043 0.0037 0.0031 0.0025 0.0020 0.0015 0.0010 0.0005
0.4681 0.4405 0.4141 0.3880 0.3630 0.3392 0.3162 0.2945 0.2739 0.2542 0.2360 0.2187 0.2025 0.1876 0.1735 0.1603 0.1482 0.1366 0.1261 0.1164 0.1072 0.0988 0.0909 0.0836 0.0770 0.0708 0.0650 0.0598 0.0548 0.0502 0.0459 0.0420 0.0383 0.0350 0.0318 0.0289 0.0261 0.0235 0.0212 0.0189 0.0167 0.0148 0.0128 0.0110 0.0093 0.0076 0.0060 0.0044 0.0029 0.0015
0.7796 0.7337 0.6896 0.6462 0.6046 0.5649 0.5266 0.4905 0.4562 0.4234 0.3930 0.3643 0.3373 0.3125 0.2889 0.2669 0.2468 0.2276 0.2100 0.1938 0.1786 0.1646 0.1515 0.1393 0.1283 0.1179 0.1082 0.0995 0.0913 0.0836 0.0765 0.0699 0.0638 0.0582 0.0529 0.0481 0.0435 0.0392 0.0352 0.0314 0.0279 0.0246 0.0214 0.0183 0.0155 0.0127 0.0100 0.0074 0.0049 0.0024
1.0904 1.0261 0.9645 0.9038 0.8456 0.7901 0.7365 0.6860 0.6380 0.5922 0.5497 0.5095 0.4718 0.4371 0.4041 0.3733 0.3452 0.3183 0.2937 0.2711 0.2497 0.2302 0.2118 0.1949 0.1794 0.1649 0.1514 0.1392 0.1276 0.1169 0.1070 0.0977 0.0893 0.0814 0.0740 0.0672 0.0608 0.0548 0.0493 0.0440 0.0390 0.0344 0.0299 0.0257 0.0216 0.0177 0.0140 0.0104 0.0068 0.0034
1.4001 1.3175 1.2385 1.1606 1.0858 1.0145 0.9457 0.8808 0.8192 0.7605 0.7058 0.6543 0.6058 0.5612 0.5188 0.4794 0.4432 0.4087 0.3772 0.3481 0.3207 0.2956 0.2720 0.2502 0.2304 0.2117 0.1944 0.1787 0.1639 0.1501 0.1374 0.1255 0.1146 0.1046 0.0951 0.0863 0.0781 0.0704 0.0633 0.0565 0.0501 0.0441 0.0384 0.0329 0.0278 0.0227 0.0179 0.0133 0.0088 0.0044
1.7085 1.6077 1.5112 1.4161 1.3249 1.2380 1.1539 1.0748 0.9996 0.9279 0.8612 0.7983 0.7392 0.6848 0.6331 0.5850 0.5408 0.4987 0.4602 0.4248 0.3913 0.3607 0.3319 0.3053 0.2811 0.2583 0.2372 0.2181 0.2000 0.1831 0.1676 0.1531 0.1398 0.1276 0.1160 0.1054 0.0953 0.0859 0.0772 0.0689 0.0611 0.0539 0.0468 0.0402 0.0339 0.0277 0.0219 0.0162 0.0107 0.0053
2.0151 1.8962 1.7824 1.6703 1.5627 1.4602 1.3610 1.2677 1.1790 1.0945 1.0157 0.9416 0.8718 0.8077 0.7467 0.6899 0.6379 0.5883 0.5428 0.5010 0.4615 0.4254 0.3915 0.3601 0.3316 0.3047 0.2797 0.2572 0.2359 0.2160 0.1977 0.1806 0.1649 0.1505 0.1368 0.1243 0.1124 0.1013 0.0911 0.0813 0.0721 0.0635 0.0553 0.0474 0.0399 0.0327 0.0258 0.0191 0.0126 0.0063
2.3197 2.1829 2.0519 1.9228 1.7990 1.6809 1.5668 1.4593 1.3573 1.2599 1.1693 1.0840 1.0036 0.9299 0.8596 0.7942 0.7343 0.6772 0.6249 0.5768 0.5313 0.4898 0.4507 0.4145 0.3817 0.3508 0.3220 0.2961 0.2716 0.2486 0.2276 0.2079 0.1899 0.1732 0.1575 0.1430 0.1294 0.1166 0.1048 0.0936 0.0830 0.0731 0.0636 0.0546 0.0460 0.0377 0.0297 0.0220 0.0145 0.0072
2.6221 2.4674 2.3194 2.1734 2.0335 1.9000 1.7710 1.6495 1.5342 1.4241 1.3217 1.2253 1.1345 1.0511 0.9717 0.8978 0.8300 0.7655 0.7063 0.6519 0.6005 0.5536 0.5094 0.4686 0.4315 0.3965 0.3640 0.3347 0.3069 0.2810 0.2573 0.2350 0.2146 0.1958 0.1781 0.1617 0.1463 0.1318 0.1185 0.1058 0.0938 0.0827 0.0719 0.0617 0.0520 0.0426 0.0336 0.0249 0.0164 0.0082
2.9219 2.7495 2.5845 2.4219 2.2659 2.1172 1.9734 1.8381 1.7096 1.5869 1.4728 1.3653 1.2642 1.1712 1.0827 1.0004 0.9249 0.8530 0.7871 0.7265 0.6692 0.6169 0.5676 0.5221 0.4808 0.4418 0.4056 0.3730 0.3420 0.3132 0.2867 0.2619 0.2392 0.2182 0.1984 0.1802 0.1630 0.1468 0.1320 0.1178 0.1045 0.0921 0.0801 0.0687 0.0579 0.0474 0.0374 0.0277 0.0183 0.0091
3.2189 3.0294 2.8480 2.6692 2.4975 2.3339 2.1756 2.0266 1.8851 1.7500 1.6243 1.5059 1.3944 1.2919 1.1944 1.1036 1.0204 0.9410 0.8684 0.8015 0.7383 0.6806 0.6263 0.5761 0.5305 0.4875 0.4476 0.4115 0.3774 0.3456 0.3163 0.2890 0.2639 0.2408 0.2189 0.1988 0.1798 0.1620 0.1457 0.1300 0.1153 0.1016 0.0884 0.0759 0.0639 0.0523 0.0413 0.0306 0.0202 0.0101
3.5130 3.3075 3.1105 2.9161 2.7294 2.5512 2.3789 2.2165 2.0623 1.9150 1.7779 1.6486 1.5267 1.4148 1.3081 1.2088 1.1177 1.0309 0.9514 0.8782 0.8090 0.7458 0.6863 0.6313 0.5813 0.5342 0.4904 0.4510 0.4136 0.3787 0.3467 0.3167 0.2893 0.2639 0.2399 0.2179 0.1971 0.1776 0.1597 0.1425 0.1264 0.1114 0.0969 0.0831 0.0700 0.0574 0.0453 0.0335 0.0221 0.0110
3.8038 3.5827 3.3705 3.1610 2.9596 2.7672 2.5810 2.4055 2.2388 2.0795 1.9310 1.7909 1.6589 1.5375 1.4218 1.3140 1.2151 1.1208 1.0344 0.9549 0.8797 0.8110 0.7463 0.6865 0.6322 0.5809 0.5334 0.4905 0.4498 0.4119 0.3771 0.3445 0.3146 0.2870 0.2610 0.2370 0.2144 0.1932 0.1737 0.1551 0.1375 0.1212 0.1054 0.0904 0.0762 0.0624 0.0492 0.0365 0.0240 0.0120
4.0909 3.8548 3.6280 3.4038 3.1880 2.9817 2.7819 2.5935 2.4145 2.2433 2.0837 1.9330 1.7908 1.6600 1.5354 1.4192 1.3125 1.2108 1.1175 1.0316 0.9505 0.8763 0.8064 0.7418 0.6831 0.6277 0.5764 0.5300 0.4860 0.4451 0.4075 0.3723 0.3401 0.3102 0.2821 0.2561 0.2317 0.2088 0.1877 0.1676 0.1486 0.1310 0.1139 0.0977 0.0823 0.0674 0.0532 0.0394 0.0260 0.0130
4.3741 4.1235 3.8826 3.6441 3.4144 3.1945 2.9815 2.7805 2.5893 2.4066 2.2360 2.0747 1.9225 1.7824 1.6489 1.5243 1.4098 1.3007 1.2006 1.1084 1.0213 0.9417 0.8665 0.7971 0.7341 0.6746 0.6194 0.5695 0.5223 0.4783 0.4380 0.4002 0.3655 0.3335 0.3032 0.2753 0.2490 0.2244 0.2018 0.1802 0.1598 0.1408 0.1225 0.1051 0.0885 0.0725 0.0572 0.0424 0.0279 0.0139
4.6531 4.3887 4.1342 3.8819 3.6386 3.4056 3.1796 2.9662 2.7632 2.5690 2.3877 2.2160 2.0539 1.9046 1.7622 1.6293 1.5071 1.3905 1.2836 1.1852 1.0921 1.0070 0.9267 0.8525 0.7851 0.7214 0.6624 0.6091 0.5586 0.5116 0.4685 0.4281 0.3911 0.3567 0.3243 0.2944 0.2664 0.2400 0.2159 0.1927 0.1709 0.1506 0.1310 0.1124 0.0946 0.0775 0.0612 0.0454 0.0299 0.0149
4.9277 4.6501 4.3825 4.1170 3.8606 3.6147 3.3761 3.1506 2.9361 2.7307 2.5387 2.3569 2.1849 2.0265 1.8753 1.7341 1.6043 1.4804 1.3666 1.2620 1.1629 1.0724 0.9869 0.9078 0.8361 0.7683 0.7055 0.6487 0.5949 0.5449 0.4991 0.4561 0.4166 0.3800 0.3454 0.3136 0.2837 0.2557 0.2300 0.2053 0.1821 0.1605 0.1396 0.1197 0.1008 0.0826 0.0652 0.0483 0.0318 0.0159
5.1975 4.9074 4.6274 4.3492 4.0800 3.8217 3.5708 3.3336 3.1078 2.8915 2.6891 2.4971 2.3155 2.1481 1.9882 1.8388 1.7013 1.5701 1.4496 1.3387 1.2337 1.1377 1.0470 0.9632 0.8870 0.8152 0.7485 0.6883 0.6312 0.5782 0.5296 0.4841 0.4421 0.4033 0.3666 0.3328 0.3011 0.2713 0.2441 0.2179 0.1933 0.1704 0.1482 0.1271 0.1070 0.0876 0.0692 0.0513 0.0338 0.0169
5.5075 5.1999 4.9030 4.6080 4.3227 4.0488 3.7827 3.5312 3.2918 3.0626 2.8482 2.6449 2.4525 2.2751 2.1058 1.9476 1.8019 1.6630 1.5354 1.4180 1.3068 1.2052 1.1091 1.0203 0.9397 0.8635 0.7929 0.7290 0.6686 0.6124 0.5609 0.5126 0.4682 0.4271 0.3882 0.3524 0.3188 0.2873 0.2584 0.2308 0.2047 0.1804 0.1569 0.1345 0.1133 0.0928 0.0733 0.0543 0.0358 0.0179
5.8277 5.5012 5.1864 4.8738 4.5714 4.2811 3.9991 3.7325 3.4790 3.2364 3.0097 2.7947 2.5912 2.4037 2.2247 2.0575 1.9036 1.7568 1.6221 1.4981 1.3806 1.2733 1.1718 1.0781 0.9928 0.9123 0.8376 0.7701 0.7062 0.6468 0.5924 0.5414 0.4945 0.4510 0.4100 0.3722 0.3367 0.3034 0.2729 0.2437 0.2161 0.1905 0.1656 0.1421 0.1197 0.0980 0.0774 0.0574 0.0378 0.0189
6.1503 5.8048 5.4718 5.1413 4.8216 4.5147 4.2166 3.9349 3.6671 3.4111 3.1720 2.9452 2.7306 2.5328 2.3440 2.1678 2.0056 1.8510 1.7092 1.5785 1.4548 1.3416 1.2348 1.1360 1.0462 0.9613 0.8826 0.8114 0.7440 0.6814 0.6240 0.5702 0.5208 0.4751 0.4318 0.3920 0.3546 0.3195 0.2874 0.2566 0.2276 0.2006 0.1744 0.1496 0.1261 0.1033 0.0816 0.0605 0.0399 0.0199
6.4752 6.1103 5.7590 5.4103 5.0733 4.7496 4.4352 4.1382 3.8560 3.5864 3.3348 3.0962 2.8704 2.6623 2.4638 2.2784 2.1080 1.9455 1.7965 1.6592 1.5291 1.4102 1.2980 1.1942 1.0997 1.0105 0.9277 0.8528 0.7819 0.7161 0.6557 0.5991 0.5472 0.4991 0.4537 0.4119 0.3725 0.3356 0.3019 0.2695 0.2391 0.2107 0.1833 0.1572 0.1325 0.1086 0.0857 0.0636 0.0419 0.0209
6.8021 6.4177 6.0478 5.6808 5.3262 4.9855 4.6547 4.3422 4.0456 3.7623 3.4981 3.2477 3.0106 2.7922 2.5838 2.3893 2.2106 2.0402 1.8840 1.7401 1.6037 1.4790 1.3613 1.2525 1.1534 1.0598 0.9729 0.8943 0.8199 0.7508 0.6875 0.6281 0.5736 0.5232 0.4756 0.4318 0.3905 0.3518 0.3164 0.2825 0.2506 0.2208 0.1921 0.1648 0.1389 0.1138 0.0899 0.0667 0.0439 0.0219
7.1273 6.7238 6.3356 5.9507 5.5788 5.2217 4.8749 4.5474 4.2366 3.9398 3.6632 3.4008 3.1525 2.9237 2.7055 2.5018 2.3147 2.1364 1.9729 1.8222 1.6795 1.5489 1.4257 1.3118 1.2081 1.1100 1.0190 0.9367 0.8588 0.7863 0.7200 0.6578 0.6008 0.5480 0.4981 0.4522 0.4090 0.3685 0.3313 0.2958 0.2624 0.2313 0.2011 0.1726 0.1454 0.1192 0.0942 0.0698 0.0460 0.0230
7.4497 7.0279 6.6218 6.2194 5.8308 5.4578 5.0957 4.7537 4.4290 4.1189 3.8299 3.5557 3.2962 3.0570 2.8289 2.6160 2.4206 2.2342 2.0632 1.9057 1.7565 1.6201 1.4913 1.3722 1.2638 1.1613 1.0661 0.9800 0.8985 0.8228 0.7535 0.6884 0.6287 0.5735 0.5213 0.4733 0.4281 0.3857 0.3468 0.3097 0.2747 0.2420 0.2105 0.1806 0.1522 0.1247 0.0985 0.0731 0.0481 0.0240
7.7727 7.3324 6.9085 6.4884 6.0831 5.6943 5.3169 4.9604 4.6218 4.2984 3.9971 3.7110 3.4401 3.1906 2.9526 2.7305 2.5267 2.3322 2.1538 1.9894 1.8338 1.6915 1.5572 1.4329 1.3197 1.2128 1.1134 1.0235 0.9385 0.8594 0.7871 0.7192 0.6568 0.5991 0.5446 0.4945 0.4473 0.4030 0.3624 0.3235 0.2869 0.2528 0.2199 0.1886 0.1589 0.1303 0.1029 0.0763 0.0503 0.0251
8.0959 7.6372 7.1953 6.7576 6.3355 5.9310 5.5383 5.1673 4.8148 4.4782 4.1645 3.8665 3.5843 3.3244 3.0764 2.8452 2.6330 2.4305 2.2445 2.0733 1.9113 1.7631 1.6232 1.4937 1.3758 1.2644 1.1608 1.0672 0.9785 0.8962 0.8208 0.7500 0.6849 0.6247 0.5679 0.5157 0.4666 0.4204 0.3780 0.3375 0.2993 0.2637 0.2293 0.1966 0.1657 0.1358 0.1073 0.0795 0.0524 0.0261
8.4180 7.9411 7.4814 7.0262 6.5875 6.1673 5.7595 5.3740 5.0077 4.6579 4.3320 4.0222 3.7287 3.4584 3.2005 2.9600 2.7395 2.5289 2.3355 2.1574 1.9889 1.8349 1.6893 1.5546 1.4320 1.3161 1.2084 1.1109 1.0187 0.9331 0.8546 0.7809 0.7132 0.6505 0.5914 0.5370 0.4859 0.4379 0.3937 0.3514 0.3116 0.2746 0.2387 0.2047 0.1725 0.1414 0.1117 0.0828 0.0546 0.0272
8.7025 8.2143 7.7433 7.2763 6.8256 6.3936 5.9737 5.5765 5.1986 4.8374 4.5004 4.1800 3.8762 3.5963 3.3291 3.0798 2.8510 2.6323 2.4314 2.2464 2.0712 1.9109 1.7594 1.6191 1.4916 1.3712 1.2592 1.1577 1.0616 0.9722 0.8903 0.8135 0.7429 0.6776 0.6160 0.5594 0.5060 0.4560 0.4099 0.3658 0.3243 0.2858 0.2485 0.2132 0.1797 0.1473 0.1164 0.0863 0.0569 0.0284
8.9832 8.4844 8.0026 7.5242 7.0619 6.6184 6.1869 5.7782 5.3889 5.0164 4.6686 4.3377 4.0237 3.7342 3.4578 3.1997 2.9626 2.7360 2.5276 2.3357 2.1538 1.9872 1.8296 1.6838 1.5514 1.4264 1.3102 1.2047 1.1047 1.0115 0.9262 0.8461 0.7727 0.7047 0.6407 0.5818 0.5263 0.4741 0.4262 0.3803 0.3371 0.2970 0.2583 0.2216 0.1869 0.1533 0.1211 0.0898 0.0592 0.0295
9.2597 8.7509 8.2588 7.7696 7.2961 6.8415 6.3987 5.9787 5.5782 5.1947 4.8363 4.4950 4.1710 3.8719 3.5864 3.3197 3.0743 2.8397 2.6239 2.4250 2.2364 2.0636 1.8999 1.7486 1.6113 1.4818 1.3614 1.2519 1.1479 1.0509 0.9621 0.8788 0.8025 0.7320 0.6654 0.6042 0.5465 0.4923 0.4424 0.3947 0.3499 0.3082 0.2681 0.2301 0.1941 0.1593 0.1259 0.0934 0.0615 0.0307
9.5315 9.0134 8.5116 8.0121 7.5280 7.0627 6.6090 6.1781 5.7668 5.3725 5.0036 4.6521 4.3182 4.0098 3.7152 3.4399 3.1864 2.9438 2.7206 2.5148 2.3195 2.1403 1.9707 1.8137 1.6716 1.5375 1.4128 1.2993 1.1913 1.0906 0.9982 0.9117 0.8326 0.7594 0.6903 0.6268 0.5669 0.5106 0.4588 0.4093 0.3627 0.3195 0.2780 0.2387 0.2014 0.1653 0.1307 0.0969 0.0639 0.0319
9.7932 9.2681 8.7594 8.2524 7.7602 7.2863 6.8235 6.3834 5.9628 5.5591 5.1809 4.8204 4.4775 4.1602 3.8567 3.5725 3.3106 3.0599 2.8288 2.6155 2.4129 2.2269 2.0509 1.8879 1.7401 1.6005 1.4706 1.3522 1.2399 1.1351 1.0391 0.9492 0.8667 0.7905 0.7186 0.6525 0.5902 0.5317 0.4778 0.4263 0.3778 0.3329 0.2895 0.2485 0.2097 0.1721 0.1360 0.1009 0.0665 0.0332
10.0494 9.5179 9.0030 8.4891 7.9895 7.5074 7.0360 6.5870 6.1576 5.7448 5.3576 4.9882 4.6366 4.3106 3.9982 3.7053 3.4351 3.1762 2.9373 2.7165 2.5066 2.3139 2.1314 1.9624 1.8090 1.6638 1.5285 1.4054 1.2886 1.1798 1.0801 0.9868 0.9011 0.8218 0.7471 0.6783 0.6136 0.5528 0.4969 0.4434 0.3930 0.3463 0.3011 0.2585 0.2181 0.1789 0.1414 0.1049 0.0692 0.0345
10.2995 9.7625 9.2420 8.7219 8.2155 7.7257 7.2461 6.7888 6.3507 5.9292 5.5333 5.1554 4.7951 4.4606 4.1395 3.8380 3.5596 3.2926 3.0459 2.8176 2.6005 2.4009 2.2121 2.0371 1.8780 1.7272 1.5867 1.4588 1.3375 1.2246 1.1213 1.0244 0.9355 0.8532 0.7756 0.7043 0.6371 0.5740 0.5161 0.4606 0.4083 0.3597 0.3128 0.2684 0.2264 0.1858 0.1468 0.1090 0.0718 0.0358
10.5716 10.0275 9.4998 8.9720 8.4576 7.9592 7.4706 7.0042 6.5568 6.1258 5.7204 5.3332 4.9636 4.6197 4.2893 3.9788 3.6918 3.4162 3.1615 2.9255 2.7008 2.4942 2.2986 2.1172 1.9521 1.7956 1.6495 1.5166 1.3906 1.2733 1.1660 1.0654 0.9729 0.8873 0.8066 0.7324 0.6626 0.5971 0.5369 0.4791 0.4247 0.3742 0.3253 0.2791 0.2354 0.1932 0.1527 0.1133 0.0747 0.0373
10.8897 10.3353 9.7968 9.2580 8.7327 8.2236 7.7240 7.2467 6.7884 6.3462 5.9298 5.5315 5.1509 4.7960 4.4551 4.1348 3.8382 3.5533 3.2899 3.0456 2.8129 2.5987 2.3956 2.2073 2.0357 1.8728 1.7209 1.5827 1.4515 1.3293 1.2173 1.1123 1.0158 0.9264 0.8422 0.7647 0.6918 0.6234 0.5605 0.5002 0.4433 0.3905 0.3395 0.2912 0.2456 0.2015 0.1593 0.1182 0.0779 0.0389
11.2040 10.6396 10.0908 9.5414 9.0056 8.4860 7.9760 7.4881 7.0189 6.5658 6.1385 5.7296 5.3380 4.9721 4.6209 4.2907 3.9848 3.6906 3.4185 3.1661 2.9253 2.7035 2.4930 2.2977 2.1195 1.9504 1.7926 1.6491 1.5128 1.3856 1.2689 1.1594 1.0588 0.9657 0.8779 0.7972 0.7211 0.6498 0.5842 0.5213 0.4620 0.4069 0.3537 0.3034 0.2558 0.2098 0.1659 0.1231 0.0811 0.0405
11.5136 10.9399 10.3811 9.8215 9.2756 8.7460 8.2257 7.7276 7.2480 6.7842 6.3463 5.9267 5.5244 5.1478 4.7862 4.4464 4.1311 3.8278 3.5470 3.2865 3.0378 2.8084 2.5905 2.3881 2.2035 2.0281 1.8644 1.7156 1.5741 1.4420 1.3206 1.2066 1.1020 1.0051 0.9137 0.8297 0.7506 0.6763 0.6080 0.5425 0.4808 0.4233 0.3679 0.3156 0.2660 0.2182 0.1725 0.1280 0.0844 0.0421
11.9121 11.3220 10.7473 10.1719 9.6105 9.0661 8.5312 8.0191 7.5258 7.0484 6.5974 6.1648 5.7500 5.3618 4.9887 4.6374 4.3109 3.9966 3.7054 3.4349 3.1765 2.9380 2.7114 2.5006 2.3079 2.1249 1.9540 1.7986 1.6507 1.5125 1.3855 1.2663 1.1567 1.0552 0.9593 0.8712 0.7883 0.7103 0.6385 0.5697 0.5048 0.4445 0.3864 0.3314 0.2794 0.2291 0.1811 0.1344 0.0886 0.0442
12.3201 11.7129 11.1218 10.5298 9.9524 9.3928 8.8429 8.3165 7.8093 7.3182 6.8538 6.4081 5.9807 5.5808 5.1960 4.8332 4.4953 4.1699 3.8681 3.5873 3.3190 3.0713 2.8356 2.6162 2.4154 2.2245 2.0462 1.8840 1.7296 1.5851 1.4525 1.3279 1.2132 1.1069 1.0065 0.9142 0.8272 0.7455 0.6701 0.5978 0.5296 0.4664 0.4055 0.3478 0.2932 0.2404 0.1901 0.1410 0.0929 0.0464
12.7243 12.1003 11.4929 10.8848 10.2917 9.7170 9.1525 8.6120 8.0912 7.5865 7.1089 6.6503 6.2104 5.7992 5.4029 5.0285 4.6794 4.3429 4.0305 3.7396 3.4615 3.2046 2.9599 2.7319 2.5229 2.3242 2.1386 1.9695 1.8085 1.6579 1.5196 1.3896 1.2697 1.1587 1.0537 0.9572 0.8663 0.7807 0.7017 0.6259 0.5545 0.4884 0.4246 0.3643 0.3070 0.2518 0.1991 0.1477 0.0973 0.0485
13.1761 12.5304 11.9033 11.2759 10.6646 10.0726 9.4910 8.9344 8.3983 7.8789 7.3872 6.9149 6.4620 6.0386 5.6297 5.2429 4.8825 4.5346 4.2114 3.9103 3.6222 3.3559 3.1022 2.8655 2.6482 2.4414 2.2479 2.0716 1.9035 1.7461 1.6014 1.4651 1.3394 1.2227 1.1124 1.0107 0.9149 0.8248 0.7415 0.6616 0.5863 0.5166 0.4492 0.3854 0.3249 0.2664 0.2106 0.1562 0.1029 0.0514
13.6672 12.9958 12.3459 11.6969 11.0652 10.4539 9.8535 9.2788 8.7261 8.1910 7.6844 7.1981 6.7316 6.2954 5.8731 5.4732 5.1014 4.7421 4.4078 4.0964 3.7983 3.5226 3.2597 3.0143 2.7886 2.5733 2.3716 2.1878 2.0122 1.8474 1.6956 1.5525 1.4203 1.2973 1.1807 1.0731 0.9717 0.8763 0.7882 0.7037 0.6240 0.5500 0.4784 0.4105 0.3461 0.2838 0.2243 0.1664 0.1097 0.0547
14.1527 13.4557 12.7834 12.1129 11.4613 10.8310 10.2119 9.6196 9.0506 8.5001 7.9789 7.4788 6.9991 6.5502 6.1147 5.7018 5.3188 4.9483 4.6031 4.2816 3.9736 3.6886 3.4167 3.1625 2.9286 2.7049 2.4951 2.3037 2.1207 1.9487 1.7899 1.6400 1.5012 1.3718 1.2490 1.1356 1.0285 0.9278 0.8349 0.7458 0.6618 0.5835 0.5077 0.4356 0.3673 0.3012 0.2380 0.1766 0.1164 0.0581
14.6681 13.9371 13.2349 12.5367 11.8602 11.2069 10.5660 9.9535 9.3665 8.7994 8.2635 7.7497 7.2569 6.7957 6.3478 5.9234 5.5302 5.1495 4.7947 4.4642 4.1476 3.8542 3.5740 3.3118 3.0700 2.8386 2.6212 2.4228 2.2329 2.0540 1.8888 1.7324 1.5873 1.4518 1.3229 1.2037 1.0909 0.9847 0.8868 0.7929 0.7042 0.6213 0.5408 0.4642 0.3915 0.3212 0.2538 0.1883 0.1242 0.0620
15.2651 14.4792 13.7285 12.9869 12.2728 11.5866 10.9157 10.2767 9.6668 9.0801 8.5286 8.0008 7.4950 7.0215 6.5634 6.1305 5.7293 5.3409 4.9790 4.6425 4.3198 4.0203 3.7335 3.4645 3.2158 2.9778 2.7541 2.5498 2.3541 2.1696 1.9991 1.8372 1.6863 1.5450 1.4104 1.2856 1.1670 1.0549 0.9513 0.8519 0.7578 0.6694 0.5833 0.5012 0.4230 0.3471 0.2745 0.2038 0.1345 0.0672
15.8528 15.0120 14.2132 13.4284 12.6771 11.9583 11.2577 10.5928 9.9602 9.3543 8.7876 8.2462 7.7279 7.2424 6.7745 6.3334 5.9245 5.5288 5.1602 4.8179 4.4894 4.1841 3.8908 3.6151 3.3598 3.1154 2.8856 2.6755 2.4741 2.2842 2.1086 1.9413 1.7846 1.6376 1.4974 1.3670 1.2426 1.1247 1.0155 0.9107 0.8112 0.7173 0.6257 0.5381 0.4543 0.3731 0.2952 0.2193 0.1448 0.0723
16.3816 15.4909 14.6482 13.8240 13.0387 12.2903 11.5629 10.8745 10.2215 9.5983 9.0179 8.4644 7.9348 7.4387 6.9621 6.5139 6.0983 5.6961 5.3216 4.9742 4.6407 4.3303 4.0314 3.7498 3.4887 3.2387 3.0035 2.7883 2.5818 2.3871 2.2070 2.0349 1.8731 1.7210 1.5757 1.4403 1.3107 1.1876 1.0733 0.9636 0.8593 0.7604 0.6639 0.5713 0.4826 0.3965 0.3138 0.2333 0.1541 0.0770
16.4319 15.5355 14.6873 13.8564 13.0643 12.3114 11.5811 10.8910 10.2355 9.6093 9.0259 8.4700 7.9386 7.4414 6.9641 6.5156 6.0999 5.6973 5.3223 4.9743 4.6403 4.3297 4.0305 3.7491 3.4888 3.2391 3.0039 2.7885 2.5821 2.3876 2.2076 2.0355 1.8738 1.7217 1.5763 1.4408 1.3112 1.1879 1.0733 0.9631 0.8586 0.7600 0.6638 0.5716 0.4830 0.3968 0.3141 0.2335 0.1542 0.0770
