0.0533 0.0544 0.0562 0.0556 0.0492 0.0494 0.0477 0.0439 0.0434 0.0392 0.0378 0.0351 0.0315 0.0300 0.0275 0.0247 0.0228 0.0208 0.0186 0.0169 0.0154 0.0140 0.0125 0.0112 0.0100 0.0090 0.0082 0.0074 0.0067 0.0060 0.0053 0.0047 0.0042 0.0037 0.0033 0.0030 0.0027 0.0024 0.0021 0.0019 0.0017 0.0015 0.0014 0.0012 0.0011 0.0010 0.0009 0.0008 0.0007 0.0006
0.1598 0.1627 0.1681 0.1672 0.1481 0.1481 0.1432 0.1317 0.1302 0.1177 0.1137 0.1051 0.0947 0.0902 0.0826 0.0742 0.0683 0.0623 0.0559 0.0506 0.0461 0.0420 0.0376 0.0335 0.0301 0.0271 0.0247 0.0223 0.0202 0.0181 0.0160 0.0142 0.0126 0.0112 0.0100 0.0089 0.0080 0.0072 0.0064 0.0057 0.0052 0.0046 0.0042 0.0037 0.0034 0.0030 0.0027 0.0024 0.0022 0.0019
0.2668 0.2702 0.2784 0.2798 0.2486 0.2462 0.2394 0.2195 0.2172 0.1962 0.1900 0.1751 0.1580 0.1508 0.1378 0.1237 0.1138 0.1040 0.0933 0.0844 0.0768 0.0701 0.0626 0.0559 0.0501 0.0452 0.0411 0.0372 0.0337 0.0301 0.0266 0.0236 0.0209 0.0186 0.0166 0.0148 0.0134 0.0120 0.0107 0.0096 0.0086 0.0077 0.0070 0.0063 0.0056 0.0050 0.0045 0.0040 0.0036 0.0032
0.3762 0.3771 0.3864 0.3931 0.3519 0.3436 0.3365 0.3075 0.3041 0.2749 0.2669 0.2447 0.2217 0.2120 0.1932 0.1730 0.1595 0.1459 0.1307 0.1181 0.1075 0.0980 0.0876 0.0781 0.0702 0.0634 0.0576 0.0521 0.0471 0.0420 0.0372 0.0330 0.0292 0.0260 0.0232 0.0208 0.0187 0.0169 0.0151 0.0135 0.0121 0.0109 0.0098 0.0088 0.0079 0.0071 0.0063 0.0056 0.0050 0.0045
0.4918 0.4854 0.4922 0.5060 0.4597 0.4410 0.4345 0.3962 0.3909 0.3541 0.3443 0.3139 0.2861 0.2743 0.2487 0.2222 0.2054 0.1881 0.1682 0.1517 0.1382 0.1260 0.1125 0.1003 0.0901 0.0815 0.0742 0.0670 0.0605 0.0539 0.0476 0.0422 0.0373 0.0334 0.0298 0.0267 0.0241 0.0218 0.0194 0.0174 0.0156 0.0140 0.0126 0.0113 0.0101 0.0091 0.0081 0.0072 0.0065 0.0058
0.6180 0.5988 0.5976 0.6164 0.5725 0.5395 0.5333 0.4865 0.4772 0.4342 0.4219 0.3825 0.3517 0.3376 0.3039 0.2713 0.2521 0.2310 0.2058 0.1852 0.1688 0.1540 0.1373 0.1224 0.1101 0.0996 0.0907 0.0818 0.0737 0.0655 0.0578 0.0513 0.0454 0.0407 0.0365 0.0327 0.0296 0.0267 0.0239 0.0213 0.0191 0.0172 0.0154 0.0138 0.0124 0.0111 0.0099 0.0088 0.0079 0.0071
0.7553 0.7208 0.7064 0.7227 0.6897 0.6403 0.6332 0.5788 0.5631 0.5152 0.4987 0.4505 0.4188 0.4016 0.3582 0.3206 0.3001 0.2746 0.2433 0.2186 0.1995 0.1819 0.1621 0.1444 0.1300 0.1178 0.1071 0.0964 0.0867 0.0769 0.0678 0.0602 0.0535 0.0480 0.0431 0.0388 0.0351 0.0317 0.0283 0.0253 0.0226 0.0203 0.0182 0.0163 0.0146 0.0131 0.0117 0.0104 0.0093 0.0084
0.8974 0.8511 0.8223 0.8262 0.8077 0.7435 0.7354 0.6725 0.6494 0.5968 0.5739 0.5180 0.4876 0.4650 0.4107 0.3706 0.3499 0.3186 0.2804 0.2519 0.2303 0.2100 0.1868 0.1663 0.1498 0.1358 0.1234 0.1108 0.0994 0.0880 0.0776 0.0690 0.0615 0.0554 0.0499 0.0450 0.0407 0.0368 0.0328 0.0293 0.0262 0.0235 0.0210 0.0188 0.0168 0.0150 0.0134 0.0119 0.0107 0.0096
1.0345 0.9822 0.9441 0.9314 0.9215 0.8470 0.8415 0.7652 0.7379 0.6774 0.6471 0.5851 0.5566 0.5254 0.4610 0.4226 0.4017 0.3621 0.3164 0.2850 0.2616 0.2383 0.2113 0.1880 0.1694 0.1536 0.1393 0.1248 0.1117 0.0988 0.0873 0.0779 0.0696 0.0629 0.0568 0.0512 0.0464 0.0418 0.0373 0.0332 0.0296 0.0265 0.0237 0.0212 0.0190 0.0169 0.0151 0.0134 0.0120 0.0108
1.1660 1.1070 1.0623 1.0408 1.0281 0.9469 0.9489 0.8544 0.8300 0.7552 0.7192 0.6510 0.6233 0.5800 0.5096 0.4774 0.4536 0.4031 0.3509 0.3185 0.2935 0.2667 0.2356 0.2094 0.1888 0.1711 0.1548 0.1383 0.1236 0.1095 0.0970 0.0869 0.0779 0.0706 0.0638 0.0575 0.0520 0.0468 0.0416 0.0370 0.0329 0.0295 0.0263 0.0235 0.0210 0.0187 0.0167 0.0149 0.0133 0.0120
1.2985 1.2376 1.1664 1.1474 1.1314 1.0416 1.0468 0.9443 0.9243 0.8310 0.7930 0.7157 0.6864 0.6297 0.5603 0.5354 0.5033 0.4406 0.3856 0.3545 0.3274 0.2960 0.2605 0.2314 0.2088 0.1890 0.1706 0.1520 0.1359 0.1206 0.1073 0.0964 0.0867 0.0786 0.0710 0.0638 0.0575 0.0517 0.0458 0.0406 0.0361 0.0323 0.0288 0.0257 0.0230 0.0206 0.0183 0.0164 0.0146 0.0132
1.4109 1.3892 1.2680 1.2347 1.2339 1.1349 1.1187 1.0450 1.0088 0.9093 0.8699 0.7795 0.7478 0.6787 0.6156 0.5933 0.5469 0.4757 0.4238 0.3949 0.3638 0.3264 0.2864 0.2550 0.2303 0.2081 0.1874 0.1670 0.1495 0.1331 0.1187 0.1069 0.0961 0.0870 0.0784 0.0702 0.0631 0.0565 0.0501 0.0443 0.0394 0.0352 0.0314 0.0281 0.0252 0.0226 0.0201 0.0180 0.0161 0.0145
1.4520 1.5055 1.4084 1.2950 1.3205 1.2361 1.1598 1.1535 1.0628 0.9957 0.9425 0.8425 0.8088 0.7282 0.6713 0.6423 0.5814 0.5108 0.4663 0.4371 0.3987 0.3549 0.3118 0.2789 0.2523 0.2277 0.2047 0.1825 0.1638 0.1461 0.1305 0.1175 0.1055 0.0952 0.0855 0.0763 0.0683 0.0610 0.0541 0.0479 0.0426 0.0381 0.0340 0.0306 0.0275 0.0246 0.0220 0.0197 0.0176 0.0159
1.4486 1.5018 1.5603 1.3710 1.3727 1.3523 1.1985 1.2464 1.0963 1.0930 1.0014 0.9109 0.8725 0.7801 0.7249 0.6836 0.6159 0.5535 0.5128 0.4760 0.4284 0.3807 0.3372 0.3038 0.2753 0.2480 0.2225 0.1986 0.1786 0.1596 0.1425 0.1280 0.1146 0.1030 0.0922 0.0821 0.0734 0.0656 0.0582 0.0517 0.0461 0.0413 0.0370 0.0333 0.0300 0.0269 0.0240 0.0215 0.0193 0.0174
1.5316 1.4765 1.5936 1.5276 1.3979 1.4574 1.2850 1.3125 1.1606 1.1794 1.0475 0.9895 0.9361 0.8374 0.7824 0.7314 0.6647 0.6054 0.5559 0.5069 0.4542 0.4080 0.3659 0.3313 0.2994 0.2687 0.2408 0.2154 0.1941 0.1735 0.1546 0.1385 0.1236 0.1109 0.0991 0.0882 0.0789 0.0707 0.0629 0.0560 0.0501 0.0450 0.0403 0.0364 0.0328 0.0295 0.0263 0.0235 0.0211 0.0190
1.7519 1.6166 1.5908 1.6753 1.4940 1.5260 1.4317 1.3805 1.2784 1.2493 1.1232 1.0758 0.9990 0.9069 0.8508 0.7941 0.7252 0.6551 0.5919 0.5391 0.4907 0.4474 0.4023 0.3616 0.3239 0.2894 0.2595 0.2328 0.2103 0.1879 0.1672 0.1494 0.1331 0.1194 0.1069 0.0952 0.0854 0.0766 0.0684 0.0611 0.0547 0.0491 0.0440 0.0397 0.0358 0.0322 0.0287 0.0256 0.0229 0.0206
1.9153 1.8400 1.7558 1.7787 1.6943 1.6298 1.5690 1.4850 1.4176 1.3663 1.2397 1.1599 1.0854 0.9895 0.9182 0.8566 0.7799 0.7010 0.6415 0.5984 0.5510 0.4979 0.4390 0.3887 0.3464 0.3107 0.2803 0.2526 0.2283 0.2035 0.1805 0.1610 0.1433 0.1288 0.1154 0.1029 0.0924 0.0829 0.0741 0.0662 0.0593 0.0531 0.0475 0.0428 0.0386 0.0346 0.0308 0.0274 0.0245 0.0220
2.0779 2.0247 1.9338 1.9442 1.8370 1.7918 1.7076 1.6414 1.5114 1.4585 1.3163 1.2972 1.2098 1.0616 0.9871 0.9229 0.8308 0.7520 0.7011 0.6528 0.5873 0.5193 0.4577 0.4133 0.3773 0.3438 0.3112 0.2792 0.2501 0.2211 0.1948 0.1732 0.1540 0.1383 0.1239 0.1104 0.0989 0.0885 0.0790 0.0704 0.0630 0.0563 0.0503 0.0453 0.0409 0.0367 0.0326 0.0291 0.0260 0.0234
2.0486 2.1256 2.0241 1.9196 1.9596 1.7893 1.7990 1.6420 1.6195 1.4854 1.4040 1.3236 1.2077 1.1318 1.0532 0.9581 0.8799 0.8109 0.7363 0.6638 0.5990 0.5473 0.4964 0.4495 0.4033 0.3596 0.3217 0.2887 0.2616 0.2349 0.2102 0.1888 0.1685 0.1512 0.1350 0.1196 0.1066 0.0949 0.0844 0.0751 0.0672 0.0600 0.0537 0.0484 0.0437 0.0392 0.0349 0.0312 0.0279 0.0251
2.1397 2.1595 2.2094 2.0289 2.0548 1.9292 1.8853 1.7586 1.7163 1.5721 1.5062 1.4000 1.2881 1.2100 1.1173 1.0194 0.9408 0.8639 0.7813 0.7068 0.6416 0.5872 0.5307 0.4785 0.4293 0.3839 0.3450 0.3100 0.2809 0.2521 0.2254 0.2022 0.1803 0.1616 0.1442 0.1279 0.1140 0.1017 0.0905 0.0807 0.0722 0.0646 0.0577 0.0519 0.0468 0.0420 0.0374 0.0334 0.0299 0.0269
2.3849 2.2196 2.3026 2.2153 2.1135 2.0946 1.9584 1.8949 1.8000 1.6740 1.6059 1.4788 1.3747 1.2880 1.1837 1.0850 1.0027 0.9167 0.8283 0.7531 0.6866 0.6279 0.5651 0.5079 0.4563 0.4098 0.3700 0.3326 0.3011 0.2698 0.2410 0.2160 0.1924 0.1724 0.1538 0.1365 0.1219 0.1087 0.0969 0.0865 0.0775 0.0693 0.0619 0.0556 0.0501 0.0449 0.0400 0.0357 0.0320 0.0288
2.5755 2.4324 2.3317 2.4042 2.2034 2.2379 2.0520 2.0306 1.8814 1.7902 1.7008 1.5637 1.4658 1.3663 1.2542 1.1538 1.0647 0.9704 0.8785 0.8027 0.7333 0.6688 0.5996 0.5380 0.4851 0.4377 0.3968 0.3565 0.3221 0.2879 0.2568 0.2300 0.2047 0.1834 0.1638 0.1456 0.1301 0.1162 0.1037 0.0926 0.0831 0.0744 0.0664 0.0595 0.0535 0.0479 0.0427 0.0382 0.0342 0.0308
2.5693 2.6684 2.4535 2.5019 2.3749 2.3297 2.1914 2.1448 1.9771 1.9129 1.7922 1.6570 1.5599 1.4469 1.3294 1.2243 1.1269 1.0268 0.9328 0.8551 0.7805 0.7097 0.6347 0.5697 0.5161 0.4679 0.4254 0.3814 0.3437 0.3063 0.2729 0.2442 0.2174 0.1948 0.1742 0.1551 0.1389 0.1242 0.1109 0.0992 0.0891 0.0797 0.0711 0.0636 0.0571 0.0511 0.0455 0.0407 0.0364 0.0328
2.6527 2.7248 2.6986 2.5446 2.5766 2.4003 2.3597 2.2343 2.0965 2.0306 1.8821 1.7566 1.6551 1.5304 1.4074 1.2954 1.1916 1.0884 0.9918 0.9091 0.8275 0.7508 0.6718 0.6049 0.5500 0.4998 0.4546 0.4069 0.3659 0.3256 0.2897 0.2592 0.2307 0.2071 0.1854 0.1653 0.1481 0.1325 0.1185 0.1061 0.0954 0.0854 0.0761 0.0680 0.0609 0.0545 0.0486 0.0434 0.0389 0.0350
2.9643 2.7534 2.8774 2.6756 2.7099 2.5184 2.5108 2.3230 2.2354 2.1371 1.9756 1.8612 1.7517 1.6162 1.4864 1.3682 1.2613 1.1559 1.0544 0.9636 0.8743 0.7931 0.7122 0.6444 0.5869 0.5330 0.4836 0.4325 0.3886 0.3460 0.3076 0.2751 0.2450 0.2204 0.1977 0.1763 0.1579 0.1412 0.1265 0.1134 0.1020 0.0913 0.0814 0.0726 0.0652 0.0583 0.0520 0.0464 0.0415 0.0374
3.1156 2.9981 2.9151 2.9120 2.7759 2.7043 2.6194 2.4425 2.3785 2.2363 2.0799 1.9724 1.8509 1.7033 1.5667 1.4456 1.3373 1.2273 1.1172 1.0173 0.9219 0.8384 0.7566 0.6874 0.6260 0.5672 0.5129 0.4582 0.4117 0.3669 0.3262 0.2919 0.2602 0.2346 0.2109 0.1881 0.1684 0.1504 0.1349 0.1210 0.1090 0.0976 0.0869 0.0775 0.0696 0.0623 0.0555 0.0496 0.0443 0.0398
3.1054 3.2501 3.0235 3.0935 2.8854 2.8917 2.7113 2.5990 2.5083 2.3370 2.1977 2.0885 1.9499 1.7904 1.6511 1.5304 1.4189 1.2994 1.1788 1.0712 0.9725 0.8882 0.8053 0.7334 0.6665 0.6017 0.5421 0.4840 0.4352 0.3887 0.3459 0.3098 0.2766 0.2499 0.2251 0.2007 0.1795 0.1602 0.1438 0.1291 0.1164 0.1041 0.0927 0.0826 0.0742 0.0665 0.0592 0.0528 0.0472 0.0424
3.3615 3.3001 3.2885 3.1692 3.0909 3.0198 2.8377 2.7674 2.6213 2.4501 2.3280 2.2046 2.0460 1.8802 1.7442 1.6230 1.5023 1.3694 1.2393 1.1277 1.0281 0.9433 0.8577 0.7812 0.7073 0.6360 0.5711 0.5102 0.4597 0.4119 0.3671 0.3292 0.2943 0.2663 0.2403 0.2141 0.1913 0.1705 0.1531 0.1375 0.1241 0.1110 0.0987 0.0879 0.0790 0.0709 0.0630 0.0562 0.0503 0.0450
3.6093 3.4038 3.4675 3.2760 3.2850 3.1077 3.0030 2.9111 2.7267 2.5818 2.4615 2.3107 2.1368 1.9776 1.8483 1.7197 1.5831 1.4366 1.3009 1.1904 1.0919 1.0048 0.9133 0.8300 0.7499 0.6731 0.6037 0.5395 0.4867 0.4368 0.3906 0.3513 0.3148 0.2850 0.2570 0.2290 0.2048 0.1828 0.1639 0.1470 0.1326 0.1187 0.1056 0.0939 0.0842 0.0755 0.0673 0.0601 0.0537 0.0481
3.6306 3.6644 3.5315 3.4851 3.4044 3.2359 3.1785 3.0276 2.8470 2.7315 2.5889 2.4073 2.2329 2.0886 1.9592 1.8129 1.6585 1.5038 1.3684 1.2609 1.1615 1.0689 0.9690 0.8780 0.7921 0.7106 0.6378 0.5707 0.5159 0.4640 0.4161 0.3753 0.3369 0.3049 0.2747 0.2447 0.2190 0.1958 0.1751 0.1570 0.1415 0.1267 0.1128 0.1003 0.0897 0.0802 0.0718 0.0641 0.0573 0.0514
3.7887 3.8121 3.6684 3.6718 3.5009 3.4115 3.3246 3.1359 2.9943 2.8845 2.6994 2.5015 2.3441 2.2112 2.0674 1.8977 1.7312 1.5767 1.4451 1.3385 1.2342 1.1327 1.0231 0.9248 0.8346 0.7498 0.6743 0.6047 0.5478 0.4935 0.4437 0.4009 0.3603 0.3259 0.2931 0.2610 0.2338 0.2093 0.1869 0.1673 0.1508 0.1351 0.1203 0.1069 0.0954 0.0852 0.0765 0.0684 0.0611 0.0548
4.0178 3.8933 3.8740 3.7862 3.6393 3.5890 3.4355 3.2634 3.1616 3.0192 2.7950 2.6090 2.4732 2.3338 2.1641 1.9760 1.8089 1.6606 1.5309 1.4200 1.3061 1.1939 1.0754 0.9717 0.8791 0.7921 0.7144 0.6422 0.5827 0.5254 0.4731 0.4280 0.3850 0.3477 0.3123 0.2779 0.2491 0.2233 0.1991 0.1781 0.1605 0.1440 0.1282 0.1139 0.1014 0.0905 0.0815 0.0730 0.0652 0.0584
4.1205 4.0318 4.0324 3.8805 3.8212 3.7304 3.5390 3.4248 3.3194 3.1244 2.8991 2.7455 2.6115 2.4435 2.2503 2.0608 1.9048 1.7635 1.6295 1.5063 1.3784 1.2560 1.1313 1.0249 0.9311 0.8426 0.7626 0.6873 0.6244 0.5627 0.5070 0.4588 0.4124 0.3725 0.3346 0.2976 0.2666 0.2388 0.2131 0.1906 0.1715 0.1540 0.1374 0.1223 0.1090 0.0973 0.0875 0.0783 0.0700 0.0628
4.1828 4.2152 4.1136 4.0180 3.9983 3.8188 3.6766 3.6028 3.4376 3.2177 3.0311 2.8965 2.7348 2.5347 2.3353 2.1588 2.0151 1.8727 1.7268 1.5878 1.4469 1.3177 1.1900 1.0830 0.9887 0.8983 0.8152 0.7358 0.6684 0.6016 0.5422 0.4906 0.4408 0.3981 0.3576 0.3182 0.2849 0.2550 0.2278 0.2038 0.1833 0.1647 0.1471 0.1313 0.1171 0.1045 0.0940 0.0841 0.0751 0.0674
4.3365 4.3259 4.1766 4.2191 4.0878 3.9138 3.8660 3.7410 3.5183 3.3369 3.1906 3.0355 2.8323 2.6190 2.4336 2.2737 2.1333 1.9800 1.8180 1.6645 1.5145 1.3825 1.2543 1.1475 1.0523 0.9588 0.8713 0.7866 0.7140 0.6416 0.5782 0.5233 0.4700 0.4246 0.3817 0.3397 0.3041 0.2722 0.2434 0.2178 0.1958 0.1762 0.1576 0.1410 0.1258 0.1123 0.1009 0.0903 0.0806 0.0724
4.5175 4.3160 4.3929 4.3289 4.1317 4.1041 4.0323 3.8129 3.6200 3.5034 3.3490 3.1459 2.9210 2.7218 2.5577 2.4034 2.2525 2.0818 1.9051 1.7430 1.5897 1.4577 1.3288 1.2203 1.1220 1.0238 0.9309 0.8402 0.7622 0.6845 0.6168 0.5584 0.5015 0.4534 0.4079 0.3634 0.3257 0.2918 0.2613 0.2341 0.2105 0.1895 0.1697 0.1520 0.1358 0.1213 0.1089 0.0974 0.0871 0.0782
4.4432 4.5520 4.5406 4.3252 4.3233 4.3005 4.0912 3.8958 3.7965 3.6838 3.4718 3.2392 3.0328 2.8616 2.7069 2.5401 2.3688 2.1810 1.9952 1.8322 1.6804 1.5483 1.4158 1.3018 1.1975 1.0930 0.9942 0.8971 0.8145 0.7330 0.6603 0.5976 0.5373 0.4860 0.4377 0.3907 0.3511 0.3156 0.2829 0.2538 0.2288 0.2060 0.1844 0.1648 0.1476 0.1322 0.1186 0.1062 0.0949 0.0853
4.7009 4.7084 4.4740 4.5300 4.5456 4.3301 4.1416 4.0812 3.9974 3.8083 3.5539 3.3429 3.1775 3.0222 2.8564 2.6664 2.4768 2.2797 2.0918 1.9317 1.7815 1.6474 1.5083 1.3866 1.2746 1.1632 1.0587 0.9554 0.8685 0.7838 0.7062 0.6394 0.5756 0.5212 0.4699 0.4203 0.3788 0.3416 0.3066 0.2755 0.2489 0.2241 0.2004 0.1788 0.1605 0.1440 0.1292 0.1157 0.1035 0.0930
4.8156 4.5788 4.7229 4.7691 4.5257 4.3580 4.3458 4.3025 4.1176 3.8728 3.6487 3.4913 3.3513 3.1844 2.9934 2.7826 2.5840 2.3859 2.1997 2.0423 1.8912 1.7519 1.6038 1.4727 1.3527 1.2346 1.1249 1.0159 0.9253 0.8379 0.7555 0.6845 0.6171 0.5594 0.5050 0.4525 0.4091 0.3700 0.3324 0.2992 0.2709 0.2439 0.2179 0.1940 0.1745 0.1569 0.1408 0.1261 0.1129 0.1014
4.6934 4.9472 4.9521 4.7021 4.5952 4.6421 4.6032 4.4211 4.1860 3.9937 3.8298 3.6923 3.5326 3.3364 3.1252 2.9083 2.7121 2.5175 2.3320 2.1711 2.0132 1.8668 1.7103 1.5719 1.4450 1.3208 1.2059 1.0907 0.9942 0.9000 0.8142 0.7403 0.6692 0.6078 0.5496 0.4939 0.4472 0.4049 0.3634 0.3269 0.2960 0.2670 0.2392 0.2141 0.1930 0.1738 0.1559 0.1397 0.1251 0.1124
5.1826 5.0435 4.8173 4.8575 4.9561 4.8837 4.6719 4.4688 4.3281 4.2194 4.0626 3.8887 3.6875 3.4701 3.2560 3.0466 2.8575 2.6653 2.4765 2.3079 2.1402 1.9859 1.8217 1.6772 1.5446 1.4149 1.2952 1.1739 1.0709 0.9683 0.8792 0.8026 0.7275 0.6620 0.5996 0.5402 0.4899 0.4437 0.3977 0.3575 0.3235 0.2924 0.2629 0.2367 0.2138 0.1927 0.1730 0.1551 0.1389 0.1249
5.0239 4.9615 5.1572 5.2487 5.1008 4.8788 4.7318 4.6665 4.6040 4.4850 4.2648 4.0396 3.8159 3.6025 3.4020 3.2049 3.0206 2.8257 2.6291 2.4501 2.2718 2.1102 1.9393 1.7899 1.6521 1.5174 1.3929 1.2651 1.1549 1.0431 0.9503 0.8706 0.7912 0.7212 0.6542 0.5909 0.5364 0.4861 0.4351 0.3908 0.3535 0.3200 0.2888 0.2616 0.2368 0.2137 0.1919 0.1721 0.1542 0.1388
5.2973 5.5021 5.4358 5.2295 5.0789 5.0426 5.0434 4.9944 4.8625 4.6638 4.3990 4.1664 3.9556 3.7611 3.5753 3.3854 3.1978 2.9945 2.7885 2.6011 2.4148 2.2454 2.0673 1.9124 1.7693 1.6292 1.4995 1.3665 1.2513 1.1332 1.0342 0.9491 0.8641 0.7889 0.7168 0.6492 0.5906 0.5362 0.4811 0.4330 0.3926 0.3560 0.3219 0.2923 0.2651 0.2396 0.2155 0.1935 0.1736 0.1564
5.7102 5.4946 5.3613 5.3767 5.4371 5.4507 5.3686 5.2011 4.9898 4.7694 4.5327 4.3328 4.1443 3.9595 3.7754 3.5829 3.3842 3.1692 2.9543 2.7624 2.5709 2.3931 2.2067 2.0450 1.8962 1.7501 1.6146 1.4778 1.3600 1.2389 1.1312 1.0382 0.9466 0.8654 0.7877 0.7156 0.6530 0.5948 0.5364 0.4853 0.4422 0.4015 0.3633 0.3297 0.2995 0.2712 0.2443 0.2199 0.1977 0.1785
5.6322 5.7322 5.8362 5.8582 5.7752 5.6406 5.4780 5.2998 5.1205 4.9425 4.7488 4.5677 4.3784 4.1832 3.9878 3.7868 3.5749 3.3487 3.1266 2.9318 2.7364 2.5502 2.3552 2.1864 2.0315 1.8789 1.7372 1.5967 1.4767 1.3528 1.2358 1.1343 1.0356 0.9482 0.8647 0.7879 0.7213 0.6591 0.5977 0.5435 0.4977 0.4526 0.4097 0.3718 0.3381 0.3068 0.2770 0.2498 0.2251 0.2036
6.3099 6.2709 6.1351 5.9800 5.8398 5.7410 5.6507 5.5327 5.3889 5.2204 5.0272 4.8307 4.6187 4.4004 4.1861 3.9703 3.7496 3.5169 3.2907 3.0947 2.8967 2.7041 2.5010 2.3251 2.1645 2.0068 1.8609 1.7175 1.5951 1.4680 1.3432 1.2348 1.1303 1.0380 0.9495 0.8675 0.7963 0.7298 0.6650 0.6076 0.5589 0.5095 0.4620 0.4194 0.3823 0.3478 0.3150 0.2848 0.2574 0.2334
6.4743 6.3660 6.2895 6.2376 6.1856 6.1195 6.0171 5.8591 5.6849 5.4930 5.2824 5.0662 4.8344 4.5922 4.3518 4.1059 3.8843 3.6521 3.4250 3.2288 3.0297 2.8357 2.6264 2.4437 2.2788 2.1202 1.9760 1.8308 1.7054 1.5722 1.4450 1.3351 1.2286 1.1357 1.0452 0.9566 0.8795 0.8073 0.7385 0.6771 0.6248 0.5727 0.5215 0.4744 0.4341 0.3967 0.3611 0.3280 0.2975 0.2706
6.9488 6.9065 6.8456 6.7625 6.6514 6.5018 6.3186 6.0945 5.8933 5.6950 5.4878 5.2699 5.0320 4.7750 4.5136 4.2399 4.0190 3.7884 3.5609 3.3649 3.1651 2.9699 2.7543 2.5647 2.3959 2.2371 2.0957 1.9495 1.8216 1.6822 1.5531 1.4424 1.3345 1.2419 1.1499 1.0543 0.9708 0.8926 0.8195 0.7541 0.6981 0.6434 0.5883 0.5363 0.4927 0.4524 0.4139 0.3775 0.3437 0.3138
7.4364 7.3024 7.1787 7.0491 6.9033 6.7155 6.4996 6.2500 6.0503 5.8641 5.6721 5.4592 5.2182 4.9472 4.6650 4.3637 4.1430 3.9137 3.6864 3.4908 3.2906 3.0948 2.8730 2.6765 2.5038 2.3456 2.2080 2.0615 1.9321 1.7880 1.6575 1.5464 1.4378 1.3460 1.2533 1.1507 1.0613 0.9773 0.9004 0.8311 0.7716 0.7145 0.6560 0.5992 0.5524 0.5092 0.4682 0.4287 0.3917 0.3587
7.4104 7.2928 7.1854 7.0632 6.9117 6.7255 6.5120 6.2650 6.0585 5.8631 5.6698 5.4572 5.2174 4.9394 4.6556 4.3581 4.1342 3.9042 3.6817 3.4881 3.2889 3.0934 2.8669 2.6640 2.4873 2.3294 2.1950 2.0493 1.9245 1.7897 1.6579 1.5450 1.4365 1.3433 1.2490 1.1465 1.0585 0.9764 0.9000 0.8300 0.7690 0.7120 0.6540 0.5984 0.5511 0.5078 0.4680 0.4289 0.3920 0.3590
