0.0000 0.0000 0.0000 0.0000 0.0000 0.0000 0.0000 0.0000 0.0000 0.0000 0.0000 0.0000 0.0000 0.0000 0.0000 0.0000 0.0000 0.0005 0.0004 0.0000 0.0015 0.0043 0.0048 0.0025 0.0002 0.0007 0.0037 0.0069 0.0086 0.0081 0.0060 0.0035 0.0014 0.0002 0.0000 0.0006 0.0017 0.0029 0.0040 0.0048 0.0054 0.0057 0.0058 0.0056 0.0053 0.0049 0.0044 0.0039 0.0034 0.0030
0.0000 0.0000 0.0000 0.0000 0.0000 0.0000 0.0000 0.0000 0.0000 0.0000 0.0000 0.0000 0.0000 0.0000 0.0000 0.0000 0.0000 0.0015 0.0013 0.0001 0.0047 0.0128 0.0143 0.0073 0.0006 0.0022 0.0111 0.0208 0.0257 0.0241 0.0179 0.0103 0.0041 0.0007 0.0001 0.0019 0.0051 0.0086 0.0119 0.0146 0.0163 0.0172 0.0174 0.0169 0.0159 0.0146 0.0132 0.0118 0.0103 0.0089
0.0000 0.0000 0.0000 0.0000 0.0000 0.0000 0.0000 0.0000 0.0000 0.0000 0.0000 0.0000 0.0000 0.0000 0.0000 0.0000 0.0000 0.0025 0.0020 0.0002 0.0081 0.0215 0.0236 0.0117 0.0009 0.0039 0.0189 0.0350 0.0428 0.0400 0.0295 0.0169 0.0066 0.0010 0.0003 0.0033 0.0086 0.0145 0.0200 0.0244 0.0273 0.0287 0.0289 0.0281 0.0265 0.0243 0.0219 0.0195 0.0171 0.0148
0.0000 0.0000 0.0000 0.0000 0.0000 0.0000 0.0000 0.0000 0.0000 0.0000 0.0000 0.0000 0.0000 0.0000 0.0000 0.0000 0.0000 0.0034 0.0026 0.0004 0.0119 0.0303 0.0323 0.0155 0.0009 0.0060 0.0274 0.0496 0.0600 0.0555 0.0406 0.0230 0.0089 0.0013 0.0005 0.0049 0.0124 0.0207 0.0283 0.0344 0.0384 0.0403 0.0405 0.0393 0.0370 0.0339 0.0306 0.0272 0.0239 0.0206
0.0000 0.0000 0.0000 0.0000 0.0000 0.0000 0.0000 0.0000 0.0000 0.0000 0.0000 0.0000 0.0000 0.0000 0.0000 0.0000 0.0000 0.0043 0.0029 0.0008 0.0163 0.0392 0.0404 0.0184 0.0008 0.0087 0.0368 0.0648 0.0772 0.0705 0.0510 0.0284 0.0106 0.0014 0.0007 0.0067 0.0165 0.0271 0.0368 0.0445 0.0495 0.0519 0.0521 0.0505 0.0474 0.0434 0.0391 0.0348 0.0305 0.0264
0.0000 0.0000 0.0000 0.0000 0.0000 0.0000 0.0000 0.0000 0.0000 0.0000 0.0000 0.0000 0.0000 0.0000 0.0000 0.0000 0.0000 0.0051 0.0030 0.0014 0.0213 0.0482 0.0475 0.0202 0.0006 0.0124 0.0474 0.0808 0.0943 0.0849 0.0605 0.0331 0.0119 0.0013 0.0012 0.0089 0.0210 0.0340 0.0457 0.0549 0.0609 0.0636 0.0636 0.0615 0.0577 0.0528 0.0476 0.0423 0.0370 0.0320
0.0000 0.0000 0.0000 0.0000 0.0000 0.0000 0.0000 0.0000 0.0000 0.0000 0.0000 0.0000 0.0000 0.0000 0.0000 0.0000 0.0000 0.0057 0.0028 0.0024 0.0272 0.0571 0.0533 0.0208 0.0003 0.0171 0.0593 0.0975 0.1113 0.0983 0.0688 0.0367 0.0126 0.0011 0.0018 0.0115 0.0260 0.0414 0.0551 0.0657 0.0724 0.0753 0.0752 0.0725 0.0679 0.0620 0.0558 0.0496 0.0434 0.0374
0.0000 0.0000 0.0000 0.0000 0.0000 0.0000 0.0000 0.0000 0.0000 0.0000 0.0000 0.0000 0.0000 0.0000 0.0000 0.0000 0.0000 0.0061 0.0023 0.0039 0.0340 0.0656 0.0576 0.0201 0.0002 0.0234 0.0730 0.1150 0.1279 0.1107 0.0758 0.0393 0.0127 0.0008 0.0028 0.0147 0.0317 0.0493 0.0649 0.0768 0.0842 0.0872 0.0867 0.0834 0.0780 0.0711 0.0639 0.0567 0.0495 0.0427
0.0000 0.0000 0.0000 0.0000 0.0000 0.0000 0.0000 0.0000 0.0000 0.0000 0.0000 0.0000 0.0000 0.0000 0.0000 0.0000 0.0000 0.0062 0.0016 0.0062 0.0415 0.0736 0.0599 0.0181 0.0007 0.0316 0.0884 0.1332 0.1440 0.1217 0.0813 0.0406 0.0122 0.0005 0.0042 0.0185 0.0381 0.0581 0.0753 0.0883 0.0962 0.0991 0.0982 0.0942 0.0878 0.0799 0.0717 0.0635 0.0555 0.0477
0.0000 0.0000 0.0000 0.0000 0.0000 0.0000 0.0000 0.0000 0.0000 0.0000 0.0000 0.0000 0.0000 0.0000 0.0000 0.0000 0.0000 0.0061 0.0009 0.0095 0.0499 0.0805 0.0601 0.0150 0.0023 0.0421 0.1058 0.1520 0.1592 0.1310 0.0850 0.0407 0.0110 0.0002 0.0061 0.0232 0.0455 0.0676 0.0864 0.1003 0.1084 0.1112 0.1097 0.1049 0.0975 0.0886 0.0793 0.0701 0.0612 0.0526
0.0000 0.0000 0.0000 0.0000 0.0000 0.0000 0.0000 0.0000 0.0000 0.0000 0.0000 0.0000 0.0000 0.0000 0.0000 0.0000 0.0000 0.0057 0.0003 0.0140 0.0588 0.0860 0.0581 0.0111 0.0053 0.0552 0.1253 0.1713 0.1734 0.1385 0.0868 0.0395 0.0094 0.0002 0.0089 0.0290 0.0540 0.0782 0.0984 0.1130 0.1212 0.1235 0.1213 0.1156 0.1071 0.0971 0.0867 0.0766 0.0667 0.0573
0.0000 0.0000 0.0000 0.0000 0.0000 0.0000 0.0000 0.0000 0.0000 0.0000 0.0000 0.0000 0.0000 0.0000 0.0000 0.0000 0.0000 0.0050 0.0002 0.0200 0.0682 0.0897 0.0538 0.0070 0.0107 0.0715 0.1469 0.1909 0.1863 0.1438 0.0867 0.0370 0.0074 0.0006 0.0126 0.0361 0.0639 0.0902 0.1116 0.1266 0.1347 0.1364 0.1333 0.1265 0.1168 0.1056 0.0941 0.0830 0.0721 0.0619
0.0000 0.0000 0.0000 0.0000 0.0000 0.0000 0.0000 0.0000 0.0000 0.0000 0.0000 0.0000 0.0000 0.0000 0.0000 0.0000 0.0000 0.0040 0.0008 0.0274 0.0774 0.0910 0.0473 0.0034 0.0190 0.0912 0.1702 0.2098 0.1969 0.1465 0.0843 0.0332 0.0052 0.0017 0.0175 0.0446 0.0752 0.1033 0.1256 0.1408 0.1485 0.1494 0.1452 0.1371 0.1263 0.1139 0.1012 0.0891 0.0773 0.0662
0.0000 0.0000 0.0000 0.0000 0.0000 0.0000 0.0000 0.0000 0.0000 0.0000 0.0000 0.0000 0.0000 0.0000 0.0000 0.0000 0.0000 0.0029 0.0025 0.0364 0.0859 0.0895 0.0390 0.0012 0.0310 0.1143 0.1946 0.2274 0.2047 0.1461 0.0796 0.0283 0.0030 0.0037 0.0238 0.0546 0.0879 0.1175 0.1404 0.1555 0.1625 0.1624 0.1569 0.1475 0.1354 0.1218 0.1080 0.0948 0.0821 0.0702
0.0000 0.0000 0.0000 0.0000 0.0000 0.0000 0.0000 0.0000 0.0000 0.0000 0.0000 0.0000 0.0000 0.0000 0.0000 0.0000 0.0000 0.0017 0.0056 0.0466 0.0928 0.0846 0.0293 0.0015 0.0476 0.1408 0.2196 0.2430 0.2091 0.1424 0.0728 0.0226 0.0012 0.0068 0.0317 0.0662 0.1019 0.1328 0.1559 0.1706 0.1766 0.1752 0.1683 0.1574 0.1441 0.1292 0.1143 0.1001 0.0866 0.0739
0.0000 0.0000 0.0000 0.0000 0.0000 0.0000 0.0000 0.0000 0.0000 0.0000 0.0000 0.0000 0.0000 0.0000 0.0000 0.0000 0.0000 0.0006 0.0101 0.0569 0.0963 0.0756 0.0191 0.0055 0.0692 0.1703 0.2442 0.2555 0.2096 0.1354 0.0640 0.0165 0.0003 0.0116 0.0414 0.0795 0.1175 0.1491 0.1721 0.1859 0.1906 0.1878 0.1794 0.1669 0.1522 0.1361 0.1201 0.1050 0.0906 0.0772
0.0000 0.0000 0.0000 0.0000 0.0000 0.0000 0.0000 0.0000 0.0000 0.0000 0.0000 0.0000 0.0000 0.0000 0.0000 0.0000 0.0000 0.0001 0.0160 0.0658 0.0947 0.0620 0.0092 0.0141 0.0958 0.2016 0.2667 0.2637 0.2055 0.1250 0.0536 0.0106 0.0007 0.0183 0.0534 0.0949 0.1347 0.1667 0.1890 0.2016 0.2049 0.2003 0.1902 0.1761 0.1600 0.1427 0.1255 0.1095 0.0943 0.0803
0.0000 0.0000 0.0000 0.0000 0.0000 0.0000 0.0000 0.0000 0.0000 0.0000 0.0000 0.0000 0.0000 0.0000 0.0000 0.0000 0.0000 0.0006 0.0235 0.0737 0.0899 0.0472 0.0023 0.0276 0.1249 0.2310 0.2839 0.2654 0.1958 0.1112 0.0421 0.0053 0.0030 0.0276 0.0679 0.1127 0.1538 0.1858 0.2070 0.2180 0.2194 0.2129 0.2010 0.1850 0.1675 0.1490 0.1307 0.1137 0.0977 0.0830
0.0000 0.0000 0.0000 0.0000 0.0000 0.0000 0.0000 0.0000 0.0000 0.0000 0.0000 0.0000 0.0000 0.0000 0.0000 0.0000 0.0000 0.0024 0.0325 0.0806 0.0830 0.0336 0.0014 0.0496 0.1614 0.2649 0.3029 0.2674 0.1863 0.0979 0.0320 0.0023 0.0081 0.0397 0.0850 0.1327 0.1747 0.2061 0.2258 0.2348 0.2339 0.2253 0.2114 0.1938 0.1748 0.1549 0.1354 0.1175 0.1008 0.0855
0.0000 0.0000 0.0000 0.0000 0.0000 0.0000 0.0000 0.0000 0.0000 0.0000 0.0000 0.0000 0.0000 0.0000 0.0000 0.0000 0.0000 0.0054 0.0414 0.0820 0.0691 0.0183 0.0062 0.0794 0.2013 0.2953 0.3136 0.2597 0.1687 0.0801 0.0207 0.0007 0.0160 0.0552 0.1054 0.1553 0.1974 0.2275 0.2450 0.2515 0.2479 0.2370 0.2211 0.2017 0.1812 0.1601 0.1394 0.1206 0.1033 0.0875
0.0000 0.0000 0.0000 0.0000 0.0000 0.0000 0.0000 0.0000 0.0000 0.0000 0.0000 0.0000 0.0000 0.0000 0.0000 0.0000 0.0000 0.0097 0.0489 0.0783 0.0517 0.0067 0.0198 0.1165 0.2424 0.3210 0.3166 0.2450 0.1468 0.0610 0.0109 0.0023 0.0278 0.0744 0.1288 0.1802 0.2217 0.2497 0.2644 0.2679 0.2614 0.2480 0.2300 0.2089 0.1869 0.1645 0.1428 0.1233 0.1053 0.0891
0.0000 0.0000 0.0000 0.0000 0.0000 0.0000 0.0000 0.0000 0.0000 0.0000 0.0000 0.0000 0.0000 0.0000 0.0000 0.0000 0.0000 0.0147 0.0537 0.0689 0.0331 0.0015 0.0433 0.1597 0.2821 0.3393 0.3107 0.2231 0.1213 0.0421 0.0039 0.0080 0.0439 0.0974 0.1553 0.2072 0.2472 0.2724 0.2838 0.2839 0.2742 0.2582 0.2381 0.2153 0.1919 0.1683 0.1455 0.1253 0.1068 0.0902
0.0000 0.0000 0.0000 0.0000 0.0000 0.0000 0.0000 0.0000 0.0000 0.0000 0.0000 0.0000 0.0000 0.0000 0.0000 0.0000 0.0000 0.0196 0.0543 0.0547 0.0161 0.0056 0.0768 0.2064 0.3170 0.3479 0.2948 0.1947 0.0937 0.0248 0.0009 0.0187 0.0649 0.1246 0.1848 0.2361 0.2737 0.2953 0.3029 0.2992 0.2860 0.2674 0.2451 0.2207 0.1959 0.1712 0.1475 0.1266 0.1078 0.0909
0.0000 0.0000 0.0000 0.0000 0.0000 0.0000 0.0000 0.0000 0.0000 0.0000 0.0000 0.0000 0.0000 0.0000 0.0000 0.0000 0.0000 0.0234 0.0501 0.0375 0.0044 0.0210 0.1193 0.2533 0.3438 0.3448 0.2689 0.1608 0.0657 0.0109 0.0035 0.0353 0.0911 0.1559 0.2173 0.2668 0.3009 0.3183 0.3215 0.3139 0.2972 0.2758 0.2513 0.2250 0.1989 0.1732 0.1488 0.1274 0.1082 0.0911
0.0000 0.0000 0.0000 0.0000 0.0000 0.0000 0.0000 0.0000 0.0000 0.0000 0.0000 0.0000 0.0000 0.0000 0.0000 0.0000 0.0000 0.0252 0.0412 0.0202 0.0014 0.0485 0.1680 0.2962 0.3588 0.3287 0.2337 0.1236 0.0398 0.0025 0.0128 0.0585 0.1229 0.1913 0.2524 0.2988 0.3284 0.3410 0.3394 0.3276 0.3076 0.2833 0.2564 0.2282 0.2008 0.1742 0.1492 0.1275 0.1081 0.0908
0.0000 0.0000 0.0000 0.0000 0.0000 0.0000 0.0000 0.0000 0.0000 0.0000 0.0000 0.0000 0.0000 0.0000 0.0000 0.0000 0.0000 0.0240 0.0289 0.0067 0.0099 0.0871 0.2183 0.3296 0.3589 0.2991 0.1911 0.0859 0.0185 0.0016 0.0302 0.0887 0.1601 0.2304 0.2895 0.3315 0.3557 0.3627 0.3560 0.3399 0.3165 0.2893 0.2602 0.2302 0.2016 0.1743 0.1489 0.1269 0.1074 0.0901
0.0000 0.0000 0.0000 0.0000 0.0000 0.0000 0.0000 0.0000 0.0000 0.0000 0.0000 0.0000 0.0000 0.0000 0.0000 0.0000 0.0000 0.0200 0.0157 0.0007 0.0312 0.1334 0.2644 0.3486 0.3419 0.2572 0.1441 0.0510 0.0046 0.0100 0.0565 0.1263 0.2025 0.2725 0.3279 0.3640 0.3819 0.3829 0.3707 0.3503 0.3236 0.2937 0.2625 0.2308 0.2012 0.1733 0.1477 0.1256 0.1061 0.0888
0.0000 0.0000 0.0000 0.0000 0.0000 0.0000 0.0000 0.0000 0.0000 0.0000 0.0000 0.0000 0.0000 0.0000 0.0000 0.0000 0.0000 0.0138 0.0051 0.0055 0.0641 0.1821 0.2998 0.3493 0.3079 0.2057 0.0967 0.0226 0.0010 0.0293 0.0922 0.1709 0.2493 0.3168 0.3667 0.3958 0.4066 0.4010 0.3834 0.3586 0.3287 0.2962 0.2631 0.2300 0.1996 0.1713 0.1456 0.1236 0.1042 0.0871
0.0000 0.0000 0.0000 0.0000 0.0000 0.0000 0.0000 0.0000 0.0000 0.0000 0.0000 0.0000 0.0000 0.0000 0.0000 0.0000 0.0000 0.0070 0.0003 0.0222 0.1049 0.2263 0.3186 0.3295 0.2586 0.1494 0.0538 0.0048 0.0102 0.0607 0.1378 0.2223 0.3002 0.3628 0.4054 0.4266 0.4295 0.4170 0.3938 0.3647 0.3313 0.2965 0.2619 0.2282 0.1971 0.1685 0.1430 0.1212 0.1020 0.0851
0.0000 0.0000 0.0000 0.0000 0.0000 0.0000 0.0000 0.0000 0.0000 0.0000 0.0000 0.0000 0.0000 0.0000 0.0000 0.0000 0.0000 0.0018 0.0041 0.0494 0.1473 0.2581 0.3159 0.2893 0.1985 0.0936 0.0206 0.0012 0.0342 0.1048 0.1925 0.2793 0.3535 0.4088 0.4426 0.4548 0.4496 0.4300 0.4012 0.3680 0.3316 0.2947 0.2589 0.2248 0.1933 0.1647 0.1396 0.1180 0.0991 0.0826
0.0000 0.0000 0.0000 0.0000 0.0000 0.0000 0.0000 0.0000 0.0000 0.0000 0.0000 0.0000 0.0000 0.0000 0.0000 0.0000 0.0000 0.0001 0.0168 0.0826 0.1834 0.2708 0.2900 0.2324 0.1340 0.0454 0.0023 0.0151 0.0743 0.1612 0.2552 0.3402 0.4076 0.4534 0.4769 0.4796 0.4659 0.4393 0.4054 0.3683 0.3293 0.2907 0.2541 0.2199 0.1883 0.1598 0.1352 0.1141 0.0956 0.0796
0.0000 0.0000 0.0000 0.0000 0.0000 0.0000 0.0000 0.0000 0.0000 0.0000 0.0000 0.0000 0.0000 0.0000 0.0000 0.0000 0.0000 0.0033 0.0366 0.1151 0.2054 0.2602 0.2426 0.1655 0.0736 0.0120 0.0040 0.0487 0.1306 0.2287 0.3240 0.4031 0.4606 0.4950 0.5072 0.5000 0.4779 0.4446 0.4059 0.3655 0.3243 0.2845 0.2475 0.2135 0.1820 0.1539 0.1301 0.1096 0.0917 0.0761
0.0000 0.0000 0.0000 0.0000 0.0000 0.0000 0.0000 0.0000 0.0000 0.0000 0.0000 0.0000 0.0000 0.0000 0.0000 0.0000 0.0000 0.0110 0.0591 0.1395 0.2077 0.2266 0.1805 0.0985 0.0268 0.0003 0.0291 0.1030 0.2022 0.3060 0.3973 0.4666 0.5117 0.5335 0.5340 0.5166 0.4863 0.4469 0.4039 0.3605 0.3175 0.2769 0.2398 0.2061 0.1750 0.1476 0.1245 0.1046 0.0874 0.0725
0.0000 0.0000 0.0000 0.0000 0.0000 0.0000 0.0000 0.0000 0.0000 0.0000 0.0000 0.0000 0.0000 0.0000 0.0000 0.0000 0.0000 0.0215 0.0782 0.1485 0.1874 0.1738 0.1125 0.0418 0.0023 0.0157 0.0797 0.1769 0.2863 0.3892 0.4714 0.5271 0.5575 0.5656 0.5543 0.5270 0.4892 0.4443 0.3977 0.3521 0.3079 0.2671 0.2302 0.1971 0.1669 0.1403 0.1181 0.0991 0.0826 0.0684
0.0000 0.0000 0.0000 0.0000 0.0000 0.0000 0.0000 0.0000 0.0000 0.0000 0.0000 0.0000 0.0000 0.0000 0.0000 0.0000 0.0000 0.0313 0.0878 0.1384 0.1472 0.1114 0.0515 0.0069 0.0078 0.0614 0.1548 0.2674 0.3787 0.4742 0.5421 0.5812 0.5956 0.5897 0.5668 0.5304 0.4859 0.4365 0.3872 0.3401 0.2954 0.2549 0.2188 0.1866 0.1575 0.1321 0.1109 0.0929 0.0773 0.0640
0.0000 0.0000 0.0000 0.0000 0.0000 0.0000 0.0000 0.0000 0.0000 0.0000 0.0000 0.0000 0.0000 0.0000 0.0000 0.0000 0.0000 0.0371 0.0843 0.1106 0.0957 0.0527 0.0110 0.0040 0.0481 0.1372 0.2513 0.3696 0.4749 0.5565 0.6066 0.6273 0.6249 0.6052 0.5715 0.5271 0.4770 0.4243 0.3732 0.3255 0.2810 0.2413 0.2062 0.1751 0.1474 0.1233 0.1033 0.0864 0.0718 0.0594
0.0000 0.0000 0.0000 0.0000 0.0000 0.0000 0.0000 0.0000 0.0000 0.0000 0.0000 0.0000 0.0000 0.0000 0.0000 0.0000 0.0000 0.0365 0.0679 0.0717 0.0453 0.0123 0.0028 0.0392 0.1234 0.2391 0.3633 0.4778 0.5694 0.6319 0.6618 0.6635 0.6447 0.6118 0.5682 0.5173 0.4633 0.4084 0.3565 0.3089 0.2653 0.2266 0.1927 0.1629 0.1367 0.1141 0.0954 0.0797 0.0661 0.0546
0.0000 0.0000 0.0000 0.0000 0.0000 0.0000 0.0000 0.0000 0.0000 0.0000 0.0000 0.0000 0.0000 0.0000 0.0000 0.0000 0.0000 0.0291 0.0429 0.0327 0.0103 0.0027 0.0339 0.1128 0.2284 0.3584 0.4809 0.5820 0.6534 0.6930 0.7013 0.6845 0.6505 0.6061 0.5545 0.4989 0.4425 0.3870 0.3353 0.2889 0.2469 0.2099 0.1776 0.1494 0.1250 0.1042 0.0870 0.0725 0.0601 0.0496
0.0000 0.0000 0.0000 0.0000 0.0000 0.0000 0.0000 0.0000 0.0000 0.0000 0.0000 0.0000 0.0000 0.0000 0.0000 0.0000 0.0000 0.0174 0.0179 0.0064 0.0030 0.0314 0.1046 0.2181 0.3522 0.4829 0.5924 0.6723 0.7190 0.7341 0.7215 0.6877 0.6408 0.5874 0.5302 0.4719 0.4149 0.3602 0.3100 0.2657 0.2260 0.1913 0.1612 0.1349 0.1126 0.0937 0.0781 0.0650 0.0538 0.0443
0.0000 0.0000 0.0000 0.0000 0.0000 0.0000 0.0000 0.0000 0.0000 0.0000 0.0000 0.0000 0.0000 0.0000 0.0000 0.0000 0.0000 0.0063 0.0027 0.0038 0.0303 0.0980 0.2073 0.3432 0.4818 0.6010 0.6892 0.7429 0.7633 0.7549 0.7233 0.6754 0.6189 0.5593 0.4989 0.4395 0.3829 0.3300 0.2820 0.2403 0.2036 0.1720 0.1446 0.1207 0.1006 0.0835 0.0695 0.0577 0.0477 0.0393
0.0000 0.0000 0.0000 0.0000 0.0000 0.0000 0.0000 0.0000 0.0000 0.0000 0.0000 0.0000 0.0000 0.0000 0.0000 0.0000 0.0000 0.0007 0.0045 0.0294 0.0899 0.1924 0.3259 0.4690 0.5980 0.6956 0.7568 0.7823 0.7775 0.7486 0.7016 0.6435 0.5812 0.5188 0.4579 0.3995 0.3453 0.2954 0.2509 0.2127 0.1796 0.1514 0.1271 0.1059 0.0881 0.0731 0.0606 0.0503 0.0415 0.0341
0.0000 0.0000 0.0000 0.0000 0.0000 0.0000 0.0000 0.0000 0.0000 0.0000 0.0000 0.0000 0.0000 0.0000 0.0000 0.0000 0.0000 0.0040 0.0254 0.0792 0.1699 0.2962 0.4385 0.5738 0.6820 0.7520 0.7847 0.7837 0.7575 0.7130 0.6558 0.5922 0.5281 0.4663 0.4078 0.3528 0.3027 0.2574 0.2172 0.1833 0.1542 0.1299 0.1089 0.0906 0.0753 0.0623 0.0516 0.0427 0.0352 0.0289
0.0000 0.0000 0.0000 0.0000 0.0000 0.0000 0.0000 0.0000 0.0000 0.0000 0.0000 0.0000 0.0000 0.0000 0.0000 0.0000 0.0000 0.0160 0.0601 0.1403 0.2512 0.3867 0.5231 0.6394 0.7207 0.7617 0.7680 0.7462 0.7050 0.6509 0.5896 0.5257 0.4638 0.4060 0.3524 0.3028 0.2582 0.2184 0.1834 0.1543 0.1294 0.1087 0.0910 0.0756 0.0628 0.0519 0.0429 0.0355 0.0292 0.0240
0.0000 0.0000 0.0000 0.0000 0.0000 0.0000 0.0000 0.0000 0.0000 0.0000 0.0000 0.0000 0.0000 0.0000 0.0000 0.0000 0.0000 0.0327 0.0974 0.1947 0.3117 0.4416 0.5603 0.6513 0.7047 0.7200 0.7056 0.6708 0.6221 0.5652 0.5058 0.4464 0.3903 0.3393 0.2929 0.2504 0.2125 0.1788 0.1497 0.1256 0.1052 0.0881 0.0736 0.0611 0.0507 0.0419 0.0345 0.0285 0.0235 0.0193
0.0000 0.0000 0.0000 0.0000 0.0000 0.0000 0.0000 0.0000 0.0000 0.0000 0.0000 0.0000 0.0000 0.0000 0.0000 0.0000 0.0000 0.0472 0.1236 0.2242 0.3330 0.4448 0.5385 0.6027 0.6318 0.6284 0.6017 0.5621 0.5136 0.4604 0.4080 0.3572 0.3100 0.2680 0.2303 0.1960 0.1656 0.1389 0.1160 0.0970 0.0811 0.0678 0.0565 0.0469 0.0389 0.0321 0.0265 0.0218 0.0180 0.0147
0.0000 0.0000 0.0000 0.0000 0.0000 0.0000 0.0000 0.0000 0.0000 0.0000 0.0000 0.0000 0.0000 0.0000 0.0000 0.0000 0.0000 0.0531 0.1279 0.2174 0.3063 0.3920 0.4582 0.4983 0.5100 0.4970 0.4675 0.4307 0.3888 0.3449 0.3034 0.2640 0.2278 0.1961 0.1679 0.1424 0.1200 0.1003 0.0837 0.0700 0.0584 0.0487 0.0406 0.0337 0.0280 0.0231 0.0190 0.0157 0.0129 0.0106
0.0000 0.0000 0.0000 0.0000 0.0000 0.0000 0.0000 0.0000 0.0000 0.0000 0.0000 0.0000 0.0000 0.0000 0.0000 0.0000 0.0000 0.0469 0.1071 0.1742 0.2367 0.2938 0.3345 0.3559 0.3582 0.3441 0.3198 0.2914 0.2605 0.2292 0.2007 0.1741 0.1496 0.1283 0.1095 0.0927 0.0781 0.0653 0.0545 0.0456 0.0381 0.0317 0.0264 0.0220 0.0182 0.0150 0.0124 0.0102 0.0084 0.0069
0.0000 0.0000 0.0000 0.0000 0.0000 0.0000 0.0000 0.0000 0.0000 0.0000 0.0000 0.0000 0.0000 0.0000 0.0000 0.0000 0.0000 0.0315 0.0693 0.1095 0.1452 0.1764 0.1973 0.2066 0.2056 0.1956 0.1803 0.1630 0.1447 0.1265 0.1106 0.0957 0.0821 0.0702 0.0597 0.0506 0.0426 0.0356 0.0298 0.0250 0.0208 0.0174 0.0145 0.0121 0.0100 0.0083 0.0068 0.0056 0.0046 0.0038
0.0000 0.0000 0.0000 0.0000 0.0000 0.0000 0.0000 0.0000 0.0000 0.0000 0.0000 0.0000 0.0000 0.0000 0.0000 0.0000 0.0000 0.0136 0.0293 0.0454 0.0593 0.0711 0.0786 0.0815 0.0806 0.0762 0.0699 0.0629 0.0556 0.0484 0.0423 0.0366 0.0313 0.0267 0.0227 0.0193 0.0162 0.0136 0.0114 0.0095 0.0080 0.0066 0.0055 0.0046 0.0038 0.0032 0.0026 0.0022 0.0018 0.0015
0.0000 0.0000 0.0000 0.0000 0.0000 0.0000 0.0000 0.0000 0.0000 0.0000 0.0000 0.0000 0.0000 0.0000 0.0000 0.0000 0.0000 0.0016 0.0035 0.0053 0.0069 0.0083 0.0091 0.0093 0.0092 0.0087 0.0079 0.0071 0.0063 0.0055 0.0047 0.0041 0.0035 0.0030 0.0025 0.0022 0.0018 0.0015 0.0013 0.0011 0.0009 0.0007 0.0006 0.0005 0.0004 0.0004 0.0003 0.0002 0.0002 0.0002
