0.2188 0.2176 0.2161 0.1853 0.1759 0.1647 0.1529 0.1450 0.1392 0.1515 0.1137 0.1068 0.1202 0.1223 0.1165 0.1047 0.0847 0.0621 0.0517 0.0586 0.0714 0.0774 0.0706 0.0564 0.0411 0.0296 0.0228 0.0197 0.0188 0.0183 0.0175 0.0164 0.0149 0.0132 0.0115 0.0099 0.0085 0.0073 0.0063 0.0054 0.0047 0.0041 0.0036 0.0032 0.0028 0.0025 0.0022 0.0020 0.0018 0.0016
0.6557 0.6505 0.6460 0.5564 0.5282 0.4936 0.4580 0.4340 0.4168 0.4535 0.3412 0.3205 0.3620 0.3689 0.3508 0.3149 0.2550 0.1868 0.1548 0.1742 0.2121 0.2309 0.2118 0.1700 0.1244 0.0896 0.0687 0.0591 0.0560 0.0545 0.0523 0.0490 0.0444 0.0396 0.0346 0.0299 0.0257 0.0221 0.0190 0.0163 0.0141 0.0123 0.0108 0.0096 0.0085 0.0076 0.0067 0.0060 0.0054 0.0048
1.0918 1.0774 1.0696 0.9282 0.8822 0.8207 0.7605 0.7201 0.6923 0.7523 0.5690 0.5343 0.6085 0.6216 0.5891 0.5274 0.4277 0.3136 0.2569 0.2849 0.3466 0.3805 0.3529 0.2864 0.2113 0.1523 0.1158 0.0983 0.0922 0.0894 0.0860 0.0809 0.0736 0.0658 0.0578 0.0500 0.0430 0.0370 0.0318 0.0274 0.0236 0.0206 0.0181 0.0161 0.0142 0.0126 0.0112 0.0100 0.0089 0.0080
1.5284 1.4978 1.4835 1.2999 1.2406 1.1457 1.0590 1.0025 0.9634 1.0472 0.7974 0.7486 0.8634 0.8844 0.8333 0.7431 0.6042 0.4442 0.3580 0.3878 0.4707 0.5230 0.4933 0.4070 0.3042 0.2198 0.1653 0.1376 0.1271 0.1225 0.1179 0.1114 0.1020 0.0917 0.0809 0.0703 0.0607 0.0523 0.0449 0.0387 0.0333 0.0290 0.0255 0.0226 0.0199 0.0177 0.0157 0.0140 0.0125 0.0112
1.9693 1.9158 1.8876 1.6690 1.6078 1.4692 1.3522 1.2819 1.2275 1.3390 1.0261 0.9643 1.1315 1.1611 1.0843 0.9618 0.7857 0.5808 0.4590 0.4810 0.5803 0.6549 0.6316 0.5332 0.4056 0.2948 0.2191 0.1780 0.1607 0.1533 0.1474 0.1400 0.1291 0.1170 0.1039 0.0908 0.0787 0.0679 0.0585 0.0503 0.0433 0.0377 0.0331 0.0292 0.0258 0.0228 0.0203 0.0180 0.0161 0.0144
2.4196 2.3393 2.2885 2.0309 1.9893 1.7940 1.6405 1.5600 1.4821 1.6311 1.2546 1.1834 1.4190 1.4546 1.3409 1.1819 0.9729 0.7265 0.5626 0.5636 0.6717 0.7717 0.7656 0.6651 0.5180 0.3806 0.2800 0.2212 0.1938 0.1816 0.1740 0.1660 0.1544 0.1411 0.1264 0.1112 0.0969 0.0840 0.0724 0.0624 0.0537 0.0467 0.0410 0.0361 0.0317 0.0281 0.0249 0.0221 0.0197 0.0176
2.8841 2.7755 2.7032 2.3825 2.3890 2.1270 1.9262 1.8390 1.7254 1.9290 1.4807 1.4097 1.7330 1.7655 1.5991 1.3996 1.1659 0.8857 0.6737 0.6376 0.7424 0.8689 0.8915 0.8021 0.6433 0.4806 0.3518 0.2702 0.2282 0.2082 0.1976 0.1888 0.1769 0.1633 0.1478 0.1311 0.1151 0.1002 0.0867 0.0749 0.0644 0.0561 0.0491 0.0432 0.0379 0.0335 0.0296 0.0263 0.0234 0.0208
3.3636 3.2235 3.1564 2.7296 2.8034 2.4816 2.2143 2.1202 1.9597 2.2386 1.7008 1.6505 2.0806 2.0907 1.8512 1.6094 1.3648 1.0642 0.8005 0.7081 0.7920 0.9418 1.0040 0.9412 0.7823 0.5982 0.4390 0.3294 0.2672 0.2350 0.2187 0.2082 0.1961 0.1827 0.1671 0.1498 0.1326 0.1163 0.1011 0.0876 0.0755 0.0658 0.0575 0.0506 0.0443 0.0391 0.0345 0.0305 0.0271 0.0241
3.8474 3.6716 3.6647 3.1001 3.2133 2.8811 2.5104 2.4027 2.1926 2.5629 1.9098 1.9166 2.4660 2.4211 2.0856 1.8041 1.5697 1.2697 0.9550 0.7858 0.8245 0.9870 1.0962 1.0763 0.9326 0.7355 0.5462 0.4041 0.3154 0.2653 0.2392 0.2246 0.2115 0.1985 0.1834 0.1662 0.1486 0.1315 0.1151 0.1002 0.0867 0.0756 0.0662 0.0582 0.0509 0.0448 0.0395 0.0349 0.0310 0.0275
4.2990 4.1064 4.2095 3.5519 3.5806 3.3580 2.8157 2.6843 2.4381 2.8951 2.1031 2.2220 2.8865 2.7394 2.2874 1.9766 1.7808 1.5107 1.1526 0.8869 0.8492 1.0037 1.1594 1.1973 1.0874 0.8908 0.6766 0.5002 0.3793 0.3044 0.2626 0.2401 0.2237 0.2103 0.1958 0.1793 0.1620 0.1447 0.1278 0.1120 0.0974 0.0853 0.0749 0.0658 0.0577 0.0507 0.0447 0.0395 0.0350 0.0310
4.6557 4.5273 4.7187 4.1528 3.8650 3.9440 3.1243 2.9700 2.7146 3.2152 2.2847 2.5834 3.3284 3.0226 2.4447 2.1245 2.0006 1.7964 1.4130 1.0370 0.8862 0.9983 1.1868 1.2903 1.2340 1.0574 0.8303 0.6229 0.4668 0.3607 0.2961 0.2597 0.2362 0.2199 0.2050 0.1889 0.1723 0.1555 0.1385 0.1225 0.1073 0.0945 0.0833 0.0735 0.0645 0.0568 0.0501 0.0442 0.0392 0.0347
4.9113 4.9319 5.1057 4.9056 4.0647 4.6289 3.4197 3.2739 3.0274 3.4857 2.4685 3.0073 3.7589 3.2437 2.5514 2.2501 2.2286 2.1276 1.7492 1.2629 0.9639 0.9857 1.1740 1.3372 1.3503 1.2177 0.9986 0.7720 0.5837 0.4428 0.3488 0.2916 0.2548 0.2315 0.2133 0.1962 0.1797 0.1634 0.1469 0.1311 0.1159 0.1028 0.0912 0.0809 0.0713 0.0630 0.0556 0.0491 0.0436 0.0386
5.2783 5.2643 5.3638 5.6530 4.2620 5.3061 3.6846 3.6088 3.3434 3.6562 2.6706 3.4689 4.1223 3.3780 2.6115 2.3576 2.4521 2.4818 2.1505 1.5775 1.1086 0.9858 1.1199 1.3154 1.4020 1.3375 1.1553 0.9326 0.7252 0.5534 0.4271 0.3431 0.2865 0.2502 0.2244 0.2033 0.1851 0.1684 0.1522 0.1368 0.1220 0.1090 0.0974 0.0869 0.0770 0.0684 0.0606 0.0537 0.0477 0.0423
6.0956 5.4587 5.5891 6.1010 4.6068 5.7691 3.9481 3.9786 3.6015 3.7063 2.9180 3.9091 4.3603 3.4298 2.6525 2.4565 2.6445 2.8069 2.5747 1.9763 1.3510 1.0379 1.0450 1.2156 1.3555 1.3726 1.2595 1.0747 0.8749 0.6878 0.5349 0.4229 0.3417 0.2864 0.2471 0.2170 0.1935 0.1740 0.1566 0.1409 0.1261 0.1133 0.1018 0.0914 0.0815 0.0727 0.0647 0.0576 0.0514 0.0457
7.1373 5.6843 5.8163 6.0979 5.1295 5.8313 4.2773 4.3436 3.7592 3.6839 3.2169 4.2261 4.4408 3.4491 2.7202 2.5488 2.7524 3.0056 2.9246 2.4118 1.7100 1.2023 1.0084 1.0654 1.1988 1.2817 1.2578 1.1480 0.9943 0.8229 0.6630 0.5324 0.4280 0.3508 0.2929 0.2483 0.2144 0.1879 0.1661 0.1477 0.1315 0.1178 0.1058 0.0953 0.0852 0.0762 0.0681 0.0608 0.0544 0.0486
7.3746 6.2171 5.9967 5.9305 5.5350 5.5881 4.6669 4.6541 3.9060 3.7121 3.5112 4.3051 4.4063 3.5405 2.8581 2.6158 2.7053 2.9478 3.0421 2.7692 2.1689 1.5574 1.1325 0.9734 0.9910 1.0673 1.1105 1.0921 1.0208 0.9061 0.7747 0.6502 0.5373 0.4446 0.3689 0.3069 0.2584 0.2203 0.1899 0.1652 0.1445 0.1277 0.1136 0.1015 0.0904 0.0807 0.0720 0.0643 0.0576 0.0514
6.9015 6.5431 6.4791 5.9801 5.5668 5.4931 4.9084 5.0352 4.3108 3.8889 3.6762 4.0979 4.4023 3.8345 3.0738 2.6261 2.4821 2.5597 2.7573 2.8482 2.6181 2.1522 1.6022 1.1803 0.9451 0.8665 0.8676 0.8870 0.8909 0.8568 0.7913 0.7104 0.6200 0.5343 0.4552 0.3836 0.3234 0.2737 0.2328 0.1994 0.1716 0.1488 0.1302 0.1148 0.1009 0.0892 0.0789 0.0701 0.0624 0.0555
7.0993 6.5491 7.3310 6.5002 6.0739 5.7862 4.8929 5.8874 5.1002 4.1386 3.7256 3.7302 4.5368 4.3643 3.3181 2.5968 2.2945 2.0982 2.1044 2.3908 2.6939 2.7690 2.4840 2.0074 1.5080 1.1154 0.8608 0.7273 0.6727 0.6479 0.6283 0.6029 0.5635 0.5177 0.4661 0.4111 0.3593 0.3121 0.2704 0.2341 0.2025 0.1756 0.1530 0.1340 0.1168 0.1024 0.0899 0.0792 0.0701 0.0619
7.8862 7.5231 8.1304 6.9478 6.7382 6.5296 5.7926 5.6181 5.2679 4.5120 4.8118 3.9349 3.6240 3.8698 3.3117 2.6736 2.7501 2.9437 2.6468 2.0570 1.6467 1.6691 1.9597 2.2793 2.4279 2.3635 2.1202 1.7937 1.4642 1.1605 0.9095 0.7192 0.5748 0.4709 0.3939 0.3340 0.2883 0.2522 0.2229 0.1983 0.1769 0.1581 0.1417 0.1272 0.1135 0.1014 0.0904 0.0807 0.0722 0.0643
9.1811 7.8478 8.1603 7.9091 6.7716 7.2171 5.9148 6.2252 5.3396 4.9938 5.0647 4.0637 3.9988 4.1137 3.3972 2.8588 3.0211 3.1374 2.7334 2.1220 1.7581 1.8303 2.1361 2.4403 2.5613 2.4723 2.2115 1.8734 1.5361 1.2255 0.9672 0.7698 0.6185 0.5085 0.4261 0.3614 0.3116 0.2722 0.2400 0.2132 0.1900 0.1697 0.1520 0.1363 0.1214 0.1084 0.0967 0.0863 0.0772 0.0688
9.9712 8.9171 8.0429 8.6354 7.1346 7.6131 6.2674 6.6895 5.4589 5.5320 5.2156 4.2598 4.3998 4.3023 3.4837 3.0837 3.2996 3.3088 2.8044 2.1917 1.8846 2.0042 2.3166 2.5982 2.6880 2.5739 2.2970 1.9491 1.6061 1.2900 1.0256 0.8218 0.6638 0.5479 0.4601 0.3906 0.3365 0.2934 0.2581 0.2290 0.2039 0.1820 0.1628 0.1458 0.1297 0.1157 0.1032 0.0922 0.0825 0.0735
9.7618 10.0015 8.4649 8.8081 7.9245 7.6834 6.8976 6.9260 5.7330 6.0373 5.2935 4.5518 4.7906 4.4335 3.5923 3.3490 3.5737 3.4531 2.8638 2.2711 2.0281 2.1891 2.4987 2.7508 2.8068 2.6679 2.3766 2.0211 1.6741 1.3542 1.0846 0.8750 0.7108 0.5891 0.4958 0.4214 0.3630 0.3160 0.2774 0.2457 0.2186 0.1950 0.1743 0.1557 0.1384 0.1233 0.1101 0.0982 0.0879 0.0784
9.6888 10.2364 9.5187 8.6915 8.8315 7.6733 7.6551 6.9827 6.2053 6.4192 5.3651 4.9410 5.1310 4.5208 3.7436 3.6482 3.8303 3.5689 2.9179 2.3658 2.1891 2.3829 2.6798 2.8965 2.9170 2.7543 2.4505 2.0894 1.7402 1.4179 1.1442 0.9294 0.7593 0.6320 0.5334 0.4541 0.3911 0.3401 0.2980 0.2635 0.2343 0.2089 0.1865 0.1663 0.1475 0.1313 0.1172 0.1046 0.0936 0.0835
10.7284 9.9842 10.4276 8.9129 9.3683 7.9198 8.2553 7.0272 6.8015 6.6300 5.5080 5.3925 5.3909 4.5907 3.9496 3.9665 4.0584 3.6602 2.9757 2.4807 2.3678 2.5835 2.8576 3.0346 3.0191 2.8337 2.5190 2.1546 1.8050 1.4816 1.2049 0.9859 0.8102 0.6772 0.5730 0.4886 0.4210 0.3660 0.3202 0.2827 0.2511 0.2235 0.1993 0.1774 0.1573 0.1400 0.1249 0.1114 0.0996 0.0889
11.8372 10.3959 10.5796 9.7117 9.4166 8.5452 8.5231 7.2543 7.3706 6.7105 5.7784 5.8452 5.5649 4.6792 4.2128 4.2850 4.2512 3.7345 3.0463 2.6191 2.5624 2.7878 3.0303 3.1645 3.1135 2.9069 2.5829 2.2172 1.8686 1.5452 1.2669 1.0444 0.8636 0.7246 0.6144 0.5249 0.4528 0.3938 0.3442 0.3034 0.2689 0.2389 0.2127 0.1891 0.1678 0.1495 0.1333 0.1188 0.1062 0.0948
11.8825 11.4823 10.4739 10.5884 9.4046 9.3101 8.5661 7.7381 7.7802 6.7782 6.1803 6.2372 5.6781 4.8214 4.5247 4.5852 4.4077 3.8016 3.1367 2.7810 2.7691 2.9920 3.1960 3.2859 3.2007 2.9748 2.6436 2.2778 1.9311 1.6086 1.3294 1.1040 0.9183 0.7736 0.6575 0.5629 0.4863 0.4233 0.3697 0.3255 0.2879 0.2553 0.2269 0.2016 0.1790 0.1596 0.1422 0.1267 0.1132 0.1010
11.8627 12.1240 10.9317 10.9762 9.7840 9.8409 8.6694 8.3499 7.9992 6.9503 6.6536 6.5337 5.7781 5.0357 4.8638 4.8531 4.5352 3.8741 3.2528 2.9651 2.9843 3.1934 3.3542 3.3997 3.2821 3.0390 2.7020 2.3370 1.9928 1.6718 1.3922 1.1644 0.9743 0.8240 0.7021 0.6026 0.5215 0.4545 0.3968 0.3489 0.3081 0.2727 0.2420 0.2148 0.1909 0.1703 0.1516 0.1350 0.1205 0.1075
12.6836 12.1897 11.7902 11.0580 10.4869 10.0622 9.0295 8.8845 8.1288 7.2745 7.1128 6.7458 5.9148 5.3186 5.2047 5.0843 4.6468 3.9637 3.3970 3.1684 3.2046 3.3910 3.5056 3.5076 3.3596 3.1010 2.7592 2.3953 2.0539 1.7348 1.4552 1.2254 1.0313 0.8757 0.7481 0.6438 0.5584 0.4874 0.4254 0.3738 0.3296 0.2912 0.2581 0.2289 0.2036 0.1817 0.1617 0.1438 0.1283 0.1144
13.3077 12.4210 12.2689 11.2833 11.0345 10.1818 9.5283 9.2154 8.2841 7.6822 7.4749 6.8997 6.1014 5.6423 5.5264 5.2847 4.7583 4.0805 3.5728 3.3936 3.4353 3.5914 3.6563 3.6133 3.4350 3.1628 2.8191 2.4577 2.1199 1.8020 1.5212 1.2893 1.0914 0.9313 0.7987 0.6889 0.5985 0.5233 0.4578 0.4026 0.3548 0.3128 0.2768 0.2452 0.2180 0.1946 0.1733 0.1542 0.1375 0.1225
13.5857 12.9413 12.5245 11.7517 11.3798 10.4620 10.0187 9.4602 8.5543 8.1120 7.7704 7.0691 6.3532 5.9859 5.8248 5.4691 4.8827 4.2258 3.7731 3.6311 3.6683 3.7897 3.8046 3.7179 3.5102 3.2250 2.8794 2.5202 2.1857 1.8687 1.5871 1.3534 1.1521 0.9879 0.8506 0.7354 0.6402 0.5608 0.4919 0.4331 0.3815 0.3357 0.2966 0.2627 0.2334 0.2083 0.1856 0.1652 0.1473 0.1312
13.9053 13.4363 12.8409 12.2239 11.7085 10.8351 10.4547 9.7261 8.8982 8.5242 8.0426 7.2777 6.6496 6.3338 6.1080 5.6525 5.0267 4.3981 3.9940 3.8792 3.9046 3.9886 3.9532 3.8232 3.5864 3.2881 2.9402 2.5828 2.2512 1.9348 1.6525 1.4175 1.2132 1.0452 0.9035 0.7831 0.6834 0.5999 0.5277 0.4652 0.4097 0.3600 0.3176 0.2812 0.2497 0.2229 0.1988 0.1770 0.1578 0.1404
14.0660 14.0832 13.0695 12.8065 11.9999 11.2515 10.9089 10.0024 9.2768 8.9429 8.3178 7.5154 6.9748 6.6895 6.3896 5.8432 5.1906 4.5941 4.2339 4.1391 4.1472 4.1911 4.1044 3.9308 3.6647 3.3525 3.0016 2.6454 2.3162 2.0000 1.7175 1.4816 1.2747 1.1033 0.9575 0.8321 0.7280 0.6405 0.5652 0.4991 0.4396 0.3858 0.3400 0.3009 0.2671 0.2384 0.2129 0.1896 0.1690 0.1504
14.8176 14.3117 13.5195 13.3673 12.1701 11.8483 11.3070 10.2417 9.7345 9.3846 8.5802 7.7760 7.3388 7.0756 6.6878 6.0505 5.3817 4.8229 4.5051 4.4245 4.4090 4.4068 4.2684 4.0540 3.7615 3.4333 3.0737 2.7139 2.3849 2.0700 1.7880 1.5510 1.3419 1.1677 1.0182 0.8884 0.7791 0.6864 0.6060 0.5359 0.4733 0.4168 0.3681 0.3258 0.2891 0.2579 0.2300 0.2047 0.1825 0.1623
15.7335 14.2210 14.5122 13.4314 12.6283 12.5543 11.4899 10.5748 10.3276 9.7840 8.7952 8.0786 7.7659 7.4854 6.9810 6.2552 5.5875 5.0777 4.8023 4.7294 4.6825 4.6286 4.4355 4.1788 3.8591 3.5143 3.1455 2.7820 2.4534 2.1401 1.8585 1.6208 1.4098 1.2333 1.0806 0.9464 0.8321 0.7341 0.6486 0.5745 0.5088 0.4498 0.3982 0.3523 0.3126 0.2787 0.2484 0.2210 0.1969 0.1752
15.2363 15.2948 14.8865 13.4713 13.6114 12.8891 11.5987 11.2053 10.9429 10.0357 9.0003 8.4860 8.2660 7.8939 7.2467 6.4518 5.8143 5.3673 5.1315 5.0557 4.9667 4.8538 4.6027 4.3028 3.9556 3.5941 3.2162 2.8495 2.5218 2.2107 1.9295 1.6910 1.4787 1.3002 1.1446 1.0064 0.8870 0.7837 0.6929 0.6148 0.5462 0.4847 0.4303 0.3807 0.3378 0.3010 0.2680 0.2383 0.2124 0.1889
15.9264 16.3580 14.5193 14.5480 14.3321 12.8132 12.1433 12.0730 11.3507 10.1761 9.3450 9.0627 8.8175 8.2647 7.4781 6.6620 6.0900 5.7126 5.5038 5.4079 5.2631 5.0843 4.7724 4.4287 4.0537 3.6762 3.2905 2.9221 2.5961 2.2874 2.0063 1.7669 1.5531 1.3725 1.2140 1.0716 0.9472 0.8385 0.7423 0.6600 0.5878 0.5230 0.4651 0.4119 0.3655 0.3258 0.2900 0.2580 0.2300 0.2045
17.8008 15.7846 15.5104 15.7934 14.1963 13.1833 13.2482 12.7359 11.4828 10.4422 9.9706 9.7784 9.3465 8.5666 7.6936 6.9272 6.4477 6.1302 5.9232 5.7839 5.5692 5.3200 4.9462 4.5591 4.1575 3.7663 3.3747 3.0064 2.6827 2.3756 2.0943 1.8542 1.6381 1.4550 1.2931 1.1461 1.0165 0.9024 0.8007 0.7133 0.6364 0.5662 0.5037 0.4469 0.3970 0.3542 0.3159 0.2812 0.2507 0.2230
17.0199 16.5156 17.1985 15.6126 14.3014 14.4375 14.1476 12.8429 11.6054 11.0517 10.8009 10.4402 9.7246 8.7787 7.9215 7.2666 6.8850 6.6003 6.3629 6.1575 5.8617 5.5403 5.1079 4.6822 4.2595 3.8583 3.4629 3.0954 2.7741 2.4685 2.1872 1.9463 1.7278 1.5421 1.3768 1.2251 1.0901 0.9703 0.8628 0.7701 0.6883 0.6123 0.5450 0.4845 0.4308 0.3848 0.3438 0.3063 0.2731 0.2430
17.6075 18.5696 16.9188 15.4799 15.7047 15.5522 14.2098 12.8112 12.1804 11.9959 11.5910 10.8793 9.9396 8.9717 8.2316 7.7121 7.3992 7.1029 6.7999 6.5098 6.1287 5.7388 5.2554 4.7986 4.3618 3.9550 3.5580 3.1918 2.8727 2.5682 2.2867 2.0448 1.8234 1.6350 1.4661 1.3092 1.1685 1.0428 0.9292 0.8309 0.7438 0.6616 0.5892 0.5248 0.4672 0.4177 0.3740 0.3334 0.2973 0.2646
20.0677 18.1289 16.7885 17.2332 17.0671 15.5983 14.1171 13.4627 13.3107 12.9724 12.1364 11.1222 10.1352 9.2992 8.7213 8.3033 7.9985 7.6406 7.2461 6.8617 6.3969 5.9461 5.4217 4.9428 4.4948 4.0843 3.6867 3.3217 3.0037 2.6975 2.4147 2.1704 1.9447 1.7504 1.5747 1.4101 1.2634 1.1326 1.0131 0.9084 0.8144 0.7261 0.6482 0.5785 0.5152 0.4609 0.4136 0.3692 0.3296 0.2936
19.0373 18.2126 18.9413 18.5637 16.8721 15.4287 14.8979 14.7610 14.3752 13.5186 12.3478 11.2984 10.4613 9.8181 9.3621 8.9682 8.6038 8.1449 7.6474 7.1744 6.6402 6.1434 5.5913 5.0997 4.6458 4.2342 3.8368 3.4731 3.1552 2.8457 2.5601 2.3123 2.0809 1.8792 1.6951 1.5215 1.3683 1.2323 1.1068 0.9950 0.8931 0.7986 0.7147 0.6390 0.5692 0.5096 0.4584 0.4098 0.3663 0.3264
19.9524 20.7308 19.8144 17.9746 16.7777 16.4996 16.3773 15.8106 14.8088 13.6308 12.4996 11.6633 11.0347 10.5181 10.0799 9.6235 9.1508 8.5773 7.9868 7.4452 6.8634 6.3383 5.7713 5.2753 4.8195 4.4084 4.0110 3.6477 3.3284 3.0136 2.7234 2.4706 2.2321 2.0214 1.8273 1.6434 1.4832 1.3417 1.2096 1.0902 0.9797 0.8783 0.7879 0.7057 0.6289 0.5633 0.5079 0.4548 0.4069 0.3629
22.3146 20.6404 18.9954 18.3869 18.3550 18.1019 17.2600 16.0188 14.7850 13.7533 12.9086 12.3147 11.8040 11.2868 10.7648 10.1861 9.6006 8.9307 8.2697 7.6870 7.0819 6.5468 5.9764 5.4826 5.0289 4.6187 4.2192 3.8567 3.5365 3.2168 2.9199 2.6599 2.4123 2.1917 1.9874 1.7926 1.6230 1.4730 1.3332 1.2049 1.0847 0.9742 0.8758 0.7870 0.7036 0.6318 0.5701 0.5113 0.4584 0.4095
21.1746 20.3878 20.4457 20.4060 19.7301 18.5407 17.1797 15.9498 15.0212 14.3158 13.6678 13.1412 12.5912 11.9711 11.3204 10.6152 9.9504 9.2229 8.5204 7.9232 7.3152 6.7852 6.2194 5.7311 5.2807 4.8698 4.4651 4.1034 3.7829 3.4590 3.1530 2.8834 2.6244 2.3933 2.1783 1.9725 1.7910 1.6293 1.4801 1.3418 1.2109 1.0884 0.9805 0.8850 0.7956 0.7175 0.6472 0.5814 0.5225 0.4681
22.7137 22.7573 22.1305 20.9190 19.5239 18.2968 17.3164 16.5254 15.8823 15.2616 14.5430 13.8902 13.2035 12.4651 11.7158 10.9331 10.2392 9.4958 8.7795 8.1875 7.5886 7.0708 6.5113 6.0276 5.5771 5.1618 4.7478 4.3852 4.0626 3.7326 3.4153 3.1340 2.8615 2.6183 2.3914 2.1735 1.9787 1.8038 1.6445 1.4952 1.3525 1.2164 1.0980 0.9953 0.8999 0.8150 0.7348 0.6612 0.5957 0.5350
24.4111 23.0511 21.7136 20.5965 19.7314 19.0491 18.3949 17.6669 16.9038 16.0786 15.1516 14.3435 13.5597 12.7604 11.9787 11.1801 10.4978 9.7660 9.0533 8.4756 7.8893 7.3849 6.8307 6.3500 5.8957 5.4730 5.0468 4.6793 4.3526 4.0164 3.6890 3.3974 3.1123 2.8578 2.6197 2.3904 2.1829 1.9949 1.8236 1.6631 1.5094 1.3619 1.2337 1.1228 1.0196 0.9269 0.8366 0.7546 0.6818 0.6141
24.1491 23.3102 22.6284 21.9678 21.2574 20.4572 19.5366 18.5064 17.4707 16.4365 15.3932 14.5394 13.7594 12.9445 12.1680 11.3856 10.7225 10.0065 9.3084 8.7451 8.1680 7.6737 7.1249 6.6486 6.1902 5.7599 5.3220 4.9421 4.6085 4.2690 3.9397 3.6454 3.3536 3.0927 2.8477 2.6118 2.3955 2.1974 2.0099 1.8394 1.6800 1.5305 1.3967 1.2752 1.1601 1.0571 0.9591 0.8686 0.7877 0.7121
26.3289 25.4438 24.4461 23.3656 22.2596 21.1318 19.9755 18.7988 17.6734 16.5942 15.5655 14.7596 14.0422 13.2340 12.4649 11.6889 11.0338 10.3215 9.6280 9.0687 8.4917 8.0005 7.4524 6.9772 6.5119 6.0714 5.6191 5.2244 4.8830 4.5403 4.2095 3.9129 3.6147 3.3477 3.0962 2.8540 2.6290 2.4204 2.2151 2.0340 1.8696 1.7199 1.5811 1.4480 1.3196 1.2052 1.0991 0.9996 0.9099 0.8256
27.4005 26.1486 24.9034 23.6899 22.5432 21.4101 20.2679 19.1176 17.9968 16.9140 15.9083 15.1408 14.4649 13.6360 12.8464 12.0505 11.3857 10.6633 9.9636 9.3988 8.8143 8.3212 7.7704 7.2945 6.8227 6.3727 5.9070 5.4971 5.1476 4.8021 4.4700 4.1718 3.8686 3.5970 3.3404 3.0930 2.8602 2.6419 2.4190 2.2281 2.0599 1.9114 1.7688 1.6244 1.4825 1.3570 1.2435 1.1352 1.0369 0.9439
27.1552 25.9966 24.8502 23.6998 22.5744 21.4585 20.3385 19.2372 18.1404 17.0661 16.0433 15.2585 14.5632 13.7200 12.9137 12.0994 11.4390 10.7166 10.0068 9.4274 8.8296 8.3296 7.7708 7.2890 6.8289 6.3890 5.9319 5.5163 5.1612 4.8097 4.4705 4.1684 3.8674 3.6003 3.3473 3.0986 2.8639 2.6438 2.4219 2.2319 2.0641 1.9118 1.7664 1.6211 1.4799 1.3556 1.2442 1.1364 1.0380 0.9447
