0.1260 0.0672 0.0066 0.0636 0.1421 0.0224 0.0840 0.0755 0.0514 0.0672 0.0725 0.0187 0.1014 0.0193 0.0316 0.0846 0.0316 0.0041 0.0460 0.0642 0.0328 0.0035 0.0082 0.0310 0.0441 0.0387 0.0224 0.0076 0.0010 0.0028 0.0092 0.0161 0.0209 0.0224 0.0214 0.0183 0.0144 0.0105 0.0070 0.0043 0.0023 0.0011 0.0005 0.0002 0.0003 0.0006 0.0010 0.0014 0.0017 0.0020
0.3903 0.2167 0.0230 0.1786 0.4279 0.0744 0.2426 0.2348 0.1467 0.2083 0.2119 0.0597 0.3038 0.0550 0.0981 0.2536 0.0923 0.0130 0.1398 0.1923 0.0969 0.0100 0.0255 0.0938 0.1325 0.1155 0.0666 0.0223 0.0029 0.0086 0.0279 0.0487 0.0628 0.0673 0.0641 0.0548 0.0431 0.0314 0.0210 0.0128 0.0069 0.0033 0.0013 0.0007 0.0010 0.0018 0.0029 0.0041 0.0051 0.0061
0.6869 0.4118 0.0530 0.2575 0.7152 0.1499 0.3732 0.4185 0.2206 0.3687 0.3339 0.1122 0.5048 0.0824 0.1746 0.4219 0.1454 0.0246 0.2391 0.3192 0.1563 0.0151 0.0451 0.1594 0.2215 0.1910 0.1089 0.0357 0.0047 0.0149 0.0475 0.0821 0.1052 0.1124 0.1067 0.0910 0.0714 0.0519 0.0346 0.0210 0.0114 0.0053 0.0022 0.0012 0.0017 0.0031 0.0049 0.0068 0.0086 0.0103
1.0204 0.6810 0.1191 0.2811 0.9947 0.2700 0.4567 0.6411 0.2605 0.5604 0.4266 0.1856 0.7009 0.0973 0.2680 0.5878 0.1863 0.0413 0.3472 0.4433 0.2082 0.0182 0.0688 0.2295 0.3114 0.2641 0.1479 0.0470 0.0062 0.0224 0.0687 0.1169 0.1485 0.1576 0.1491 0.1267 0.0990 0.0717 0.0476 0.0288 0.0155 0.0072 0.0030 0.0017 0.0025 0.0044 0.0070 0.0097 0.0122 0.0145
1.3647 1.0413 0.2603 0.2420 1.2416 0.4604 0.4769 0.9122 0.2583 0.7926 0.4782 0.2911 0.8855 0.0979 0.3856 0.7480 0.2110 0.0665 0.4672 0.5627 0.2494 0.0193 0.0986 0.3056 0.4021 0.3335 0.1823 0.0557 0.0074 0.0315 0.0922 0.1536 0.1930 0.2032 0.1910 0.1616 0.1257 0.0906 0.0599 0.0360 0.0193 0.0089 0.0036 0.0022 0.0033 0.0059 0.0092 0.0127 0.0159 0.0188
1.6480 1.4782 0.5285 0.1573 1.4131 0.7475 0.4256 1.2316 0.2144 1.0685 0.4792 0.4415 1.0475 0.0856 0.5342 0.8965 0.2168 0.1051 0.6010 0.6742 0.2773 0.0190 0.1368 0.3890 0.4932 0.3980 0.2110 0.0610 0.0087 0.0428 0.1186 0.1927 0.2387 0.2489 0.2323 0.1953 0.1511 0.1084 0.0712 0.0425 0.0225 0.0103 0.0042 0.0027 0.0042 0.0075 0.0116 0.0159 0.0198 0.0233
1.7541 1.9191 0.9694 0.0824 1.4534 1.1468 0.3126 1.5819 0.1435 1.3813 0.4258 0.6489 1.1711 0.0671 0.7194 1.0249 0.2028 0.1633 0.7495 0.7739 0.2896 0.0187 0.1860 0.4809 0.5837 0.4559 0.2326 0.0627 0.0103 0.0570 0.1484 0.2345 0.2858 0.2948 0.2727 0.2276 0.1750 0.1246 0.0813 0.0481 0.0252 0.0114 0.0047 0.0032 0.0053 0.0093 0.0142 0.0193 0.0238 0.0280
1.5627 2.2176 1.5825 0.1196 1.3112 1.6441 0.1774 1.9213 0.0802 1.7080 0.3249 0.9217 1.2371 0.0552 0.9431 1.1214 0.1710 0.2483 0.9115 0.8564 0.2850 0.0213 0.2488 0.5815 0.6724 0.5054 0.2463 0.0609 0.0129 0.0748 0.1824 0.2794 0.3343 0.3405 0.3119 0.2582 0.1969 0.1392 0.0900 0.0527 0.0272 0.0121 0.0050 0.0038 0.0065 0.0113 0.0171 0.0229 0.0282 0.0329
1.0481 2.1847 2.2664 0.4020 0.9759 2.1739 0.0963 2.1809 0.0818 2.0055 0.1999 1.2593 1.2263 0.0697 1.2012 1.1723 0.1275 0.3681 1.0835 0.9157 0.2632 0.0304 0.3282 0.6907 0.7571 0.5446 0.2511 0.0557 0.0173 0.0972 0.2211 0.3276 0.3842 0.3857 0.3495 0.2865 0.2166 0.1517 0.0971 0.0561 0.0286 0.0125 0.0053 0.0045 0.0079 0.0136 0.0202 0.0268 0.0327 0.0380
0.4069 1.6995 2.7853 1.0361 0.5244 2.6062 0.1787 2.2728 0.2226 2.2102 0.0960 1.6458 1.1246 0.1368 1.4805 1.1632 0.0833 0.5295 1.2581 0.9448 0.2257 0.0513 0.4265 0.8073 0.8352 0.5715 0.2467 0.0478 0.0247 0.1251 0.2651 0.3792 0.4351 0.4301 0.3850 0.3124 0.2338 0.1621 0.1026 0.0584 0.0292 0.0126 0.0055 0.0054 0.0096 0.0162 0.0237 0.0311 0.0376 0.0434
0.1070 0.8788 2.8251 1.9924 0.1569 2.7630 0.5388 2.1142 0.5745 2.2492 0.0802 2.0453 0.9319 0.2860 1.7596 1.0850 0.0554 0.7378 1.4256 0.9385 0.1768 0.0903 0.5465 0.9303 0.9046 0.5850 0.2333 0.0386 0.0364 0.1598 0.3152 0.4348 0.4876 0.4742 0.4189 0.3359 0.2487 0.1705 0.1065 0.0597 0.0292 0.0123 0.0057 0.0064 0.0116 0.0192 0.0276 0.0358 0.0429 0.0491
0.6861 0.1945 2.1925 2.9960 0.1743 2.4857 1.2371 1.6719 1.1739 2.0618 0.2316 2.3965 0.6684 0.5459 2.0085 0.9368 0.0660 0.9927 1.5716 0.8919 0.1230 0.1546 0.6902 1.0575 0.9626 0.5840 0.2116 0.0296 0.0544 0.2028 0.3728 0.4954 0.5424 0.5183 0.4514 0.3575 0.2615 0.1770 0.1089 0.0599 0.0287 0.0119 0.0060 0.0077 0.0140 0.0226 0.0320 0.0410 0.0486 0.0554
2.2165 0.3331 1.0827 3.5501 0.8382 1.7542 2.2047 1.0210 1.9765 1.6314 0.6179 2.6107 0.3812 0.9352 2.1873 0.7295 0.1403 1.2836 1.6737 0.8004 0.0739 0.2516 0.8556 1.1818 1.0028 0.5658 0.1822 0.0229 0.0806 0.2554 0.4379 0.5603 0.5982 0.5612 0.4815 0.3762 0.2716 0.1812 0.1097 0.0591 0.0276 0.0114 0.0065 0.0093 0.0168 0.0266 0.0369 0.0466 0.0549 0.0620
3.7821 1.6626 0.1989 3.1921 2.1204 0.8095 3.1893 0.3891 2.8214 1.0269 1.2588 2.5978 0.1519 1.4496 2.2558 0.4924 0.3039 1.5942 1.7139 0.6686 0.0434 0.3873 1.0387 1.2956 1.0203 0.5297 0.1472 0.0215 0.1172 0.3186 0.5108 0.6290 0.6545 0.6022 0.5086 0.3916 0.2787 0.1831 0.1088 0.0572 0.0260 0.0107 0.0071 0.0114 0.0202 0.0311 0.0424 0.0529 0.0616 0.0691
3.8947 3.5461 0.4615 1.9164 3.5292 0.1689 3.7765 0.1200 3.4487 0.4323 2.0884 2.2985 0.0850 2.0429 2.1713 0.2689 0.5797 1.9070 1.6846 0.5118 0.0480 0.5643 1.2315 1.3897 1.0105 0.4761 0.1098 0.0286 0.1666 0.3933 0.5911 0.7006 0.7100 0.6403 0.5316 0.4029 0.2822 0.1822 0.1060 0.0543 0.0239 0.0101 0.0081 0.0140 0.0242 0.0364 0.0486 0.0598 0.0689 0.0767
2.1004 4.3975 2.1483 0.5314 4.2198 0.4046 3.5602 0.5203 3.6001 0.1271 2.9304 1.7274 0.2831 2.6197 1.9023 0.1140 0.9801 2.2006 1.5865 0.3530 0.1050 0.7826 1.4240 1.4552 0.9708 0.4076 0.0744 0.0480 0.2305 0.4796 0.6776 0.7733 0.7629 0.6736 0.5492 0.4092 0.2816 0.1782 0.1011 0.0502 0.0214 0.0096 0.0096 0.0173 0.0291 0.0425 0.0557 0.0675 0.0769 0.0850
0.2774 3.0939 4.1899 0.2709 3.5900 1.7366 2.4597 1.6552 3.0938 0.3549 3.5616 1.0326 0.8095 3.0514 1.4609 0.0926 1.4833 2.4213 1.4054 0.2102 0.2318 1.0462 1.6133 1.4910 0.9043 0.3301 0.0469 0.0836 0.3105 0.5771 0.7689 0.8453 0.8113 0.7008 0.5605 0.4098 0.2765 0.1710 0.0943 0.0451 0.0187 0.0094 0.0118 0.0215 0.0349 0.0496 0.0637 0.0760 0.0858 0.0939
0.9899 0.8602 4.6695 1.7786 1.8742 3.6043 1.0510 3.2101 1.9710 1.1893 3.7382 0.4329 1.6375 3.2177 0.9298 0.2766 2.0348 2.4943 1.1210 0.0969 0.4386 1.3518 1.7917 1.4937 0.8144 0.2504 0.0336 0.1394 0.4079 0.6851 0.8634 0.9148 0.8540 0.7212 0.5651 0.4049 0.2673 0.1612 0.0860 0.0395 0.0162 0.0099 0.0149 0.0266 0.0417 0.0577 0.0725 0.0853 0.0952 0.1034
4.0337 0.3426 2.8574 4.1848 0.3169 4.8434 0.1627 4.4382 0.7522 2.5188 3.2339 0.1088 2.5865 3.0163 0.4339 0.6914 2.5439 2.3857 0.7828 0.0586 0.7113 1.6418 1.8988 1.4251 0.6870 0.1679 0.0366 0.2146 0.5186 0.7977 0.9545 0.9759 0.8866 0.7318 0.5616 0.3940 0.2541 0.1490 0.0766 0.0338 0.0141 0.0111 0.0189 0.0328 0.0496 0.0667 0.0823 0.0955 0.1055 0.1137
5.3924 3.0418 0.4706 5.3044 0.6459 4.3863 0.7757 4.6009 0.1393 3.9444 2.1713 0.4201 3.5174 2.4393 0.1226 1.3661 2.9707 2.1083 0.4491 0.1490 1.0856 1.9429 1.9601 1.3089 0.5414 0.0974 0.0685 0.3211 0.6538 0.9250 1.0510 1.0357 0.9143 0.7363 0.5522 0.3784 0.2376 0.1348 0.0665 0.0281 0.0127 0.0134 0.0242 0.0405 0.0589 0.0772 0.0933 0.1068 0.1167 0.1248
2.4873 5.7379 0.8599 3.5515 3.1461 2.2639 2.8895 3.3088 0.7753 4.7115 0.9342 1.4239 4.0477 1.5828 0.1731 2.2011 3.1747 1.6637 0.1863 0.3886 1.5215 2.2006 1.9425 1.1400 0.3881 0.0513 0.1352 0.4569 0.8059 1.0570 1.1431 1.0863 0.9313 0.7311 0.5349 0.3572 0.2177 0.1189 0.0559 0.0229 0.0124 0.0171 0.0310 0.0496 0.0697 0.0890 0.1055 0.1191 0.1288 0.1367
0.1452 4.2259 4.2875 0.7331 5.6475 0.3454 5.1373 1.3032 2.6273 4.2792 0.1753 2.8910 3.9100 0.7065 0.6890 3.0383 3.0721 1.1173 0.0725 0.7864 1.9813 2.3792 1.8350 0.9277 0.2432 0.0423 0.2429 0.6224 0.9718 1.1893 1.2267 1.1247 0.9361 0.7154 0.5097 0.3308 0.1948 0.1018 0.0454 0.0187 0.0135 0.0225 0.0397 0.0605 0.0821 0.1023 0.1191 0.1325 0.1419 0.1494
3.4212 0.6168 6.2702 0.7135 5.2990 0.8779 5.5795 0.1786 4.7406 2.7197 0.4871 4.2802 3.0498 0.1635 1.6449 3.6680 2.6364 0.5799 0.1776 1.3237 2.4118 2.4447 1.6359 0.6892 0.1262 0.0831 0.3957 0.8154 1.1466 1.3166 1.2977 1.1480 0.9270 0.6887 0.4768 0.2996 0.1696 0.0842 0.0357 0.0160 0.0165 0.0300 0.0503 0.0733 0.0963 0.1171 0.1339 0.1471 0.1560 0.1629
6.7669 1.5428 3.5158 4.2848 2.1701 3.9254 3.5338 1.2250 5.6529 0.9132 1.9901 4.9199 1.7370 0.2787 2.8444 3.8829 1.9288 0.1941 0.5437 1.9499 2.7519 2.3736 1.3574 0.4504 0.0587 0.1846 0.5944 1.0307 1.3228 1.4322 1.3515 1.1542 0.9035 0.6515 0.4370 0.2646 0.1430 0.0670 0.0274 0.0154 0.0219 0.0399 0.0633 0.0883 0.1124 0.1336 0.1502 0.1630 0.1712 0.1774
3.1911 6.2313 0.2882 6.8018 0.2253 6.4727 0.8338 4.0275 4.4912 0.1822 4.0680 4.3713 0.5507 1.1823 3.9389 3.5567 1.1096 0.1032 1.1647 2.5816 2.9382 2.1555 1.0238 0.2428 0.0622 0.3543 0.8358 1.2601 1.4917 1.5290 1.3836 1.1408 0.8649 0.6039 0.3910 0.2269 0.1161 0.0511 0.0215 0.0175 0.0302 0.0526 0.0789 0.1056 0.1305 0.1518 0.1681 0.1802 0.1875 0.1928
0.3052 5.9263 2.7022 4.2556 2.6684 5.3976 0.5283 6.3046 1.9821 1.3715 5.5509 2.7883 0.1613 2.6779 4.5302 2.7207 0.4182 0.4092 1.9705 3.1099 2.9166 1.7996 0.6733 0.1021 0.1554 0.5943 1.1121 1.4928 1.6438 1.6003 1.3897 1.1057 0.8104 0.5464 0.3398 0.1875 0.0900 0.0375 0.0186 0.0230 0.0418 0.0686 0.0975 0.1254 0.1507 0.1719 0.1875 0.1987 0.2049 0.2092
5.4872 0.9440 7.2320 0.4765 6.7234 1.7361 3.5353 5.7679 0.2687 3.9832 5.3937 1.0041 0.9729 4.2351 4.3271 1.6029 0.1155 1.1277 2.8265 3.4216 2.6629 1.3447 0.3591 0.0646 0.3507 0.8994 1.4101 1.7150 1.7684 1.6390 1.3666 1.0481 0.7409 0.4802 0.2851 0.1482 0.0663 0.0275 0.0197 0.0325 0.0574 0.0882 0.1192 0.1479 0.1733 0.1939 0.2085 0.2186 0.2234 0.2265
7.1489 2.2045 5.3995 2.2911 6.4587 0.4018 6.8512 2.6933 1.2277 6.1964 3.5209 0.1833 2.8020 5.1644 3.3166 0.5966 0.3954 2.1549 3.5515 3.4263 2.1944 0.8574 0.1411 0.1610 0.6504 1.2559 1.7115 1.9108 1.8547 1.6395 1.3121 0.9683 0.6579 0.4078 0.2290 0.1109 0.0464 0.0222 0.0259 0.0469 0.0774 0.1117 0.1443 0.1732 0.1982 0.2179 0.2312 0.2398 0.2431 0.2448
1.0254 7.8036 0.5584 7.3071 1.9592 3.8650 6.4239 0.3260 4.4428 6.1298 1.1720 1.1004 4.8290 4.9592 1.8555 0.1420 1.2929 3.2699 3.9600 3.0865 1.5784 0.4259 0.0774 0.4090 1.0442 1.6433 2.0002 2.0713 1.8994 1.6007 1.2281 0.8696 0.5651 0.3322 0.1745 0.0780 0.0322 0.0231 0.0380 0.0668 0.1022 0.1393 0.1729 0.2019 0.2258 0.2441 0.2561 0.2630 0.2644 0.2645
3.0992 5.0491 3.1399 6.4971 0.6626 7.6904 2.5183 1.7120 7.0398 3.6296 0.2329 3.4672 5.9226 3.5900 0.5808 0.5467 2.6245 4.1712 3.9103 2.4404 0.9290 0.1467 0.2126 0.8073 1.5064 2.0295 2.2460 2.1732 1.8877 1.5168 1.1135 0.7535 0.4651 0.2566 0.1243 0.0517 0.0255 0.0315 0.0571 0.0929 0.1324 0.1714 0.2053 0.2337 0.2561 0.2724 0.2827 0.2876 0.2869 0.2851
8.6261 0.3638 8.3834 1.1264 5.4578 6.1031 0.3106 5.7854 6.2748 0.8367 1.7785 5.8675 5.3234 1.6943 0.1820 1.8105 4.0033 4.5658 3.3667 1.6142 0.3922 0.1069 0.5658 1.3311 1.9966 2.3775 2.4229 2.2019 1.8146 1.3888 0.9723 0.6249 0.3629 0.1852 0.0819 0.0345 0.0282 0.0486 0.0840 0.1256 0.1681 0.2082 0.2415 0.2687 0.2888 0.3027 0.3110 0.3137 0.3105 0.3067
2.6245 5.8562 4.7400 2.0870 8.3949 1.2984 3.3561 7.8442 2.7184 0.5688 4.9125 6.5859 3.2587 0.3450 1.0346 3.5468 4.9470 4.2771 2.4359 0.8066 0.1167 0.3619 1.1204 1.9309 2.4637 2.6485 2.5077 2.1479 1.6796 1.2213 0.8111 0.4908 0.2643 0.1227 0.0508 0.0291 0.0419 0.0757 0.1194 0.1656 0.2098 0.2498 0.2816 0.3069 0.3242 0.3350 0.3410 0.3411 0.3352 0.3293
2.0428 8.1189 0.3984 8.1431 3.9336 1.2503 7.8499 5.1040 0.2978 3.5201 7.1322 4.9204 1.0135 0.4806 2.9160 5.0851 5.0661 3.3421 1.3670 0.2485 0.2169 0.9177 1.8256 2.5473 2.8647 2.8184 2.4892 2.0103 1.4893 1.0259 0.6409 0.3599 0.1764 0.0743 0.0348 0.0381 0.0687 0.1142 0.1646 0.2137 0.2582 0.2972 0.3266 0.3491 0.3631 0.3707 0.3736 0.3707 0.3618 0.3536
9.1510 1.1371 6.1279 6.6874 0.3625 6.6885 7.1843 0.9369 2.1701 7.0681 6.3874 2.0269 0.2299 2.2641 4.9994 5.7213 4.2337 2.0293 0.4880 0.1400 0.7369 1.7161 2.5862 3.0892 3.1314 2.8469 2.3534 1.7912 1.2522 0.8106 0.4700 0.2402 0.1053 0.0446 0.0372 0.0638 0.1100 0.1649 0.2198 0.2698 0.3130 0.3497 0.3757 0.3945 0.4045 0.4084 0.4079 0.4016 0.3896 0.3788
3.1381 3.8505 8.5228 0.6457 5.1297 8.5468 2.0940 1.1942 6.5978 7.5411 3.1595 0.2561 1.7120 4.8161 6.2081 5.0816 2.7176 0.8014 0.1282 0.5902 1.6237 2.6354 3.2821 3.4700 3.2164 2.7181 2.1046 1.5046 0.9850 0.5914 0.3117 0.1415 0.0583 0.0385 0.0612 0.1082 0.1668 0.2283 0.2851 0.3339 0.3740 0.4071 0.4286 0.4429 0.4484 0.4480 0.4436 0.4337 0.4183 0.4049
2.2127 9.3735 1.4827 3.8201 9.2491 3.2936 0.6560 6.0730 8.3428 4.2202 0.4482 1.3246 4.6738 6.6301 5.8191 3.3851 1.1317 0.1610 0.4944 1.5635 2.7255 3.5128 3.7916 3.6199 3.0944 2.4366 1.7640 1.1762 0.7114 0.3874 0.1804 0.0742 0.0423 0.0606 0.1098 0.1733 0.2406 0.3056 0.3616 0.4070 0.4424 0.4705 0.4863 0.4950 0.4953 0.4902 0.4817 0.4679 0.4488 0.4325
9.7580 2.2210 3.0778 9.6016 4.1686 0.4423 5.7753 8.9355 5.0140 0.6568 1.1284 4.6834 7.0960 6.4933 3.9423 1.4209 0.2059 0.4546 1.5809 2.8695 3.8169 4.1739 4.0127 3.4987 2.7673 2.0275 1.3638 0.8367 0.4567 0.2180 0.0899 0.0476 0.0636 0.1149 0.1857 0.2607 0.3327 0.3980 0.4505 0.4905 0.5198 0.5414 0.5500 0.5516 0.5460 0.5358 0.5228 0.5049 0.4819 0.4623
2.3243 2.9996 9.8600 4.4422 0.4137 5.9153 9.3996 5.3999 0.7300 1.1449 4.9434 7.6246 7.0762 4.3351 1.5814 0.2294 0.4754 1.7088 3.1281 4.1791 4.6276 4.4516 3.8729 3.1009 2.2658 1.5321 0.9425 0.5180 0.2455 0.1021 0.0531 0.0701 0.1272 0.2043 0.2901 0.3709 0.4427 0.5044 0.5503 0.5823 0.6036 0.6173 0.6175 0.6110 0.5989 0.5832 0.5654 0.5431 0.5161 0.4930
3.7529 10.1111 3.9328 0.5805 6.6644 9.7582 5.2187 0.5896 1.4415 5.6016 8.2641 7.4763 4.4681 1.5502 0.2098 0.5887 1.9898 3.5582 4.6729 5.1171 4.9312 4.2555 3.3737 2.4767 1.6563 1.0144 0.5529 0.2603 0.1065 0.0585 0.0818 0.1487 0.2370 0.3304 0.4234 0.5034 0.5700 0.6241 0.6601 0.6819 0.6935 0.6977 0.6884 0.6728 0.6537 0.6321 0.6092 0.5824 0.5511 0.5244
10.0748 2.6098 1.2812 8.1211 9.8243 4.3435 0.3209 2.2313 6.7716 9.0709 7.6157 4.2133 1.2792 0.1745 0.8650 2.5273 4.2205 5.3596 5.7139 5.3966 4.6281 3.6120 2.6044 1.7331 1.0368 0.5533 0.2533 0.1034 0.0653 0.1033 0.1857 0.2894 0.3968 0.4966 0.5890 0.6613 0.7171 0.7593 0.7817 0.7906 0.7908 0.7859 0.7674 0.7430 0.7168 0.6887 0.6594 0.6271 0.5911 0.5606
0.8057 3.2443 9.9756 8.9062 2.6819 0.3344 3.8449 8.4415 9.6990 7.2443 3.4502 0.7885 0.2447 1.4483 3.4065 5.1918 6.2102 6.3832 5.8377 4.8711 3.7451 2.6309 1.6970 0.9920 0.5043 0.2202 0.0931 0.0802 0.1420 0.2478 0.3704 0.4939 0.6065 0.7010 0.7839 0.8414 0.8809 0.9070 0.9124 0.9060 0.8933 0.8786 0.8505 0.8169 0.7831 0.7481 0.7119 0.6739 0.6328 0.5984
7.0857 10.9739 6.2525 0.7981 1.5329 6.5616 10.2028 9.5904 5.9452 2.1686 0.2995 0.7071 2.5718 4.7602 6.4314 7.2009 6.9997 6.1502 4.9371 3.6564 2.4950 1.5378 0.8475 0.4054 0.1663 0.0868 0.1172 0.2162 0.3493 0.4969 0.6362 0.7604 0.8628 0.9402 1.0049 1.0405 1.0584 1.0646 1.0501 1.0265 0.9996 0.9746 0.9364 0.8932 0.8515 0.8094 0.7659 0.7219 0.6756 0.6372
8.7496 2.2252 0.5831 4.9688 9.9301 10.9315 7.8964 3.5991 0.7418 0.3910 2.0420 4.5009 6.6532 7.8765 8.0619 7.3953 6.1346 4.6917 3.2965 2.1215 1.2308 0.6196 0.2671 0.1176 0.1134 0.2062 0.3539 0.5238 0.6909 0.8497 0.9812 1.0871 1.1650 1.2148 1.2544 1.2626 1.2548 1.2381 1.2019 1.1599 1.1178 1.0805 1.0309 0.9778 0.9277 0.8781 0.8268 0.7765 0.7246 0.6819
0.4545 4.6373 10.0514 11.6690 8.8428 4.2846 1.0037 0.3699 2.0295 4.7462 7.2516 8.8078 9.1617 8.4802 7.1620 5.5698 3.9657 2.5911 1.5223 0.7868 0.3492 0.1506 0.1314 0.2325 0.4009 0.6028 0.8083 0.9990 1.1586 1.2966 1.3965 1.4669 1.5070 1.5205 1.5291 1.5057 1.4688 1.4264 1.3674 1.3059 1.2478 1.1962 1.1338 1.0707 1.0118 0.9541 0.8946 0.8377 0.7799 0.7325
11.3656 11.8431 8.2278 3.5617 0.6864 0.6693 2.8824 5.9481 8.6010 10.1112 10.2797 9.4012 7.8367 5.9860 4.2172 2.7185 1.5684 0.7929 0.3458 0.1662 0.1816 0.3240 0.5401 0.7909 1.0342 1.2626 1.4571 1.6166 1.7281 1.8152 1.8626 1.8827 1.8741 1.8441 1.8173 1.7586 1.6899 1.6199 1.5371 1.4555 1.3808 1.3144 1.2390 1.1659 1.0982 1.0323 0.9645 0.9008 0.8371 0.7848
5.1198 1.3847 0.4514 2.2388 5.4807 8.6995 10.8760 11.6181 11.0529 9.5609 7.5753 5.5440 3.7145 2.2407 1.1987 0.5582 0.2531 0.2067 0.3384 0.5803 0.8786 1.1838 1.4766 1.7456 1.9547 2.1260 2.2461 2.3288 2.3590 2.3719 2.3529 2.3138 2.2503 2.1725 2.1075 2.0128 1.9123 1.8153 1.7101 1.6092 1.5181 1.4371 1.3491 1.2664 1.1899 1.1158 1.0396 0.9691 0.8993 0.8421
3.6862 7.3187 10.5575 12.5273 12.9430 11.9928 10.1330 7.8530 5.6142 3.6733 2.1621 1.1243 0.5202 0.2795 0.3152 0.5383 0.8706 1.2546 1.6390 2.0019 2.3269 2.5813 2.7849 2.9475 3.0338 3.0868 3.0912 3.0661 2.9945 2.9207 2.8326 2.7343 2.6157 2.4889 2.3852 2.2572 2.1291 2.0099 1.8876 1.7700 1.6632 1.5686 1.4691 1.3782 1.2926 1.2101 1.1260 1.0487 0.9725 0.9101
13.7670 12.2717 10.0670 7.6331 5.3188 3.3664 1.9004 0.9466 0.4687 0.3724 0.5585 0.9338 1.4135 1.9255 2.4282 2.8888 3.2801 3.6078 3.8518 4.0396 4.1731 4.2160 4.2185 4.2001 4.1193 4.0273 3.9013 3.7606 3.5853 3.4258 3.2742 3.1226 2.9539 2.7823 2.6435 2.4864 2.3344 2.1962 2.0600 1.9279 1.8067 1.6996 1.5894 1.4914 1.3973 1.3066 1.2149 1.1308 1.0484 0.9809
1.2384 0.6504 0.5021 0.7117 1.1825 1.8213 2.5415 3.2542 3.9435 4.5763 5.1358 5.6012 5.9482 6.1733 6.3134 6.3742 6.3513 6.2901 6.1702 6.0428 5.9005 5.6858 5.4661 5.2617 5.0240 4.8021 4.5640 4.3241 4.0623 3.8331 3.6326 3.4403 3.2328 3.0261 2.8598 2.6803 2.5101 2.3578 2.2116 2.0684 1.9354 1.8179 1.6991 1.5955 1.4945 1.3968 1.2980 1.2079 1.1198 1.0478
10.2112 10.6438 10.9712 11.2351 11.4210 11.5210 11.5074 11.3399 11.1452 10.9145 10.6370 10.3428 9.9975 9.6047 9.2082 8.8057 8.3737 7.9707 7.5603 7.1956 6.8582 6.4771 6.1099 5.7810 5.4421 5.1456 4.8514 4.5516 4.2445 3.9868 3.7538 3.5358 3.3127 3.0936 2.9171 2.7246 2.5456 2.3873 2.2334 2.0855 1.9504 1.8309 1.7103 1.6051 1.5060 1.4089 1.3047 1.2125 1.1236 1.0511
