0.2185 0.2177 0.2173 0.1858 0.1752 0.1651 0.1536 0.1451 0.1403 0.1516 0.1129 0.1076 0.1199 0.1206 0.1145 0.1030 0.0834 0.0614 0.0520 0.0597 0.0725 0.0780 0.0705 0.0558 0.0405 0.0291 0.0226 0.0198 0.0189 0.0184 0.0177 0.0165 0.0148 0.0132 0.0115 0.0099 0.0085 0.0073 0.0063 0.0054 0.0047 0.0041 0.0036 0.0032 0.0028 0.0025 0.0022 0.0020 0.0018 0.0016
0.6548 0.6506 0.6496 0.5579 0.5261 0.4946 0.4601 0.4341 0.4203 0.4537 0.3388 0.3227 0.3612 0.3638 0.3448 0.3098 0.2510 0.1847 0.1555 0.1774 0.2156 0.2328 0.2115 0.1683 0.1225 0.0883 0.0682 0.0592 0.0564 0.0549 0.0526 0.0492 0.0444 0.0395 0.0345 0.0297 0.0255 0.0219 0.0188 0.0162 0.0140 0.0122 0.0108 0.0096 0.0085 0.0075 0.0067 0.0060 0.0054 0.0048
1.0901 1.0772 1.0753 0.9308 0.8783 0.8223 0.7638 0.7201 0.6980 0.7525 0.5649 0.5381 0.6070 0.6129 0.5791 0.5189 0.4211 0.3100 0.2579 0.2900 0.3525 0.3839 0.3526 0.2836 0.2080 0.1499 0.1148 0.0984 0.0929 0.0902 0.0866 0.0812 0.0736 0.0657 0.0575 0.0497 0.0428 0.0368 0.0316 0.0272 0.0235 0.0205 0.0181 0.0160 0.0142 0.0126 0.0112 0.0100 0.0089 0.0080
1.5254 1.4966 1.4907 1.3036 1.2344 1.1476 1.0631 1.0024 0.9715 1.0471 0.7914 0.7540 0.8609 0.8719 0.8194 0.7314 0.5950 0.4388 0.3589 0.3947 0.4791 0.5282 0.4933 0.4033 0.2995 0.2162 0.1636 0.1375 0.1279 0.1235 0.1188 0.1119 0.1021 0.0916 0.0806 0.0699 0.0603 0.0519 0.0446 0.0384 0.0331 0.0289 0.0254 0.0225 0.0199 0.0177 0.0157 0.0140 0.0125 0.0112
1.9644 1.9128 1.8953 1.6739 1.5982 1.4712 1.3565 1.2813 1.2380 1.3381 1.0183 0.9713 1.1278 1.1446 1.0665 0.9472 0.7739 0.5732 0.4592 0.4891 0.5913 0.6622 0.6324 0.5288 0.3995 0.2898 0.2164 0.1774 0.1615 0.1545 0.1485 0.1407 0.1294 0.1169 0.1036 0.0903 0.0782 0.0675 0.0581 0.0500 0.0430 0.0375 0.0330 0.0291 0.0257 0.0228 0.0202 0.0180 0.0161 0.0144
2.4115 2.3334 2.2951 2.0374 1.9750 1.7957 1.6441 1.5587 1.4947 1.6286 1.2448 1.1920 1.4136 1.4337 1.3195 1.1648 0.9586 0.7163 0.5611 0.5724 0.6850 0.7815 0.7676 0.6604 0.5105 0.3738 0.2759 0.2198 0.1943 0.1829 0.1754 0.1670 0.1548 0.1411 0.1261 0.1107 0.0964 0.0835 0.0719 0.0620 0.0533 0.0465 0.0408 0.0359 0.0316 0.0280 0.0248 0.0221 0.0197 0.0176
2.8708 2.7657 2.7064 2.3907 2.3685 2.1279 1.9279 1.8369 1.7398 1.9241 1.4690 1.4201 1.7255 1.7402 1.5747 1.3807 1.1494 0.8722 0.6695 0.6457 0.7575 0.8816 0.8955 0.7977 0.6346 0.4719 0.3459 0.2675 0.2280 0.2094 0.1991 0.1901 0.1776 0.1635 0.1476 0.1307 0.1145 0.0997 0.0862 0.0744 0.0640 0.0558 0.0488 0.0430 0.0378 0.0334 0.0295 0.0262 0.0233 0.0208
3.3425 3.2090 3.1536 2.7397 2.7756 2.4807 2.2127 2.1171 1.9753 2.2306 1.6874 1.6626 2.0706 2.0613 1.8248 1.5895 1.3463 1.0469 0.7920 0.7141 0.8082 0.9575 1.0108 0.9378 0.7728 0.5877 0.4309 0.3248 0.2658 0.2356 0.2201 0.2096 0.1971 0.1833 0.1672 0.1496 0.1321 0.1158 0.1006 0.0871 0.0751 0.0654 0.0572 0.0503 0.0441 0.0389 0.0344 0.0305 0.0271 0.0241
3.8167 3.6510 3.6537 3.1116 3.1784 2.8766 2.5046 2.3986 2.2084 2.5513 1.8954 1.9304 2.4533 2.3883 2.0583 1.7843 1.5495 1.2478 0.9404 0.7875 0.8402 1.0055 1.1065 1.0752 0.9232 0.7233 0.5357 0.3973 0.3123 0.2649 0.2402 0.2261 0.2128 0.1994 0.1839 0.1663 0.1484 0.1311 0.1146 0.0997 0.0863 0.0752 0.0659 0.0579 0.0507 0.0447 0.0394 0.0348 0.0309 0.0275
4.2607 4.0780 4.1896 3.5633 3.5413 3.3476 2.8060 2.6790 2.4534 2.8803 2.0888 2.2377 2.8714 2.7046 2.2608 1.9577 1.7592 1.4836 1.1302 0.8817 0.8622 1.0240 1.1739 1.1998 1.0795 0.8778 0.6638 0.4906 0.3738 0.3023 0.2627 0.2412 0.2251 0.2115 0.1966 0.1797 0.1621 0.1446 0.1274 0.1116 0.0970 0.0849 0.0745 0.0655 0.0574 0.0506 0.0446 0.0393 0.0349 0.0309
4.6198 4.4901 4.6917 4.1618 3.8271 3.9245 3.1134 2.9632 2.7288 3.1989 2.2723 2.6014 3.3121 2.9879 2.4202 2.1071 1.9779 1.7640 1.3813 1.0220 0.8936 1.0188 1.2056 1.2980 1.2296 1.0452 0.8162 0.6108 0.4585 0.3562 0.2946 0.2600 0.2373 0.2213 0.2061 0.1897 0.1727 0.1556 0.1385 0.1223 0.1071 0.0942 0.0830 0.0732 0.0643 0.0566 0.0499 0.0441 0.0391 0.0346
4.8937 4.8896 5.0752 4.9115 4.0363 4.5994 3.4126 3.2649 3.0412 3.4712 2.4598 3.0284 3.7438 3.2114 2.5300 2.2343 2.2054 2.0911 1.7084 1.2362 0.9621 1.0035 1.1964 1.3516 1.3520 1.2092 0.9850 0.7583 0.5726 0.4355 0.3450 0.2903 0.2550 0.2324 0.2145 0.1973 0.1805 0.1639 0.1472 0.1312 0.1159 0.1027 0.0911 0.0807 0.0711 0.0628 0.0555 0.0490 0.0435 0.0385
5.2902 5.2300 5.3326 5.6598 4.2503 5.2703 3.6869 3.5968 3.3593 3.6479 2.6676 3.4951 4.1116 3.3498 2.5925 2.3424 2.4295 2.4442 2.1032 1.5387 1.0945 0.9969 1.1435 1.3368 1.4125 1.3361 1.1457 0.9196 0.7126 0.5434 0.4204 0.3393 0.2849 0.2500 0.2250 0.2041 0.1860 0.1692 0.1528 0.1372 0.1222 0.1092 0.0975 0.0870 0.0770 0.0683 0.0605 0.0536 0.0477 0.0423
6.1344 5.4499 5.5603 6.1162 4.6157 5.7369 3.9627 3.9650 3.6220 3.7069 2.9220 3.9434 4.3573 3.4053 2.6336 2.4405 2.6241 2.7740 2.5277 1.9289 1.3229 1.0372 1.0649 1.2419 1.3759 1.3819 1.2580 1.0662 0.8634 0.6765 0.5256 0.4163 0.3375 0.2841 0.2461 0.2169 0.1939 0.1746 0.1572 0.1414 0.1265 0.1136 0.1020 0.0916 0.0816 0.0728 0.0648 0.0576 0.0514 0.0457
7.1961 5.7047 5.7963 6.1234 5.1591 5.8133 4.3023 4.3325 3.7819 3.6917 3.2281 4.2722 4.4470 3.4243 2.6968 2.5305 2.7372 2.9855 2.8894 2.3650 1.6698 1.1846 1.0162 1.0894 1.2261 1.3025 1.2682 1.1488 0.9884 0.8136 0.6532 0.5236 0.4210 0.3457 0.2895 0.2462 0.2133 0.1874 0.1660 0.1478 0.1317 0.1180 0.1061 0.0955 0.0854 0.0764 0.0682 0.0609 0.0545 0.0486
7.4460 6.2523 5.9825 5.9561 5.5797 5.5834 4.6978 4.6483 3.9146 3.7197 3.5290 4.3649 4.4190 3.5066 2.8247 2.5952 2.6980 2.9481 3.0326 2.7381 2.1249 1.5200 1.1168 0.9809 1.0133 1.0935 1.1321 1.1052 1.0253 0.9039 0.7684 0.6422 0.5292 0.4373 0.3629 0.3023 0.2550 0.2179 0.1883 0.1642 0.1439 0.1273 0.1134 0.1015 0.0904 0.0807 0.0721 0.0644 0.0577 0.0515
6.9484 6.5829 6.4311 5.9992 5.5944 5.4849 4.9419 5.0251 4.2764 3.8892 3.6970 4.1670 4.4135 3.7792 3.0254 2.6049 2.4816 2.5780 2.7798 2.8504 2.5891 2.1032 1.5554 1.1520 0.9394 0.8781 0.8873 0.9070 0.9063 0.8659 0.7944 0.7090 0.6159 0.5288 0.4493 0.3781 0.3187 0.2697 0.2297 0.1969 0.1697 0.1474 0.1292 0.1140 0.1004 0.0888 0.0787 0.0699 0.0623 0.0554
7.1166 6.5390 7.2330 6.5107 6.0087 5.7704 4.9166 5.8538 5.0088 4.1363 3.7311 3.7872 4.5452 4.2848 3.2519 2.5794 2.2944 2.1083 2.1343 2.4279 2.7097 2.7471 2.4311 1.9438 1.4532 1.0797 0.8452 0.7270 0.6813 0.6596 0.6395 0.6116 0.5692 0.5206 0.4670 0.4105 0.3577 0.3102 0.2683 0.2321 0.2007 0.1741 0.1517 0.1329 0.1160 0.1017 0.0894 0.0788 0.0697 0.0616
7.9365 7.4864 8.1201 6.9965 6.6925 6.5759 5.7528 5.6626 5.2292 4.5406 4.8178 3.9027 3.6595 3.8863 3.2764 2.6725 2.7981 2.9733 2.6265 2.0223 1.6458 1.7158 2.0326 2.3468 2.4681 2.3705 2.1000 1.7574 1.4221 1.1204 0.8757 0.6930 0.5558 0.4579 0.3855 0.3289 0.2855 0.2509 0.2224 0.1984 0.1771 0.1584 0.1421 0.1276 0.1138 0.1016 0.0906 0.0809 0.0723 0.0644
9.2498 7.8728 8.1200 7.9655 6.7487 7.2467 5.8986 6.2624 5.3048 5.0381 5.0556 4.0448 4.0435 4.1197 3.3631 2.8704 3.0731 3.1609 2.7087 2.0905 1.7648 1.8842 2.2129 2.5093 2.6020 2.4798 2.1921 1.8379 1.4947 1.1857 0.9334 0.7432 0.5989 0.4948 0.4171 0.3558 0.3084 0.2705 0.2392 0.2130 0.1901 0.1699 0.1523 0.1366 0.1217 0.1086 0.0969 0.0865 0.0774 0.0689
9.9884 8.9922 8.0195 8.6621 7.1567 7.6124 6.2868 6.7065 5.4417 5.5822 5.1936 4.2594 4.4485 4.2969 3.4549 3.1086 3.3533 3.3251 2.7761 2.1646 1.8997 2.0649 2.3968 2.6679 2.7287 2.5818 2.2784 1.9147 1.5656 1.2508 0.9919 0.7949 0.6438 0.5336 0.4504 0.3844 0.3328 0.2913 0.2570 0.2285 0.2038 0.1821 0.1631 0.1460 0.1299 0.1159 0.1034 0.0923 0.0826 0.0736
9.7316 10.0621 8.5001 8.7942 7.9872 7.6590 6.9499 6.9187 5.7434 6.0813 5.2653 4.5724 4.8368 4.4178 3.5728 3.3865 3.6262 3.4613 2.8332 2.2501 2.0520 2.2563 2.5815 2.8207 2.8470 2.6759 2.3588 1.9878 1.6347 1.3158 1.0513 0.8481 0.6904 0.5743 0.4856 0.4147 0.3587 0.3135 0.2760 0.2450 0.2184 0.1950 0.1744 0.1559 0.1386 0.1235 0.1102 0.0984 0.0880 0.0785
9.6963 10.2381 9.6009 8.6679 8.9015 7.6515 7.7205 6.9600 6.2450 6.4463 5.3404 4.9811 5.1681 4.4977 3.7368 3.6963 3.8784 3.5685 2.8865 2.3520 2.2221 2.4560 2.7642 2.9656 2.9562 2.7621 2.4334 2.0574 1.7022 1.3806 1.1114 0.9027 0.7388 0.6169 0.5227 0.4468 0.3863 0.3371 0.2962 0.2626 0.2339 0.2087 0.1865 0.1664 0.1476 0.1315 0.1173 0.1047 0.0937 0.0836
10.8164 9.9658 10.4960 8.9277 9.4068 7.9306 8.3067 7.0080 6.8612 6.6353 5.4972 5.4461 5.4137 4.5649 3.9580 4.0219 4.0991 3.6514 2.9453 2.4754 2.4097 2.6614 2.9425 3.1019 3.0566 2.8410 2.5026 2.1239 1.7684 1.4454 1.1730 0.9595 0.7897 0.6618 0.5618 0.4809 0.4158 0.3626 0.3181 0.2815 0.2504 0.2231 0.1992 0.1774 0.1573 0.1401 0.1250 0.1115 0.0997 0.0890
11.9260 10.4342 10.5903 9.7810 9.4127 8.5990 8.5417 7.2588 7.4324 6.6973 5.7893 5.9029 5.5710 4.6565 4.2370 4.3434 4.2818 3.7181 3.0187 2.6231 2.6126 2.8693 3.1145 3.2293 3.1488 2.9132 2.5670 2.1879 1.8336 1.5105 1.2360 1.0186 0.8432 0.7091 0.6030 0.5168 0.4472 0.3901 0.3417 0.3019 0.2680 0.2384 0.2124 0.1890 0.1678 0.1495 0.1333 0.1189 0.1063 0.0948
11.8900 11.5777 10.4574 10.6715 9.3884 9.3857 8.5544 7.7761 7.8244 6.7577 6.2144 6.2877 5.6688 4.8075 4.5633 4.6415 4.4262 3.7792 3.1140 2.7947 2.8266 3.0754 3.2781 3.3471 3.2331 2.9799 2.6280 2.2498 1.8978 1.5756 1.2997 1.0790 0.8984 0.7582 0.6460 0.5546 0.4804 0.4193 0.3670 0.3237 0.2868 0.2546 0.2265 0.2014 0.1789 0.1596 0.1422 0.1267 0.1132 0.1010
11.8505 12.1868 10.9585 11.0141 9.8005 9.8975 8.6525 8.4120 8.0134 6.9380 6.7052 6.5673 5.7582 5.0354 4.9129 4.9019 4.5407 3.8478 3.2365 2.9885 3.0476 3.2771 3.4326 3.4564 3.3111 3.0426 2.6867 2.3104 1.9613 1.6406 1.3640 1.1404 0.9550 0.8089 0.6906 0.5942 0.5154 0.4502 0.3938 0.3469 0.3068 0.2718 0.2415 0.2145 0.1907 0.1702 0.1516 0.1350 0.1205 0.1075
12.7502 12.1753 11.8703 11.0413 10.5487 10.0721 9.0371 8.9453 8.1154 7.2831 7.1690 6.7568 5.8921 5.3341 5.2585 5.1211 4.6397 3.9361 3.3887 3.2008 3.2721 3.4731 3.5791 3.5589 3.3846 3.1027 2.7440 2.3701 2.0244 1.7055 1.4287 1.2027 1.0128 0.8610 0.7369 0.6354 0.5522 0.4829 0.4222 0.3716 0.3281 0.2902 0.2574 0.2284 0.2033 0.1816 0.1616 0.1438 0.1283 0.1144
13.3871 12.4093 12.3256 11.2683 11.1009 10.1567 9.5709 9.2471 8.2598 7.7148 7.5200 6.8889 6.0844 5.6724 5.5777 5.3061 4.7405 4.0546 3.5734 3.4337 3.5046 3.6696 3.7232 3.6583 3.4557 3.1627 2.8042 2.4340 2.0925 1.7747 1.4965 1.2680 1.0739 0.9173 0.7878 0.6806 0.5923 0.5187 0.4545 0.4002 0.3531 0.3116 0.2759 0.2447 0.2176 0.1943 0.1731 0.1540 0.1374 0.1225
13.5653 12.9986 12.5040 11.7880 11.3964 10.4446 10.0748 9.4515 8.5414 8.1589 7.7914 7.0438 6.3488 6.0259 5.8665 5.4738 4.8572 4.2043 3.7828 3.6772 3.7371 3.8624 3.8640 3.7561 3.5265 3.2231 2.8647 2.4981 2.1605 1.8437 1.5644 1.3339 1.1359 0.9748 0.8402 0.7274 0.6342 0.5563 0.4886 0.4306 0.3797 0.3345 0.2957 0.2620 0.2329 0.2080 0.1854 0.1650 0.1472 0.1311
13.8659 13.4819 12.8019 12.2794 11.6712 10.8564 10.4851 9.6918 8.9106 8.5662 8.0348 7.2497 6.6608 6.3761 6.1343 5.6415 4.9976 4.3834 4.0124 3.9290 3.9707 4.0541 4.0043 3.8545 3.5984 3.2845 2.9259 2.5624 2.2284 1.9122 1.6321 1.3998 1.1984 1.0332 0.8938 0.7756 0.6776 0.5955 0.5244 0.4628 0.4079 0.3587 0.3166 0.2805 0.2492 0.2225 0.1985 0.1768 0.1576 0.1403
14.1091 14.0370 13.0893 12.8061 11.9641 11.2938 10.8911 9.9735 9.3093 8.9606 8.2877 7.4965 6.9991 6.7252 6.3974 5.8199 5.1622 4.5878 4.2596 4.1902 4.2085 4.2482 4.1469 3.9555 3.6728 3.3477 2.9880 2.6269 2.2958 1.9799 1.6994 1.4659 1.2615 1.0925 0.9487 0.8252 0.7226 0.6363 0.5620 0.4967 0.4378 0.3844 0.3390 0.3001 0.2666 0.2380 0.2126 0.1893 0.1688 0.1502
14.8252 14.2608 13.5533 13.3079 12.1802 11.8609 11.2586 10.2408 9.7644 9.3694 8.5432 7.7735 7.3687 7.0970 6.6775 6.0201 5.3581 4.8255 4.5362 4.4745 4.4637 4.4550 4.3026 4.0726 3.7663 3.4276 3.0611 2.6975 2.3671 2.0526 1.7722 1.5374 1.3303 1.1581 1.0104 0.8822 0.7742 0.6825 0.6030 0.5336 0.4716 0.4155 0.3671 0.3250 0.2885 0.2574 0.2297 0.2045 0.1823 0.1622
15.6489 14.2417 14.4719 13.3920 12.6541 12.5134 11.4532 10.5961 10.3306 9.7445 8.7681 8.0915 7.7910 7.4883 6.9566 6.2237 5.5718 5.0887 4.8364 4.7761 4.7296 4.6677 4.4618 4.1920 3.8613 3.5081 3.1340 2.7678 2.4383 2.1254 1.8453 1.6091 1.3999 1.2250 1.0738 0.9410 0.8278 0.7307 0.6459 0.5724 0.5072 0.4485 0.3972 0.3516 0.3121 0.2783 0.2480 0.2207 0.1967 0.1750
15.2107 15.2867 14.8130 13.4844 13.5910 12.8298 11.5974 11.2189 10.9121 9.9930 8.9925 8.5057 8.2774 7.8788 7.2149 6.4247 5.8080 5.3850 5.1661 5.0973 5.0056 4.8843 4.6220 4.3116 3.9558 3.5880 3.2062 2.8375 2.5093 2.1987 1.9186 1.6814 1.4705 1.2933 1.1389 1.0017 0.8833 0.7807 0.6905 0.6130 0.5447 0.4836 0.4294 0.3800 0.3372 0.3006 0.2676 0.2381 0.2122 0.1888
15.9384 16.2757 14.5060 14.5453 14.2668 12.7868 12.1572 12.0538 11.3025 10.1501 9.3536 9.0769 8.8109 8.2370 7.4463 6.6436 6.0930 5.7346 5.5367 5.4431 5.2939 5.1071 4.7861 4.4341 4.0526 3.6706 3.2821 2.9124 2.5861 2.2779 1.9976 1.7592 1.5464 1.3669 1.2093 1.0678 0.9441 0.8360 0.7403 0.6584 0.5866 0.5220 0.4643 0.4113 0.3650 0.3254 0.2897 0.2578 0.2298 0.2044
17.7247 15.7471 15.5169 15.7327 14.1509 13.1914 13.2387 12.6890 11.4448 10.4392 9.9831 9.7778 9.3242 8.5345 7.6684 6.9193 6.4583 6.1539 5.9524 5.8124 5.5925 5.3364 4.9554 4.5621 4.1559 3.7615 3.3680 2.9989 2.6750 2.3682 2.0876 1.8482 1.6330 1.4506 1.2894 1.1431 1.0140 0.9003 0.7990 0.7119 0.6353 0.5653 0.5030 0.4464 0.3966 0.3538 0.3156 0.2810 0.2505 0.2229
16.9692 16.5257 17.1456 15.5578 14.3032 14.4342 14.1049 12.7991 11.5936 11.0611 10.8037 10.4232 9.6946 8.7509 7.9069 7.2685 6.9004 6.6232 6.3872 6.1792 5.8786 5.5515 5.1139 4.6838 4.2579 3.8545 3.4579 3.0899 2.7684 2.4631 2.1823 1.9419 1.7239 1.5388 1.3740 1.2227 1.0881 0.9687 0.8615 0.7690 0.6874 0.6116 0.5445 0.4840 0.4304 0.3845 0.3436 0.3061 0.2729 0.2429
17.6209 18.5228 16.8634 15.4797 15.7052 15.5140 14.1654 12.7955 12.1876 12.0003 11.5781 10.8527 9.9121 8.9543 8.2283 7.7213 7.4163 7.1228 6.8188 6.5256 6.1404 5.7463 5.2591 4.7993 4.3604 3.9522 3.5545 3.1879 2.8688 2.5644 2.2833 2.0417 1.8207 1.6326 1.4641 1.3075 1.1671 1.0416 0.9282 0.8300 0.7432 0.6610 0.5888 0.5244 0.4668 0.4174 0.3738 0.3332 0.2972 0.2645
20.0218 18.0800 16.7924 17.2353 17.0319 15.5570 14.1026 13.4700 13.3162 12.9621 12.1132 11.0972 10.1180 9.2939 8.7270 8.3163 8.0148 7.6567 7.2598 6.8724 6.4045 5.9508 5.4239 4.9432 4.4938 4.0825 3.6844 3.3193 3.0012 2.6951 2.4124 2.1684 1.9428 1.7488 1.5733 1.4089 1.2624 1.1317 1.0124 0.9078 0.8139 0.7257 0.6479 0.5782 0.5149 0.4607 0.4135 0.3691 0.3295 0.2935
19.0037 18.2255 18.9423 18.5300 16.8377 15.4205 14.9077 14.7671 14.3662 13.4983 12.3265 11.2839 10.4569 9.8227 9.3726 8.9814 8.6173 8.1567 7.6566 7.1813 6.6449 6.1463 5.5927 5.1000 4.6453 4.2332 3.8355 3.4717 3.1537 2.8443 2.5587 2.3111 2.0798 1.8782 1.6942 1.5207 1.3677 1.2317 1.1063 0.9945 0.8928 0.7983 0.7144 0.6388 0.5691 0.5094 0.4583 0.4097 0.3662 0.3264
19.9737 20.7255 19.7825 17.9519 16.7798 16.5128 16.3827 15.8017 14.7912 13.6140 12.4897 11.6617 11.0401 10.5278 10.0912 9.6344 9.1605 8.5851 7.9925 7.4492 6.8661 6.3400 5.7722 5.2756 4.8194 4.4080 4.0104 3.6470 3.3277 3.0128 2.7227 2.4700 2.2315 2.0208 1.8268 1.6429 1.4828 1.3413 1.2093 1.0899 0.9794 0.8781 0.7877 0.7056 0.6288 0.5632 0.5078 0.4547 0.4069 0.3628
22.2988 20.6154 18.9896 18.4000 18.3693 18.1044 17.2503 16.0044 14.7737 13.7489 12.9110 12.3220 11.8136 11.2968 10.7739 10.1937 9.6068 8.9353 8.2730 7.6893 7.0834 6.5478 5.9771 5.4829 5.0290 4.6187 4.2191 3.8564 3.5363 3.2165 2.9196 2.6596 2.4120 2.1914 1.9871 1.7924 1.6228 1.4728 1.3330 1.2047 1.0846 0.9740 0.8757 0.7870 0.7035 0.6317 0.5701 0.5113 0.4583 0.4095
21.1679 20.4007 20.4644 20.4159 19.7275 18.5309 17.1701 15.9454 15.0230 14.3225 13.6771 13.1510 12.6002 11.9786 11.3263 10.6196 9.9537 9.2254 8.5221 7.9244 7.3160 6.7858 6.2198 5.7314 5.2809 4.8699 4.4651 4.1034 3.7829 3.4589 3.1529 2.8833 2.6243 2.3932 2.1782 1.9724 1.7909 1.6292 1.4800 1.3417 1.2109 1.0883 0.9805 0.8849 0.7956 0.7175 0.6472 0.5814 0.5225 0.4680
22.7345 22.7696 22.1313 20.9129 19.5176 18.2948 17.3197 16.5328 15.8918 15.2716 14.5520 13.8977 13.2091 12.4692 11.7186 10.9350 10.2406 9.4969 8.7803 8.1881 7.5891 7.0712 6.5116 6.0279 5.5772 5.1620 4.7478 4.3852 4.0627 3.7326 3.4153 3.1340 2.8615 2.6183 2.3914 2.1734 1.9787 1.8037 1.6445 1.4952 1.3524 1.2164 1.0980 0.9953 0.8998 0.8150 0.7348 0.6612 0.5957 0.5350
24.4107 23.0472 21.7113 20.5985 19.7376 19.0581 18.4047 17.6761 16.9118 16.0853 15.1568 14.3472 13.5620 12.7619 11.9797 11.1807 10.4983 9.7663 9.0536 8.4759 7.8895 7.3851 6.8309 6.3501 5.8959 5.4731 5.0469 4.6793 4.3526 4.0164 3.6890 3.3974 3.1123 2.8578 2.6197 2.3904 2.1829 1.9948 1.8236 1.6631 1.5094 1.3619 1.2337 1.1228 1.0196 0.9269 0.8366 0.7545 0.6818 0.6141
24.1527 23.3172 22.6374 21.9773 21.2662 20.4646 19.5425 18.5107 17.4739 16.4388 15.3948 14.5404 13.7599 12.9448 12.1681 11.3858 10.7227 10.0066 9.3085 8.7452 8.1681 7.6738 7.1250 6.6487 6.1903 5.7600 5.3220 4.9421 4.6086 4.2691 3.9398 3.6454 3.3536 3.0927 2.8478 2.6118 2.3955 2.1974 2.0099 1.8394 1.6800 1.5305 1.3967 1.2752 1.1601 1.0571 0.9591 0.8686 0.7877 0.7121
26.3364 25.4501 24.4509 23.3691 22.2619 21.1333 19.9764 18.7993 17.6737 16.5944 15.5656 14.7596 14.0422 13.2340 12.4649 11.6889 11.0338 10.3215 9.6280 9.0688 8.4917 8.0005 7.4524 6.9772 6.5119 6.0714 5.6191 5.2244 4.8830 4.5403 4.2095 3.9129 3.6147 3.3477 3.0962 2.8540 2.6290 2.4204 2.2151 2.0340 1.8696 1.7199 1.5811 1.4480 1.3196 1.2052 1.0991 0.9996 0.9099 0.8256
27.4008 26.1487 24.9033 23.6898 22.5430 21.4099 20.2677 19.1174 17.9967 16.9140 15.9083 15.1408 14.4649 13.6360 12.8463 12.0505 11.3857 10.6633 9.9636 9.3988 8.8143 8.3212 7.7704 7.2945 6.8227 6.3727 5.9070 5.4971 5.1476 4.8021 4.4700 4.1718 3.8686 3.5970 3.3404 3.0930 2.8602 2.6419 2.4190 2.2281 2.0599 1.9114 1.7688 1.6244 1.4825 1.3570 1.2435 1.1352 1.0369 0.9439
27.1552 25.9966 24.8502 23.6998 22.5743 21.4585 20.3385 19.2372 18.1404 17.0661 16.0433 15.2585 14.5632 13.7200 12.9137 12.0994 11.4390 10.7166 10.0068 9.4274 8.8296 8.3296 7.7708 7.2890 6.8289 6.3890 5.9319 5.5163 5.1612 4.8097 4.4705 4.1684 3.8674 3.6003 3.3473 3.0986 2.8639 2.6438 2.4219 2.2319 2.0641 1.9118 1.7664 1.6211 1.4799 1.3556 1.2442 1.1364 1.0380 0.9447
