0.1260 0.0672 0.0065 0.0635 0.1420 0.0223 0.0838 0.0755 0.0512 0.0673 0.0724 0.0186 0.1013 0.0192 0.0316 0.0845 0.0315 0.0041 0.0460 0.0642 0.0328 0.0035 0.0082 0.0310 0.0441 0.0386 0.0224 0.0076 0.0010 0.0028 0.0092 0.0161 0.0209 0.0224 0.0214 0.0183 0.0144 0.0105 0.0070 0.0043 0.0023 0.0011 0.0005 0.0002 0.0003 0.0006 0.0010 0.0014 0.0017 0.0020
0.3904 0.2169 0.0226 0.1780 0.4277 0.0742 0.2421 0.2349 0.1463 0.2084 0.2116 0.0596 0.3036 0.0547 0.0981 0.2534 0.0921 0.0130 0.1398 0.1922 0.0967 0.0099 0.0255 0.0939 0.1325 0.1155 0.0666 0.0222 0.0029 0.0086 0.0279 0.0487 0.0628 0.0673 0.0641 0.0548 0.0431 0.0314 0.0210 0.0128 0.0069 0.0033 0.0013 0.0007 0.0010 0.0018 0.0029 0.0041 0.0051 0.0061
0.6870 0.4121 0.0525 0.2565 0.7149 0.1497 0.3724 0.4187 0.2199 0.3689 0.3334 0.1120 0.5045 0.0820 0.1745 0.4216 0.1451 0.0246 0.2391 0.3190 0.1561 0.0150 0.0451 0.1595 0.2215 0.1910 0.1088 0.0356 0.0047 0.0149 0.0475 0.0821 0.1052 0.1123 0.1067 0.0910 0.0714 0.0519 0.0346 0.0210 0.0114 0.0053 0.0022 0.0012 0.0017 0.0031 0.0049 0.0069 0.0086 0.0103
1.0205 0.6815 0.1187 0.2797 0.9942 0.2698 0.4556 0.6414 0.2595 0.5608 0.4259 0.1854 0.7005 0.0968 0.2678 0.5873 0.1859 0.0413 0.3472 0.4430 0.2079 0.0181 0.0689 0.2296 0.3114 0.2640 0.1478 0.0470 0.0062 0.0224 0.0688 0.1169 0.1485 0.1576 0.1490 0.1267 0.0990 0.0717 0.0476 0.0288 0.0155 0.0072 0.0030 0.0017 0.0025 0.0044 0.0070 0.0097 0.0122 0.0145
1.3644 1.0420 0.2603 0.2403 1.2408 0.4602 0.4755 0.9125 0.2572 0.7931 0.4773 0.2911 0.8850 0.0973 0.3854 0.7474 0.2105 0.0665 0.4671 0.5623 0.2490 0.0192 0.0987 0.3057 0.4021 0.3335 0.1822 0.0556 0.0074 0.0315 0.0922 0.1536 0.1930 0.2032 0.1910 0.1615 0.1257 0.0906 0.0599 0.0360 0.0193 0.0089 0.0036 0.0022 0.0033 0.0059 0.0092 0.0127 0.0159 0.0188
1.6472 1.4789 0.5292 0.1555 1.4121 0.7475 0.4240 1.2318 0.2133 1.0693 0.4782 0.4416 1.0470 0.0850 0.5340 0.8958 0.2163 0.1051 0.6009 0.6738 0.2769 0.0189 0.1370 0.3892 0.4932 0.3979 0.2109 0.0609 0.0087 0.0428 0.1186 0.1927 0.2387 0.2490 0.2323 0.1953 0.1511 0.1084 0.0712 0.0425 0.0225 0.0103 0.0042 0.0027 0.0042 0.0075 0.0116 0.0159 0.0198 0.0233
1.7525 1.9192 0.9710 0.0811 1.4520 1.1469 0.3112 1.5818 0.1426 1.3822 0.4248 0.6494 1.1707 0.0666 0.7192 1.0242 0.2023 0.1633 0.7493 0.7734 0.2892 0.0187 0.1862 0.4811 0.5839 0.4558 0.2325 0.0627 0.0103 0.0570 0.1485 0.2346 0.2859 0.2948 0.2728 0.2277 0.1750 0.1246 0.0813 0.0481 0.0252 0.0114 0.0047 0.0032 0.0053 0.0093 0.0142 0.0193 0.0238 0.0280
1.5603 2.2166 1.5845 0.1194 1.3095 1.6444 0.1763 1.9208 0.0798 1.7088 0.3239 0.9229 1.2369 0.0548 0.9431 1.1208 0.1706 0.2484 0.9114 0.8559 0.2846 0.0213 0.2492 0.5818 0.6726 0.5053 0.2462 0.0608 0.0129 0.0749 0.1825 0.2796 0.3345 0.3406 0.3120 0.2582 0.1970 0.1392 0.0900 0.0527 0.0273 0.0121 0.0050 0.0038 0.0065 0.0113 0.0171 0.0229 0.0281 0.0328
1.0458 2.1827 2.2678 0.4037 0.9743 2.1745 0.0960 2.1800 0.0822 2.0059 0.1993 1.2611 1.2263 0.0697 1.2015 1.1719 0.1273 0.3682 1.0833 0.9151 0.2628 0.0305 0.3286 0.6911 0.7573 0.5445 0.2510 0.0556 0.0174 0.0973 0.2213 0.3278 0.3844 0.3859 0.3496 0.2866 0.2167 0.1518 0.0972 0.0561 0.0286 0.0125 0.0053 0.0045 0.0079 0.0136 0.0202 0.0268 0.0327 0.0380
0.4058 1.6974 2.7852 1.0391 0.5235 2.6071 0.1795 2.2716 0.2239 2.2100 0.0961 1.6481 1.1246 0.1373 1.4815 1.1633 0.0833 0.5298 1.2580 0.9444 0.2255 0.0515 0.4270 0.8077 0.8353 0.5714 0.2466 0.0478 0.0248 0.1253 0.2653 0.3795 0.4354 0.4304 0.3852 0.3125 0.2339 0.1622 0.1026 0.0585 0.0292 0.0126 0.0055 0.0054 0.0096 0.0162 0.0237 0.0311 0.0376 0.0434
0.1081 0.8780 2.8237 1.9954 0.1574 2.7638 0.5407 2.1133 0.5766 2.2483 0.0812 2.0476 0.9318 0.2873 1.7614 1.0855 0.0557 0.7384 1.4258 0.9383 0.1767 0.0906 0.5471 0.9307 0.9046 0.5848 0.2332 0.0385 0.0366 0.1601 0.3156 0.4352 0.4880 0.4745 0.4191 0.3361 0.2488 0.1705 0.1065 0.0597 0.0292 0.0124 0.0057 0.0064 0.0116 0.0192 0.0276 0.0358 0.0429 0.0491
0.6885 0.1956 2.1914 2.9976 0.1763 2.4859 1.2400 1.6717 1.1764 2.0607 0.2335 2.3981 0.6679 0.5481 2.0108 0.9374 0.0666 0.9938 1.5722 0.8918 0.1231 0.1552 0.6908 1.0579 0.9625 0.5837 0.2114 0.0295 0.0546 0.2033 0.3733 0.4959 0.5428 0.5186 0.4516 0.3577 0.2616 0.1770 0.1089 0.0599 0.0287 0.0119 0.0060 0.0077 0.0140 0.0226 0.0320 0.0410 0.0486 0.0554
2.2181 0.3347 1.0827 3.5502 0.8406 1.7533 2.2078 1.0212 1.9790 1.6304 0.6203 2.6111 0.3804 0.9378 2.1892 0.7296 0.1413 1.2853 1.6745 0.8003 0.0741 0.2524 0.8563 1.1821 1.0026 0.5654 0.1819 0.0229 0.0809 0.2559 0.4385 0.5607 0.5985 0.5614 0.4816 0.3763 0.2716 0.1812 0.1097 0.0591 0.0276 0.0114 0.0065 0.0093 0.0168 0.0266 0.0369 0.0467 0.0549 0.0620
3.7830 1.6631 0.1989 3.1911 2.1226 0.8073 3.1912 0.3887 2.8233 1.0260 1.2614 2.5967 0.1510 1.4519 2.2559 0.4915 0.3051 1.5960 1.7144 0.6683 0.0436 0.3882 1.0395 1.2958 1.0199 0.5291 0.1469 0.0215 0.1176 0.3191 0.5112 0.6293 0.6547 0.6023 0.5085 0.3915 0.2786 0.1830 0.1087 0.0572 0.0259 0.0107 0.0071 0.0114 0.0202 0.0312 0.0424 0.0529 0.0616 0.0691
3.8937 3.5467 0.4596 1.9138 3.5307 0.1662 3.7760 0.1179 3.4487 0.4308 2.0904 2.2959 0.0845 2.0444 2.1693 0.2670 0.5805 1.9079 1.6839 0.5109 0.0482 0.5652 1.2321 1.3895 1.0098 0.4754 0.1095 0.0287 0.1669 0.3937 0.5914 0.7007 0.7100 0.6402 0.5314 0.4027 0.2821 0.1821 0.1059 0.0542 0.0239 0.0101 0.0081 0.0140 0.0242 0.0364 0.0486 0.0598 0.0689 0.0767
2.0951 4.3962 2.1477 0.5256 4.2175 0.4045 3.5562 0.5184 3.5968 0.1244 2.9301 1.7231 0.2837 2.6203 1.8989 0.1119 0.9803 2.1996 1.5842 0.3515 0.1050 0.7830 1.4238 1.4543 0.9696 0.4067 0.0741 0.0481 0.2308 0.4799 0.6778 0.7734 0.7628 0.6735 0.5490 0.4090 0.2814 0.1781 0.1010 0.0501 0.0214 0.0096 0.0096 0.0173 0.0291 0.0425 0.0557 0.0675 0.0770 0.0850
0.2708 3.0867 4.1910 0.2672 3.5832 1.7372 2.4523 1.6577 3.0884 0.3528 3.5584 1.0279 0.8106 3.0498 1.4569 0.0920 1.4842 2.4203 1.4032 0.2088 0.2314 1.0457 1.6121 1.4894 0.9029 0.3293 0.0467 0.0838 0.3108 0.5774 0.7690 0.8453 0.8112 0.7007 0.5603 0.4096 0.2764 0.1710 0.0942 0.0451 0.0187 0.0094 0.0118 0.0215 0.0349 0.0496 0.0637 0.0760 0.0858 0.0939
0.9923 0.8556 4.6644 1.7826 1.8689 3.6062 1.0472 3.2117 1.9657 1.1935 3.7379 0.4318 1.6385 3.2147 0.9272 0.2783 2.0373 2.4948 1.1204 0.0968 0.4391 1.3521 1.7916 1.4932 0.8140 0.2502 0.0336 0.1395 0.4080 0.6852 0.8634 0.9147 0.8539 0.7210 0.5650 0.4047 0.2672 0.1611 0.0859 0.0395 0.0162 0.0099 0.0149 0.0266 0.0418 0.0577 0.0725 0.0854 0.0952 0.1035
4.0387 0.3463 2.8549 4.1906 0.3168 4.8462 0.1634 4.4421 0.7497 2.5254 3.2314 0.1093 2.5920 3.0148 0.4319 0.6951 2.5473 2.3846 0.7805 0.0589 0.7140 1.6442 1.8994 1.4242 0.6858 0.1672 0.0368 0.2154 0.5197 0.7987 0.9552 0.9763 0.8866 0.7317 0.5614 0.3938 0.2539 0.1488 0.0765 0.0337 0.0141 0.0111 0.0189 0.0329 0.0497 0.0668 0.0823 0.0955 0.1055 0.1137
5.3925 3.0472 0.4692 5.3047 0.6497 4.3836 0.7800 4.5996 0.1393 3.9490 2.1666 0.4230 3.5209 2.4355 0.1218 1.3703 2.9724 2.1057 0.4469 0.1501 1.0883 1.9447 1.9598 1.3075 0.5400 0.0969 0.0689 0.3220 0.6549 0.9259 1.0515 1.0359 0.9142 0.7360 0.5518 0.3781 0.2374 0.1346 0.0664 0.0280 0.0127 0.0134 0.0242 0.0405 0.0590 0.0772 0.0934 0.1068 0.1167 0.1248
2.4835 5.7394 0.8627 3.5465 3.1516 2.2580 2.8952 3.3031 0.7787 4.7115 0.9295 1.4284 4.0478 1.5779 0.1740 2.2049 3.1741 1.6600 0.1848 0.3904 1.5240 2.2014 1.9413 1.1381 0.3867 0.0510 0.1358 0.4580 0.8069 1.0577 1.1433 1.0862 0.9311 0.7307 0.5345 0.3569 0.2174 0.1187 0.0558 0.0229 0.0124 0.0172 0.0311 0.0497 0.0698 0.0890 0.1056 0.1191 0.1289 0.1367
0.1434 4.2209 4.2913 0.7280 5.6490 0.3414 5.1396 1.2966 2.6320 4.2741 0.1728 2.8951 3.9062 0.7019 0.6914 3.0405 3.0692 1.1132 0.0719 0.7886 1.9831 2.3788 1.8330 0.9255 0.2420 0.0423 0.2437 0.6234 0.9727 1.1897 1.2267 1.1244 0.9357 0.7149 0.5093 0.3304 0.1945 0.1016 0.0453 0.0187 0.0135 0.0226 0.0397 0.0606 0.0822 0.1023 0.1191 0.1326 0.1419 0.1494
3.4234 0.6108 6.2680 0.7134 5.2929 0.8788 5.5750 0.1753 4.7427 2.7114 0.4878 4.2814 3.0431 0.1608 1.6479 3.6677 2.6315 0.5763 0.1780 1.3258 2.4125 2.4431 1.6333 0.6870 0.1253 0.0833 0.3965 0.8163 1.1471 1.3167 1.2974 1.1475 0.9264 0.6882 0.4763 0.2992 0.1693 0.0841 0.0356 0.0160 0.0165 0.0300 0.0503 0.0734 0.0964 0.1172 0.1340 0.1472 0.1560 0.1629
6.7649 1.5425 3.5063 4.2873 2.1600 3.9282 3.5238 1.2262 5.6490 0.9056 1.9927 4.9166 1.7293 0.2783 2.8463 3.8796 1.9231 0.1916 0.5448 1.9513 2.7512 2.3710 1.3544 0.4484 0.0581 0.1850 0.5952 1.0313 1.3230 1.4320 1.3509 1.1535 0.9028 0.6509 0.4365 0.2643 0.1428 0.0669 0.0274 0.0154 0.0219 0.0399 0.0633 0.0883 0.1124 0.1337 0.1503 0.1630 0.1712 0.1774
3.1807 6.2316 0.2806 6.7981 0.2196 6.4702 0.8245 4.0295 4.4814 0.1785 4.0693 4.3636 0.5447 1.1836 3.9385 3.5510 1.1042 0.1020 1.1660 2.5819 2.9361 2.1522 1.0208 0.2412 0.0620 0.3549 0.8364 1.2604 1.4916 1.5285 1.3828 1.1400 0.8641 0.6033 0.3905 0.2265 0.1159 0.0510 0.0214 0.0175 0.0302 0.0527 0.0790 0.1056 0.1305 0.1519 0.1681 0.1802 0.1875 0.1929
0.2989 5.9169 2.7025 4.2434 2.6692 5.3868 0.5254 6.3017 1.9711 1.3719 5.5479 2.7788 0.1585 2.6792 4.5267 2.7138 0.4141 0.4093 1.9714 3.1088 2.9134 1.7960 0.6708 0.1010 0.1555 0.5948 1.1125 1.4928 1.6434 1.5995 1.3889 1.1049 0.8097 0.5458 0.3394 0.1872 0.0899 0.0375 0.0185 0.0230 0.0419 0.0687 0.0975 0.1254 0.1508 0.1720 0.1875 0.1987 0.2049 0.2092
5.4881 0.9323 7.2299 0.4666 6.7222 1.7238 3.5368 5.7579 0.2622 3.9844 5.3858 0.9961 0.9730 4.2346 4.3210 1.5965 0.1133 1.1284 2.8264 3.4192 2.6591 1.3414 0.3571 0.0641 0.3509 0.8998 1.4102 1.7146 1.7677 1.6381 1.3657 1.0472 0.7402 0.4797 0.2847 0.1480 0.0661 0.0274 0.0197 0.0326 0.0574 0.0882 0.1192 0.1479 0.1733 0.1939 0.2085 0.2186 0.2234 0.2265
7.1400 2.2040 5.3869 2.2914 6.4480 0.3973 6.8491 2.6811 1.2274 6.1938 3.5106 0.1794 2.8032 5.1610 3.3094 0.5919 0.3950 2.1555 3.5503 3.4230 2.1906 0.8547 0.1398 0.1608 0.6507 1.2561 1.7113 1.9102 1.8539 1.6385 1.3112 0.9675 0.6573 0.4074 0.2288 0.1107 0.0463 0.0222 0.0259 0.0470 0.0774 0.1117 0.1443 0.1732 0.1982 0.2179 0.2312 0.2398 0.2431 0.2448
1.0138 7.8021 0.5490 7.3066 1.9470 3.8674 6.4140 0.3197 4.4447 6.1220 1.1640 1.1008 4.8289 4.9534 1.8491 0.1398 1.2936 3.2699 3.9577 3.0829 1.5752 0.4240 0.0768 0.4091 1.0445 1.6433 1.9998 2.0706 1.8985 1.5998 1.2273 0.8689 0.5646 0.3319 0.1743 0.0779 0.0322 0.0231 0.0380 0.0669 0.1023 0.1393 0.1730 0.2019 0.2259 0.2441 0.2561 0.2630 0.2644 0.2645
3.1018 5.0368 3.1429 6.4864 0.6612 7.6886 2.5075 1.7138 7.0378 3.6201 0.2306 3.4694 5.9198 3.5834 0.5769 0.5469 2.6256 4.1704 3.9075 2.4372 0.9266 0.1456 0.2126 0.8076 1.5066 2.0294 2.2456 2.1725 1.8870 1.5161 1.1129 0.7530 0.4648 0.2564 0.1242 0.0516 0.0255 0.0315 0.0571 0.0929 0.1324 0.1715 0.2053 0.2337 0.2561 0.2724 0.2827 0.2876 0.2869 0.2851
8.6229 0.3606 8.3821 1.1185 5.4625 6.0936 0.3086 5.7889 6.2676 0.8313 1.7813 5.8683 5.3184 1.6893 0.1813 1.8124 4.0042 4.5644 3.3639 1.6117 0.3908 0.1066 0.5662 1.3316 1.9969 2.3774 2.4226 2.2014 1.8141 1.3883 0.9719 0.6246 0.3627 0.1851 0.0818 0.0345 0.0282 0.0486 0.0840 0.1257 0.1682 0.2082 0.2415 0.2687 0.2888 0.3027 0.3110 0.3137 0.3105 0.3067
2.6159 5.8622 4.7307 2.0923 8.3918 1.2926 3.3620 7.8421 2.7116 0.5707 4.9167 6.5838 3.2537 0.3433 1.0368 3.5494 4.9473 4.2753 2.4336 0.8050 0.1164 0.3624 1.1213 1.9317 2.4642 2.6485 2.5075 2.1476 1.6792 1.2210 0.8108 0.4906 0.2642 0.1226 0.0508 0.0291 0.0420 0.0757 0.1195 0.1656 0.2098 0.2498 0.2816 0.3069 0.3242 0.3350 0.3410 0.3411 0.3352 0.3293
2.0496 8.1141 0.4004 8.1469 3.9268 1.2558 7.8532 5.0981 0.2981 3.5265 7.1337 4.9165 1.0113 0.4829 2.9200 5.0874 5.0657 3.3404 1.3655 0.2482 0.2176 0.9190 1.8270 2.5484 2.8654 2.8187 2.4892 2.0102 1.4891 1.0257 0.6407 0.3598 0.1763 0.0743 0.0348 0.0382 0.0688 0.1143 0.1647 0.2137 0.2583 0.2972 0.3266 0.3491 0.3631 0.3707 0.3736 0.3707 0.3618 0.3536
9.1524 1.1361 6.1361 6.6827 0.3662 6.6959 7.1810 0.9361 2.1774 7.0729 6.3856 2.0247 0.2321 2.2693 5.0035 5.7225 4.2328 2.0281 0.4877 0.1409 0.7386 1.7181 2.5880 3.0906 3.1322 2.8474 2.3536 1.7912 1.2521 0.8106 0.4699 0.2401 0.1053 0.0446 0.0372 0.0639 0.1100 0.1650 0.2198 0.2698 0.3131 0.3497 0.3757 0.3945 0.4046 0.4084 0.4079 0.4016 0.3896 0.3788
3.1362 3.8600 8.5212 0.6480 5.1392 8.5466 2.0928 1.2017 6.6051 7.5414 3.1576 0.2582 1.7179 4.8218 6.2109 5.0817 2.7168 0.8012 0.1293 0.5923 1.6264 2.6380 3.2842 3.4715 3.2173 2.7185 2.1048 1.5046 0.9850 0.5913 0.3116 0.1415 0.0584 0.0385 0.0613 0.1083 0.1669 0.2284 0.2852 0.3340 0.3741 0.4072 0.4287 0.4429 0.4484 0.4480 0.4437 0.4338 0.4183 0.4049
2.2216 9.3745 1.4842 3.8300 9.2511 3.2925 0.6631 6.0817 8.3448 4.2189 0.4503 1.3310 4.6807 6.6342 5.8200 3.3845 1.1316 0.1623 0.4970 1.5668 2.7287 3.5155 3.7937 3.6213 3.0951 2.4370 1.7641 1.1762 0.7114 0.3874 0.1804 0.0743 0.0424 0.0607 0.1100 0.1734 0.2407 0.3057 0.3618 0.4072 0.4426 0.4706 0.4864 0.4951 0.4954 0.4903 0.4817 0.4679 0.4488 0.4325
9.7600 2.2223 3.0868 9.6045 4.1680 0.4488 5.7842 8.9383 5.0131 0.6589 1.1350 4.6909 7.1007 6.4946 3.9420 1.4209 0.2074 0.4575 1.5846 2.8733 3.8202 4.1764 4.0143 3.4996 2.7677 2.0276 1.3638 0.8367 0.4566 0.2181 0.0900 0.0477 0.0638 0.1151 0.1859 0.2610 0.3330 0.3982 0.4507 0.4907 0.5199 0.5415 0.5501 0.5517 0.5461 0.5359 0.5228 0.5049 0.4820 0.4623
2.3257 3.0068 9.8625 4.4418 0.4194 5.9233 9.4022 5.3991 0.7320 1.1513 4.9508 7.6293 7.0775 4.3346 1.5813 0.2309 0.4785 1.7129 3.1323 4.1827 4.6303 4.4534 3.8738 3.1013 2.2659 1.5320 0.9423 0.5179 0.2456 0.1022 0.0533 0.0704 0.1275 0.2046 0.2904 0.3711 0.4430 0.5046 0.5505 0.5825 0.6038 0.6174 0.6177 0.6111 0.5990 0.5833 0.5654 0.5431 0.5161 0.4930
3.7576 10.1124 3.9323 0.5851 6.6705 9.7597 5.2175 0.5913 1.4473 5.6081 8.2679 7.4769 4.4672 1.5498 0.2112 0.5919 1.9939 3.5624 4.6765 5.1197 4.9327 4.2562 3.3739 2.4765 1.6560 1.0142 0.5528 0.2602 0.1066 0.0587 0.0821 0.1491 0.2374 0.3308 0.4238 0.5037 0.5703 0.6244 0.6603 0.6821 0.6937 0.6979 0.6886 0.6729 0.6538 0.6322 0.6093 0.5824 0.5512 0.5244
10.0745 2.6089 1.2842 8.1247 9.8239 4.3416 0.3221 2.2360 6.7765 9.0732 7.6150 4.2115 1.2785 0.1757 0.8680 2.5312 4.2243 5.3627 5.7160 5.3976 4.6283 3.6117 2.6038 1.7325 1.0364 0.5530 0.2531 0.1035 0.0655 0.1036 0.1861 0.2898 0.3973 0.4970 0.5894 0.6617 0.7175 0.7596 0.7820 0.7908 0.7910 0.7860 0.7675 0.7431 0.7169 0.6887 0.6595 0.6272 0.5911 0.5606
0.8037 3.2454 9.9766 8.9040 2.6792 0.3350 3.8482 8.4443 9.6990 7.2421 3.4476 0.7873 0.2457 1.4509 3.4098 5.1949 6.2124 6.3844 5.8379 4.8707 3.7442 2.6300 1.6961 0.9913 0.5038 0.2200 0.0931 0.0804 0.1423 0.2482 0.3708 0.4943 0.6069 0.7014 0.7843 0.8418 0.8812 0.9072 0.9126 0.9062 0.8934 0.8787 0.8506 0.8170 0.7832 0.7482 0.7120 0.6740 0.6328 0.5984
7.0853 10.9724 6.2485 0.7947 1.5327 6.5631 10.2031 9.5881 5.9414 2.1653 0.2981 0.7078 2.5738 4.7626 6.4334 7.2019 6.9997 6.1494 4.9358 3.6549 2.4936 1.5366 0.8465 0.4048 0.1659 0.0867 0.1174 0.2165 0.3497 0.4974 0.6367 0.7608 0.8633 0.9406 1.0053 1.0408 1.0587 1.0649 1.0503 1.0267 0.9998 0.9747 0.9365 0.8933 0.8515 0.8095 0.7659 0.7219 0.6756 0.6372
8.7455 2.2196 0.5797 4.9682 9.9297 10.9291 7.8920 3.5942 0.7382 0.3896 2.0424 4.5021 6.6544 7.8770 8.0615 7.3940 6.1327 4.6896 3.2944 2.1196 1.2292 0.6185 0.2664 0.1172 0.1133 0.2063 0.3541 0.5241 0.6912 0.8501 0.9816 1.0875 1.1653 1.2151 1.2546 1.2628 1.2551 1.2383 1.2021 1.1600 1.1179 1.0806 1.0309 0.9779 0.9278 0.8781 0.8268 0.7765 0.7247 0.6819
0.4491 4.6350 10.0502 11.6663 8.8378 4.2787 0.9987 0.3669 2.0284 4.7462 7.2519 8.8075 9.1606 8.4783 7.1594 5.5670 3.9629 2.5886 1.5202 0.7851 0.3480 0.1498 0.1310 0.2323 0.4009 0.6030 0.8085 0.9993 1.1589 1.2969 1.3968 1.4672 1.5073 1.5207 1.5294 1.5059 1.4690 1.4265 1.3675 1.3060 1.2479 1.1962 1.1338 1.0707 1.0118 0.9541 0.8947 0.8377 0.7800 0.7325
11.3641 11.8398 8.2222 3.5554 0.6809 0.6657 2.8807 5.9474 8.6005 10.1102 10.2779 9.3986 7.8336 5.9826 4.2139 2.7154 1.5657 0.7907 0.3442 0.1650 0.1808 0.3235 0.5398 0.7908 1.0343 1.2627 1.4573 1.6168 1.7283 1.8154 1.8628 1.8829 1.8743 1.8442 1.8174 1.7588 1.6900 1.6199 1.5371 1.4555 1.3809 1.3145 1.2391 1.1659 1.0982 1.0323 0.9645 0.9008 0.8371 0.7848
5.1137 1.3787 0.4469 2.2362 5.4795 8.6988 10.8750 11.6165 11.0504 9.5576 7.5716 5.5402 3.7109 2.2374 1.1958 0.5558 0.2513 0.2053 0.3374 0.5796 0.8781 1.1835 1.4765 1.7456 1.9547 2.1261 2.2462 2.3290 2.3592 2.3720 2.3530 2.3139 2.2504 2.1726 2.1076 2.0129 1.9124 1.8154 1.7102 1.6092 1.5181 1.4371 1.3491 1.2665 1.1899 1.1158 1.0396 0.9691 0.8993 0.8421
3.6844 7.3180 10.5569 12.5264 12.9413 11.9902 10.1297 7.8492 5.6103 3.6695 2.1587 1.1213 0.5176 0.2774 0.3135 0.5370 0.8696 1.2539 1.6385 2.0016 2.3267 2.5812 2.7848 2.9475 3.0338 3.0869 3.0912 3.0661 2.9945 2.9207 2.8326 2.7343 2.6157 2.4890 2.3852 2.2572 2.1291 2.0100 1.8876 1.7700 1.6632 1.5687 1.4691 1.3782 1.2926 1.2101 1.1260 1.0487 0.9725 0.9101
13.7655 12.2694 10.0640 7.6298 5.3153 3.3629 1.8971 0.9437 0.4662 0.3703 0.5567 0.9325 1.4125 1.9247 2.4276 2.8884 3.2798 3.6076 3.8517 4.0395 4.1731 4.2159 4.2185 4.2001 4.1193 4.0273 3.9013 3.7606 3.5853 3.4258 3.2742 3.1226 2.9539 2.7823 2.6435 2.4864 2.3344 2.1962 2.0600 1.9279 1.8067 1.6996 1.5894 1.4914 1.3973 1.3066 1.2149 1.1308 1.0484 0.9809
1.2361 0.6483 0.5003 0.7102 1.1811 1.8202 2.5406 3.2535 3.9430 4.5759 5.1355 5.6009 5.9480 6.1732 6.3133 6.3741 6.3512 6.2901 6.1702 6.0427 5.9004 5.6858 5.4661 5.2617 5.0240 4.8021 4.5640 4.3241 4.0623 3.8331 3.6326 3.4403 3.2328 3.0261 2.8598 2.6803 2.5101 2.3578 2.2116 2.0684 1.9354 1.8179 1.6991 1.5955 1.4945 1.3968 1.2980 1.2079 1.1198 1.0478
10.2111 10.6437 10.9711 11.2350 11.4210 11.5210 11.5074 11.3399 11.1452 10.9145 10.6370 10.3428 9.9975 9.6047 9.2082 8.8057 8.3737 7.9707 7.5603 7.1956 6.8582 6.4771 6.1099 5.7810 5.4421 5.1456 4.8514 4.5516 4.2445 3.9868 3.7538 3.5358 3.3127 3.0936 2.9171 2.7246 2.5456 2.3873 2.2334 2.0855 1.9504 1.8309 1.7103 1.6051 1.5060 1.4089 1.3047 1.2125 1.1236 1.0511
