0.2185 0.2177 0.2172 0.1858 0.1753 0.1651 0.1536 0.1451 0.1402 0.1516 0.1129 0.1075 0.1199 0.1207 0.1146 0.1031 0.0835 0.0614 0.0520 0.0596 0.0725 0.0780 0.0705 0.0558 0.0405 0.0292 0.0226 0.0198 0.0189 0.0184 0.0177 0.0165 0.0148 0.0132 0.0115 0.0099 0.0085 0.0073 0.0063 0.0054 0.0047 0.0041 0.0036 0.0032 0.0028 0.0025 0.0022 0.0020 0.0018 0.0016
0.6549 0.6506 0.6494 0.5578 0.5262 0.4945 0.4599 0.4341 0.4201 0.4537 0.3389 0.3226 0.3613 0.3641 0.3452 0.3101 0.2513 0.1849 0.1555 0.1772 0.2154 0.2327 0.2116 0.1684 0.1226 0.0883 0.0682 0.0592 0.0564 0.0549 0.0526 0.0492 0.0444 0.0395 0.0345 0.0297 0.0255 0.0219 0.0188 0.0162 0.0140 0.0123 0.0108 0.0096 0.0085 0.0075 0.0067 0.0060 0.0054 0.0048
1.0902 1.0772 1.0750 0.9306 0.8786 0.8222 0.7636 0.7201 0.6977 0.7525 0.5651 0.5379 0.6071 0.6134 0.5797 0.5194 0.4215 0.3102 0.2578 0.2897 0.3522 0.3837 0.3526 0.2838 0.2082 0.1501 0.1149 0.0984 0.0928 0.0902 0.0865 0.0811 0.0736 0.0657 0.0575 0.0497 0.0428 0.0368 0.0316 0.0272 0.0235 0.0205 0.0181 0.0160 0.0142 0.0126 0.0112 0.0100 0.0089 0.0080
1.5256 1.4967 1.4903 1.3034 1.2347 1.1475 1.0628 1.0024 0.9710 1.0471 0.7918 0.7537 0.8611 0.8727 0.8202 0.7321 0.5955 0.4391 0.3588 0.3943 0.4786 0.5279 0.4933 0.4036 0.2998 0.2164 0.1637 0.1375 0.1278 0.1235 0.1187 0.1119 0.1021 0.0916 0.0806 0.0700 0.0603 0.0520 0.0446 0.0384 0.0331 0.0289 0.0254 0.0225 0.0199 0.0177 0.0157 0.0140 0.0125 0.0112
1.9647 1.9129 1.8948 1.6736 1.5987 1.4710 1.3563 1.2813 1.2374 1.3381 1.0187 0.9709 1.1280 1.1455 1.0675 0.9481 0.7746 0.5736 0.4591 0.4886 0.5906 0.6617 0.6323 0.5290 0.3998 0.2901 0.2166 0.1774 0.1614 0.1544 0.1485 0.1407 0.1294 0.1169 0.1036 0.0904 0.0782 0.0675 0.0581 0.0500 0.0431 0.0375 0.0330 0.0291 0.0257 0.0228 0.0202 0.0180 0.0161 0.0144
2.4120 2.3338 2.2947 2.0370 1.9758 1.7956 1.6439 1.5588 1.4939 1.6288 1.2453 1.1915 1.4140 1.4349 1.3208 1.1658 0.9594 0.7168 0.5612 0.5718 0.6842 0.7810 0.7675 0.6607 0.5109 0.3742 0.2761 0.2198 0.1942 0.1828 0.1753 0.1669 0.1548 0.1411 0.1261 0.1108 0.0964 0.0835 0.0720 0.0620 0.0534 0.0465 0.0408 0.0360 0.0316 0.0280 0.0248 0.0221 0.0197 0.0176
2.8716 2.7663 2.7063 2.3902 2.3697 2.1278 1.9277 1.8370 1.7390 1.9244 1.4696 1.4195 1.7260 1.7417 1.5761 1.3818 1.1503 0.8730 0.6697 0.6452 0.7566 0.8808 0.8953 0.7980 0.6351 0.4724 0.3462 0.2676 0.2280 0.2093 0.1990 0.1900 0.1776 0.1635 0.1476 0.1307 0.1146 0.0997 0.0862 0.0744 0.0641 0.0558 0.0489 0.0430 0.0378 0.0334 0.0295 0.0262 0.0233 0.0208
3.3437 3.2098 3.1538 2.7391 2.7772 2.4807 2.2127 2.1173 1.9743 2.2311 1.6882 1.6619 2.0712 2.0631 1.8263 1.5907 1.3474 1.0479 0.7924 0.7138 0.8073 0.9566 1.0104 0.9381 0.7733 0.5883 0.4313 0.3251 0.2659 0.2356 0.2200 0.2095 0.1971 0.1832 0.1672 0.1496 0.1322 0.1158 0.1006 0.0871 0.0751 0.0654 0.0573 0.0503 0.0441 0.0389 0.0344 0.0305 0.0271 0.0241
3.8184 3.6522 3.6544 3.1109 3.1804 2.8769 2.5049 2.3988 2.2075 2.5520 1.8963 1.9296 2.4541 2.3903 2.0599 1.7854 1.5507 1.2491 0.9412 0.7873 0.8393 1.0044 1.1059 1.0753 0.9238 0.7240 0.5363 0.3977 0.3125 0.2649 0.2401 0.2260 0.2127 0.1994 0.1838 0.1663 0.1484 0.1311 0.1146 0.0997 0.0863 0.0753 0.0659 0.0579 0.0507 0.0447 0.0394 0.0348 0.0309 0.0275
4.2629 4.0797 4.1908 3.5626 3.5436 3.3482 2.8065 2.6794 2.4525 2.8812 2.0896 2.2368 2.8724 2.7067 2.2624 1.9588 1.7605 1.4852 1.1315 0.8819 0.8614 1.0228 1.1731 1.1997 1.0800 0.8786 0.6646 0.4912 0.3741 0.3024 0.2627 0.2412 0.2251 0.2115 0.1966 0.1797 0.1621 0.1446 0.1275 0.1116 0.0971 0.0849 0.0745 0.0656 0.0575 0.0506 0.0446 0.0393 0.0349 0.0309
4.6218 4.4923 4.6934 4.1613 3.8293 3.9257 3.1140 2.9637 2.7279 3.1999 2.2730 2.6003 3.3131 2.9900 2.4216 2.1081 1.9793 1.7659 1.3832 1.0229 0.8931 1.0175 1.2045 1.2976 1.2299 1.0460 0.8170 0.6115 0.4590 0.3565 0.2947 0.2600 0.2372 0.2212 0.2060 0.1897 0.1727 0.1556 0.1385 0.1223 0.1071 0.0943 0.0831 0.0733 0.0643 0.0566 0.0499 0.0441 0.0391 0.0346
4.8947 4.8921 5.0770 4.9112 4.0379 4.6012 3.4130 3.2654 3.0404 3.4721 2.4603 3.0272 3.7447 3.2134 2.5313 2.2352 2.2068 2.0933 1.7108 1.2377 0.9622 1.0024 1.1950 1.3508 1.3520 1.2097 0.9859 0.7591 0.5733 0.4359 0.3452 0.2903 0.2550 0.2324 0.2144 0.1972 0.1805 0.1639 0.1472 0.1312 0.1159 0.1027 0.0911 0.0807 0.0711 0.0628 0.0555 0.0490 0.0435 0.0385
5.2895 5.2320 5.3345 5.6595 4.2509 5.2725 3.6868 3.5976 3.3584 3.6484 2.6678 3.4936 4.1123 3.3516 2.5937 2.3433 2.4308 2.4465 2.1060 1.5410 1.0953 0.9962 1.1421 1.3356 1.4119 1.3362 1.1463 0.9203 0.7133 0.5439 0.4208 0.3395 0.2850 0.2500 0.2249 0.2041 0.1859 0.1691 0.1528 0.1372 0.1222 0.1092 0.0975 0.0870 0.0770 0.0683 0.0605 0.0536 0.0477 0.0423
6.1322 5.4504 5.5620 6.1154 4.6151 5.7389 3.9619 3.9658 3.6208 3.7069 2.9217 3.9414 4.3576 3.4068 2.6347 2.4414 2.6253 2.7760 2.5305 1.9317 1.3245 1.0372 1.0637 1.2403 1.3748 1.3814 1.2582 1.0667 0.8641 0.6772 0.5262 0.4167 0.3377 0.2842 0.2461 0.2169 0.1938 0.1745 0.1572 0.1414 0.1265 0.1136 0.1020 0.0916 0.0816 0.0728 0.0647 0.0576 0.0514 0.0457
7.1927 5.7034 5.7975 6.1220 5.1573 5.8144 4.3008 4.3332 3.7805 3.6913 3.2274 4.2695 4.4468 3.4258 2.6982 2.5316 2.7381 2.9868 2.8915 2.3678 1.6721 1.1856 1.0157 1.0880 1.2245 1.3013 1.2676 1.1488 0.9887 0.8142 0.6537 0.5241 0.4214 0.3460 0.2897 0.2463 0.2133 0.1874 0.1660 0.1478 0.1317 0.1180 0.1061 0.0955 0.0853 0.0764 0.0682 0.0609 0.0545 0.0486
7.4419 6.2502 5.9833 5.9547 5.5770 5.5838 4.6959 4.6487 3.9140 3.7193 3.5279 4.3614 4.4184 3.5086 2.8267 2.5964 2.6985 2.9481 3.0332 2.7400 2.1275 1.5221 1.1176 0.9804 1.0120 1.0919 1.1308 1.1045 1.0250 0.9041 0.7688 0.6427 0.5297 0.4378 0.3632 0.3026 0.2552 0.2181 0.1884 0.1642 0.1439 0.1273 0.1134 0.1015 0.0904 0.0807 0.0721 0.0644 0.0577 0.0515
6.9456 6.5804 6.4338 5.9981 5.5926 5.4855 4.9398 5.0258 4.2783 3.8891 3.6957 4.1629 4.4129 3.7825 3.0282 2.6061 2.4816 2.5769 2.7785 2.8504 2.5908 2.1061 1.5581 1.1536 0.9396 0.8773 0.8861 0.9058 0.9054 0.8654 0.7942 0.7091 0.6161 0.5292 0.4497 0.3785 0.3190 0.2700 0.2298 0.1971 0.1698 0.1475 0.1293 0.1141 0.1004 0.0889 0.0787 0.0699 0.0623 0.0554
7.1155 6.5393 7.2387 6.5101 6.0123 5.7714 4.9150 5.8559 5.0140 4.1365 3.7307 3.7837 4.5448 4.2895 3.2557 2.5804 2.2944 2.1077 2.1325 2.4257 2.7088 2.7485 2.4343 1.9476 1.4564 1.0817 0.8460 0.7269 0.6808 0.6589 0.6388 0.6111 0.5689 0.5205 0.4669 0.4105 0.3578 0.3103 0.2684 0.2322 0.2008 0.1742 0.1518 0.1329 0.1160 0.1018 0.0894 0.0788 0.0698 0.0616
7.9335 7.4886 8.1211 6.9936 6.6953 6.5734 5.7552 5.6601 5.2316 4.5389 4.8177 3.9046 3.6574 3.8855 3.2786 2.6724 2.7952 2.9718 2.6279 2.0244 1.6457 1.7129 2.0283 2.3430 2.4659 2.3703 2.1014 1.7597 1.4246 1.1228 0.8777 0.6945 0.5569 0.4586 0.3860 0.3292 0.2856 0.2509 0.2224 0.1983 0.1771 0.1584 0.1420 0.1276 0.1138 0.1016 0.0906 0.0809 0.0723 0.0644
9.2461 7.8712 8.1225 7.9625 6.7500 7.2453 5.8995 6.2604 5.3069 5.0355 5.0563 4.0459 4.0409 4.1195 3.3651 2.8696 3.0701 3.1597 2.7103 2.0923 1.7643 1.8809 2.2084 2.5053 2.5998 2.4796 2.1934 1.8401 1.4972 1.1880 0.9353 0.7447 0.6000 0.4956 0.4176 0.3561 0.3086 0.2705 0.2392 0.2130 0.1901 0.1699 0.1523 0.1366 0.1217 0.1086 0.0969 0.0865 0.0773 0.0689
9.9878 8.9879 8.0208 8.6609 7.1554 7.6127 6.2856 6.7058 5.4426 5.5794 5.1951 4.2593 4.4457 4.2974 3.4566 3.1070 3.3502 3.3243 2.7779 2.1662 1.8987 2.0612 2.3921 2.6640 2.7265 2.5815 2.2797 1.9169 1.5680 1.2531 0.9939 0.7965 0.6449 0.5344 0.4509 0.3847 0.3330 0.2914 0.2571 0.2285 0.2038 0.1821 0.1630 0.1460 0.1299 0.1159 0.1034 0.0923 0.0826 0.0736
9.7335 10.0588 8.4979 8.7953 7.9835 7.6606 6.9468 6.9194 5.7427 6.0789 5.2670 4.5711 4.8342 4.4189 3.5739 3.3842 3.6232 3.4610 2.8350 2.2513 2.0504 2.2523 2.5767 2.8167 2.8448 2.6756 2.3600 1.9899 1.6371 1.3180 1.0532 0.8497 0.6916 0.5751 0.4862 0.4150 0.3589 0.3136 0.2761 0.2450 0.2184 0.1950 0.1744 0.1559 0.1385 0.1235 0.1102 0.0984 0.0880 0.0785
9.6957 10.2382 9.5962 8.6693 8.8975 7.6528 7.7167 6.9614 6.2425 6.4449 5.3418 4.9787 5.1660 4.4992 3.7371 3.6934 3.8757 3.5687 2.8884 2.3527 2.2200 2.4516 2.7592 2.9616 2.9540 2.7618 2.4346 2.0594 1.7045 1.3828 1.1133 0.9043 0.7399 0.6177 0.5233 0.4472 0.3866 0.3373 0.2963 0.2626 0.2339 0.2087 0.1865 0.1664 0.1476 0.1315 0.1173 0.1047 0.0936 0.0836
10.8112 9.9669 10.4922 8.9267 9.4048 7.9298 8.3039 7.0091 6.8577 6.6352 5.4978 5.4430 5.4125 4.5665 3.9574 4.0186 4.0969 3.6521 2.9471 2.4756 2.4071 2.6567 2.9376 3.0981 3.0546 2.8407 2.5036 2.1258 1.7706 1.4476 1.1748 0.9610 0.7909 0.6627 0.5625 0.4813 0.4161 0.3628 0.3182 0.2815 0.2504 0.2232 0.1992 0.1774 0.1573 0.1401 0.1250 0.1115 0.0997 0.0890
11.9210 10.4317 10.5899 9.7768 9.4131 8.5957 8.5408 7.2584 7.4288 6.6982 5.7885 5.8995 5.5708 4.6578 4.2355 4.3400 4.2801 3.7192 3.0203 2.6227 2.6095 2.8644 3.1096 3.2256 3.1469 2.9130 2.5681 2.1897 1.8357 1.5126 1.2378 1.0201 0.8444 0.7100 0.6037 0.5173 0.4475 0.3903 0.3419 0.3020 0.2680 0.2384 0.2124 0.1890 0.1678 0.1495 0.1333 0.1189 0.1063 0.0948
11.8897 11.5720 10.4584 10.6667 9.3893 9.3813 8.5552 7.7737 7.8219 6.7589 6.2123 6.2848 5.6694 4.8083 4.5609 4.6382 4.4253 3.7806 3.1152 2.7938 2.8231 3.0705 3.2733 3.3436 3.2313 2.9798 2.6291 2.2516 1.8998 1.5775 1.3015 1.0805 0.8995 0.7591 0.6467 0.5551 0.4808 0.4195 0.3671 0.3238 0.2868 0.2546 0.2265 0.2014 0.1789 0.1596 0.1422 0.1267 0.1132 0.1010
11.8511 12.1833 10.9567 11.0120 9.7993 9.8943 8.6534 8.4083 8.0127 6.9386 6.7021 6.5654 5.7594 5.0353 4.9099 4.8991 4.5405 3.8494 3.2374 2.9870 3.0438 3.2722 3.4280 3.4532 3.3095 3.0425 2.6877 2.3120 1.9632 1.6424 1.3657 1.1418 0.9561 0.8097 0.6913 0.5947 0.5158 0.4505 0.3939 0.3470 0.3068 0.2719 0.2415 0.2145 0.1907 0.1702 0.1516 0.1350 0.1205 0.1075
12.7461 12.1761 11.8655 11.0423 10.5449 10.0716 9.0365 8.9418 8.1163 7.2824 7.1657 6.7563 5.8934 5.3331 5.2553 5.1190 4.6402 3.9377 3.3891 3.1988 3.2680 3.4682 3.5748 3.5560 3.3833 3.1027 2.7450 2.3716 2.0262 1.7073 1.4302 1.2040 1.0139 0.8618 0.7375 0.6359 0.5525 0.4832 0.4224 0.3717 0.3281 0.2902 0.2574 0.2284 0.2033 0.1816 0.1616 0.1438 0.1283 0.1144
13.3825 12.4098 12.3224 11.2690 11.0970 10.1581 9.5682 9.2453 8.2612 7.7127 7.5174 6.8896 6.0853 5.6705 5.5747 5.3049 4.7416 4.0561 3.5733 3.4312 3.5004 3.6650 3.7193 3.6557 3.4546 3.1628 2.8051 2.4354 2.0941 1.7764 1.4980 1.2693 1.0749 0.9181 0.7884 0.6811 0.5927 0.5190 0.4547 0.4004 0.3532 0.3117 0.2760 0.2447 0.2176 0.1943 0.1731 0.1541 0.1374 0.1225
13.5665 12.9950 12.5052 11.7856 11.3955 10.4455 10.0714 9.4521 8.5420 8.1561 7.7902 7.0453 6.3489 6.0235 5.8641 5.4736 4.8587 4.2055 3.7821 3.6743 3.7329 3.8581 3.8605 3.7539 3.5256 3.2233 2.8656 2.4995 2.1620 1.8452 1.5658 1.3350 1.1369 0.9755 0.8408 0.7279 0.6345 0.5565 0.4888 0.4308 0.3798 0.3345 0.2957 0.2621 0.2329 0.2080 0.1854 0.1650 0.1472 0.1311
13.8680 13.4793 12.8040 12.2761 11.6734 10.8549 10.4833 9.6937 8.9097 8.5637 8.0353 7.2512 6.6600 6.3736 6.1328 5.6422 4.9992 4.3842 4.0112 3.9260 3.9667 4.0502 4.0013 3.8528 3.5978 3.2848 2.9268 2.5637 2.2297 1.9136 1.6333 1.4009 1.1993 1.0339 0.8944 0.7760 0.6779 0.5957 0.5246 0.4629 0.4080 0.3587 0.3167 0.2805 0.2492 0.2225 0.1986 0.1768 0.1576 0.1404
14.1063 14.0397 13.0879 12.8062 11.9660 11.2912 10.8922 9.9751 9.3073 8.9596 8.2894 7.4975 6.9975 6.7231 6.3970 5.8213 5.1638 4.5880 4.2580 4.1871 4.2048 4.2449 4.1445 3.9541 3.6724 3.3480 2.9889 2.6281 2.2970 1.9811 1.7004 1.4668 1.2622 1.0931 0.9492 0.8256 0.7229 0.6366 0.5622 0.4969 0.4379 0.3845 0.3390 0.3002 0.2666 0.2380 0.2126 0.1894 0.1688 0.1502
14.8248 14.2636 13.5513 13.3113 12.1794 11.8601 11.2614 10.2407 9.7626 9.3703 8.5453 7.7735 7.3669 7.0958 6.6782 6.0218 5.3594 4.8253 4.5343 4.4715 4.4605 4.4522 4.3006 4.0715 3.7661 3.4280 3.0619 2.6985 2.3682 2.0536 1.7732 1.5382 1.3310 1.1587 1.0109 0.8825 0.7745 0.6828 0.6032 0.5338 0.4717 0.4155 0.3672 0.3250 0.2886 0.2575 0.2297 0.2045 0.1823 0.1622
15.6538 14.2404 14.4743 13.3941 12.6526 12.5158 11.4552 10.5948 10.3305 9.7468 8.7696 8.0906 7.7896 7.4882 6.9581 6.2255 5.5726 5.0879 4.8343 4.7733 4.7268 4.6654 4.4603 4.1913 3.8612 3.5085 3.1347 2.7686 2.4392 2.1263 1.8460 1.6098 1.4005 1.2255 1.0742 0.9413 0.8280 0.7309 0.6460 0.5725 0.5073 0.4486 0.3973 0.3517 0.3121 0.2783 0.2480 0.2207 0.1967 0.1750
15.2121 15.2872 14.8172 13.4836 13.5922 12.8332 11.5974 11.2181 10.9139 9.9954 8.9928 8.5045 8.2768 7.8797 7.2168 6.4263 5.8083 5.3839 5.1640 5.0948 5.0033 4.8825 4.6209 4.3111 3.9558 3.5884 3.2068 2.8383 2.5101 2.1994 1.9193 1.6820 1.4709 1.2937 1.1392 1.0020 0.8835 0.7809 0.6906 0.6131 0.5448 0.4837 0.4294 0.3801 0.3373 0.3006 0.2677 0.2381 0.2123 0.1888
15.9377 16.2805 14.5067 14.5455 14.2706 12.7882 12.1564 12.0550 11.3053 10.1515 9.3531 9.0760 8.8113 8.2387 7.4482 6.6446 6.0928 5.7333 5.5348 5.4411 5.2921 5.1058 4.7853 4.4338 4.0527 3.6710 3.2826 2.9130 2.5867 2.2784 1.9981 1.7597 1.5468 1.3673 1.2096 1.0680 0.9443 0.8361 0.7404 0.6585 0.5866 0.5221 0.4644 0.4113 0.3651 0.3254 0.2897 0.2578 0.2298 0.2044
17.7292 15.7492 15.5166 15.7363 14.1535 13.1909 13.2393 12.6918 11.4470 10.4393 9.9824 9.7779 9.3256 8.5364 7.6698 6.9197 6.4576 6.1524 5.9507 5.8107 5.5911 5.3354 4.9549 4.5620 4.1560 3.7618 3.3684 2.9993 2.6754 2.3687 2.0880 1.8486 1.6333 1.4509 1.2897 1.1433 1.0142 0.9005 0.7991 0.7120 0.6354 0.5654 0.5031 0.4464 0.3966 0.3538 0.3156 0.2810 0.2505 0.2229
16.9721 16.5252 17.1488 15.5610 14.3031 14.4345 14.1075 12.8017 11.5942 11.0605 10.8035 10.4242 9.6964 8.7525 7.9077 7.2684 6.8995 6.6218 6.3858 6.1780 5.8776 5.5509 5.1135 4.6837 4.2580 3.8548 3.4582 3.0902 2.7688 2.4634 2.1826 1.9422 1.7242 1.5390 1.3742 1.2229 1.0882 0.9688 0.8616 0.7691 0.6875 0.6116 0.5445 0.4841 0.4305 0.3845 0.3436 0.3061 0.2729 0.2429
17.6202 18.5256 16.8666 15.4797 15.7052 15.5163 14.1680 12.7964 12.1871 12.0001 11.5789 10.8542 9.9137 8.9553 8.2284 7.7207 7.4153 7.1217 6.8177 6.5247 6.1397 5.7459 5.2589 4.7993 4.3605 3.9524 3.5547 3.1882 2.8690 2.5646 2.2835 2.0419 1.8208 1.6327 1.4642 1.3076 1.1671 1.0416 0.9282 0.8301 0.7432 0.6611 0.5888 0.5245 0.4669 0.4174 0.3738 0.3332 0.2972 0.2645
20.0245 18.0829 16.7922 17.2352 17.0340 15.5594 14.1034 13.4695 13.3159 12.9627 12.1146 11.0986 10.1190 9.2942 8.7266 8.3155 8.0138 7.6557 7.2590 6.8718 6.4041 5.9505 5.4238 4.9432 4.4939 4.0826 3.6846 3.3194 3.0013 2.6952 2.4125 2.1685 1.9430 1.7489 1.5734 1.4090 1.2625 1.1318 1.0124 0.9078 0.8139 0.7257 0.6479 0.5782 0.5149 0.4607 0.4135 0.3691 0.3295 0.2935
19.0057 18.2247 18.9423 18.5320 16.8397 15.4210 14.9071 14.7667 14.3668 13.4995 12.3277 11.2847 10.4572 9.8225 9.3720 8.9806 8.6165 8.1561 7.6561 7.1809 6.6446 6.1461 5.5926 5.1000 4.6453 4.2333 3.8356 3.4718 3.1538 2.8444 2.5588 2.3112 2.0799 1.8783 1.6942 1.5207 1.3677 1.2318 1.1063 0.9946 0.8928 0.7983 0.7144 0.6388 0.5691 0.5095 0.4583 0.4097 0.3662 0.3264
19.9725 20.7259 19.7844 17.9532 16.7796 16.5121 16.3824 15.8023 14.7923 13.6150 12.4903 11.6618 11.0398 10.5272 10.0905 9.6338 9.1600 8.5847 7.9922 7.4490 6.8659 6.3399 5.7721 5.2756 4.8194 4.4080 4.0104 3.6471 3.3277 3.0129 2.7227 2.4700 2.2315 2.0208 1.8269 1.6430 1.4828 1.3413 1.2094 1.0899 0.9794 0.8781 0.7877 0.7056 0.6288 0.5632 0.5078 0.4547 0.4069 0.3628
22.2998 20.6169 18.9900 18.3993 18.3685 18.1043 17.2509 16.0053 14.7743 13.7491 12.9109 12.3215 11.8130 11.2962 10.7733 10.1933 9.6064 8.9351 8.2728 7.6892 7.0833 6.5478 5.9770 5.4829 5.0290 4.6187 4.2191 3.8565 3.5363 3.2165 2.9196 2.6596 2.4120 2.1914 1.9871 1.7924 1.6228 1.4728 1.3330 1.2047 1.0846 0.9741 0.8757 0.7870 0.7035 0.6317 0.5701 0.5113 0.4584 0.4095
21.1683 20.3999 20.4634 20.4153 19.7277 18.5315 17.1706 15.9456 15.0229 14.3221 13.6766 13.1504 12.5996 11.9782 11.3259 10.6193 9.9535 9.2252 8.5220 7.9244 7.3160 6.7858 6.2198 5.7314 5.2809 4.8699 4.4651 4.1034 3.7829 3.4589 3.1529 2.8833 2.6243 2.3932 2.1782 1.9724 1.7910 1.6292 1.4800 1.3417 1.2109 1.0883 0.9805 0.8849 0.7956 0.7175 0.6472 0.5814 0.5225 0.4680
22.7333 22.7689 22.1312 20.9133 19.5180 18.2949 17.3195 16.5323 15.8912 15.2710 14.5515 13.8972 13.2088 12.4689 11.7185 10.9349 10.2405 9.4968 8.7802 8.1881 7.5890 7.0712 6.5115 6.0279 5.5772 5.1620 4.7478 4.3852 4.0627 3.7326 3.4153 3.1340 2.8615 2.6183 2.3914 2.1734 1.9787 1.8037 1.6445 1.4952 1.3525 1.2164 1.0980 0.9953 0.8999 0.8150 0.7348 0.6612 0.5957 0.5350
24.4107 23.0475 21.7115 20.5984 19.7372 19.0576 18.4041 17.6756 16.9114 16.0849 15.1565 14.3469 13.5619 12.7619 11.9796 11.1807 10.4983 9.7663 9.0536 8.4759 7.8895 7.3851 6.8308 6.3501 5.8958 5.4731 5.0469 4.6793 4.3526 4.0164 3.6890 3.3974 3.1123 2.8578 2.6197 2.3904 2.1829 1.9948 1.8236 1.6631 1.5094 1.3619 1.2337 1.1228 1.0196 0.9269 0.8366 0.7545 0.6818 0.6141
24.1525 23.3168 22.6369 21.9768 21.2657 20.4642 19.5421 18.5105 17.4737 16.4386 15.3947 14.5403 13.7598 12.9448 12.1681 11.3858 10.7227 10.0066 9.3085 8.7452 8.1681 7.6738 7.1250 6.6487 6.1903 5.7600 5.3220 4.9421 4.6086 4.2691 3.9398 3.6454 3.3536 3.0927 2.8478 2.6118 2.3955 2.1974 2.0099 1.8394 1.6800 1.5305 1.3967 1.2752 1.1601 1.0571 0.9591 0.8686 0.7877 0.7121
26.3360 25.4497 24.4507 23.3688 22.2618 21.1332 19.9764 18.7992 17.6737 16.5944 15.5656 14.7596 14.0422 13.2340 12.4649 11.6889 11.0338 10.3215 9.6280 9.0687 8.4917 8.0005 7.4524 6.9772 6.5119 6.0714 5.6191 5.2244 4.8830 4.5403 4.2095 3.9129 3.6147 3.3477 3.0962 2.8540 2.6290 2.4204 2.2151 2.0340 1.8696 1.7199 1.5811 1.4480 1.3196 1.2052 1.0991 0.9996 0.9099 0.8256
27.4007 26.1487 24.9033 23.6898 22.5430 21.4099 20.2677 19.1174 17.9967 16.9140 15.9083 15.1408 14.4649 13.6360 12.8463 12.0505 11.3857 10.6633 9.9636 9.3988 8.8143 8.3212 7.7704 7.2945 6.8227 6.3727 5.9070 5.4971 5.1476 4.8021 4.4700 4.1718 3.8686 3.5970 3.3404 3.0930 2.8602 2.6419 2.4190 2.2281 2.0599 1.9114 1.7688 1.6244 1.4825 1.3570 1.2435 1.1352 1.0369 0.9439
27.1552 25.9966 24.8502 23.6998 22.5743 21.4585 20.3385 19.2372 18.1404 17.0661 16.0433 15.2585 14.5632 13.7200 12.9137 12.0994 11.4390 10.7166 10.0068 9.4274 8.8296 8.3296 7.7708 7.2890 6.8289 6.3890 5.9319 5.5163 5.1612 4.8097 4.4705 4.1684 3.8674 3.6003 3.3473 3.0986 2.8639 2.6438 2.4219 2.2319 2.0641 1.9118 1.7664 1.6211 1.4799 1.3556 1.2442 1.1364 1.0380 0.9447
