0.0533 0.0544 0.0562 0.0557 0.0492 0.0494 0.0477 0.0439 0.0434 0.0392 0.0379 0.0351 0.0316 0.0301 0.0275 0.0247 0.0228 0.0208 0.0186 0.0169 0.0154 0.0140 0.0125 0.0112 0.0100 0.0090 0.0082 0.0074 0.0067 0.0060 0.0053 0.0047 0.0042 0.0037 0.0033 0.0030 0.0027 0.0024 0.0021 0.0019 0.0017 0.0015 0.0014 0.0012 0.0011 0.0010 0.0009 0.0008 0.0007 0.0006
0.1599 0.1627 0.1681 0.1674 0.1482 0.1481 0.1433 0.1317 0.1303 0.1177 0.1138 0.1052 0.0947 0.0903 0.0826 0.0742 0.0683 0.0623 0.0559 0.0506 0.0461 0.0421 0.0376 0.0335 0.0301 0.0272 0.0247 0.0223 0.0202 0.0181 0.0160 0.0142 0.0126 0.0112 0.0100 0.0089 0.0080 0.0072 0.0064 0.0057 0.0052 0.0046 0.0042 0.0037 0.0034 0.0030 0.0027 0.0024 0.0022 0.0019
0.2669 0.2702 0.2784 0.2800 0.2487 0.2462 0.2395 0.2195 0.2173 0.1962 0.1901 0.1751 0.1580 0.1509 0.1378 0.1236 0.1138 0.1040 0.0933 0.0844 0.0768 0.0701 0.0626 0.0559 0.0501 0.0453 0.0412 0.0372 0.0337 0.0301 0.0266 0.0236 0.0209 0.0186 0.0166 0.0148 0.0134 0.0120 0.0107 0.0096 0.0086 0.0078 0.0070 0.0063 0.0056 0.0050 0.0045 0.0040 0.0036 0.0032
0.3764 0.3772 0.3865 0.3934 0.3521 0.3437 0.3366 0.3075 0.3043 0.2749 0.2671 0.2448 0.2217 0.2122 0.1932 0.1730 0.1595 0.1459 0.1307 0.1181 0.1075 0.0981 0.0876 0.0781 0.0702 0.0634 0.0577 0.0521 0.0472 0.0420 0.0372 0.0330 0.0292 0.0260 0.0232 0.0208 0.0187 0.0169 0.0151 0.0135 0.0121 0.0109 0.0098 0.0088 0.0079 0.0071 0.0063 0.0056 0.0050 0.0045
0.4922 0.4857 0.4923 0.5063 0.4600 0.4412 0.4346 0.3963 0.3910 0.3542 0.3446 0.3140 0.2862 0.2745 0.2487 0.2222 0.2055 0.1882 0.1682 0.1517 0.1382 0.1260 0.1125 0.1003 0.0901 0.0815 0.0742 0.0670 0.0606 0.0539 0.0476 0.0422 0.0373 0.0334 0.0298 0.0267 0.0241 0.0218 0.0195 0.0174 0.0156 0.0140 0.0126 0.0113 0.0101 0.0091 0.0081 0.0072 0.0065 0.0058
0.6185 0.5992 0.5978 0.6167 0.5730 0.5397 0.5335 0.4867 0.4774 0.4343 0.4222 0.3826 0.3518 0.3378 0.3039 0.2713 0.2522 0.2311 0.2058 0.1852 0.1688 0.1540 0.1373 0.1224 0.1101 0.0997 0.0908 0.0818 0.0738 0.0655 0.0578 0.0512 0.0454 0.0407 0.0365 0.0327 0.0296 0.0267 0.0239 0.0213 0.0191 0.0172 0.0154 0.0138 0.0124 0.0111 0.0099 0.0088 0.0079 0.0071
0.7560 0.7214 0.7068 0.7230 0.6902 0.6406 0.6335 0.5790 0.5633 0.5154 0.4990 0.4506 0.4191 0.4019 0.3582 0.3206 0.3002 0.2747 0.2433 0.2186 0.1995 0.1820 0.1621 0.1444 0.1300 0.1178 0.1072 0.0965 0.0868 0.0769 0.0678 0.0602 0.0535 0.0480 0.0432 0.0388 0.0351 0.0317 0.0283 0.0253 0.0226 0.0204 0.0182 0.0163 0.0146 0.0131 0.0117 0.0104 0.0093 0.0084
0.8980 0.8517 0.8228 0.8265 0.8082 0.7439 0.7358 0.6727 0.6496 0.5970 0.5742 0.5181 0.4879 0.4653 0.4107 0.3707 0.3501 0.3187 0.2803 0.2519 0.2304 0.2100 0.1868 0.1663 0.1498 0.1358 0.1235 0.1109 0.0994 0.0880 0.0776 0.0690 0.0615 0.0554 0.0499 0.0450 0.0407 0.0368 0.0328 0.0293 0.0262 0.0235 0.0210 0.0188 0.0168 0.0150 0.0134 0.0119 0.0107 0.0096
1.0349 0.9826 0.9446 0.9318 0.9219 0.8473 0.8419 0.7653 0.7380 0.6775 0.6473 0.5851 0.5570 0.5256 0.4609 0.4228 0.4018 0.3621 0.3163 0.2850 0.2616 0.2383 0.2113 0.1880 0.1695 0.1536 0.1394 0.1248 0.1117 0.0988 0.0873 0.0779 0.0697 0.0630 0.0569 0.0513 0.0464 0.0419 0.0373 0.0332 0.0296 0.0266 0.0237 0.0212 0.0190 0.0169 0.0151 0.0134 0.0120 0.0108
1.1664 1.1070 1.0625 1.0411 1.0284 0.9468 0.9492 0.8544 0.8301 0.7551 0.7192 0.6510 0.6235 0.5800 0.5095 0.4776 0.4537 0.4029 0.3508 0.3186 0.2935 0.2666 0.2356 0.2094 0.1889 0.1711 0.1548 0.1383 0.1236 0.1094 0.0970 0.0869 0.0779 0.0706 0.0638 0.0575 0.0520 0.0468 0.0416 0.0370 0.0329 0.0295 0.0263 0.0235 0.0210 0.0187 0.0167 0.0149 0.0133 0.0120
1.2991 1.2376 1.1659 1.1471 1.1315 1.0411 1.0468 0.9441 0.9242 0.8308 0.7929 0.7155 0.6865 0.6295 0.5602 0.5356 0.5033 0.4404 0.3855 0.3545 0.3274 0.2959 0.2604 0.2314 0.2088 0.1890 0.1706 0.1520 0.1359 0.1206 0.1073 0.0964 0.0867 0.0786 0.0710 0.0639 0.0576 0.0517 0.0459 0.0406 0.0361 0.0323 0.0288 0.0257 0.0230 0.0206 0.0183 0.0164 0.0146 0.0132
1.4109 1.3893 1.2671 1.2335 1.2336 1.1341 1.1181 1.0446 1.0083 0.9090 0.8695 0.7791 0.7476 0.6784 0.6155 0.5933 0.5467 0.4755 0.4238 0.3949 0.3637 0.3262 0.2863 0.2549 0.2303 0.2081 0.1874 0.1670 0.1495 0.1331 0.1187 0.1069 0.0962 0.0871 0.0785 0.0703 0.0631 0.0565 0.0501 0.0443 0.0394 0.0352 0.0314 0.0281 0.0252 0.0226 0.0201 0.0180 0.0161 0.0145
1.4497 1.5049 1.4078 1.2932 1.3194 1.2355 1.1583 1.1530 1.0618 0.9952 0.9418 0.8420 0.8086 0.7278 0.6711 0.6421 0.5810 0.5106 0.4663 0.4369 0.3984 0.3547 0.3117 0.2788 0.2523 0.2277 0.2046 0.1824 0.1638 0.1461 0.1306 0.1176 0.1055 0.0952 0.0855 0.0763 0.0683 0.0610 0.0541 0.0479 0.0426 0.0381 0.0340 0.0306 0.0275 0.0246 0.0220 0.0197 0.0176 0.0159
1.4450 1.4990 1.5596 1.3697 1.3706 1.3520 1.1966 1.2459 1.0951 1.0925 1.0006 0.9105 0.8722 0.7797 0.7245 0.6833 0.6157 0.5535 0.5127 0.4758 0.4282 0.3805 0.3371 0.3038 0.2753 0.2479 0.2225 0.1986 0.1786 0.1596 0.1425 0.1281 0.1146 0.1030 0.0922 0.0820 0.0734 0.0656 0.0582 0.0517 0.0461 0.0413 0.0370 0.0333 0.0300 0.0270 0.0241 0.0215 0.0193 0.0174
1.5304 1.4734 1.5919 1.5271 1.3962 1.4569 1.2840 1.3121 1.1598 1.1789 1.0469 0.9894 0.9359 0.8371 0.7822 0.7315 0.6649 0.6054 0.5557 0.5066 0.4541 0.4080 0.3659 0.3313 0.2993 0.2686 0.2408 0.2154 0.1941 0.1735 0.1546 0.1385 0.1236 0.1109 0.0991 0.0882 0.0789 0.0707 0.0629 0.0560 0.0502 0.0450 0.0404 0.0364 0.0328 0.0295 0.0263 0.0235 0.0211 0.0190
1.7524 1.6169 1.5896 1.6754 1.4940 1.5254 1.4323 1.3806 1.2784 1.2494 1.1232 1.0757 0.9990 0.9070 0.8511 0.7946 0.7256 0.6550 0.5918 0.5392 0.4909 0.4476 0.4023 0.3615 0.3237 0.2893 0.2595 0.2329 0.2103 0.1879 0.1672 0.1494 0.1331 0.1194 0.1069 0.0952 0.0855 0.0767 0.0684 0.0611 0.0548 0.0492 0.0441 0.0397 0.0359 0.0322 0.0287 0.0256 0.0229 0.0206
1.9162 1.8411 1.7572 1.7799 1.6952 1.6309 1.5695 1.4857 1.4184 1.3676 1.2400 1.1603 1.0859 0.9896 0.9186 0.8571 0.7801 0.7010 0.6419 0.5990 0.5515 0.4980 0.4389 0.3886 0.3464 0.3108 0.2804 0.2527 0.2283 0.2035 0.1805 0.1610 0.1433 0.1288 0.1155 0.1030 0.0925 0.0830 0.0741 0.0662 0.0593 0.0531 0.0475 0.0428 0.0386 0.0346 0.0308 0.0274 0.0245 0.0220
2.0800 2.0258 1.9332 1.9453 1.8372 1.7918 1.7082 1.6413 1.5114 1.4586 1.3159 1.2981 1.2097 1.0612 0.9874 0.9229 0.8304 0.7520 0.7015 0.6531 0.5872 0.5190 0.4576 0.4134 0.3775 0.3440 0.3113 0.2791 0.2500 0.2209 0.1947 0.1732 0.1540 0.1383 0.1240 0.1104 0.0989 0.0885 0.0790 0.0704 0.0630 0.0563 0.0503 0.0453 0.0409 0.0367 0.0326 0.0291 0.0260 0.0234
2.0444 2.1234 2.0228 1.9168 1.9582 1.7876 1.7977 1.6409 1.6185 1.4846 1.4033 1.3228 1.2075 1.1314 1.0525 0.9579 0.8800 0.8106 0.7358 0.6636 0.5992 0.5476 0.4964 0.4493 0.4030 0.3594 0.3217 0.2888 0.2617 0.2350 0.2103 0.1888 0.1685 0.1512 0.1349 0.1195 0.1065 0.0949 0.0844 0.0751 0.0672 0.0600 0.0537 0.0484 0.0437 0.0393 0.0349 0.0312 0.0279 0.0251
2.1368 2.1560 2.2081 2.0271 2.0530 1.9281 1.8839 1.7578 1.7153 1.5715 1.5054 1.3995 1.2879 1.2095 1.1168 1.0195 0.9408 0.8635 0.7809 0.7068 0.6419 0.5874 0.5307 0.4783 0.4290 0.3838 0.3450 0.3101 0.2810 0.2522 0.2255 0.2023 0.1803 0.1616 0.1442 0.1278 0.1140 0.1016 0.0905 0.0806 0.0722 0.0646 0.0577 0.0519 0.0468 0.0420 0.0374 0.0334 0.0299 0.0269
2.3841 2.2170 2.3003 2.2146 2.1116 2.0939 1.9572 1.8943 1.7993 1.6736 1.6053 1.4786 1.3745 1.2874 1.1836 1.0852 1.0025 0.9163 0.8281 0.7532 0.6869 0.6280 0.5649 0.5076 0.4561 0.4098 0.3701 0.3328 0.3013 0.2699 0.2410 0.2160 0.1923 0.1723 0.1537 0.1365 0.1218 0.1087 0.0969 0.0865 0.0775 0.0693 0.0619 0.0556 0.0501 0.0449 0.0400 0.0357 0.0320 0.0288
2.5736 2.4319 2.3294 2.4034 2.2024 2.2371 2.0513 2.0301 1.8810 1.7898 1.7005 1.5638 1.4655 1.3660 1.2545 1.1540 1.0644 0.9701 0.8785 0.8031 0.7335 0.6688 0.5993 0.5378 0.4850 0.4378 0.3970 0.3567 0.3223 0.2880 0.2568 0.2299 0.2046 0.1833 0.1637 0.1455 0.1301 0.1162 0.1037 0.0927 0.0831 0.0744 0.0664 0.0595 0.0535 0.0479 0.0427 0.0382 0.0342 0.0308
2.5664 2.6677 2.4530 2.5006 2.3749 2.3290 2.1914 2.1445 1.9771 1.9127 1.7923 1.6572 1.5596 1.4470 1.3298 1.2243 1.1266 1.0268 0.9331 0.8555 0.7806 0.7095 0.6345 0.5696 0.5162 0.4681 0.4257 0.3816 0.3438 0.3064 0.2729 0.2441 0.2173 0.1948 0.1741 0.1551 0.1389 0.1242 0.1110 0.0992 0.0891 0.0798 0.0711 0.0636 0.0571 0.0511 0.0456 0.0407 0.0364 0.0328
2.6526 2.7232 2.6991 2.5440 2.5768 2.4002 2.3600 2.2344 2.0967 2.0307 1.8825 1.7566 1.6550 1.5309 1.4078 1.2953 1.1914 1.0887 0.9924 0.9095 0.8275 0.7505 0.6717 0.6049 0.5502 0.5001 0.4548 0.4070 0.3659 0.3256 0.2897 0.2591 0.2307 0.2070 0.1854 0.1653 0.1481 0.1325 0.1186 0.1061 0.0954 0.0854 0.0761 0.0680 0.0610 0.0545 0.0486 0.0435 0.0389 0.0350
2.9654 2.7537 2.8773 2.6766 2.7100 2.5192 2.5111 2.3236 2.2358 2.1377 1.9761 1.8613 1.7521 1.6169 1.4866 1.3681 1.2614 1.1565 1.0549 0.9637 0.8742 0.7929 0.7122 0.6446 0.5872 0.5333 0.4838 0.4326 0.3886 0.3459 0.3075 0.2750 0.2450 0.2203 0.1977 0.1764 0.1580 0.1412 0.1265 0.1134 0.1021 0.0914 0.0814 0.0727 0.0652 0.0583 0.0520 0.0464 0.0415 0.0374
3.1153 3.0001 2.9155 2.9133 2.7767 2.7055 2.6201 2.4435 2.3791 2.2373 2.0804 1.9728 1.8517 1.7039 1.5667 1.4457 1.3379 1.2280 1.1176 1.0173 0.9218 0.8384 0.7568 0.6878 0.6263 0.5675 0.5130 0.4582 0.4116 0.3668 0.3261 0.2918 0.2602 0.2346 0.2109 0.1882 0.1684 0.1505 0.1349 0.1211 0.1091 0.0976 0.0869 0.0775 0.0696 0.0623 0.0555 0.0496 0.0443 0.0398
3.1072 3.2510 3.0259 3.0944 2.8873 2.8928 2.7127 2.6001 2.5094 2.3380 2.1982 2.0894 1.9509 1.7909 1.6513 1.5309 1.4197 1.3000 1.1789 1.0711 0.9724 0.8884 0.8057 0.7339 0.6668 0.6019 0.5421 0.4839 0.4351 0.3886 0.3459 0.3098 0.2766 0.2499 0.2252 0.2008 0.1796 0.1602 0.1438 0.1291 0.1164 0.1042 0.0927 0.0826 0.0742 0.0665 0.0592 0.0528 0.0472 0.0424
3.3647 3.3019 3.2906 3.1711 3.0927 3.0213 2.8394 2.7685 2.6227 2.4511 2.3287 2.2057 2.0469 1.8805 1.7446 1.6238 1.5031 1.3697 1.2393 1.1276 1.0283 0.9437 0.8581 0.7816 0.7076 0.6361 0.5710 0.5101 0.4596 0.4118 0.3671 0.3292 0.2943 0.2664 0.2404 0.2142 0.1913 0.1705 0.1531 0.1375 0.1241 0.1110 0.0987 0.0879 0.0790 0.0709 0.0630 0.0562 0.0503 0.0450
3.6106 3.4073 3.4689 3.2788 3.2863 3.1099 3.0043 2.9126 2.7281 2.5826 2.4625 2.3118 2.1373 1.9779 1.8491 1.7206 1.5836 1.4366 1.3009 1.1905 1.0923 1.0054 0.9138 0.8303 0.7500 0.6730 0.6036 0.5394 0.4866 0.4368 0.3906 0.3514 0.3149 0.2851 0.2571 0.2291 0.2049 0.1829 0.1639 0.1471 0.1326 0.1187 0.1056 0.0939 0.0842 0.0755 0.0673 0.0601 0.0537 0.0481
3.6340 3.6662 3.5345 3.4868 3.4065 3.2377 3.1796 3.0293 2.8481 2.7324 2.5901 2.4081 2.2332 2.0892 1.9601 1.8136 1.6586 1.5038 1.3685 1.2612 1.1620 1.0694 0.9694 0.8781 0.7921 0.7105 0.6377 0.5707 0.5159 0.4641 0.4162 0.3754 0.3370 0.3051 0.2748 0.2448 0.2191 0.1958 0.1752 0.1570 0.1415 0.1267 0.1128 0.1003 0.0897 0.0802 0.0718 0.0641 0.0573 0.0513
3.7917 3.8141 3.6708 3.6731 3.5033 3.4123 3.3262 3.1372 2.9949 2.8856 2.7004 2.5019 2.3445 2.2120 2.0681 1.8980 1.7312 1.5768 1.4454 1.3390 1.2347 1.1330 1.0233 0.9248 0.8345 0.7497 0.6742 0.6048 0.5479 0.4937 0.4438 0.4010 0.3605 0.3260 0.2932 0.2611 0.2338 0.2093 0.1869 0.1673 0.1508 0.1351 0.1203 0.1069 0.0954 0.0852 0.0765 0.0684 0.0611 0.0548
4.0184 3.8964 3.8744 3.7886 3.6400 3.5900 3.4370 3.2638 3.1622 3.0202 2.7954 2.6092 2.4737 2.3345 2.1644 1.9760 1.8088 1.6608 1.5313 1.4205 1.3064 1.1940 1.0754 0.9716 0.8789 0.7921 0.7144 0.6423 0.5829 0.5256 0.4733 0.4281 0.3851 0.3478 0.3124 0.2780 0.2491 0.2233 0.1991 0.1781 0.1604 0.1439 0.1282 0.1139 0.1014 0.0905 0.0815 0.0729 0.0652 0.0584
4.1235 4.0316 4.0341 3.8813 3.8212 3.7318 3.5393 3.4248 3.3202 3.1249 2.8990 2.7456 2.6120 2.4438 2.2502 2.0606 1.9049 1.7638 1.6299 1.5066 1.3784 1.2559 1.1312 1.0248 0.9310 0.8426 0.7627 0.6875 0.6245 0.5629 0.5071 0.4589 0.4125 0.3725 0.3346 0.2976 0.2666 0.2388 0.2131 0.1906 0.1715 0.1540 0.1374 0.1223 0.1090 0.0973 0.0875 0.0783 0.0700 0.0628
4.1824 4.2156 4.1145 4.0169 3.9993 3.8188 3.6758 3.6031 3.4379 3.2173 3.0308 2.8967 2.7350 2.5346 2.3350 2.1587 2.0152 1.8730 1.7270 1.5878 1.4467 1.3174 1.1898 1.0829 0.9887 0.8984 0.8154 0.7359 0.6686 0.6018 0.5422 0.4907 0.4408 0.3981 0.3576 0.3182 0.2849 0.2550 0.2278 0.2038 0.1833 0.1647 0.1471 0.1313 0.1171 0.1045 0.0939 0.0841 0.0751 0.0674
4.3354 4.3266 4.1744 4.2194 4.0876 3.9122 3.8657 3.7411 3.5175 3.3360 3.1904 3.0355 2.8321 2.6185 2.4333 2.2736 2.1334 1.9800 1.8178 1.6642 1.5143 1.3823 1.2542 1.1475 1.0523 0.9589 0.8714 0.7868 0.7141 0.6416 0.5782 0.5233 0.4700 0.4246 0.3817 0.3397 0.3041 0.2721 0.2434 0.2178 0.1958 0.1762 0.1576 0.1410 0.1258 0.1123 0.1009 0.0903 0.0806 0.0724
4.5178 4.3128 4.3924 4.3283 4.1292 4.1031 4.0322 3.8117 3.6185 3.5027 3.3488 3.1455 2.9204 2.7212 2.5574 2.4033 2.2524 2.0815 1.9048 1.7427 1.5895 1.4575 1.3288 1.2204 1.1221 1.0240 0.9310 0.8402 0.7622 0.6845 0.6168 0.5583 0.5015 0.4533 0.4079 0.3634 0.3257 0.2917 0.2613 0.2340 0.2105 0.1895 0.1697 0.1520 0.1358 0.1213 0.1089 0.0974 0.0871 0.0782
4.4389 4.5510 4.5394 4.3219 4.3219 4.3001 4.0895 3.8938 3.7954 3.6833 3.4712 3.2382 3.0319 2.8610 2.7066 2.5398 2.3685 2.1806 1.9948 1.8319 1.6802 1.5483 1.4158 1.3019 1.1975 1.0930 0.9942 0.8971 0.8144 0.7329 0.6602 0.5976 0.5372 0.4860 0.4377 0.3907 0.3511 0.3155 0.2829 0.2538 0.2288 0.2060 0.1844 0.1648 0.1476 0.1322 0.1186 0.1062 0.0949 0.0853
4.6996 4.7065 4.4700 4.5284 4.5448 4.3278 4.1390 4.0799 3.9968 3.8075 3.5526 3.3417 3.1766 3.0217 2.8560 2.6660 2.4764 2.2793 2.0915 1.9315 1.7814 1.6473 1.5083 1.3865 1.2746 1.1632 1.0587 0.9553 0.8684 0.7837 0.7061 0.6393 0.5755 0.5212 0.4699 0.4203 0.3788 0.3416 0.3066 0.2755 0.2489 0.2241 0.2004 0.1788 0.1605 0.1440 0.1292 0.1157 0.1035 0.0930
4.8126 4.5745 4.7214 4.7679 4.5227 4.3552 4.3445 4.3018 4.1165 3.8712 3.6472 3.4902 3.3507 3.1840 2.9929 2.7821 2.5836 2.3856 2.1995 2.0421 1.8910 1.7518 1.6037 1.4726 1.3525 1.2345 1.1248 1.0158 0.9252 0.8378 0.7554 0.6844 0.6170 0.5594 0.5049 0.4525 0.4091 0.3700 0.3324 0.2992 0.2709 0.2439 0.2179 0.1940 0.1745 0.1569 0.1408 0.1261 0.1129 0.1014
4.6895 4.9463 4.9502 4.6985 4.5927 4.6412 4.6025 4.4197 4.1841 3.9921 3.8288 3.6916 3.5322 3.3360 3.1247 2.9079 2.7116 2.5172 2.3317 2.1709 2.0130 1.8666 1.7101 1.5717 1.4449 1.3207 1.2058 1.0906 0.9942 0.8999 0.8141 0.7403 0.6692 0.6078 0.5497 0.4939 0.4472 0.4049 0.3634 0.3270 0.2960 0.2670 0.2392 0.2141 0.1930 0.1738 0.1559 0.1397 0.1251 0.1124
5.1819 5.0406 4.8138 4.8558 4.9556 4.8827 4.6701 4.4668 4.3266 4.2186 4.0622 3.8884 3.6871 3.4695 3.2555 3.0461 2.8571 2.6650 2.4762 2.3076 2.1400 1.9857 1.8215 1.6771 1.5445 1.4148 1.2951 1.1738 1.0708 0.9683 0.8792 0.8026 0.7275 0.6620 0.5997 0.5403 0.4899 0.4438 0.3978 0.3575 0.3236 0.2924 0.2629 0.2367 0.2138 0.1927 0.1730 0.1551 0.1389 0.1249
5.0203 4.9592 5.1567 5.2482 5.0993 4.8768 4.7301 4.6655 4.6036 4.4848 4.2644 4.0391 3.8153 3.6020 3.4015 3.2045 3.0203 2.8254 2.6289 2.4499 2.2716 2.1100 1.9392 1.7899 1.6521 1.5174 1.3929 1.2651 1.1549 1.0431 0.9504 0.8707 0.7912 0.7212 0.6543 0.5909 0.5365 0.4861 0.4352 0.3908 0.3535 0.3200 0.2888 0.2616 0.2368 0.2137 0.1919 0.1721 0.1542 0.1388
5.2970 5.5021 5.4347 5.2275 5.0772 5.0416 5.0432 4.9944 4.8624 4.6635 4.3985 4.1658 3.9550 3.7607 3.5749 3.3851 3.1976 2.9944 2.7884 2.6010 2.4147 2.2453 2.0673 1.9124 1.7693 1.6292 1.4996 1.3665 1.2514 1.1332 1.0343 0.9492 0.8642 0.7889 0.7168 0.6492 0.5907 0.5363 0.4811 0.4330 0.3926 0.3561 0.3219 0.2923 0.2651 0.2396 0.2155 0.1935 0.1736 0.1564
5.7093 5.4929 5.3599 5.3761 5.4372 5.4509 5.3686 5.2008 4.9893 4.7688 4.5322 4.3324 4.1440 3.9594 3.7753 3.5828 3.3842 3.1692 2.9544 2.7624 2.5710 2.3931 2.2067 2.0451 1.8963 1.7501 1.6146 1.4779 1.3601 1.2389 1.1312 1.0383 0.9466 0.8654 0.7878 0.7156 0.6531 0.5948 0.5365 0.4853 0.4422 0.4016 0.3633 0.3298 0.2995 0.2712 0.2444 0.2199 0.1977 0.1785
5.6314 5.7323 5.8368 5.8587 5.7753 5.6403 5.4775 5.2993 5.1200 4.9422 4.7486 4.5677 4.3784 4.1832 3.9879 3.7869 3.5750 3.3488 3.1267 2.9319 2.7365 2.5502 2.3553 2.1865 2.0316 1.8790 1.7372 1.5968 1.4767 1.3529 1.2358 1.1343 1.0357 0.9483 0.8647 0.7879 0.7213 0.6591 0.5977 0.5435 0.4977 0.4526 0.4097 0.3718 0.3381 0.3068 0.2770 0.2498 0.2251 0.2036
6.3106 6.2711 6.1349 5.9796 5.8394 5.7407 5.6505 5.5327 5.3890 5.2206 5.0274 4.8309 4.6190 4.4006 4.1863 3.9704 3.7498 3.5170 3.2908 3.0948 2.8967 2.7041 2.5011 2.3252 2.1646 2.0069 1.8610 1.7175 1.5951 1.4680 1.3432 1.2349 1.1303 1.0380 0.9495 0.8675 0.7964 0.7298 0.6650 0.6076 0.5589 0.5095 0.4620 0.4194 0.3823 0.3478 0.3150 0.2848 0.2574 0.2334
6.4740 6.3658 6.2894 6.2377 6.1858 6.1198 6.0174 5.8594 5.6852 5.4933 5.2827 5.0664 4.8346 4.5923 4.3519 4.1060 3.8844 3.6522 3.4250 3.2288 3.0297 2.8357 2.6264 2.4437 2.2788 2.1203 1.9760 1.8308 1.7055 1.5722 1.4450 1.3351 1.2286 1.1358 1.0452 0.9566 0.8795 0.8073 0.7385 0.6771 0.6248 0.5727 0.5215 0.4744 0.4341 0.3967 0.3611 0.3280 0.2975 0.2706
6.9492 6.9069 6.8460 6.7628 6.6517 6.5021 6.3189 6.0947 5.8935 5.6952 5.4879 5.2700 5.0320 4.7750 4.5136 4.2399 4.0191 3.7884 3.5609 3.3649 3.1651 2.9700 2.7543 2.5647 2.3959 2.2371 2.0957 1.9495 1.8216 1.6822 1.5531 1.4424 1.3345 1.2419 1.1499 1.0543 0.9708 0.8926 0.8196 0.7541 0.6981 0.6434 0.5883 0.5363 0.4927 0.4524 0.4139 0.3775 0.3437 0.3138
7.4366 7.3025 7.1788 7.0492 6.9034 6.7156 6.4996 6.2500 6.0503 5.8641 5.6721 5.4592 5.2182 4.9472 4.6650 4.3637 4.1430 3.9137 3.6864 3.4908 3.2906 3.0948 2.8730 2.6765 2.5038 2.3456 2.2080 2.0615 1.9321 1.7880 1.6575 1.5464 1.4378 1.3460 1.2533 1.1507 1.0613 0.9773 0.9004 0.8311 0.7716 0.7145 0.6560 0.5992 0.5524 0.5092 0.4682 0.4287 0.3917 0.3587
7.4104 7.2928 7.1854 7.0632 6.9117 6.7255 6.5120 6.2650 6.0585 5.8631 5.6698 5.4572 5.2174 4.9394 4.6556 4.3581 4.1342 3.9042 3.6817 3.4881 3.2889 3.0934 2.8669 2.6640 2.4873 2.3294 2.1950 2.0493 1.9245 1.7897 1.6579 1.5450 1.4365 1.3433 1.2490 1.1465 1.0585 0.9764 0.9000 0.8300 0.7690 0.7120 0.6540 0.5984 0.5511 0.5078 0.4680 0.4289 0.3920 0.3590
