0.2186 0.2177 0.2167 0.1856 0.1756 0.1649 0.1533 0.1450 0.1398 0.1516 0.1133 0.1072 0.1201 0.1214 0.1154 0.1038 0.0840 0.0617 0.0519 0.0592 0.0720 0.0777 0.0706 0.0561 0.0408 0.0293 0.0227 0.0198 0.0188 0.0184 0.0176 0.0164 0.0149 0.0132 0.0115 0.0099 0.0085 0.0073 0.0063 0.0054 0.0047 0.0041 0.0036 0.0032 0.0028 0.0025 0.0022 0.0020 0.0018 0.0016
0.6553 0.6506 0.6479 0.5572 0.5270 0.4941 0.4591 0.4340 0.4186 0.4536 0.3399 0.3217 0.3616 0.3662 0.3476 0.3122 0.2529 0.1857 0.1552 0.1758 0.2139 0.2320 0.2117 0.1691 0.1234 0.0889 0.0684 0.0591 0.0562 0.0547 0.0525 0.0491 0.0444 0.0395 0.0345 0.0298 0.0256 0.0220 0.0189 0.0163 0.0140 0.0123 0.0108 0.0096 0.0085 0.0075 0.0067 0.0060 0.0054 0.0048
1.0909 1.0773 1.0726 0.9295 0.8801 0.8215 0.7622 0.7201 0.6953 0.7525 0.5668 0.5363 0.6077 0.6170 0.5838 0.5229 0.4242 0.3117 0.2574 0.2876 0.3497 0.3823 0.3528 0.2849 0.2096 0.1510 0.1153 0.0983 0.0925 0.0898 0.0863 0.0810 0.0736 0.0657 0.0576 0.0499 0.0429 0.0369 0.0317 0.0273 0.0235 0.0205 0.0181 0.0160 0.0142 0.0126 0.0112 0.0100 0.0089 0.0080
1.5268 1.4972 1.4873 1.3018 1.2373 1.1467 1.0611 1.0025 0.9676 1.0472 0.7942 0.7514 0.8621 0.8778 0.8260 0.7369 0.5994 0.4413 0.3584 0.3914 0.4752 0.5258 0.4933 0.4051 0.3017 0.2179 0.1644 0.1375 0.1275 0.1231 0.1184 0.1117 0.1021 0.0916 0.0808 0.0701 0.0605 0.0521 0.0448 0.0385 0.0332 0.0290 0.0255 0.0225 0.0199 0.0177 0.0157 0.0140 0.0125 0.0112
1.9667 1.9142 1.8917 1.6715 1.6026 1.4702 1.3544 1.2816 1.2330 1.3386 1.0219 0.9680 1.1296 1.1524 1.0749 0.9541 0.7795 0.5767 0.4590 0.4852 0.5861 0.6588 0.6321 0.5309 0.4023 0.2922 0.2177 0.1777 0.1611 0.1539 0.1480 0.1404 0.1293 0.1169 0.1038 0.0906 0.0784 0.0677 0.0582 0.0502 0.0432 0.0376 0.0330 0.0292 0.0257 0.0228 0.0203 0.0180 0.0161 0.0144
2.4153 2.3362 2.2920 2.0342 1.9816 1.7950 1.6423 1.5593 1.4887 1.6299 1.2493 1.1879 1.4162 1.4436 1.3296 1.1729 0.9653 0.7210 0.5617 0.5682 0.6787 0.7769 0.7667 0.6627 0.5140 0.3770 0.2778 0.2204 0.1940 0.1823 0.1748 0.1665 0.1546 0.1411 0.1263 0.1110 0.0966 0.0837 0.0722 0.0622 0.0535 0.0466 0.0409 0.0360 0.0317 0.0280 0.0249 0.0221 0.0197 0.0176
2.8769 2.7703 2.7050 2.3867 2.3780 2.1275 1.9269 1.8379 1.7330 1.9265 1.4744 1.4152 1.7292 1.7522 1.5862 1.3897 1.1572 0.8785 0.6713 0.6418 0.7504 0.8756 0.8937 0.7998 0.6387 0.4760 0.3486 0.2687 0.2281 0.2088 0.1984 0.1895 0.1773 0.1634 0.1477 0.1309 0.1148 0.0999 0.0864 0.0746 0.0642 0.0559 0.0490 0.0431 0.0378 0.0334 0.0296 0.0262 0.0234 0.0208
3.3522 3.2158 3.1550 2.7348 2.7885 2.4811 2.2133 2.1186 1.9678 2.2345 1.6936 1.6569 2.0754 2.0753 1.8373 1.5989 1.3550 1.0550 0.7959 0.7112 0.8006 0.9501 1.0077 0.9395 0.7773 0.5926 0.4346 0.3269 0.2664 0.2353 0.2194 0.2089 0.1966 0.1830 0.1672 0.1497 0.1324 0.1160 0.1008 0.0873 0.0753 0.0656 0.0574 0.0504 0.0442 0.0390 0.0344 0.0305 0.0271 0.0241
3.8309 3.6606 3.6590 3.1061 3.1946 2.8788 2.5071 2.4006 2.2009 2.5569 1.9021 1.9239 2.4595 2.4039 2.0712 1.7937 1.5590 1.2581 0.9471 0.7865 0.8327 0.9968 1.1017 1.0758 0.9277 0.7291 0.5406 0.4005 0.3137 0.2651 0.2397 0.2254 0.2122 0.1990 0.1837 0.1663 0.1485 0.1313 0.1148 0.0999 0.0865 0.0754 0.0660 0.0580 0.0508 0.0447 0.0395 0.0349 0.0310 0.0275
4.2784 4.0913 4.1991 3.5579 3.5596 3.3526 2.8103 2.6816 2.4461 2.8874 2.0954 2.2303 2.8788 2.7212 2.2734 1.9667 1.7694 1.4963 1.1406 0.8839 0.8559 1.0144 1.1672 1.1987 1.0833 0.8840 0.6698 0.4951 0.3763 0.3033 0.2626 0.2407 0.2245 0.2110 0.1963 0.1795 0.1620 0.1446 0.1276 0.1118 0.0972 0.0851 0.0747 0.0657 0.0576 0.0506 0.0446 0.0394 0.0349 0.0310
4.6364 4.5075 4.7046 4.1577 3.8447 3.9339 3.1184 2.9665 2.7220 3.2067 2.2780 2.5929 3.3201 3.0045 2.4318 2.1154 1.9887 1.7792 1.3961 1.0288 0.8899 1.0091 1.1968 1.2945 1.2318 1.0510 0.8229 0.6165 0.4624 0.3583 0.2953 0.2599 0.2368 0.2206 0.2056 0.1893 0.1725 0.1556 0.1385 0.1224 0.1072 0.0944 0.0832 0.0734 0.0644 0.0567 0.0500 0.0441 0.0391 0.0347
4.9018 4.9094 5.0898 4.9090 4.0495 4.6136 3.4158 3.2692 3.0346 3.4783 2.4638 3.0185 3.7512 3.2268 2.5402 2.2418 2.2164 2.1083 1.7275 1.2486 0.9627 0.9950 1.1859 1.3449 1.3514 1.2134 0.9915 0.7648 0.5778 0.4389 0.3468 0.2909 0.2549 0.2320 0.2139 0.1968 0.1801 0.1637 0.1471 0.1312 0.1159 0.1028 0.0911 0.0808 0.0712 0.0629 0.0555 0.0491 0.0435 0.0386
5.2845 5.2460 5.3476 5.6570 4.2556 5.2876 3.6857 3.6026 3.3518 3.6521 2.6689 3.4829 4.1171 3.3634 2.6015 2.3496 2.4402 2.4620 2.1255 1.5568 1.1009 0.9915 1.1323 1.3268 1.4077 1.3369 1.1503 0.9258 0.7186 0.5481 0.4235 0.3410 0.2857 0.2501 0.2247 0.2037 0.1856 0.1688 0.1525 0.1370 0.1221 0.1091 0.0974 0.0869 0.0770 0.0683 0.0606 0.0537 0.0477 0.0423
6.1164 5.4539 5.5741 6.1096 4.6114 5.7526 3.9558 3.9716 3.6123 3.7069 2.9200 3.9274 4.3592 3.4171 2.6425 2.4480 2.6338 2.7897 2.5500 1.9512 1.3359 1.0373 1.0554 1.2295 1.3664 1.3777 1.2589 1.0703 0.8689 0.6818 0.5300 0.4194 0.3394 0.2851 0.2465 0.2169 0.1937 0.1743 0.1569 0.1411 0.1263 0.1134 0.1019 0.0915 0.0815 0.0727 0.0647 0.0576 0.0514 0.0457
7.1688 5.6949 5.8059 6.1119 5.1450 5.8223 4.2904 4.3380 3.7711 3.6883 3.2227 4.2507 4.4446 3.4362 2.7078 2.5391 2.7444 2.9952 2.9063 2.3872 1.6886 1.1927 1.0123 1.0780 1.2133 1.2928 1.2635 1.1486 0.9913 0.8181 0.6578 0.5277 0.4243 0.3481 0.2911 0.2471 0.2138 0.1876 0.1661 0.1478 0.1316 0.1179 0.1060 0.0954 0.0853 0.0763 0.0682 0.0609 0.0545 0.0486
7.4127 6.2353 5.9891 5.9443 5.5584 5.5860 4.6830 4.6513 3.9101 3.7162 3.5205 4.3369 4.4135 3.5226 2.8403 2.6048 2.7015 2.9482 3.0375 2.7531 2.1457 1.5374 1.1239 0.9771 1.0026 1.0811 1.1220 1.0992 1.0233 0.9051 0.7715 0.6460 0.5330 0.4407 0.3657 0.3044 0.2566 0.2190 0.1890 0.1647 0.1442 0.1275 0.1135 0.1015 0.0904 0.0807 0.0720 0.0644 0.0576 0.0515
6.9262 6.5634 6.4532 5.9903 5.5807 5.4890 4.9256 5.0301 4.2919 3.8890 3.6870 4.1344 4.4086 3.8052 3.0479 2.6147 2.4818 2.5694 2.7695 2.8498 2.6031 2.1264 1.5772 1.1649 0.9417 0.8723 0.8779 0.8976 0.8991 0.8617 0.7931 0.7098 0.6179 0.5315 0.4521 0.3807 0.3209 0.2716 0.2311 0.1981 0.1706 0.1481 0.1297 0.1144 0.1006 0.0890 0.0788 0.0700 0.0624 0.0555
7.1083 6.5425 7.2787 6.5059 6.0383 5.7781 4.9047 5.8701 5.0510 4.1373 3.7283 3.7600 4.5416 4.3224 3.2827 2.5874 2.2944 2.1035 2.1201 2.4105 2.7027 2.7579 2.4563 1.9738 1.4787 1.0962 0.8521 0.7268 0.6771 0.6540 0.6342 0.6076 0.5666 0.5193 0.4667 0.4108 0.3585 0.3111 0.2693 0.2331 0.2016 0.1748 0.1523 0.1334 0.1164 0.1021 0.0896 0.0790 0.0699 0.0617
7.9128 7.5037 8.1266 6.9737 6.7145 6.5549 5.7717 5.6421 5.2480 4.5269 4.8160 3.9178 3.6426 3.8794 3.2934 2.6724 2.7754 2.9601 2.6368 2.0386 1.6456 1.6932 1.9983 2.3155 2.4501 2.3681 2.1103 1.7750 1.4422 1.1393 0.8915 0.7052 0.5645 0.4638 0.3893 0.3312 0.2867 0.2514 0.2226 0.1983 0.1770 0.1582 0.1419 0.1274 0.1136 0.1015 0.0905 0.0808 0.0723 0.0644
9.2187 7.8607 8.1399 7.9400 6.7593 7.2341 5.9060 6.2458 5.3213 5.0173 5.0609 4.0534 4.0225 4.1178 3.3793 2.8644 3.0487 3.1506 2.7210 2.1052 1.7610 1.8583 2.1767 2.4773 2.5837 2.4772 2.2020 1.8551 1.5144 1.2045 0.9492 0.7556 0.6079 0.5011 0.4212 0.3583 0.3098 0.2712 0.2395 0.2131 0.1900 0.1698 0.1521 0.1364 0.1216 0.1085 0.0968 0.0864 0.0773 0.0689
9.9821 8.9573 8.0305 8.6511 7.1459 7.6140 6.2773 6.6997 5.4495 5.5590 5.2048 4.2591 4.4259 4.3003 3.4684 3.0963 3.3282 3.3182 2.7900 2.1771 1.8919 2.0358 2.3591 2.6356 2.7104 2.5790 2.2879 1.9314 1.5849 1.2693 1.0077 0.8074 0.6530 0.5402 0.4548 0.3872 0.3344 0.2922 0.2575 0.2287 0.2038 0.1820 0.1630 0.1459 0.1298 0.1158 0.1033 0.0922 0.0825 0.0736
9.7466 10.0350 8.4831 8.8019 7.9577 7.6713 6.9252 6.9232 5.7380 6.0614 5.2790 4.5622 4.8156 4.4259 3.5817 3.3684 3.6018 3.4582 2.8479 2.2596 2.0400 2.2242 2.5426 2.7884 2.8289 2.6730 2.3678 2.0039 1.6535 1.3339 1.0669 0.8607 0.6998 0.5811 0.4903 0.4177 0.3606 0.3146 0.2766 0.2453 0.2185 0.1950 0.1744 0.1558 0.1385 0.1234 0.1101 0.0983 0.0879 0.0784
9.6922 10.2386 9.5624 8.6792 8.8693 7.6618 7.6901 6.9712 6.2259 6.4345 5.3520 4.9619 5.1513 4.5091 3.7396 3.6733 3.8562 3.5694 2.9015 2.3580 2.2059 2.4212 2.7245 2.9336 2.9385 2.7592 2.4421 2.0729 1.7203 1.3982 1.1268 0.9152 0.7483 0.6239 0.5276 0.4501 0.3885 0.3384 0.2970 0.2630 0.2341 0.2088 0.1865 0.1663 0.1476 0.1314 0.1172 0.1046 0.0936 0.0835
10.7747 9.9745 10.4649 8.9201 9.3898 7.9250 8.2834 7.0169 6.8331 6.6337 5.5019 5.4208 5.4038 4.5773 3.9535 3.9956 4.0805 3.6562 2.9596 2.4773 2.3893 2.6244 2.9027 3.0708 3.0397 2.8383 2.5109 2.1388 1.7858 1.4625 1.1880 0.9718 0.7992 0.6689 0.5670 0.4844 0.4181 0.3641 0.3190 0.2820 0.2507 0.2233 0.1992 0.1774 0.1573 0.1401 0.1249 0.1115 0.0997 0.0890
11.8852 10.4153 10.5862 9.7479 9.4152 8.5732 8.5338 7.2561 7.4037 6.7040 5.7836 5.8758 5.5688 4.6671 4.2250 4.3159 4.2680 3.7263 3.0316 2.6206 2.5883 2.8306 3.0750 3.1993 3.1329 2.9109 2.5751 2.2021 1.8503 1.5269 1.2505 1.0307 0.8527 0.7163 0.6083 0.5205 0.4497 0.3918 0.3428 0.3026 0.2684 0.2386 0.2125 0.1891 0.1678 0.1495 0.1333 0.1189 0.1062 0.0948
11.8872 11.5326 10.4650 10.6328 9.3958 9.3502 8.5603 7.7576 7.8042 6.7674 6.1978 6.2643 5.6737 4.8137 4.5446 4.6151 4.4181 3.7901 3.1244 2.7876 2.7989 3.0359 3.2396 3.3188 3.2185 2.9781 2.6358 2.2633 1.9137 1.5912 1.3137 1.0907 0.9077 0.7653 0.6513 0.5585 0.4831 0.4211 0.3682 0.3245 0.2873 0.2549 0.2267 0.2015 0.1790 0.1596 0.1422 0.1267 0.1132 0.1010
11.8554 12.1579 10.9449 10.9970 9.7919 9.8714 8.6601 8.3825 8.0073 6.9433 6.6805 6.5519 5.7678 5.0350 4.8894 4.8792 4.5386 3.8604 3.2438 2.9768 3.0172 3.2375 3.3959 3.4301 3.2980 3.0415 2.6943 2.3232 1.9763 1.6554 1.3773 1.1517 0.9640 0.8159 0.6960 0.5981 0.5182 0.4522 0.3951 0.3478 0.3074 0.2722 0.2417 0.2146 0.1908 0.1703 0.1516 0.1350 0.1205 0.1075
12.7178 12.1821 11.8321 11.0492 10.5189 10.0679 9.0327 8.9168 8.1219 7.2783 7.1425 6.7521 5.9026 5.3262 5.2330 5.1041 4.6435 3.9491 3.3921 3.1849 3.2398 3.4343 3.5447 3.5352 3.3734 3.1024 2.7516 2.3822 2.0384 1.7194 1.4412 1.2134 1.0214 0.8678 0.7421 0.6393 0.5550 0.4850 0.4237 0.3726 0.3288 0.2907 0.2577 0.2286 0.2034 0.1816 0.1616 0.1438 0.1283 0.1144
13.3499 12.4137 12.2993 11.2744 11.0697 10.1683 9.5501 9.2325 8.2710 7.6988 7.4989 6.8942 6.0920 5.6577 5.5535 5.2964 4.7491 4.0666 3.5725 3.4142 3.4715 3.6327 3.6919 3.6375 3.4464 3.1632 2.8115 2.4454 2.1055 1.7876 1.5081 1.2780 1.0821 0.9238 0.7929 0.6845 0.5952 0.5208 0.4560 0.4013 0.3538 0.3122 0.2763 0.2449 0.2178 0.1944 0.1732 0.1541 0.1374 0.1225
13.5749 12.9707 12.5136 11.7699 11.3889 10.4519 10.0482 9.4558 8.5468 8.1365 7.7818 7.0556 6.3502 6.0066 5.8470 5.4719 4.8693 4.2141 3.7776 3.6549 3.7043 3.8281 3.8362 3.7385 3.5192 3.2244 2.8719 2.5087 2.1725 1.8556 1.5751 1.3430 1.1435 0.9809 0.8450 0.7311 0.6370 0.5584 0.4901 0.4318 0.3805 0.3350 0.2961 0.2623 0.2331 0.2081 0.1855 0.1651 0.1472 0.1312
13.8833 13.4606 12.8193 12.2531 11.6885 10.8455 10.4709 9.7076 8.9040 8.5464 8.0386 7.2625 6.6549 6.3560 6.1221 5.6469 5.0112 4.3899 4.0031 3.9051 3.9393 4.0232 3.9804 3.8401 3.5931 3.2865 2.9329 2.5722 2.2392 1.9229 1.6417 1.4082 1.2054 1.0388 0.8983 0.7791 0.6803 0.5975 0.5260 0.4639 0.4088 0.3593 0.3171 0.2808 0.2494 0.2227 0.1987 0.1769 0.1577 0.1404
14.0880 14.0586 13.0790 12.8065 11.9801 11.2736 10.8996 9.9865 9.2935 8.9524 8.3018 7.5048 6.9871 6.7084 6.3940 5.8309 5.1753 4.5902 4.2470 4.1658 4.1795 4.2213 4.1271 3.9442 3.6693 3.3502 2.9946 2.6358 2.3055 1.9895 1.7079 1.4733 1.2677 1.0976 0.9528 0.8284 0.7251 0.6383 0.5635 0.4978 0.4387 0.3850 0.3394 0.3005 0.2668 0.2382 0.2128 0.1894 0.1689 0.1503
14.8218 14.2838 13.5373 13.3355 12.1747 11.8551 11.2811 10.2405 9.7502 9.3767 8.5603 7.7741 7.3543 7.0870 6.6826 6.0344 5.3689 4.8238 4.5211 4.4507 4.4378 4.4324 4.2867 4.0641 3.7643 3.4305 3.0672 2.7053 2.3756 2.0608 1.7797 1.5438 1.3358 1.1626 1.0141 0.8851 0.7765 0.6843 0.6044 0.5347 0.4724 0.4161 0.3676 0.3253 0.2888 0.2576 0.2298 0.2046 0.1824 0.1622
15.6883 14.2314 14.4910 13.4097 12.6418 12.5327 11.4698 10.5857 10.3293 9.7630 8.7804 8.0850 7.7791 7.4871 6.9682 6.2384 5.5788 5.0831 4.8200 4.7539 4.7074 4.6494 4.4496 4.1860 3.8605 3.5112 3.1396 2.7746 2.4455 2.1324 1.8515 1.6146 1.4046 1.2289 1.0770 0.9435 0.8298 0.7323 0.6471 0.5734 0.5080 0.4491 0.3977 0.3520 0.3123 0.2785 0.2482 0.2208 0.1968 0.1751
15.2220 15.2907 14.8471 13.4779 13.6008 12.8573 11.5975 11.2125 10.9267 10.0128 8.9957 8.4962 8.2721 7.8861 7.2299 6.4373 5.8106 5.3763 5.1496 5.0776 4.9873 4.8700 4.6131 4.3077 3.9559 3.5910 3.2111 2.8433 2.5153 2.2044 1.9238 1.6859 1.4743 1.2965 1.1415 1.0039 0.8850 0.7821 0.6916 0.6138 0.5454 0.4841 0.4298 0.3804 0.3375 0.3008 0.2678 0.2382 0.2123 0.1889
15.9329 16.3142 14.5118 14.5467 14.2974 12.7988 12.1506 12.0630 11.3251 10.1620 9.3493 9.0702 8.8141 8.2501 7.4612 6.6520 6.0913 5.7240 5.5211 5.4265 5.2794 5.0965 4.7798 4.4317 4.0533 3.6734 3.2861 2.9170 2.5909 2.2824 2.0017 1.7629 1.5496 1.3696 1.2115 1.0696 0.9456 0.8372 0.7412 0.6591 0.5872 0.5225 0.4647 0.4116 0.3653 0.3256 0.2899 0.2579 0.2299 0.2045
17.7606 15.7643 15.5139 15.7614 14.1719 13.1875 13.2433 12.7111 11.4624 10.4404 9.9772 9.7782 9.3349 8.5496 7.6801 6.9228 6.4531 6.1426 5.9386 5.7990 5.5816 5.3288 4.9512 4.5608 4.1568 3.7639 3.3712 3.0025 2.6787 2.3717 2.0908 1.8511 1.6354 1.4527 1.2912 1.1445 1.0152 0.9013 0.7998 0.7126 0.6358 0.5657 0.5034 0.4466 0.3968 0.3540 0.3158 0.2811 0.2506 0.2229
16.9928 16.5211 17.1707 15.5833 14.3022 14.4359 14.1251 12.8196 11.5989 11.0566 10.8025 10.4313 9.7088 8.7639 7.9136 7.2674 6.8930 6.6123 6.3758 6.1690 5.8707 5.5463 5.1112 4.6831 4.2587 3.8564 3.4603 3.0925 2.7711 2.4657 2.1846 1.9440 1.7258 1.5404 1.3754 1.2238 1.0890 0.9695 0.8621 0.7695 0.6878 0.6119 0.5447 0.4843 0.4306 0.3846 0.3437 0.3062 0.2730 0.2429
17.6147 18.5450 16.8893 15.4797 15.7051 15.5321 14.1862 12.8027 12.1842 11.9984 11.5843 10.8653 9.9250 8.9624 8.2297 7.7169 7.4082 7.1134 6.8099 6.5182 6.1350 5.7429 5.2574 4.7991 4.3611 3.9536 3.5562 3.1898 2.8707 2.5662 2.2849 2.0431 1.8220 1.6337 1.4650 1.3083 1.1677 1.0421 0.9286 0.8304 0.7435 0.6613 0.5890 0.5246 0.4670 0.4175 0.3739 0.3333 0.2972 0.2646
20.0436 18.1029 16.7905 17.2345 17.0487 15.5764 14.1093 13.4665 13.3137 12.9671 12.1242 11.1090 10.1260 9.2963 8.7242 8.3102 8.0071 7.6491 7.2534 6.8674 6.4010 5.9486 5.4229 4.9430 4.4943 4.0834 3.6855 3.3205 3.0024 2.6962 2.4135 2.1694 1.9437 1.7495 1.5739 1.4095 1.2629 1.1321 1.0127 0.9080 0.8141 0.7259 0.6480 0.5783 0.5150 0.4608 0.4135 0.3692 0.3296 0.2935
19.0194 18.2194 18.9421 18.5460 16.8539 15.4243 14.9031 14.7644 14.3706 13.5080 12.3365 11.2907 10.4589 9.8205 9.3676 8.9752 8.6110 8.1512 7.6523 7.1781 6.6427 6.1450 5.5920 5.0999 4.6455 4.2337 3.8361 3.4724 3.1544 2.8450 2.5594 2.3117 2.0803 1.8787 1.6946 1.5211 1.3680 1.2320 1.1065 0.9947 0.8929 0.7984 0.7145 0.6389 0.5692 0.5095 0.4583 0.4098 0.3662 0.3264
19.9638 20.7282 19.7976 17.9626 16.7788 16.5067 16.3803 15.8060 14.7996 13.6219 12.4943 11.6625 11.0375 10.5232 10.0859 9.6293 9.1560 8.5815 7.9899 7.4474 6.8648 6.3392 5.7718 5.2755 4.8194 4.4082 4.0107 3.6474 3.3280 3.0132 2.7230 2.4703 2.2318 2.0211 1.8271 1.6432 1.4830 1.3415 1.2095 1.0900 0.9795 0.8782 0.7878 0.7057 0.6289 0.5633 0.5078 0.4547 0.4069 0.3629
22.3064 20.6272 18.9923 18.3939 18.3627 18.1033 17.2550 16.0112 14.7790 13.7509 12.9099 12.3185 11.8091 11.2921 10.7696 10.1902 9.6039 8.9332 8.2715 7.6882 7.0827 6.5473 5.9768 5.4828 5.0290 4.6187 4.2191 3.8566 3.5364 3.2167 2.9198 2.6598 2.4121 2.1915 1.9872 1.7925 1.6229 1.4729 1.3331 1.2048 1.0847 0.9741 0.8758 0.7870 0.7036 0.6318 0.5701 0.5113 0.4584 0.4095
21.1710 20.3946 20.4557 20.4113 19.7288 18.5356 17.1746 15.9475 15.0221 14.3193 13.6728 13.1464 12.5960 11.9751 11.3235 10.6175 9.9522 9.2242 8.5213 7.9239 7.3156 6.7855 6.2196 5.7313 5.2808 4.8699 4.4651 4.1034 3.7829 3.4589 3.1530 2.8834 2.6243 2.3932 2.1782 1.9725 1.7910 1.6292 1.4800 1.3417 1.2109 1.0883 0.9805 0.8850 0.7956 0.7175 0.6472 0.5814 0.5225 0.4681
22.7247 22.7638 22.1310 20.9158 19.5206 18.2958 17.3182 16.5293 15.8873 15.2669 14.5478 13.8942 13.2065 12.4673 11.7173 10.9341 10.2399 9.4964 8.7799 8.1879 7.5888 7.0710 6.5114 6.0278 5.5771 5.1619 4.7478 4.3852 4.0627 3.7326 3.4153 3.1340 2.8615 2.6183 2.3914 2.1735 1.9787 1.8037 1.6445 1.4952 1.3525 1.2164 1.0980 0.9953 0.8999 0.8150 0.7348 0.6612 0.5957 0.5350
24.4109 23.0491 21.7124 20.5975 19.7347 19.0539 18.4001 17.6718 16.9081 16.0821 15.1544 14.3455 13.5609 12.7612 11.9792 11.1804 10.4981 9.7662 9.0535 8.4758 7.8894 7.3850 6.8308 6.3501 5.8958 5.4731 5.0468 4.6793 4.3526 4.0164 3.6890 3.3974 3.1123 2.8578 2.6197 2.3904 2.1829 1.9949 1.8236 1.6631 1.5094 1.3619 1.2337 1.1228 1.0196 0.9269 0.8366 0.7545 0.6818 0.6141
24.1510 23.3139 22.6332 21.9729 21.2621 20.4611 19.5397 18.5087 17.4724 16.4377 15.3940 14.5399 13.7596 12.9446 12.1681 11.3857 10.7226 10.0065 9.3085 8.7451 8.1681 7.6738 7.1250 6.6486 6.1902 5.7600 5.3220 4.9421 4.6086 4.2691 3.9398 3.6454 3.3536 3.0927 2.8477 2.6118 2.3955 2.1974 2.0099 1.8394 1.6800 1.5305 1.3967 1.2752 1.1601 1.0571 0.9591 0.8686 0.7877 0.7121
26.3329 25.4472 24.4487 23.3674 22.2608 21.1326 19.9760 18.7990 17.6736 16.5943 15.5656 14.7596 14.0422 13.2340 12.4649 11.6889 11.0338 10.3215 9.6280 9.0687 8.4917 8.0005 7.4524 6.9772 6.5119 6.0714 5.6191 5.2244 4.8830 4.5403 4.2095 3.9129 3.6147 3.3477 3.0962 2.8540 2.6290 2.4204 2.2151 2.0340 1.8696 1.7199 1.5811 1.4480 1.3196 1.2052 1.0991 0.9996 0.9099 0.8256
27.4006 26.1487 24.9033 23.6899 22.5431 21.4100 20.2678 19.1175 17.9967 16.9140 15.9083 15.1408 14.4649 13.6360 12.8463 12.0505 11.3857 10.6633 9.9636 9.3988 8.8143 8.3212 7.7704 7.2945 6.8227 6.3727 5.9070 5.4971 5.1476 4.8021 4.4700 4.1718 3.8686 3.5970 3.3404 3.0930 2.8602 2.6419 2.4190 2.2281 2.0599 1.9114 1.7688 1.6244 1.4825 1.3570 1.2435 1.1352 1.0369 0.9439
27.1552 25.9966 24.8502 23.6998 22.5743 21.4585 20.3385 19.2372 18.1404 17.0661 16.0433 15.2585 14.5632 13.7200 12.9137 12.0994 11.4390 10.7166 10.0068 9.4274 8.8296 8.3296 7.7708 7.2890 6.8289 6.3890 5.9319 5.5163 5.1612 4.8097 4.4705 4.1684 3.8674 3.6003 3.3473 3.0986 2.8639 2.6438 2.4219 2.2319 2.0641 1.9118 1.7664 1.6211 1.4799 1.3556 1.2442 1.1364 1.0380 0.9447
