0.1567 0.0319 0.1060 0.3907 0.2693 0.0327 0.3708 0.0308 0.3128 0.0421 0.2887 0.0679 0.0851 0.1861 0.0815 0.0202 0.0431 0.1125 0.1700 0.1460 0.0689 0.0238 0.0413 0.0821 0.0978 0.0782 0.0417 0.0123 0.0022 0.0100 0.0269 0.0438 0.0549 0.0580 0.0548 0.0467 0.0368 0.0266 0.0177 0.0107 0.0058 0.0027 0.0011 0.0007 0.0010 0.0018 0.0029 0.0039 0.0049 0.0058
0.5190 0.1118 0.2872 1.1481 0.8388 0.0863 1.1090 0.1022 0.9312 0.1304 0.8666 0.1936 0.2637 0.5541 0.2353 0.0608 0.1359 0.3448 0.5135 0.4373 0.2047 0.0702 0.1236 0.2450 0.2909 0.2317 0.1227 0.0359 0.0065 0.0306 0.0816 0.1322 0.1650 0.1741 0.1644 0.1399 0.1099 0.0795 0.0528 0.0320 0.0172 0.0080 0.0034 0.0021 0.0031 0.0055 0.0086 0.0118 0.0148 0.0175
1.0341 0.2544 0.3846 1.8259 1.4973 0.1116 1.8304 0.2078 1.5245 0.2337 1.4432 0.2900 0.4677 0.9076 0.3625 0.1035 0.2493 0.5982 0.8663 0.7250 0.3335 0.1133 0.2046 0.4044 0.4769 0.3766 0.1968 0.0561 0.0110 0.0535 0.1391 0.2229 0.2764 0.2904 0.2733 0.2320 0.1818 0.1313 0.0870 0.0525 0.0282 0.0131 0.0055 0.0035 0.0053 0.0094 0.0145 0.0199 0.0249 0.0294
1.8133 0.5465 0.3759 2.3474 2.2870 0.1167 2.5012 0.3854 2.0634 0.3706 2.0086 0.3432 0.7132 1.2322 0.4487 0.1554 0.3988 0.8847 1.2305 1.0035 0.4490 0.1500 0.2831 0.5574 0.6505 0.5071 0.2597 0.0710 0.0158 0.0803 0.2014 0.3175 0.3900 0.4072 0.3814 0.3225 0.2519 0.1813 0.1197 0.0719 0.0384 0.0177 0.0074 0.0049 0.0076 0.0134 0.0207 0.0282 0.0352 0.0415
2.9442 1.1257 0.2992 2.6150 3.2141 0.1501 3.0569 0.6913 2.5029 0.5709 2.5400 0.3482 1.0134 1.5071 0.4863 0.2314 0.6013 1.2115 1.6018 1.2624 0.5430 0.1773 0.3579 0.7013 0.8066 0.6174 0.3073 0.0793 0.0221 0.1132 0.2709 0.4179 0.5070 0.5249 0.4885 0.4109 0.3194 0.2288 0.1503 0.0897 0.0475 0.0218 0.0092 0.0064 0.0101 0.0178 0.0272 0.0370 0.0458 0.0539
4.4094 2.1530 0.2879 2.5335 4.2181 0.3145 3.4000 1.1994 2.7812 0.8771 2.9980 0.3141 1.3754 1.7058 0.4793 0.3566 0.8727 1.5778 1.9660 1.4846 0.6047 0.1918 0.4283 0.8335 0.9406 0.7026 0.3366 0.0804 0.0313 0.1549 0.3505 0.5263 0.6287 0.6440 0.5946 0.4968 0.3839 0.2733 0.1783 0.1056 0.0554 0.0251 0.0106 0.0079 0.0130 0.0226 0.0342 0.0462 0.0570 0.0667
5.9642 3.7223 0.5871 2.0663 5.1409 0.7629 3.4146 1.9867 2.8284 1.3409 3.3265 0.2684 1.7939 1.7995 0.4490 0.5648 1.2231 1.9690 2.2960 1.6455 0.6216 0.1921 0.4962 0.9540 1.0497 0.7598 0.3461 0.0755 0.0464 0.2090 0.4432 0.6452 0.7565 0.7651 0.6997 0.5799 0.4449 0.3145 0.2036 0.1195 0.0619 0.0277 0.0119 0.0096 0.0161 0.0279 0.0418 0.0559 0.0686 0.0801
7.0514 5.6955 1.5097 1.3209 5.7205 1.6602 3.0107 3.0992 2.5886 2.0117 3.4581 0.2599 2.2456 1.7655 0.4404 0.8940 1.6481 2.3515 2.5499 1.7145 0.5828 0.1811 0.5683 1.0670 1.1353 0.7893 0.3373 0.0672 0.0709 0.2793 0.5525 0.7769 0.8920 0.8891 0.8040 0.6602 0.5022 0.3520 0.2258 0.1310 0.0669 0.0295 0.0129 0.0114 0.0198 0.0338 0.0501 0.0664 0.0809 0.0940
6.9228 7.5289 3.2820 0.6290 5.6475 3.0944 2.2011 4.4973 2.0579 2.9152 3.3290 0.3565 2.6848 1.6013 0.5236 1.3743 2.1178 2.6683 2.6734 1.6605 0.4843 0.1714 0.6607 1.1851 1.2054 0.7968 0.3152 0.0604 0.1095 0.3696 0.6811 0.9232 1.0361 1.0162 0.9076 0.7374 0.5555 0.3856 0.2447 0.1401 0.0704 0.0305 0.0137 0.0135 0.0240 0.0404 0.0591 0.0776 0.0940 0.1085
5.1442 8.2787 5.7725 0.5428 4.7168 4.9452 1.1966 5.9905 1.3374 4.0222 2.9036 0.6355 3.0451 1.3415 0.7874 2.0084 2.5661 2.8412 2.6098 1.4631 0.3383 0.1916 0.8030 1.3322 1.2772 0.7948 0.2889 0.0620 0.1667 0.4825 0.8300 1.0842 1.1882 1.1457 1.0096 0.8109 0.6045 0.4150 0.2602 0.1469 0.0725 0.0309 0.0145 0.0161 0.0289 0.0479 0.0690 0.0897 0.1077 0.1237
2.3677 7.0478 8.2146 1.6530 3.0521 6.7716 0.4630 7.1970 0.6816 5.2143 2.2092 1.1664 3.2559 1.0755 1.3199 2.7496 2.8896 2.7882 2.3234 1.1323 0.1854 0.2923 1.0419 1.5459 1.3790 0.8031 0.2711 0.0787 0.2448 0.6174 0.9974 1.2575 1.3464 1.2761 1.1090 0.8800 0.6485 0.4401 0.2723 0.1512 0.0731 0.0307 0.0154 0.0191 0.0346 0.0563 0.0799 0.1028 0.1225 0.1399
0.6696 3.9789 9.2459 4.1835 1.2934 7.8480 0.6461 7.5961 0.5066 6.2563 1.3704 1.9865 3.2636 0.9465 2.1681 3.4777 2.9594 2.4552 1.8321 0.7311 0.1041 0.5451 1.4349 1.8696 1.5422 0.8431 0.2740 0.1143 0.3414 0.7679 1.1750 1.4353 1.5039 1.4020 1.2018 0.9419 0.6859 0.4597 0.2804 0.1529 0.0723 0.0301 0.0165 0.0229 0.0414 0.0659 0.0922 0.1172 0.1386 0.1573
2.3416 1.0908 7.6684 7.5095 0.5294 7.4739 2.2760 6.7448 1.2975 6.8030 0.6351 3.0700 3.0566 1.1225 3.2813 3.9885 2.6581 1.8666 1.2483 0.3960 0.2101 1.0265 2.0245 2.3269 1.7809 0.9232 0.2993 0.1637 0.4446 0.9175 1.3447 1.5995 1.6444 1.5100 1.2775 0.9891 0.7115 0.4705 0.2825 0.1510 0.0697 0.0289 0.0181 0.0278 0.0495 0.0771 0.1060 0.1331 0.1560 0.1758
7.3299 1.4903 3.8581 9.9715 1.8253 5.4956 5.2994 4.6427 3.3647 6.4808 0.3724 4.3115 2.6989 1.7423 4.4715 4.0442 1.9740 1.2086 0.8236 0.3376 0.6247 1.7723 2.7966 2.8877 2.0689 1.0240 0.3311 0.2093 0.5339 1.0432 1.4831 1.7285 1.7495 1.5852 1.3250 1.0135 0.7198 0.4692 0.2767 0.1445 0.0650 0.0275 0.0205 0.0341 0.0595 0.0902 0.1217 0.1508 0.1750 0.1959
11.8969 6.3575 0.7754 9.5285 5.4486 2.7363 8.7381 2.0903 6.4531 5.0716 1.0161 5.5097 2.3152 2.8218 5.4098 3.4746 1.1060 0.8743 0.9295 0.7772 1.3883 2.6877 3.5985 3.4050 2.2972 1.0767 0.3290 0.2265 0.5909 1.1283 1.5739 1.8069 1.8052 1.6163 1.3352 1.0086 0.7065 0.4529 0.2616 0.1329 0.0582 0.0260 0.0243 0.0426 0.0719 0.1058 0.1399 0.1708 0.1960 0.2177
11.2080 12.3069 2.2799 5.6150 10.1244 0.8427 10.9541 0.6060 9.3961 2.8220 2.9211 6.3457 2.0283 4.1734 5.7137 2.3355 0.5313 1.4060 1.9187 1.7821 2.3080 3.4259 4.0526 3.5609 2.2505 0.9635 0.2477 0.2132 0.6341 1.1971 1.6395 1.8522 1.8243 1.6117 1.3137 0.9780 0.6739 0.4233 0.2381 0.1170 0.0501 0.0252 0.0300 0.0538 0.0874 0.1245 0.1610 0.1934 0.2195 0.2416
4.8069 13.6593 8.3868 1.2808 12.7603 1.5051 10.6452 1.4823 10.3001 0.7880 6.0609 6.3331 1.8752 5.4159 5.1404 1.0397 0.8998 3.1935 3.7694 2.9776 2.7872 3.3278 3.5704 2.9211 1.6787 0.5945 0.1131 0.2632 0.7858 1.3746 1.7918 1.9569 1.8788 1.6247 1.2986 0.9480 0.6393 0.3915 0.2132 0.1007 0.0426 0.0260 0.0379 0.0675 0.1055 0.1458 0.1845 0.2184 0.2450 0.2673
0.8607 7.8342 13.6206 1.6454 9.6613 5.6761 7.5819 4.4134 7.8955 0.8041 9.3869 4.7596 1.8914 6.2020 3.8172 0.2831 2.5414 5.7331 5.4109 3.2035 1.8882 1.7892 1.8535 1.4245 0.6876 0.1810 0.1920 0.6615 1.3199 1.9083 2.2406 2.2914 2.1010 1.7539 1.3613 0.9675 0.6354 0.3779 0.1987 0.0901 0.0383 0.0285 0.0467 0.0818 0.1240 0.1675 0.2085 0.2437 0.2708 0.2934
7.8555 0.7658 11.4878 8.3342 2.9524 11.5026 1.6407 9.6103 4.1394 3.7762 9.1818 0.9346 4.0675 7.8223 2.5060 0.5272 4.3176 5.8393 3.1787 0.5180 0.4579 1.9386 2.9791 2.8380 1.9630 1.1891 0.9385 1.1962 1.6857 2.1421 2.3696 2.3419 2.0971 1.7176 1.3099 0.9137 0.5872 0.3398 0.1726 0.0760 0.0351 0.0345 0.0601 0.1009 0.1472 0.1935 0.2362 0.2723 0.2995 0.3219
16.0599 4.9308 4.1245 14.3372 0.6905 13.1586 0.7479 12.1490 1.1846 7.6289 7.5007 0.3853 6.7032 7.2947 1.1519 1.5486 5.7824 5.7907 2.3403 0.2370 0.9944 2.7296 3.5180 3.0227 1.9567 1.1844 1.0295 1.3780 1.9027 2.3391 2.5103 2.4172 2.1151 1.6959 1.2662 0.8631 0.5398 0.3019 0.1470 0.0631 0.0337 0.0430 0.0765 0.1232 0.1736 0.2225 0.2669 0.3036 0.3306 0.3524
11.9008 14.7821 0.9166 13.0580 5.1797 9.2725 4.5531 10.8676 0.7411 10.9829 4.4606 1.6393 8.9926 5.7105 0.3653 3.2699 6.9814 5.2295 1.4483 0.2631 1.8127 3.5938 3.9800 3.1023 1.8907 1.1732 1.1425 1.5837 2.1299 2.5294 2.6316 2.4667 2.1068 1.6512 1.2045 0.8002 0.4851 0.2608 0.1212 0.0521 0.0357 0.0555 0.0970 0.1495 0.2038 0.2552 0.3007 0.3376 0.3640 0.3850
1.5925 15.7088 8.3335 5.0876 13.2864 2.9210 11.1200 6.1301 3.9796 11.8654 1.5122 4.6953 10.0142 3.4703 0.6162 5.4450 7.6008 4.1943 0.7005 0.6996 2.8811 4.4492 4.3050 3.0571 1.7715 1.1682 1.2857 1.8142 2.3633 2.7071 2.7280 2.4866 2.0702 1.5833 1.1258 0.7264 0.4248 0.2183 0.0970 0.0445 0.0420 0.0728 0.1224 0.1805 0.2383 0.2917 0.3379 0.3745 0.3999 0.4197
5.8403 5.0989 17.5772 0.8758 16.2784 0.9780 15.1443 1.4648 9.6228 9.3420 0.5401 8.6011 9.1410 1.3834 2.1512 7.6033 7.3975 2.8612 0.3263 1.5989 4.1134 5.1925 4.4381 2.8811 1.6155 1.1869 1.4676 2.0692 2.5973 2.8655 2.7940 2.4737 2.0044 1.4928 1.0316 0.6438 0.3612 0.1763 0.0759 0.0416 0.0539 0.0958 0.1533 0.2165 0.2774 0.3323 0.3786 0.4145 0.4383 0.4566
19.4609 1.9157 14.2181 8.2176 9.7275 7.1607 12.3714 1.4380 14.0398 4.6445 2.7734 11.6370 6.4882 0.4495 4.8041 9.1384 6.3080 1.5433 0.5370 2.9319 5.3689 5.7134 4.3422 2.5868 1.4503 1.2499 1.6961 2.3460 2.8248 2.9971 2.8252 2.4268 1.9106 1.3819 0.9247 0.5553 0.2968 0.1372 0.0600 0.0450 0.0724 0.1254 0.1905 0.2583 0.3216 0.3773 0.4231 0.4577 0.4796 0.4958
14.7488 14.9177 2.8280 18.4806 1.5873 16.0193 4.8972 7.4130 13.6073 1.0224 7.6728 12.0951 3.1362 1.4419 7.9152 9.4941 4.5306 0.6408 1.4609 4.5673 6.4650 5.9117 4.0070 2.2090 1.3133 1.3791 1.9761 2.6390 3.0368 3.0942 2.8169 2.3444 1.7897 1.2530 0.8080 0.4639 0.2346 0.1035 0.0512 0.0563 0.0989 0.1628 0.2348 0.3066 0.3714 0.4271 0.4718 0.5044 0.5236 0.5373
1.1714 20.6181 4.2931 15.9770 4.2272 17.1619 0.8678 14.9643 8.1121 1.7693 12.6926 9.3908 0.8472 4.4340 10.4530 8.4025 2.5462 0.5459 3.0799 6.2715 7.2060 5.7208 3.4599 1.8052 1.2500 1.5942 2.3070 2.9385 3.2222 3.1487 2.7644 2.2248 1.6424 1.1087 0.6851 0.3732 0.1776 0.0777 0.0516 0.0771 0.1344 0.2086 0.2867 0.3614 0.4268 0.4816 0.5244 0.5544 0.5703 0.5811
11.9075 6.6406 18.7777 3.8413 16.1256 8.3288 6.2397 16.8607 2.0813 7.3914 14.5442 4.8243 1.2402 8.5259 11.3716 6.0875 1.0344 1.5116 5.1869 7.7366 7.4230 5.1336 2.7735 1.4524 1.3056 1.9084 2.6819 3.2305 3.3685 3.1527 2.6650 2.0692 1.4720 0.9534 0.5606 0.2874 0.1294 0.0626 0.0633 0.1088 0.1802 0.2636 0.3466 0.4232 0.4880 0.5409 0.5810 0.6076 0.6197 0.6271
24.3134 3.2972 19.7326 3.5196 20.3558 1.1297 16.3674 10.5229 1.6525 14.2748 11.5647 1.2643 4.7470 12.0272 10.1080 3.3188 0.6741 3.5212 7.3907 8.6403 7.0219 4.2189 2.0622 1.2369 1.5185 2.3235 3.0852 3.4969 3.4623 3.0996 2.5177 1.8805 1.2837 0.7927 0.4398 0.2110 0.0936 0.0611 0.0884 0.1532 0.2373 0.3285 0.4151 0.4920 0.5551 0.6050 0.6416 0.6642 0.6718 0.6752
7.4911 20.8478 4.4053 18.0612 9.4747 7.1103 19.2147 2.4362 8.5193 16.8070 5.5510 1.5221 9.9720 13.1574 6.9960 1.2299 1.8756 6.2138 9.1837 8.7332 6.0312 3.1297 1.4717 1.2431 1.9119 2.8272 3.4958 3.7216 3.4971 2.9918 2.3270 1.6640 1.0841 0.6335 0.3289 0.1490 0.0743 0.0762 0.1291 0.2114 0.3062 0.4030 0.4912 0.5673 0.6278 0.6742 0.7068 0.7248 0.7275 0.7266
5.1787 19.8796 5.4271 21.6806 1.2615 19.3888 10.4967 2.5234 16.8639 12.3580 1.2121 6.2139 14.1248 11.1109 3.3656 0.8994 4.5391 8.9197 10.0653 7.9116 4.6054 2.0744 1.1471 1.5274 2.4795 3.3865 3.8761 3.8740 3.4528 2.8181 2.0926 1.4261 0.8807 0.4828 0.2339 0.1062 0.0749 0.1104 0.1870 0.2846 0.3878 0.4880 0.5759 0.6497 0.7063 0.7481 0.7760 0.7886 0.7857 0.7801
25.7450 2.2383 22.8271 6.7427 11.3749 19.7137 1.5878 12.1106 18.1181 4.5769 2.6799 12.7092 14.5606 6.7416 1.0519 2.8276 7.9627 10.8234 9.7079 6.2975 3.0378 1.2987 1.2114 2.1088 3.1852 3.9510 4.1849 3.9289 3.3195 2.5792 1.8216 1.1762 0.6829 0.3487 0.1611 0.0876 0.0992 0.1664 0.2640 0.3738 0.4826 0.5838 0.6692 0.7390 0.7904 0.8267 0.8489 0.8555 0.8465 0.8357
13.4393 12.7898 18.4212 3.2890 23.4389 6.8472 5.9096 20.3235 10.3643 1.0906 9.6327 16.4713 10.6801 2.4398 1.5231 6.5522 10.9944 11.2353 8.1059 4.2503 1.7058 1.0275 1.7296 2.9528 3.9594 4.4564 4.3787 3.8650 3.0923 2.2805 1.5244 0.9259 0.5012 0.2398 0.1175 0.0979 0.1505 0.2463 0.3612 0.4798 0.5910 0.6904 0.7711 0.8353 0.8801 0.9098 0.9255 0.9254 0.9096 0.8932
3.1221 26.0590 1.8765 20.1464 15.0715 1.9271 18.6123 16.4172 2.0392 6.2155 16.5951 14.3720 4.8175 0.9429 4.9712 10.6666 12.4481 9.8996 5.6576 2.3120 0.9878 1.4080 2.6870 3.9789 4.7251 4.8520 4.4321 3.6756 2.7768 1.9340 1.2176 0.6910 0.3485 0.1657 0.1098 0.1422 0.2321 0.3522 0.4807 0.6049 0.7160 0.8117 0.8856 0.9418 0.9782 0.9997 1.0073 0.9996 0.9765 0.9541
25.8029 7.0506 13.3909 22.0622 1.6987 14.5803 21.0003 4.9830 3.4353 15.5453 17.2443 7.6907 1.0956 3.6002 9.9261 13.3165 11.5839 7.1313 3.0652 1.0572 1.1523 2.4497 3.9602 5.0321 5.3498 5.0474 4.2987 3.3488 2.3821 1.5584 0.9170 0.4843 0.2354 0.1347 0.1442 0.2242 0.3463 0.4854 0.6226 0.7482 0.8555 0.9444 1.0093 1.0552 1.0818 1.0938 1.0925 1.0765 1.0456 1.0167
14.4407 7.3778 25.7916 4.2874 10.3460 23.5130 8.7534 1.8388 13.8236 19.3696 10.5285 1.7746 2.5902 9.1930 13.8071 13.0975 8.5803 3.8650 1.2044 0.9498 2.2716 4.0018 5.3372 5.9313 5.7165 4.9855 3.9655 2.8970 1.9314 1.1788 0.6449 0.3234 0.1749 0.1557 0.2262 0.3474 0.4950 0.6467 0.7872 0.9096 1.0092 1.0883 1.1415 1.1752 1.1903 1.1919 1.1807 1.1558 1.1165 1.0808
3.7909 26.9379 7.7116 7.2590 24.5735 12.2222 1.2637 12.3672 20.7221 13.0827 2.6443 1.9577 8.7287 14.3408 14.3197 9.9060 4.6156 1.3612 0.8110 2.1573 4.1630 5.7685 6.5555 6.5014 5.7371 4.6430 3.4481 2.3546 1.4627 0.8287 0.4273 0.2276 0.1802 0.2374 0.3615 0.5153 0.6805 0.8378 0.9756 1.0899 1.1779 1.2442 1.2833 1.3032 1.3051 1.2948 1.2730 1.2386 1.1905 1.1475
27.5266 10.3150 5.7516 25.1840 14.6671 1.2203 11.7301 21.9607 14.9269 3.3646 1.6758 8.6939 15.1951 15.5490 10.9153 5.1925 1.4557 0.7240 2.1839 4.4503 6.4031 7.3624 7.3511 6.6051 5.3692 4.0364 2.7911 1.7723 1.0207 0.5433 0.2906 0.2156 0.2639 0.3878 0.5552 0.7313 0.9054 1.0611 1.1896 1.2906 1.3632 1.4134 1.4362 1.4411 1.4277 1.4038 1.3709 1.3263 1.2689 1.2180
10.8244 5.8191 26.1781 15.4965 1.2580 12.2943 23.3370 15.9224 3.5333 1.7453 9.3153 16.3832 16.8274 11.6479 5.3866 1.4069 0.7002 2.4108 5.0007 7.2043 8.3943 8.3614 7.4916 6.1574 4.6232 3.2211 2.0619 1.2104 0.6535 0.3581 0.2601 0.3039 0.4359 0.6122 0.8092 0.9950 1.1677 1.3132 1.4258 1.5082 1.5613 1.5922 1.5964 1.5846 1.5545 1.5157 1.4711 1.4159 1.3487 1.2897
7.8653 27.8504 14.2396 1.3688 14.5511 24.8571 15.6744 2.9721 2.3042 11.0022 18.0670 17.8733 11.9471 5.1401 1.1588 0.8024 2.9673 5.9289 8.3487 9.5647 9.5442 8.4594 6.8855 5.1964 3.5966 2.3086 1.3607 0.7488 0.4190 0.3132 0.3610 0.5073 0.7041 0.9136 1.1239 1.3054 1.4656 1.5924 1.6821 1.7407 1.7705 1.7793 1.7628 1.7327 1.6844 1.6300 1.5731 1.5068 1.4296 1.3623
29.5139 10.5209 2.5179 19.0441 26.1345 13.6692 1.8214 3.9230 14.0077 20.5012 18.5042 11.3922 4.3385 0.7947 1.1957 4.0693 7.4526 9.9693 11.0640 10.7674 9.4904 7.5925 5.6402 3.9007 2.4727 1.4564 0.8088 0.4743 0.3760 0.4462 0.6162 0.8392 1.0761 1.2973 1.5041 1.6673 1.8047 1.9048 1.9645 1.9932 1.9938 1.9786 1.9399 1.8903 1.8244 1.7547 1.6845 1.6062 1.5178 1.4420
4.5760 7.0744 25.4167 25.2340 9.3572 1.0298 7.6366 18.6143 22.7935 18.2194 9.6359 2.9051 0.5737 2.2434 5.9491 9.7252 12.1231 12.8090 12.0403 10.2962 8.1373 5.8987 3.9846 2.5061 1.4533 0.8192 0.5154 0.4595 0.5688 0.7815 1.0365 1.3021 1.5494 1.7580 1.9428 2.0728 2.1765 2.2418 2.2649 2.2584 2.2258 2.1844 2.1221 2.0519 1.9679 1.8826 1.7986 1.7078 1.6081 1.5236
17.8495 30.5520 19.4372 3.6760 3.0754 14.5956 24.1258 23.7283 15.6720 6.5632 1.3046 1.1613 4.5526 9.0235 12.7135 14.7016 14.6334 13.1070 10.7877 8.2181 5.8338 3.8072 2.3190 1.3385 0.7773 0.5600 0.5832 0.7642 1.0276 1.3306 1.6228 1.8914 2.1164 2.2873 2.4316 2.5142 2.5741 2.5972 2.5778 2.5318 2.4629 2.3937 2.3068 2.2152 2.1127 2.0117 1.9137 1.8101 1.6989 1.6058
26.9947 8.3748 1.5667 11.5016 24.3497 27.7870 20.9249 10.3425 2.7434 0.8754 3.7776 8.8533 13.5806 16.4371 17.1579 16.0702 13.5952 10.6210 7.7251 5.2259 3.2983 1.9299 1.1111 0.7282 0.6584 0.8073 1.0823 1.4212 1.7636 2.0938 2.3708 2.6018 2.7746 2.8849 2.9724 2.9948 3.0007 2.9735 2.9063 2.8194 2.7160 2.6199 2.5079 2.3927 2.2699 2.1516 2.0386 1.9221 1.7993 1.6971
1.5509 11.5629 26.1523 31.1434 24.3254 12.5553 3.5932 1.0295 4.1170 9.9653 15.5051 19.1223 20.1189 18.8495 16.1778 12.8669 9.4240 6.4210 4.0790 2.4258 1.4075 0.8937 0.7763 0.9299 1.2367 1.6274 2.0338 2.4265 2.7603 3.0506 3.2598 3.4151 3.5092 3.5389 3.5552 3.5066 3.4497 3.3649 3.2455 3.1175 2.9828 2.8615 2.7243 2.5832 2.4384 2.3015 2.1726 2.0431 1.9086 1.7969
32.0377 33.8646 24.0745 11.1058 2.7088 1.7082 6.4813 13.4915 19.6503 23.2480 23.6166 21.7018 18.2143 14.1539 10.2599 6.9360 4.3324 2.5414 1.4770 0.9947 0.9440 1.1693 1.5680 2.0558 2.5389 2.9995 3.3934 3.7261 3.9635 4.1501 4.2448 4.2917 4.2851 4.2187 4.1534 4.0264 3.9017 3.7560 3.5824 3.4132 3.2483 3.1026 2.9408 2.7737 2.6069 2.4515 2.3069 2.1645 2.0187 1.8977
16.5380 5.0764 1.5783 5.6049 13.5492 21.4706 26.7478 28.3791 26.9041 23.3181 18.4726 13.6840 9.4032 6.0102 3.5946 2.0753 1.2925 1.0866 1.2826 1.7289 2.3093 2.9011 3.4820 4.0241 4.4503 4.8011 5.0461 5.2191 5.2878 5.3198 5.2688 5.1880 5.0674 4.8966 4.7456 4.5407 4.3490 4.1434 3.9179 3.7097 3.5165 3.3450 3.1587 2.9684 2.7808 2.6075 2.4472 2.2921 2.1351 2.0047
10.3439 20.2245 28.7638 33.6080 34.2307 31.3756 26.3294 20.3621 14.6590 9.8210 6.0422 3.5029 2.0076 1.3554 1.3365 1.7458 2.3949 3.1556 3.9326 4.6636 5.3228 5.8186 6.2257 6.5542 6.7155 6.8124 6.8121 6.7631 6.6199 6.4655 6.2626 6.0537 5.8164 5.5413 5.3077 5.0368 4.7870 4.5288 4.2590 4.0168 3.7979 3.5938 3.3819 3.1761 2.9705 2.7803 2.6038 2.4360 2.2676 2.1273
41.1729 36.0464 29.0971 21.8004 15.1478 9.7346 5.7731 3.2245 1.9126 1.5614 1.8818 2.6528 3.6487 4.7035 5.7520 6.7365 7.5400 8.1767 8.6518 8.9980 9.2445 9.2877 9.2721 9.2173 8.9982 8.7732 8.4916 8.2044 7.8444 7.5042 7.1606 6.8357 6.4924 6.1233 5.8168 5.4904 5.1906 4.8863 4.5781 4.3072 4.0672 3.8327 3.5975 3.3791 3.1572 2.9514 2.7597 2.5800 2.4008 2.2510
4.4996 2.6144 2.0617 2.5195 3.6500 5.1654 6.8330 8.4484 9.9433 11.2710 12.2765 13.1303 13.7149 14.0345 14.2536 14.3948 14.2819 14.0302 13.6759 13.3060 12.9407 12.4267 11.9366 11.4823 10.8940 10.3732 9.8459 9.3564 8.8166 8.3241 7.8728 7.4602 7.0348 6.5924 6.2297 5.8633 5.5263 5.1872 4.8497 4.5564 4.2996 4.0396 3.7860 3.5595 3.3247 3.1059 2.9010 2.7110 2.5226 2.3647
30.7468 31.1529 31.2779 31.1538 30.7591 30.2049 29.4631 28.4788 27.4602 26.4538 25.2079 24.1344 22.9875 21.7720 20.7254 19.8249 18.7817 17.7409 16.7260 15.8202 15.0199 14.1290 13.3202 12.6029 11.8052 11.1162 10.4487 9.8358 9.2007 8.6438 8.1393 7.6824 7.2163 6.7368 6.3444 5.9558 5.6073 5.2620 4.9115 4.5979 4.3143 4.0510 3.7986 3.5774 3.3420 3.1212 2.9135 2.7210 2.5306 2.3719
