0.2184 0.2177 0.2178 0.1861 0.1750 0.1652 0.1540 0.1451 0.1408 0.1517 0.1126 0.1079 0.1198 0.1199 0.1137 0.1023 0.0829 0.0611 0.0521 0.0601 0.0730 0.0782 0.0704 0.0555 0.0402 0.0290 0.0226 0.0198 0.0190 0.0185 0.0177 0.0165 0.0148 0.0131 0.0115 0.0099 0.0085 0.0073 0.0062 0.0054 0.0046 0.0041 0.0036 0.0032 0.0028 0.0025 0.0022 0.0020 0.0018 0.0016
0.6545 0.6507 0.6511 0.5586 0.5253 0.4950 0.4610 0.4341 0.4217 0.4538 0.3378 0.3237 0.3608 0.3617 0.3424 0.3076 0.2494 0.1839 0.1559 0.1787 0.2170 0.2336 0.2114 0.1676 0.1217 0.0877 0.0680 0.0593 0.0566 0.0551 0.0528 0.0492 0.0444 0.0394 0.0344 0.0296 0.0254 0.0219 0.0188 0.0162 0.0140 0.0122 0.0108 0.0096 0.0085 0.0075 0.0067 0.0060 0.0054 0.0048
1.0894 1.0770 1.0776 0.9319 0.8768 0.8229 0.7652 0.7201 0.7005 0.7526 0.5633 0.5397 0.6062 0.6093 0.5750 0.5154 0.4184 0.3086 0.2584 0.2922 0.3549 0.3852 0.3524 0.2824 0.2067 0.1490 0.1144 0.0984 0.0931 0.0905 0.0868 0.0813 0.0736 0.0656 0.0574 0.0496 0.0426 0.0367 0.0315 0.0271 0.0234 0.0205 0.0180 0.0160 0.0142 0.0126 0.0112 0.0100 0.0089 0.0080
1.5243 1.4960 1.4936 1.3053 1.2319 1.1484 1.0649 1.0023 0.9749 1.0469 0.7891 0.7562 0.8598 0.8667 0.8136 0.7266 0.5912 0.4366 0.3594 0.3976 0.4826 0.5302 0.4932 0.4018 0.2976 0.2148 0.1629 0.1375 0.1282 0.1240 0.1191 0.1121 0.1022 0.0915 0.0805 0.0698 0.0601 0.0518 0.0445 0.0383 0.0330 0.0289 0.0254 0.0225 0.0199 0.0176 0.0157 0.0140 0.0125 0.0112
1.9625 1.9115 1.8984 1.6762 1.5944 1.4720 1.3585 1.2810 1.2424 1.3375 1.0152 0.9742 1.1261 1.1377 1.0591 0.9412 0.7691 0.5702 0.4594 0.4926 0.5958 0.6651 0.6325 0.5269 0.3969 0.2878 0.2153 0.1772 0.1618 0.1550 0.1490 0.1410 0.1295 0.1168 0.1034 0.0902 0.0780 0.0673 0.0579 0.0499 0.0429 0.0375 0.0329 0.0291 0.0257 0.0228 0.0202 0.0180 0.0161 0.0144
2.4084 2.3310 2.2977 2.0403 1.9693 1.7964 1.6459 1.5581 1.5000 1.6274 1.2409 1.1956 1.4112 1.4250 1.3106 1.1577 0.9527 0.7122 0.5607 0.5761 0.6905 0.7855 0.7683 0.6584 0.5073 0.3711 0.2743 0.2192 0.1945 0.1834 0.1759 0.1674 0.1550 0.1411 0.1260 0.1105 0.0961 0.0832 0.0717 0.0618 0.0532 0.0464 0.0407 0.0359 0.0316 0.0280 0.0248 0.0221 0.0197 0.0176
2.8657 2.7618 2.7076 2.3944 2.3604 2.1282 1.9289 1.8359 1.7460 1.9219 1.4644 1.4244 1.7222 1.7296 1.5646 1.3728 1.1425 0.8668 0.6680 0.6493 0.7639 0.8867 0.8970 0.7957 0.6310 0.4684 0.3435 0.2665 0.2280 0.2099 0.1997 0.1905 0.1779 0.1636 0.1475 0.1305 0.1143 0.0994 0.0860 0.0742 0.0639 0.0556 0.0487 0.0429 0.0377 0.0333 0.0295 0.0262 0.0233 0.0208
3.3344 3.2031 3.1523 2.7441 2.7646 2.4802 2.2124 2.1158 1.9819 2.2271 1.6822 1.6676 2.0661 2.0490 1.8137 1.5812 1.3386 1.0399 0.7888 0.7169 0.8151 0.9639 1.0134 0.9363 0.7688 0.5833 0.4276 0.3231 0.2653 0.2359 0.2207 0.2102 0.1975 0.1835 0.1672 0.1494 0.1319 0.1155 0.1003 0.0869 0.0749 0.0652 0.0571 0.0502 0.0441 0.0389 0.0343 0.0304 0.0271 0.0241
3.8047 3.6427 3.6490 3.1165 3.1646 2.8747 2.5026 2.3968 2.2153 2.5462 1.8899 1.9362 2.4476 2.3745 2.0468 1.7759 1.5410 1.2389 0.9347 0.7886 0.8469 1.0130 1.1106 1.0745 0.9192 0.7182 0.5314 0.3945 0.3111 0.2648 0.2407 0.2267 0.2133 0.1998 0.1840 0.1663 0.1482 0.1309 0.1144 0.0995 0.0861 0.0751 0.0657 0.0578 0.0506 0.0446 0.0393 0.0348 0.0309 0.0274
4.2457 4.0666 4.1810 3.5680 3.5257 3.3430 2.8025 2.6767 2.4600 2.8738 2.0833 2.2441 2.8647 2.6899 2.2496 1.9497 1.7502 1.4725 1.1213 0.8800 0.8679 1.0324 1.1797 1.2006 1.0760 0.8723 0.6586 0.4868 0.3716 0.3015 0.2628 0.2417 0.2257 0.2120 0.1970 0.1798 0.1621 0.1445 0.1273 0.1114 0.0969 0.0848 0.0744 0.0654 0.0573 0.0505 0.0445 0.0393 0.0348 0.0309
4.6057 4.4752 4.6802 4.1653 3.8121 3.9161 3.1094 2.9603 2.7349 3.1917 2.2675 2.6087 3.3047 2.9732 2.4098 2.0997 1.9684 1.7507 1.3686 1.0164 0.8971 1.0274 1.2132 1.3009 1.2275 1.0401 0.8103 0.6058 0.4551 0.3545 0.2941 0.2602 0.2378 0.2218 0.2066 0.1900 0.1729 0.1557 0.1385 0.1222 0.1070 0.0941 0.0829 0.0731 0.0642 0.0566 0.0499 0.0440 0.0390 0.0346
4.8869 4.8726 5.0620 4.9134 4.0251 4.5866 3.4100 3.2609 3.0471 3.4646 2.4566 3.0369 3.7367 3.1976 2.5209 2.2276 2.1957 2.0760 1.6918 1.2256 0.9619 1.0111 1.2055 1.3572 1.3524 1.2054 0.9793 0.7526 0.5681 0.4326 0.3435 0.2898 0.2552 0.2328 0.2149 0.1977 0.1808 0.1641 0.1473 0.1312 0.1159 0.1027 0.0910 0.0807 0.0711 0.0628 0.0554 0.0490 0.0434 0.0385
5.2951 5.2162 5.3191 5.6616 4.2458 5.2546 3.6881 3.5915 3.3660 3.6437 2.6667 3.5056 4.1062 3.3376 2.5845 2.3360 2.4199 2.4285 2.0837 1.5231 1.0893 1.0019 1.1533 1.3454 1.4165 1.3352 1.1414 0.9140 0.7074 0.5393 0.4177 0.3378 0.2843 0.2500 0.2252 0.2045 0.1863 0.1695 0.1530 0.1374 0.1223 0.1092 0.0975 0.0869 0.0770 0.0683 0.0605 0.0536 0.0476 0.0423
6.1500 5.4465 5.5479 6.1211 4.6196 5.7224 3.9689 3.9589 3.6307 3.7063 2.9239 3.9572 4.3550 3.3947 2.6257 2.4339 2.6155 2.7600 2.5080 1.9095 1.3118 1.0375 1.0735 1.2527 1.3841 1.3852 1.2570 1.0624 0.8585 0.6718 0.5219 0.4136 0.3358 0.2832 0.2457 0.2168 0.1940 0.1748 0.1575 0.1416 0.1267 0.1137 0.1021 0.0917 0.0816 0.0728 0.0648 0.0576 0.0514 0.0457
7.2193 5.7135 5.7877 6.1326 5.1715 5.8045 4.3128 4.3273 3.7915 3.6943 3.2331 4.2907 4.4485 3.4137 2.6873 2.5231 2.7307 2.9767 2.8742 2.3453 1.6534 1.1779 1.0200 1.0996 1.2373 1.3108 1.2721 1.1487 0.9856 0.8096 0.6490 0.5199 0.4181 0.3437 0.2881 0.2454 0.2128 0.1872 0.1660 0.1479 0.1318 0.1181 0.1062 0.0956 0.0854 0.0764 0.0683 0.0610 0.0545 0.0486
7.4746 6.2678 5.9767 5.9660 5.5986 5.5805 4.7111 4.6453 3.9191 3.7226 3.5368 4.3892 4.4232 3.4924 2.8114 2.5870 2.6949 2.9477 3.0277 2.7245 2.1065 1.5049 1.1110 0.9847 1.0229 1.1043 1.1407 1.1103 1.0267 0.9027 0.7657 0.6388 0.5258 0.4344 0.3605 0.3004 0.2537 0.2170 0.1877 0.1638 0.1437 0.1272 0.1133 0.1014 0.0904 0.0808 0.0721 0.0644 0.0577 0.0515
6.9681 6.6011 6.4124 6.0069 5.6073 5.4811 4.9569 5.0203 4.2639 3.8895 3.7062 4.1955 4.4172 3.7565 3.0062 2.5965 2.4814 2.5853 2.7884 2.8503 2.5763 2.0827 1.5366 1.1412 0.9379 0.8835 0.8958 0.9152 0.9125 0.8694 0.7954 0.7083 0.6140 0.5265 0.4469 0.3759 0.3167 0.2681 0.2284 0.1959 0.1689 0.1469 0.1288 0.1137 0.1002 0.0887 0.0786 0.0698 0.0623 0.0554
7.1240 6.5375 7.1938 6.5145 5.9845 5.7633 4.9282 5.8389 4.9730 4.1356 3.7340 3.8115 4.5477 4.2518 3.2257 2.5729 2.2944 2.1128 2.1469 2.4429 2.7152 2.7369 2.4086 1.9176 1.4313 1.0659 0.8396 0.7275 0.6852 0.6647 0.6441 0.6151 0.5714 0.5217 0.4672 0.4101 0.3570 0.3093 0.2674 0.2313 0.2000 0.1734 0.1512 0.1324 0.1156 0.1015 0.0891 0.0786 0.0696 0.0615
7.9570 7.4714 8.1121 7.0160 6.6725 6.5931 5.7361 5.6796 5.2120 4.5530 4.8179 3.8897 3.6746 3.8911 3.2611 2.6733 2.8181 2.9838 2.6166 2.0082 1.6469 1.7364 2.0628 2.3734 2.4826 2.3712 2.0899 1.7413 1.4043 1.1038 0.8621 0.6826 0.5484 0.4530 0.3824 0.3271 0.2846 0.2505 0.2223 0.1984 0.1773 0.1586 0.1422 0.1277 0.1139 0.1017 0.0907 0.0809 0.0724 0.0645
9.2751 7.8838 8.1012 7.9864 6.7397 7.2560 5.8926 6.2754 5.2902 5.0562 5.0495 4.0378 4.0619 4.1200 3.3488 2.8765 3.0945 3.1688 2.6972 2.0779 1.7692 1.9076 2.2446 2.5364 2.6167 2.4808 2.1824 1.8222 1.4771 1.1692 0.9196 0.7326 0.5912 0.4896 0.4137 0.3538 0.3073 0.2699 0.2390 0.2130 0.1902 0.1701 0.1524 0.1367 0.1218 0.1087 0.0970 0.0865 0.0774 0.0690
9.9912 9.0220 8.0100 8.6696 7.1668 7.6090 6.2958 6.7108 5.4352 5.6019 5.1828 4.2603 4.4679 4.2927 3.4433 3.1201 3.3750 3.3299 2.7634 2.1542 1.9075 2.0911 2.4298 2.6953 2.7434 2.5830 2.2691 1.8995 1.5484 1.2346 0.9782 0.7842 0.6359 0.5281 0.4467 0.3821 0.3314 0.2906 0.2567 0.2284 0.2039 0.1822 0.1632 0.1461 0.1300 0.1160 0.1035 0.0924 0.0826 0.0736
9.7173 10.0836 8.5155 8.7857 8.0129 7.6471 6.9716 6.9134 5.7487 6.0976 5.2527 4.5819 4.8545 4.4097 3.5654 3.4030 3.6470 3.4628 2.8198 2.2423 2.0635 2.2851 2.6154 2.8481 2.8616 2.6772 2.3499 1.9731 1.6180 1.2999 1.0377 0.8374 0.6824 0.5686 0.4817 0.4121 0.3572 0.3126 0.2755 0.2448 0.2183 0.1950 0.1745 0.1560 0.1386 0.1236 0.1103 0.0984 0.0880 0.0785
9.7006 10.2357 9.6342 8.6578 8.9285 7.6425 7.7464 6.9494 6.2621 6.4553 5.3302 4.9984 5.1816 4.4871 3.7351 3.7168 3.8971 3.5667 2.8731 2.3475 2.2373 2.4870 2.7987 2.9927 2.9705 2.7635 2.4249 2.0433 1.6861 1.3650 1.0981 0.8920 0.7306 0.6110 0.5186 0.4441 0.3846 0.3360 0.2956 0.2622 0.2337 0.2087 0.1865 0.1664 0.1477 0.1315 0.1174 0.1047 0.0937 0.0836
10.8532 9.9583 10.5216 8.9352 9.4201 7.9363 8.3258 7.0003 6.8858 6.6356 5.4936 5.4685 5.4213 4.5539 3.9628 4.0451 4.1146 3.6464 2.9327 2.4746 2.4286 2.6943 2.9772 3.1284 3.0704 2.8422 2.4944 2.1104 1.7529 1.4304 1.1599 0.9489 0.7815 0.6557 0.5575 0.4779 0.4138 0.3613 0.3173 0.2810 0.2501 0.2230 0.1991 0.1774 0.1574 0.1401 0.1250 0.1116 0.0998 0.0890
11.9603 10.4518 10.5925 9.8104 9.4095 8.6223 8.5472 7.2620 7.4570 6.6907 5.7950 5.9262 5.5719 4.6473 4.2484 4.3675 4.2930 3.7103 3.0077 2.6262 2.6348 2.9036 3.1488 3.2548 3.1617 2.9143 2.5592 2.1750 1.8187 1.4961 1.2233 1.0082 0.8351 0.7030 0.5986 0.5137 0.4451 0.3887 0.3408 0.3014 0.2677 0.2382 0.2123 0.1890 0.1678 0.1496 0.1334 0.1189 0.1063 0.0949
11.8914 11.6172 10.4512 10.7049 9.3823 9.4167 8.5488 7.7931 7.8411 6.7493 6.2298 6.3076 5.6638 4.8027 4.5804 4.6643 4.4325 3.7692 3.1053 2.8020 2.8517 3.1104 3.3114 3.3712 3.2450 2.9806 2.6205 2.2376 1.8837 1.5618 1.2875 1.0689 0.8904 0.7521 0.6415 0.5514 0.4782 0.4177 0.3659 0.3230 0.2863 0.2543 0.2264 0.2013 0.1789 0.1596 0.1422 0.1267 0.1132 0.1010
11.8475 12.2109 10.9718 11.0280 9.8093 9.9195 8.6463 8.4383 8.0180 6.9340 6.7272 6.5799 5.7497 5.0366 4.9340 4.9214 4.5418 3.8367 3.2308 2.9997 3.0751 3.3121 3.4645 3.4787 3.3217 3.0428 2.6793 2.2987 1.9480 1.6276 1.3524 1.1307 0.9472 0.8028 0.6861 0.5909 0.5131 0.4486 0.3926 0.3461 0.3063 0.2715 0.2413 0.2143 0.1906 0.1702 0.1516 0.1350 0.1205 0.1075
12.7800 12.1691 11.9043 11.0344 10.5755 10.0751 9.0421 8.9700 8.1094 7.2882 7.1923 6.7603 5.8831 5.3420 5.2812 5.1354 4.6359 3.9249 3.3865 3.2157 3.3010 3.5072 3.6088 3.5790 3.3937 3.1024 2.7369 2.3591 2.0119 1.6933 1.4177 1.1934 1.0053 0.8551 0.7324 0.6321 0.5498 0.4812 0.4210 0.3707 0.3275 0.2898 0.2571 0.2282 0.2031 0.1815 0.1616 0.1438 0.1282 0.1144
13.4193 12.4071 12.3482 11.2642 11.1281 10.1468 9.5901 9.2593 8.2505 7.7297 7.5382 6.8839 6.0784 5.6862 5.5990 5.3140 4.7326 4.0444 3.5750 3.4517 3.5341 3.7021 3.7503 3.6759 3.4631 3.1617 2.7972 2.4236 2.0808 1.7634 1.4863 1.2593 1.0668 0.9116 0.7834 0.6773 0.5899 0.5169 0.4532 0.3993 0.3524 0.3112 0.2756 0.2445 0.2175 0.1942 0.1730 0.1540 0.1374 0.1225
13.5568 13.0242 12.4955 11.8052 11.4026 10.4394 10.0984 9.4475 8.5377 8.1791 7.7994 7.0335 6.3484 6.0434 5.8834 5.4750 4.8465 4.1963 3.7883 3.6975 3.7662 3.8924 3.8880 3.7710 3.5323 3.2215 2.8580 2.4885 2.1498 1.8333 1.5550 1.3258 1.1293 0.9695 0.8361 0.7242 0.6318 0.5545 0.4873 0.4297 0.3790 0.3340 0.2953 0.2618 0.2327 0.2078 0.1853 0.1650 0.1471 0.1311
13.8526 13.5005 12.7881 12.3027 11.6564 10.8671 10.4972 9.6783 8.9174 8.5836 8.0311 7.2389 6.6668 6.3941 6.1447 5.6365 4.9857 4.3784 4.0213 3.9507 3.9985 4.0810 4.0249 3.8667 3.6026 3.2823 2.9195 2.5536 2.2187 1.9027 1.6236 1.3926 1.1924 1.0283 0.8900 0.7726 0.6753 0.5937 0.5231 0.4618 0.4072 0.3581 0.3163 0.2802 0.2490 0.2223 0.1984 0.1767 0.1576 0.1403
14.1287 14.0184 13.0996 12.8056 11.9514 11.3119 10.8836 9.9632 9.3237 8.9675 8.2754 7.4900 7.0102 6.7401 6.4001 5.8100 5.1510 4.5863 4.2714 4.2122 4.2341 4.2717 4.1640 3.9651 3.6754 3.3450 2.9819 2.6190 2.2872 1.9715 1.6918 1.4594 1.2560 1.0880 0.9451 0.8224 0.7204 0.6347 0.5608 0.4958 0.4371 0.3839 0.3386 0.2999 0.2664 0.2379 0.2125 0.1893 0.1688 0.1502
14.8280 14.2422 13.5674 13.2843 12.1861 11.8658 11.2394 10.2421 9.7769 9.3628 8.5287 7.7738 7.3816 7.1056 6.6729 6.0076 5.3491 4.8277 4.5501 4.4958 4.4865 4.4747 4.3162 4.0796 3.7677 3.4247 3.0554 2.6904 2.3596 2.0453 1.7657 1.5317 1.3255 1.1542 1.0073 0.8796 0.7722 0.6810 0.6019 0.5327 0.4709 0.4149 0.3667 0.3247 0.2883 0.2573 0.2296 0.2044 0.1822 0.1621
15.6151 14.2516 14.4552 13.3777 12.6651 12.4965 11.4395 10.6057 10.3315 9.7285 8.7580 8.0978 7.8016 7.4891 6.9464 6.2110 5.5661 5.0942 4.8513 4.7958 4.7491 4.6836 4.4722 4.1970 3.8616 3.5052 3.1289 2.7616 2.4319 2.1193 1.8397 1.6043 1.3959 1.2216 1.0710 0.9388 0.8260 0.7293 0.6448 0.5716 0.5065 0.4480 0.3969 0.3513 0.3118 0.2781 0.2479 0.2206 0.1967 0.1750
15.2021 15.2829 14.7840 13.4908 13.5822 12.8063 11.5979 11.2244 10.8992 9.9761 8.9902 8.5142 8.2819 7.8723 7.2018 6.4141 5.8063 5.3931 5.1810 5.1147 5.0216 4.8966 4.6296 4.3148 3.9554 3.5851 3.2018 2.8324 2.5040 2.1937 1.9141 1.6774 1.4671 1.2904 1.1365 0.9998 0.8818 0.7795 0.6895 0.6122 0.5441 0.4831 0.4290 0.3798 0.3370 0.3004 0.2675 0.2380 0.2122 0.1887
15.9431 16.2423 14.5017 14.5438 14.2402 12.7770 12.1631 12.0455 11.2829 10.1402 9.3577 9.0827 8.8078 8.2254 7.4334 6.6366 6.0950 5.7443 5.5506 5.4578 5.3064 5.1163 4.7913 4.4360 4.0519 3.6680 3.2784 2.9082 2.5819 2.2738 1.9939 1.7560 1.5437 1.3646 1.2074 1.0662 0.9428 0.8350 0.7395 0.6577 0.5860 0.5216 0.4640 0.4110 0.3648 0.3252 0.2896 0.2577 0.2297 0.2043
17.6931 15.7327 15.5193 15.7076 14.1331 13.1951 13.2343 12.6696 11.4297 10.4385 9.9884 9.7772 9.3148 8.5213 7.6583 6.9165 6.4632 6.1640 5.9646 5.8241 5.6019 5.3428 4.9589 4.5631 4.1550 3.7593 3.3650 2.9956 2.6717 2.3651 2.0848 1.8458 1.6308 1.4488 1.2879 1.1418 1.0130 0.8995 0.7983 0.7114 0.6349 0.5650 0.5028 0.4462 0.3964 0.3537 0.3155 0.2809 0.2504 0.2228
16.9491 16.5296 17.1234 15.5358 14.3043 14.4325 14.0871 12.7814 11.5892 11.0650 10.8045 10.4158 9.6822 8.7396 7.9012 7.2697 6.9071 6.6327 6.3972 6.1881 5.8853 5.5559 5.1160 4.6842 4.2570 3.8528 3.4557 3.0875 2.7660 2.4608 2.1802 1.9401 1.7223 1.5375 1.3729 1.2218 1.0873 0.9680 0.8610 0.7686 0.6871 0.6113 0.5442 0.4839 0.4303 0.3843 0.3435 0.3060 0.2729 0.2428
17.6261 18.5029 16.8409 15.4798 15.7049 15.4979 14.1472 12.7893 12.1906 12.0019 11.5724 10.8415 9.9008 8.9474 8.2272 7.7253 7.4235 7.1311 6.8265 6.5320 6.1450 5.7492 5.2604 4.7995 4.3597 3.9510 3.5530 3.1863 2.8671 2.5628 2.2818 2.0404 1.8195 1.6316 1.4632 1.3068 1.1665 1.0411 0.9278 0.8297 0.7429 0.6608 0.5886 0.5243 0.4667 0.4173 0.3737 0.3331 0.2971 0.2645
20.0023 18.0601 16.7940 17.2356 17.0170 15.5400 14.0968 13.4729 13.3181 12.9574 12.1034 11.0868 10.1110 9.2920 8.7295 8.3217 8.0215 7.6632 7.2653 6.8767 6.4074 5.9525 5.4247 4.9432 4.4934 4.0817 3.6834 3.3182 3.0001 2.6940 2.4114 2.1675 1.9421 1.7481 1.5727 1.4084 1.2620 1.1313 1.0121 0.9075 0.8136 0.7255 0.6477 0.5781 0.5148 0.4606 0.4134 0.3691 0.3295 0.2935
18.9900 18.2306 18.9421 18.5157 16.8235 15.4172 14.9117 14.7693 14.3622 13.4898 12.3176 11.2780 10.4552 9.8247 9.3770 8.9868 8.6228 8.1615 7.6603 7.1840 6.6467 6.1473 5.5931 5.1001 4.6450 4.2327 3.8349 3.4711 3.1531 2.8437 2.5582 2.3106 2.0793 1.8778 1.6938 1.5204 1.3674 1.2315 1.1061 0.9944 0.8926 0.7982 0.7143 0.6387 0.5690 0.5094 0.4582 0.4097 0.3662 0.3263
19.9821 20.7229 19.7691 17.9426 16.7806 16.5181 16.3846 15.7978 14.7839 13.6070 12.4856 11.6611 11.0424 10.5317 10.0957 9.6388 9.1644 8.5883 7.9948 7.4508 6.8671 6.3406 5.7725 5.2757 4.8193 4.4078 4.0101 3.6467 3.3274 3.0125 2.7224 2.4697 2.2312 2.0206 1.8266 1.6427 1.4826 1.3412 1.2092 1.0898 0.9793 0.8780 0.7877 0.7056 0.6288 0.5632 0.5077 0.4547 0.4068 0.3628
22.2920 20.6051 18.9873 18.4054 18.3750 18.1052 17.2461 15.9983 14.7689 13.7470 12.9120 12.3249 11.8175 11.3009 10.7776 10.1967 9.6092 8.9372 8.2743 7.6902 7.0840 6.5482 5.9773 5.4830 5.0290 4.6186 4.2190 3.8563 3.5361 3.2164 2.9195 2.6595 2.4118 2.1913 1.9870 1.7923 1.6227 1.4727 1.3329 1.2047 1.0846 0.9740 0.8757 0.7869 0.7035 0.6317 0.5700 0.5113 0.4583 0.4095
21.1651 20.4060 20.4720 20.4198 19.7263 18.5267 17.1661 15.9435 15.0237 14.3252 13.6809 13.1550 12.6038 11.9816 11.3286 10.6213 9.9550 9.2263 8.5228 7.9249 7.3164 6.7861 6.2200 5.7316 5.2809 4.8700 4.4651 4.1034 3.7828 3.4588 3.1529 2.8833 2.6242 2.3931 2.1781 1.9724 1.7909 1.6291 1.4799 1.3417 1.2108 1.0883 0.9805 0.8849 0.7956 0.7175 0.6472 0.5814 0.5225 0.4680
22.7430 22.7745 22.1314 20.9103 19.5150 18.2939 17.3211 16.5358 15.8957 15.2757 14.5557 13.9007 13.2114 12.4708 11.7198 10.9358 10.2411 9.4973 8.7806 8.1884 7.5892 7.0714 6.5117 6.0280 5.5773 5.1620 4.7479 4.3852 4.0627 3.7326 3.4152 3.1340 2.8615 2.6183 2.3914 2.1734 1.9787 1.8037 1.6445 1.4952 1.3524 1.2163 1.0980 0.9953 0.8998 0.8150 0.7348 0.6612 0.5957 0.5350
24.4104 23.0456 21.7104 20.5993 19.7402 19.0618 18.4088 17.6799 16.9151 16.0880 15.1588 14.3486 13.5629 12.7626 11.9801 11.1809 10.4985 9.7665 9.0537 8.4760 7.8896 7.3852 6.8309 6.3502 5.8959 5.4732 5.0469 4.6793 4.3527 4.0164 3.6890 3.3974 3.1123 2.8578 2.6197 2.3904 2.1829 1.9948 1.8236 1.6631 1.5094 1.3619 1.2337 1.1228 1.0196 0.9269 0.8366 0.7545 0.6818 0.6141
24.1542 23.3201 22.6411 21.9812 21.2698 20.4677 19.5449 18.5125 17.4751 16.4397 15.3955 14.5407 13.7601 12.9449 12.1682 11.3858 10.7227 10.0066 9.3086 8.7452 8.1681 7.6738 7.1251 6.6487 6.1903 5.7600 5.3220 4.9421 4.6086 4.2691 3.9398 3.6454 3.3536 3.0927 2.8478 2.6118 2.3955 2.1974 2.0099 1.8394 1.6800 1.5305 1.3967 1.2752 1.1601 1.0571 0.9591 0.8686 0.7877 0.7121
26.3395 25.4526 24.4529 23.3705 22.2629 21.1340 19.9768 18.7995 17.6739 16.5945 15.5657 14.7597 14.0422 13.2340 12.4649 11.6889 11.0338 10.3215 9.6280 9.0688 8.4917 8.0005 7.4524 6.9772 6.5119 6.0714 5.6191 5.2245 4.8830 4.5403 4.2095 3.9129 3.6147 3.3477 3.0962 2.8540 2.6290 2.4204 2.2151 2.0340 1.8696 1.7199 1.5811 1.4480 1.3196 1.2052 1.0991 0.9996 0.9099 0.8256
27.4009 26.1487 24.9033 23.6897 22.5430 21.4098 20.2677 19.1174 17.9967 16.9139 15.9082 15.1408 14.4649 13.6360 12.8463 12.0505 11.3857 10.6633 9.9636 9.3988 8.8143 8.3212 7.7704 7.2945 6.8227 6.3727 5.9070 5.4971 5.1476 4.8021 4.4700 4.1718 3.8686 3.5970 3.3404 3.0930 2.8602 2.6419 2.4190 2.2281 2.0599 1.9114 1.7688 1.6244 1.4825 1.3570 1.2435 1.1352 1.0369 0.9439
27.1551 25.9966 24.8502 23.6998 22.5743 21.4585 20.3385 19.2372 18.1404 17.0661 16.0433 15.2585 14.5632 13.7200 12.9137 12.0994 11.4390 10.7166 10.0068 9.4274 8.8296 8.3296 7.7708 7.2890 6.8289 6.3890 5.9319 5.5163 5.1612 4.8097 4.4705 4.1684 3.8674 3.6003 3.3473 3.0986 2.8639 2.6438 2.4219 2.2319 2.0641 1.9118 1.7664 1.6211 1.4799 1.3556 1.2442 1.1364 1.0380 0.9447
