0.1566 0.0320 0.1058 0.3908 0.2694 0.0329 0.3703 0.0307 0.3119 0.0422 0.2896 0.0682 0.0858 0.1880 0.0825 0.0197 0.0424 0.1122 0.1695 0.1453 0.0685 0.0240 0.0420 0.0829 0.0984 0.0786 0.0418 0.0124 0.0022 0.0100 0.0269 0.0439 0.0549 0.0580 0.0549 0.0468 0.0368 0.0267 0.0177 0.0107 0.0058 0.0027 0.0011 0.0007 0.0010 0.0018 0.0028 0.0039 0.0049 0.0058
0.5186 0.1121 0.2865 1.1486 0.8394 0.0868 1.1076 0.1020 0.9288 0.1309 0.8692 0.1943 0.2659 0.5596 0.2380 0.0591 0.1340 0.3439 0.5121 0.4352 0.2035 0.0709 0.1257 0.2475 0.2930 0.2330 0.1233 0.0361 0.0066 0.0306 0.0817 0.1323 0.1651 0.1742 0.1645 0.1400 0.1100 0.0796 0.0529 0.0320 0.0172 0.0081 0.0034 0.0021 0.0031 0.0055 0.0086 0.0118 0.0148 0.0175
1.0334 0.2549 0.3838 1.8269 1.4988 0.1123 1.8286 0.2075 1.5207 0.2349 1.4477 0.2912 0.4716 0.9169 0.3664 0.1002 0.2462 0.5971 0.8644 0.7219 0.3317 0.1145 0.2082 0.4086 0.4803 0.3787 0.1978 0.0564 0.0110 0.0535 0.1391 0.2230 0.2766 0.2906 0.2735 0.2321 0.1820 0.1314 0.0871 0.0525 0.0282 0.0131 0.0055 0.0035 0.0053 0.0094 0.0145 0.0199 0.0249 0.0294
1.8126 0.5473 0.3751 2.3491 2.2902 0.1171 2.4998 0.3846 2.0588 0.3728 2.0152 0.3449 0.7192 1.2450 0.4531 0.1500 0.3947 0.8840 1.2288 1.0001 0.4472 0.1520 0.2882 0.5634 0.6553 0.5101 0.2611 0.0714 0.0158 0.0802 0.2014 0.3176 0.3902 0.4074 0.3817 0.3227 0.2521 0.1814 0.1197 0.0719 0.0384 0.0177 0.0074 0.0049 0.0076 0.0134 0.0207 0.0282 0.0352 0.0415
2.9441 1.1268 0.2990 2.6174 3.2202 0.1499 3.0570 0.6898 2.4982 0.5748 2.5491 0.3505 1.0221 1.5232 0.4899 0.2234 0.5966 1.2121 1.6012 1.2595 0.5416 0.1803 0.3645 0.7088 0.8127 0.6212 0.3091 0.0798 0.0220 0.1130 0.2708 0.4179 0.5071 0.5251 0.4887 0.4111 0.3196 0.2289 0.1503 0.0897 0.0475 0.0218 0.0092 0.0064 0.0101 0.0178 0.0272 0.0370 0.0458 0.0539
4.4116 2.1548 0.2890 2.5366 4.2287 0.3132 3.4027 1.1970 2.7775 0.8834 3.0097 0.3171 1.3872 1.7243 0.4803 0.3454 0.8684 1.5811 1.9680 1.4832 0.6043 0.1961 0.4363 0.8424 0.9478 0.7072 0.3387 0.0810 0.0312 0.1545 0.3502 0.5261 0.6287 0.6440 0.5947 0.4969 0.3840 0.2734 0.1784 0.1057 0.0554 0.0251 0.0106 0.0079 0.0129 0.0226 0.0342 0.0462 0.0570 0.0667
5.9713 3.7254 0.5902 2.0695 5.1575 0.7603 3.4211 1.9831 2.8270 1.3499 3.3408 0.2721 1.8092 1.8188 0.4455 0.5504 1.2208 1.9771 2.3022 1.6469 0.6230 0.1975 0.5051 0.9636 1.0574 0.7647 0.3484 0.0760 0.0460 0.2083 0.4426 0.6447 0.7562 0.7650 0.6997 0.5799 0.4449 0.3145 0.2036 0.1195 0.0619 0.0277 0.0119 0.0096 0.0161 0.0279 0.0418 0.0559 0.0686 0.0801
7.0661 5.7018 1.5154 1.3239 5.7436 1.6571 3.0211 3.0946 2.5907 2.0235 3.4749 0.2645 2.2641 1.7832 0.4302 0.8773 1.6504 2.3668 2.5622 1.7199 0.5864 0.1872 0.5771 1.0762 1.1426 0.7939 0.3394 0.0674 0.0702 0.2782 0.5515 0.7760 0.8914 0.8887 0.8038 0.6600 0.5021 0.3519 0.2258 0.1310 0.0669 0.0295 0.0129 0.0114 0.0198 0.0338 0.0501 0.0664 0.0809 0.0940
6.9457 7.5414 3.2908 0.6312 5.6760 3.0928 2.2137 4.4926 2.0642 2.9291 3.3476 0.3617 2.7050 1.6137 0.5054 1.3577 2.1282 2.6932 2.6933 1.6705 0.4898 0.1773 0.6678 1.1922 1.2109 0.8002 0.3165 0.0603 0.1085 0.3682 0.6797 0.9220 1.0351 1.0155 0.9071 0.7370 0.5553 0.3855 0.2446 0.1401 0.0704 0.0305 0.0137 0.0135 0.0240 0.0404 0.0591 0.0776 0.0940 0.1085
5.1697 8.3004 5.7849 0.5441 4.7467 4.9487 1.2070 5.9881 1.3470 4.0367 2.9232 0.6404 3.0642 1.3445 0.7612 1.9960 2.5885 2.8774 2.6373 1.4773 0.3446 0.1953 0.8060 1.3347 1.2790 0.7956 0.2888 0.0612 0.1654 0.4810 0.8284 1.0827 1.1870 1.1447 1.0088 0.8103 0.6040 0.4148 0.2600 0.1468 0.0724 0.0309 0.0145 0.0161 0.0289 0.0479 0.0690 0.0897 0.1077 0.1237
2.3833 7.0779 8.2319 1.6528 3.0769 6.7834 0.4647 7.2004 0.6911 5.2272 2.2284 1.1692 3.2690 1.0653 1.2883 2.7477 2.9275 2.8352 2.3562 1.1482 0.1903 0.2913 1.0382 1.5413 1.3749 0.8000 0.2691 0.0772 0.2436 0.6163 0.9961 1.2562 1.3452 1.2750 1.1081 0.8793 0.6480 0.4397 0.2721 0.1511 0.0730 0.0307 0.0154 0.0191 0.0346 0.0563 0.0800 0.1028 0.1225 0.1399
0.6623 4.0072 9.2701 4.1800 1.3065 7.8680 0.6331 7.6088 0.5094 6.2658 1.3874 1.9834 3.2649 0.9215 2.1376 3.4933 3.0137 2.5083 1.8641 0.7439 0.1043 0.5371 1.4221 1.8559 1.5306 0.8352 0.2697 0.1125 0.3409 0.7679 1.1750 1.4350 1.5034 1.4013 1.2011 0.9413 0.6854 0.4593 0.2801 0.1528 0.0722 0.0300 0.0166 0.0230 0.0414 0.0660 0.0923 0.1173 0.1386 0.1573
2.3099 1.0986 7.6994 7.5005 0.5262 7.4957 2.2470 6.7667 1.2857 6.8091 0.6470 3.0554 3.0406 1.0857 3.2619 4.0274 2.7243 1.9151 1.2691 0.3989 0.2025 1.0106 2.0028 2.3041 1.7621 0.9107 0.2933 0.1624 0.4460 0.9199 1.3470 1.6013 1.6455 1.5105 1.2777 0.9890 0.7113 0.4704 0.2824 0.1509 0.0696 0.0289 0.0181 0.0278 0.0495 0.0771 0.1060 0.1331 0.1560 0.1759
7.2856 1.4658 3.8861 9.9588 1.8037 5.5081 5.2612 4.6668 3.3347 6.4868 0.3745 4.2790 2.6642 1.7035 4.4752 4.1067 2.0397 1.2356 0.8197 0.3242 0.6094 1.7525 2.7713 2.8607 2.0464 1.0095 0.3251 0.2099 0.5383 1.0492 1.4889 1.7334 1.7531 1.5877 1.3266 1.0144 0.7203 0.4694 0.2768 0.1445 0.0650 0.0275 0.0205 0.0341 0.0595 0.0902 0.1217 0.1508 0.1750 0.1959
11.8502 6.3143 0.7820 9.5214 5.4077 2.7333 8.7026 2.1035 6.4147 5.0827 1.0016 5.4564 2.2691 2.7974 5.4457 3.5516 1.1506 0.8606 0.8904 0.7470 1.3729 2.6764 3.5829 3.3854 2.2794 1.0653 0.3257 0.2300 0.5988 1.1379 1.5832 1.8149 1.8115 1.6209 1.3384 1.0107 0.7078 0.4537 0.2620 0.1331 0.0583 0.0260 0.0243 0.0426 0.0719 0.1058 0.1399 0.1708 0.1960 0.2177
11.1688 12.2687 2.2682 5.6194 10.0724 0.8331 10.9282 0.6027 9.3787 2.8389 2.8841 6.2795 1.9896 4.1826 5.7818 2.4069 0.5333 1.3423 1.8484 1.7485 2.3114 3.4442 4.0670 3.5656 2.2490 0.9615 0.2490 0.2186 0.6426 1.2071 1.6493 1.8609 1.8314 1.6171 1.3176 0.9807 0.6756 0.4244 0.2387 0.1173 0.0502 0.0253 0.0300 0.0538 0.0873 0.1245 0.1609 0.1934 0.2195 0.2416
4.7921 13.6340 8.4053 1.2804 12.7373 1.5033 10.6290 1.4842 10.3374 0.7975 6.0074 6.2807 1.8698 5.4703 5.2268 1.0817 0.8535 3.1001 3.7014 2.9727 2.8344 3.3939 3.6285 2.9600 1.6991 0.6029 0.1159 0.2645 0.7874 1.3771 1.7948 1.9601 1.8817 1.6271 1.3005 0.9493 0.6403 0.3921 0.2136 0.1009 0.0427 0.0260 0.0379 0.0675 0.1055 0.1458 0.1845 0.2183 0.2449 0.2673
0.8396 7.8536 13.6839 1.6434 9.7185 5.6686 7.5924 4.4537 7.9795 0.7838 9.3580 4.7630 1.9243 6.2853 3.8967 0.2857 2.4785 5.6764 5.4112 3.2613 1.9741 1.8717 1.9155 1.4620 0.7037 0.1823 0.1848 0.6504 1.3080 1.8973 2.2313 2.2840 2.0954 1.7498 1.3585 0.9656 0.6342 0.3772 0.1983 0.0899 0.0383 0.0285 0.0468 0.0819 0.1241 0.1676 0.2086 0.2438 0.2709 0.2934
7.7927 0.7738 11.5044 8.2739 2.9826 11.4554 1.6633 9.5603 4.1717 3.7282 9.1800 0.9525 4.0150 7.8083 2.5363 0.5063 4.2535 5.8099 3.2008 0.5378 0.4228 1.8436 2.8568 2.7274 1.8901 1.1587 0.9427 1.2219 1.7206 2.1777 2.4008 2.3667 2.1155 1.7305 1.3185 0.9192 0.5905 0.3417 0.1735 0.0764 0.0351 0.0344 0.0600 0.1008 0.1471 0.1933 0.2361 0.2722 0.2995 0.3218
16.0070 4.8789 4.1526 14.2881 0.6825 13.1390 0.7340 12.1166 1.1998 7.5687 7.5141 0.3780 6.6431 7.2939 1.1711 1.5053 5.7151 5.7707 2.3623 0.2403 0.9369 2.6193 3.3928 2.9195 1.8962 1.1670 1.0445 1.4115 1.9426 2.3776 2.5430 2.4427 2.1338 1.7088 1.2747 0.8684 0.5429 0.3036 0.1478 0.0634 0.0337 0.0428 0.0763 0.1230 0.1734 0.2224 0.2668 0.3035 0.3305 0.3524
11.9024 14.7098 0.9049 13.0486 5.1246 9.2822 4.4999 10.8617 0.7239 10.9280 4.4798 1.6033 8.9361 5.7200 0.3658 3.2074 6.9177 5.2197 1.4654 0.2465 1.7343 3.4735 3.8582 3.0118 1.8461 1.1701 1.1683 1.6243 2.1739 2.5699 2.6650 2.4923 2.1252 1.6638 1.2128 0.8052 0.4881 0.2624 0.1220 0.0523 0.0356 0.0553 0.0968 0.1493 0.2036 0.2550 0.3005 0.3375 0.3639 0.3850
1.6040 15.6767 8.2680 5.1010 13.2129 2.9339 11.0486 6.1411 3.9281 11.8305 1.5220 4.6353 9.9713 3.4828 0.5933 5.3703 7.5472 4.1929 0.7078 0.6617 2.7857 4.3261 4.1937 2.9843 1.7449 1.1799 1.3217 1.8608 2.4100 2.7484 2.7612 2.5116 2.0880 1.5953 1.1335 0.7311 0.4275 0.2196 0.0976 0.0446 0.0419 0.0725 0.1221 0.1802 0.2381 0.2915 0.3377 0.3744 0.3998 0.4197
5.7940 5.1044 17.5040 0.8645 16.2288 0.9603 15.0869 1.4682 9.5522 9.3305 0.5265 8.5302 9.1168 1.3891 2.1049 7.5261 7.3584 2.8643 0.3195 1.5409 4.0076 5.0746 4.3439 2.8296 1.6083 1.2128 1.5122 2.1199 2.6452 2.9063 2.8260 2.4973 2.0209 1.5037 1.0386 0.6480 0.3635 0.1774 0.0763 0.0416 0.0537 0.0955 0.1529 0.2162 0.2771 0.3321 0.3784 0.4143 0.4382 0.4565
19.3805 1.8962 14.1863 8.1596 9.7150 7.1032 12.3460 1.4120 13.9751 4.6454 2.7317 11.5721 6.4802 0.4393 4.7402 9.0694 6.2845 1.5455 0.5133 2.8580 5.2613 5.6091 4.2705 2.5589 1.4618 1.2881 1.7471 2.3987 2.8721 3.0361 2.8550 2.4484 1.9255 1.3916 0.9307 0.5588 0.2987 0.1380 0.0602 0.0449 0.0721 0.1251 0.1901 0.2580 0.3213 0.3771 0.4229 0.4576 0.4794 0.4957
14.7085 14.8518 2.8233 18.4092 1.5823 15.9490 4.8924 7.3572 13.5677 1.0167 7.6116 12.0496 3.1348 1.4114 7.8447 9.4416 4.5202 0.6365 1.4208 4.4847 6.3652 5.8287 3.9614 2.2046 1.3416 1.4267 2.0305 2.6912 3.0816 3.1300 2.8436 2.3634 1.8025 1.2612 0.8130 0.4667 0.2360 0.1040 0.0513 0.0561 0.0985 0.1624 0.2344 0.3063 0.3711 0.4269 0.4716 0.5042 0.5235 0.5372
1.1649 20.5581 4.2668 15.9363 4.1960 17.1148 0.8551 14.9014 8.0977 1.7435 12.6306 9.3685 0.8405 4.3866 10.3893 8.3707 2.5431 0.5312 3.0274 6.1898 7.1235 5.6647 3.4417 1.8224 1.2914 1.6474 2.3615 2.9877 3.2627 3.1800 2.7872 2.2407 1.6528 1.1152 0.6890 0.3753 0.1785 0.0779 0.0514 0.0767 0.1340 0.2082 0.2863 0.3611 0.4265 0.4813 0.5242 0.5542 0.5702 0.5810
11.8780 6.6202 18.7261 3.8295 16.0740 8.3122 6.2047 16.8175 2.0749 7.3480 14.5000 4.8176 1.2205 8.4728 11.3259 6.0744 1.0317 1.4857 5.1296 7.6662 7.3655 5.1070 2.7809 1.4870 1.3555 1.9629 2.7332 3.2744 3.4032 3.1787 2.6834 2.0817 1.4801 0.9582 0.5633 0.2887 0.1299 0.0626 0.0630 0.1084 0.1798 0.2631 0.3463 0.4228 0.4877 0.5406 0.5808 0.6075 0.6196 0.6270
24.2672 3.2874 19.6940 3.5046 20.3172 1.1205 16.3255 10.5067 1.6368 14.2314 11.5455 1.2597 4.7157 11.9827 10.0853 3.3178 0.6664 3.4879 7.3384 8.5905 6.9938 4.2207 2.0906 1.2828 1.5712 2.3749 3.1302 3.5335 3.4901 3.1197 2.5315 1.8895 1.2893 0.7959 0.4414 0.2116 0.0937 0.0609 0.0880 0.1528 0.2369 0.3281 0.4147 0.4917 0.5548 0.6048 0.6415 0.6641 0.6717 0.6751
7.4669 20.8290 4.3918 18.0388 9.4609 7.0930 19.1906 2.4317 8.4949 16.7825 5.5489 1.5106 9.9404 13.1333 6.9936 1.2325 1.8615 6.1808 9.1468 8.7105 6.0328 3.1553 1.5143 1.2935 1.9618 2.8716 3.5321 3.7496 3.5174 3.0059 2.3362 1.6697 1.0873 0.6352 0.3296 0.1491 0.0740 0.0758 0.1286 0.2109 0.3058 0.4026 0.4908 0.5671 0.6276 0.6740 0.7067 0.7247 0.7274 0.7265
5.1818 19.8632 5.4248 21.6691 1.2566 19.3762 10.4935 2.5159 16.8477 12.3567 1.2128 6.1980 14.1074 11.1103 3.3745 0.8990 4.5224 8.8967 10.0516 7.9176 4.6323 2.1162 1.1955 1.5754 2.5217 3.4208 3.9023 3.8928 3.4657 2.8264 2.0976 1.4289 0.8820 0.4833 0.2338 0.1059 0.0744 0.1099 0.1866 0.2841 0.3874 0.4877 0.5756 0.6495 0.7061 0.7480 0.7758 0.7885 0.7857 0.7801
25.7606 2.2309 22.8370 6.7405 11.3761 19.7192 1.5891 12.1061 18.1236 4.5861 2.6763 12.7014 14.5659 6.7573 1.0618 2.8233 7.9515 10.8194 9.7209 6.3286 3.0817 1.3470 1.2574 2.1483 3.2161 3.9736 4.2004 3.9389 3.3254 2.5824 1.8230 1.1765 0.6826 0.3481 0.1605 0.0869 0.0986 0.1659 0.2635 0.3734 0.4823 0.5836 0.6690 0.7389 0.7903 0.8266 0.8488 0.8555 0.8464 0.8357
13.4396 12.8073 18.4357 3.2915 23.4596 6.8583 5.9116 20.3386 10.3843 1.0963 9.6325 16.4839 10.7046 2.4593 1.5282 6.5494 10.9980 11.2551 8.1427 4.2979 1.7559 1.0726 1.7659 2.9795 3.9771 4.4670 4.3842 3.8672 3.0925 2.2797 1.5231 0.9245 0.4999 0.2386 0.1165 0.0972 0.1499 0.2458 0.3608 0.4795 0.5908 0.6903 0.7709 0.8352 0.8801 0.9098 0.9254 0.9254 0.9095 0.8932
3.1248 26.0993 1.8788 20.1737 15.0997 1.9317 18.6325 16.4503 2.0547 6.2192 16.6126 14.4055 4.8475 0.9560 4.9736 10.6743 12.4726 9.9416 5.7097 2.3645 1.0331 1.4417 2.7089 3.9908 4.7296 4.8518 4.4292 3.6716 2.7727 1.9303 1.2145 0.6885 0.3466 0.1643 0.1088 0.1415 0.2317 0.3519 0.4805 0.6048 0.7160 0.8116 0.8856 0.9418 0.9782 0.9997 1.0073 0.9996 0.9765 0.9541
25.8547 7.0653 13.4108 22.1088 1.7089 14.5980 21.0443 5.0104 3.4412 15.5632 17.2842 7.7308 1.1165 3.6058 9.9345 13.3423 11.6289 7.1870 3.1202 1.1026 1.1836 2.4667 3.9658 5.0298 5.3429 5.0385 4.2897 3.3407 2.3753 1.5530 0.9130 0.4814 0.2333 0.1334 0.1433 0.2237 0.3461 0.4853 0.6226 0.7483 0.8556 0.9445 1.0094 1.0553 1.0818 1.0939 1.0925 1.0766 1.0456 1.0167
14.4777 7.3843 25.8483 4.3082 10.3564 23.5615 8.7931 1.8470 13.8378 19.4117 10.5764 1.8025 2.5977 9.1995 13.8305 13.1423 8.6374 3.9212 1.2494 0.9783 2.2838 4.0009 5.3276 5.9172 5.7012 4.9710 3.9529 2.8868 1.9236 1.1730 0.6408 0.3207 0.1731 0.1547 0.2256 0.3472 0.4950 0.6468 0.7873 0.9097 1.0093 1.0885 1.1416 1.1753 1.1904 1.1920 1.1808 1.1558 1.1166 1.0808
3.7862 26.9939 7.7441 7.2613 24.6195 12.2712 1.2740 12.3755 20.7618 13.1353 2.6771 1.9657 8.7316 14.3595 14.3608 9.9617 4.6710 1.4042 0.8359 2.1641 4.1554 5.7518 6.5345 6.4798 5.7172 4.6261 3.4346 2.3443 1.4552 0.8235 0.4238 0.2254 0.1789 0.2368 0.3613 0.5153 0.6807 0.8381 0.9759 1.0902 1.1782 1.2444 1.2835 1.3034 1.3053 1.2949 1.2731 1.2387 1.1906 1.1476
27.5760 10.3554 5.7466 25.2232 14.7205 1.2312 11.7316 21.9953 14.9799 3.3994 1.6823 8.6919 15.2079 15.5847 10.9664 5.2444 1.4948 0.7440 2.1848 4.4361 6.3795 7.3350 7.3239 6.5805 5.3486 4.0200 2.7787 1.7633 1.0146 0.5392 0.2881 0.2142 0.2633 0.3877 0.5554 0.7316 0.9058 1.0615 1.1901 1.2910 1.3636 1.4137 1.4365 1.4413 1.4279 1.4039 1.3710 1.3264 1.2690 1.2181
10.8654 5.8069 26.2101 15.5487 1.2657 12.2886 23.3656 15.9725 3.5656 1.7477 9.3074 16.3895 16.8570 11.6928 5.4319 1.4396 0.7134 2.4048 4.9800 7.1748 8.3615 8.3298 7.4636 6.1341 4.6050 3.2075 2.0521 1.2037 0.6492 0.3556 0.2587 0.3034 0.4360 0.6125 0.8097 0.9956 1.1682 1.3138 1.4263 1.5086 1.5616 1.5925 1.5967 1.5848 1.5547 1.5159 1.4712 1.4160 1.3488 1.2898
7.8446 27.8779 14.2854 1.3683 14.5388 24.8809 15.7190 2.9973 2.2994 10.9880 18.0677 17.8970 11.9851 5.1770 1.1825 0.8070 2.9537 5.9019 8.3145 9.5284 9.5098 8.4297 6.8613 5.1775 3.5827 2.2988 1.3542 0.7447 0.4167 0.3121 0.3608 0.5076 0.7047 0.9143 1.1246 1.3061 1.4662 1.5930 1.6826 1.7412 1.7709 1.7796 1.7631 1.7330 1.6846 1.6301 1.5732 1.5070 1.4297 1.3623
29.5424 10.5554 2.5046 19.0276 26.1563 13.7063 1.8353 3.9085 13.9878 20.4982 18.5230 11.4228 4.3659 0.8078 1.1905 4.0476 7.4199 9.9316 11.0262 10.7329 9.4610 7.5691 5.6225 3.8878 2.4640 1.4507 0.8055 0.4726 0.3755 0.4464 0.6168 0.8400 1.0770 1.2982 1.5049 1.6681 1.8054 1.9055 1.9651 1.9937 1.9942 1.9789 1.9401 1.8905 1.8246 1.7548 1.6846 1.6063 1.5179 1.4421
4.5912 7.0468 25.4020 25.2562 9.3834 1.0283 7.6118 18.5913 22.7900 18.2353 9.6588 2.9214 0.5749 2.2280 5.9203 9.6884 12.0840 12.7720 12.0081 10.2698 8.1169 5.8837 3.9742 2.4993 1.4493 0.8171 0.5146 0.4597 0.5695 0.7825 1.0376 1.3033 1.5505 1.7590 1.9436 2.0736 2.1772 2.2424 2.2654 2.2588 2.2262 2.1847 2.1223 2.0520 1.9680 1.8827 1.7987 1.7079 1.6081 1.5237
17.8147 30.5475 19.4590 3.6857 3.0565 14.5640 24.1049 23.7279 15.6857 6.5776 1.3086 1.1504 4.5279 8.9896 12.6757 14.6644 14.6002 13.0796 10.7664 8.2025 5.8229 3.8003 2.3150 1.3365 0.7768 0.5604 0.5842 0.7655 1.0290 1.3320 1.6241 1.8925 2.1175 2.2882 2.4324 2.5149 2.5746 2.5976 2.5782 2.5321 2.4632 2.3940 2.3070 2.2154 2.1129 2.0118 1.9138 1.8102 1.6989 1.6059
27.0045 8.3871 1.5543 11.4693 24.3198 27.7747 20.9294 10.3526 2.7472 0.8665 3.7558 8.8220 13.5451 16.4021 17.1264 16.0440 13.5750 10.6064 7.7154 5.2200 3.2952 1.9288 1.1114 0.7293 0.6600 0.8091 1.0840 1.4229 1.7651 2.0952 2.3720 2.6028 2.7755 2.8857 2.9730 2.9954 3.0012 2.9739 2.9066 2.8196 2.7162 2.6201 2.5080 2.3928 2.2700 2.1517 2.0387 1.9222 1.7993 1.6971
1.5399 11.5318 26.1206 31.1266 24.3249 12.5615 3.5950 1.0204 4.0962 9.9360 15.4724 19.0903 20.0908 18.8269 16.1609 12.8553 9.4169 6.4173 4.0779 2.4264 1.4090 0.8958 0.7787 0.9323 1.2389 1.6295 2.0356 2.4280 2.7616 3.0517 3.2608 3.4159 3.5099 3.5395 3.5557 3.5070 3.4500 3.3652 3.2457 3.1177 2.9830 2.8616 2.7244 2.5833 2.4385 2.3016 2.1727 2.0431 1.9087 1.7970
32.0099 33.8513 24.0745 11.1098 2.7075 1.6969 6.4603 13.4644 19.6214 23.2210 23.5941 21.6847 18.2027 14.1470 10.2567 6.9356 4.3338 2.5439 1.4801 0.9979 0.9472 1.1722 1.5706 2.0581 2.5408 3.0012 3.3948 3.7273 3.9645 4.1509 4.2454 4.2923 4.2855 4.2190 4.1537 4.0266 3.9019 3.7561 3.5826 3.4133 3.2484 3.1027 2.9409 2.7737 2.6069 2.4516 2.3069 2.1645 2.0187 1.8977
16.5412 5.0776 1.5719 5.5899 13.5279 21.4468 26.7252 28.3602 26.8900 23.3088 18.4677 13.6825 9.4044 6.0131 3.5983 2.0794 1.2966 1.0905 1.2862 1.7320 2.3120 2.9034 3.4839 4.0257 4.4515 4.8021 5.0469 5.2198 5.2883 5.3202 5.2692 5.1883 5.0677 4.8968 4.7457 4.5408 4.3491 4.1435 3.9180 3.7098 3.5165 3.3451 3.1587 2.9684 2.7808 2.6076 2.4472 2.2921 2.1352 2.0047
10.3305 20.2073 28.7459 33.5921 34.2185 31.3677 26.3255 20.3616 14.6609 9.8245 6.0467 3.5077 2.0124 1.3600 1.3406 1.7494 2.3980 3.1582 3.9348 4.6654 5.3242 5.8198 6.2267 6.5550 6.7161 6.8129 6.8124 6.7634 6.6201 6.4657 6.2628 6.0538 5.8165 5.5413 5.3078 5.0369 4.7871 4.5289 4.2590 4.0168 3.7979 3.5938 3.3819 3.1761 2.9705 2.7803 2.6038 2.4360 2.2676 2.1273
41.1672 36.0439 29.0976 21.8031 15.1520 9.7396 5.7784 3.2297 1.9174 1.5657 1.8856 2.6561 3.6515 4.7058 5.7539 6.7380 7.5413 8.1777 8.6526 8.9986 9.2450 9.2881 9.2724 9.2176 8.9984 8.7733 8.4917 8.2045 7.8445 7.5042 7.1606 6.8357 6.4924 6.1233 5.8168 5.4905 5.1906 4.8863 4.5781 4.3072 4.0672 3.8327 3.5975 3.3791 3.1572 2.9515 2.7597 2.5800 2.4008 2.2510
4.5044 2.6188 2.0656 2.5230 3.6530 5.1679 6.8350 8.4501 9.9446 11.2721 12.2774 13.1310 13.7154 14.0349 14.2540 14.3951 14.2821 14.0304 13.6760 13.3061 12.9408 12.4267 11.9367 11.4823 10.8940 10.3732 9.8459 9.3565 8.8166 8.3241 7.8728 7.4602 7.0348 6.5924 6.2297 5.8633 5.5263 5.1872 4.8497 4.5564 4.2996 4.0396 3.7860 3.5595 3.3247 3.1059 2.9010 2.7110 2.5226 2.3647
30.7470 31.1531 31.2780 31.1539 30.7592 30.2049 29.4631 28.4788 27.4602 26.4538 25.2079 24.1344 22.9875 21.7720 20.7254 19.8249 18.7817 17.7409 16.7260 15.8202 15.0199 14.1290 13.3202 12.6029 11.8052 11.1162 10.4487 9.8358 9.2007 8.6438 8.1393 7.6824 7.2163 6.7368 6.3444 5.9558 5.6073 5.2620 4.9115 4.5979 4.3143 4.0510 3.7986 3.5774 3.3420 3.1212 2.9135 2.7210 2.5306 2.3719
