0.2183 0.2177 0.2179 0.1862 0.1749 0.1653 0.1540 0.1451 0.1409 0.1517 0.1125 0.1080 0.1198 0.1197 0.1134 0.1021 0.0827 0.0610 0.0522 0.0603 0.0731 0.0783 0.0704 0.0555 0.0401 0.0289 0.0226 0.0198 0.0190 0.0185 0.0177 0.0165 0.0148 0.0131 0.0114 0.0098 0.0085 0.0073 0.0062 0.0054 0.0046 0.0041 0.0036 0.0032 0.0028 0.0025 0.0022 0.0020 0.0018 0.0016
0.6544 0.6507 0.6515 0.5588 0.5250 0.4951 0.4612 0.4341 0.4222 0.4538 0.3375 0.3239 0.3607 0.3611 0.3417 0.3070 0.2489 0.1837 0.1560 0.1791 0.2174 0.2338 0.2113 0.1674 0.1215 0.0876 0.0679 0.0593 0.0566 0.0552 0.0528 0.0492 0.0444 0.0394 0.0344 0.0296 0.0254 0.0218 0.0188 0.0162 0.0140 0.0122 0.0108 0.0096 0.0085 0.0075 0.0067 0.0060 0.0054 0.0048
1.0892 1.0770 1.0783 0.9323 0.8764 0.8231 0.7656 0.7201 0.7012 0.7526 0.5628 0.5401 0.6060 0.6083 0.5739 0.5144 0.4176 0.3082 0.2586 0.2928 0.3556 0.3856 0.3524 0.2821 0.2063 0.1487 0.1143 0.0984 0.0932 0.0906 0.0869 0.0813 0.0736 0.0656 0.0574 0.0495 0.0426 0.0366 0.0315 0.0271 0.0234 0.0205 0.0180 0.0160 0.0141 0.0126 0.0112 0.0100 0.0089 0.0080
1.5239 1.4959 1.4944 1.3058 1.2312 1.1486 1.0654 1.0022 0.9759 1.0469 0.7885 0.7569 0.8594 0.8652 0.8120 0.7252 0.5901 0.4360 0.3595 0.3985 0.4836 0.5308 0.4931 0.4013 0.2970 0.2144 0.1627 0.1375 0.1283 0.1241 0.1192 0.1121 0.1022 0.0915 0.0804 0.0697 0.0601 0.0517 0.0445 0.0383 0.0330 0.0288 0.0254 0.0225 0.0199 0.0176 0.0157 0.0140 0.0125 0.0112
1.9619 1.9111 1.8992 1.6769 1.5933 1.4722 1.3591 1.2809 1.2437 1.3374 1.0144 0.9751 1.1256 1.1357 1.0570 0.9395 0.7677 0.5693 0.4595 0.4936 0.5970 0.6659 0.6326 0.5263 0.3962 0.2872 0.2150 0.1771 0.1619 0.1551 0.1491 0.1411 0.1295 0.1168 0.1034 0.0901 0.0779 0.0673 0.0579 0.0498 0.0429 0.0374 0.0329 0.0291 0.0257 0.0228 0.0202 0.0180 0.0161 0.0144
2.4075 2.3303 2.2984 2.0412 1.9677 1.7966 1.6464 1.5580 1.5016 1.6271 1.2399 1.1967 1.4105 1.4225 1.3081 1.1557 0.9510 0.7110 0.5607 0.5772 0.6921 0.7866 0.7685 0.6578 0.5065 0.3703 0.2738 0.2191 0.1946 0.1836 0.1761 0.1675 0.1550 0.1411 0.1259 0.1105 0.0961 0.0832 0.0717 0.0618 0.0532 0.0463 0.0407 0.0359 0.0316 0.0280 0.0248 0.0221 0.0197 0.0176
2.8643 2.7606 2.7080 2.3955 2.3581 2.1283 1.9292 1.8357 1.7478 1.9213 1.4631 1.4257 1.7212 1.7266 1.5617 1.3706 1.1406 0.8653 0.6676 0.6504 0.7657 0.8882 0.8974 0.7952 0.6299 0.4674 0.3428 0.2662 0.2280 0.2100 0.1999 0.1907 0.1780 0.1636 0.1475 0.1305 0.1142 0.0994 0.0859 0.0741 0.0638 0.0556 0.0487 0.0429 0.0377 0.0333 0.0295 0.0262 0.0233 0.0208
3.3321 3.2014 3.1519 2.7454 2.7615 2.4800 2.2124 2.1154 1.9838 2.2260 1.6808 1.6691 2.0648 2.0454 1.8105 1.5788 1.3364 1.0379 0.7879 0.7178 0.8170 0.9657 1.0141 0.9358 0.7676 0.5821 0.4267 0.3226 0.2652 0.2360 0.2209 0.2104 0.1976 0.1835 0.1672 0.1494 0.1319 0.1155 0.1003 0.0868 0.0749 0.0652 0.0571 0.0502 0.0440 0.0388 0.0343 0.0304 0.0271 0.0241
3.8013 3.6403 3.6476 3.1180 3.1607 2.8741 2.5021 2.3963 2.2172 2.5447 1.8883 1.9378 2.4460 2.3705 2.0435 1.7735 1.5386 1.2363 0.9331 0.7889 0.8489 1.0152 1.1117 1.0743 0.9180 0.7168 0.5302 0.3938 0.3108 0.2648 0.2408 0.2269 0.2135 0.1999 0.1841 0.1663 0.1482 0.1308 0.1143 0.0994 0.0860 0.0750 0.0657 0.0577 0.0506 0.0446 0.0393 0.0348 0.0309 0.0274
4.2415 4.0634 4.1786 3.5693 3.5213 3.3416 2.8016 2.6761 2.4619 2.8719 2.0818 2.2460 2.8627 2.6857 2.2463 1.9474 1.7476 1.4693 1.1187 0.8795 0.8696 1.0349 1.1813 1.2008 1.0750 0.8708 0.6571 0.4857 0.3710 0.3013 0.2629 0.2419 0.2259 0.2122 0.1970 0.1799 0.1621 0.1444 0.1273 0.1114 0.0968 0.0847 0.0743 0.0654 0.0573 0.0504 0.0445 0.0393 0.0348 0.0309
4.6017 4.4709 4.6768 4.1663 3.8078 3.9136 3.1083 2.9594 2.7367 3.1896 2.2661 2.6107 3.3026 2.9689 2.4068 2.0976 1.9657 1.7469 1.3650 1.0148 0.8981 1.0299 1.2154 1.3017 1.2269 1.0386 0.8086 0.6044 0.4542 0.3540 0.2940 0.2603 0.2379 0.2219 0.2067 0.1901 0.1729 0.1557 0.1385 0.1222 0.1070 0.0941 0.0829 0.0731 0.0642 0.0565 0.0498 0.0440 0.0390 0.0346
4.8850 4.8678 5.0582 4.9139 4.0219 4.5829 3.4093 3.2597 3.0488 3.4627 2.4557 3.0393 3.7346 3.1935 2.5183 2.2257 2.1929 2.0717 1.6871 1.2227 0.9619 1.0133 1.2082 1.3588 1.3525 1.2043 0.9777 0.7510 0.5668 0.4317 0.3431 0.2897 0.2552 0.2329 0.2151 0.1978 0.1809 0.1642 0.1474 0.1313 0.1159 0.1027 0.0910 0.0806 0.0710 0.0627 0.0554 0.0490 0.0434 0.0385
5.2965 5.2123 5.3152 5.6620 4.2446 5.2500 3.6884 3.5900 3.3679 3.6424 2.6664 3.5086 4.1045 3.3341 2.5822 2.3342 2.4172 2.4240 2.0781 1.5186 1.0878 1.0034 1.1561 1.3479 1.4176 1.3348 1.1402 0.9125 0.7059 0.5381 0.4170 0.3374 0.2842 0.2500 0.2253 0.2046 0.1864 0.1696 0.1531 0.1374 0.1224 0.1092 0.0975 0.0869 0.0770 0.0683 0.0605 0.0536 0.0476 0.0423
6.1544 5.4456 5.5443 6.1223 4.6207 5.7181 3.9707 3.9571 3.6331 3.7061 2.9245 3.9610 4.3542 3.3916 2.6234 2.4320 2.6130 2.7559 2.5023 1.9039 1.3087 1.0376 1.0759 1.2558 1.3864 1.3862 1.2567 1.0613 0.8571 0.6705 0.5208 0.4129 0.3353 0.2829 0.2456 0.2168 0.1941 0.1749 0.1575 0.1417 0.1267 0.1138 0.1022 0.0917 0.0817 0.0728 0.0648 0.0576 0.0514 0.0457
7.2259 5.7160 5.7852 6.1352 5.1750 5.8019 4.3158 4.3257 3.7943 3.6950 3.2345 4.2959 4.4488 3.4107 2.6846 2.5210 2.7289 2.9741 2.8697 2.3396 1.6487 1.1760 1.0212 1.1026 1.2405 1.3131 1.2732 1.1486 0.9848 0.8085 0.6478 0.5189 0.4173 0.3431 0.2878 0.2451 0.2127 0.1872 0.1660 0.1479 0.1318 0.1181 0.1062 0.0956 0.0854 0.0765 0.0683 0.0610 0.0545 0.0486
7.4827 6.2723 5.9751 5.9687 5.6041 5.5795 4.7150 4.6443 3.9205 3.7234 3.5391 4.3961 4.4243 3.4884 2.8076 2.5846 2.6940 2.9475 3.0262 2.7205 2.1012 1.5007 1.1095 0.9858 1.0257 1.1074 1.1432 1.1117 1.0271 0.9024 0.7648 0.6378 0.5249 0.4335 0.3598 0.2999 0.2533 0.2167 0.1875 0.1637 0.1436 0.1271 0.1133 0.1014 0.0904 0.0808 0.0721 0.0644 0.0577 0.0515
6.9737 6.6064 6.4072 6.0091 5.6112 5.4800 4.9613 5.0189 4.2605 3.8896 3.7088 4.2036 4.4182 3.7500 3.0008 2.5942 2.4813 2.5874 2.7908 2.8502 2.5725 2.0769 1.5313 1.1382 0.9376 0.8851 0.8982 0.9175 0.9142 0.8703 0.7957 0.7080 0.6135 0.5258 0.4462 0.3752 0.3162 0.2677 0.2280 0.1957 0.1687 0.1467 0.1287 0.1137 0.1001 0.0887 0.0786 0.0698 0.0623 0.0554
7.1261 6.5374 7.1827 6.5155 5.9779 5.7612 4.9317 5.8346 4.9629 4.1355 3.7348 3.8185 4.5483 4.2424 3.2183 2.5710 2.2944 2.1141 2.1505 2.4471 2.7167 2.7338 2.4021 1.9101 1.4250 1.0620 0.8381 0.7278 0.6864 0.6661 0.6454 0.6160 0.5720 0.5220 0.4672 0.4099 0.3568 0.3090 0.2671 0.2310 0.1998 0.1732 0.1510 0.1323 0.1155 0.1014 0.0891 0.0785 0.0696 0.0615
7.9629 7.4671 8.1094 7.0216 6.6667 6.5978 5.7313 5.6843 5.2069 4.5565 4.8176 3.8860 3.6789 3.8922 3.2566 2.6737 2.8238 2.9867 2.6135 2.0042 1.6474 1.7424 2.0714 2.3808 2.4865 2.3711 2.0868 1.7366 1.3991 1.0991 0.8582 0.6796 0.5463 0.4516 0.3816 0.3267 0.2843 0.2504 0.2223 0.1985 0.1773 0.1586 0.1423 0.1278 0.1139 0.1017 0.0907 0.0809 0.0724 0.0645
9.2820 7.8870 8.0956 7.9920 6.7371 7.2583 5.8909 6.2789 5.2860 5.0614 5.0475 4.0358 4.0671 4.1198 3.3447 2.8784 3.1005 3.1709 2.6937 2.0743 1.7706 1.9144 2.2536 2.5440 2.6206 2.4808 2.1794 1.8176 1.4721 1.1645 0.9158 0.7296 0.5891 0.4881 0.4127 0.3532 0.3070 0.2698 0.2390 0.2130 0.1902 0.1701 0.1525 0.1367 0.1218 0.1087 0.0970 0.0866 0.0774 0.0690
9.9915 9.0304 8.0074 8.6713 7.1697 7.6077 6.2984 6.7117 5.4334 5.6074 5.1795 4.2606 4.4733 4.2913 3.4400 3.1235 3.3811 3.3311 2.7596 2.1512 1.9099 2.0987 2.4391 2.7030 2.7474 2.5831 2.2663 1.8950 1.5434 1.2299 0.9743 0.7812 0.6337 0.5266 0.4457 0.3814 0.3311 0.2904 0.2566 0.2284 0.2039 0.1822 0.1632 0.1461 0.1301 0.1160 0.1035 0.0924 0.0826 0.0737
9.7130 10.0894 8.5200 8.7830 8.0202 7.6435 6.9778 6.9116 5.7504 6.1021 5.2490 4.5848 4.8594 4.4072 3.5634 3.4079 3.6528 3.4630 2.8159 2.2402 2.0669 2.2934 2.6251 2.8558 2.8656 2.6774 2.3472 1.9688 1.6132 1.2953 1.0338 0.8343 0.6801 0.5670 0.4806 0.4115 0.3567 0.3123 0.2754 0.2448 0.2183 0.1951 0.1745 0.1560 0.1387 0.1236 0.1103 0.0984 0.0881 0.0785
9.7020 10.2347 9.6436 8.6548 8.9360 7.6400 7.7537 6.9463 6.2671 6.4577 5.3273 5.0034 5.1853 4.4840 3.7348 3.7228 3.9023 3.5659 2.8692 2.3463 2.2418 2.4960 2.8085 3.0003 2.9743 2.7637 2.4223 2.0391 1.6814 1.3606 1.0943 0.8889 0.7283 0.6093 0.5174 0.4433 0.3841 0.3357 0.2954 0.2622 0.2337 0.2087 0.1865 0.1664 0.1477 0.1315 0.1174 0.1048 0.0937 0.0836
10.8638 9.9562 10.5287 8.9374 9.4236 7.9380 8.3311 6.9981 6.8929 6.6354 5.4927 5.4749 5.4233 4.5507 3.9643 4.0518 4.1188 3.6448 2.9291 2.4745 2.4341 2.7038 2.9870 3.1358 3.0741 2.8424 2.4919 2.1064 1.7484 1.4261 1.1562 0.9459 0.7792 0.6540 0.5563 0.4771 0.4133 0.3610 0.3171 0.2809 0.2501 0.2230 0.1991 0.1774 0.1574 0.1402 0.1251 0.1116 0.0998 0.0890
11.9699 10.4570 10.5929 9.8189 9.4084 8.6291 8.5486 7.2630 7.4639 6.6887 5.7968 5.9329 5.5720 4.6448 4.2518 4.3743 4.2960 3.7079 3.0046 2.6273 2.6413 2.9134 3.1586 3.2619 3.1652 2.9144 2.5568 2.1712 1.8145 1.4920 1.2197 1.0052 0.8328 0.7013 0.5973 0.5128 0.4445 0.3883 0.3406 0.3012 0.2676 0.2382 0.2123 0.1890 0.1678 0.1496 0.1334 0.1189 0.1063 0.0949
11.8916 11.6284 10.4494 10.7143 9.3806 9.4255 8.5471 7.7981 7.8457 6.7469 6.2343 6.3132 5.6623 4.8014 4.5854 4.6707 4.4341 3.7663 3.1028 2.8042 2.8590 3.1205 3.3209 3.3780 3.2482 2.9807 2.6182 2.2340 1.8796 1.5579 1.2841 1.0660 0.8881 0.7503 0.6402 0.5505 0.4775 0.4173 0.3656 0.3228 0.2862 0.2543 0.2263 0.2013 0.1789 0.1596 0.1422 0.1267 0.1132 0.1010
11.8468 12.2176 10.9758 11.0318 9.8120 9.9256 8.6446 8.4459 8.0191 6.9330 6.7336 6.5834 5.7472 5.0370 4.9402 4.9269 4.5419 3.8335 3.2293 3.0031 3.0830 3.3221 3.4735 3.4849 3.3245 3.0427 2.6771 2.2953 1.9442 1.6238 1.3491 1.1279 0.9450 0.8011 0.6848 0.5899 0.5124 0.4481 0.3923 0.3459 0.3061 0.2714 0.2412 0.2143 0.1906 0.1702 0.1516 0.1350 0.1205 0.1075
12.7888 12.1674 11.9141 11.0324 10.5834 10.0758 9.0438 8.9770 8.1077 7.2899 7.1990 6.7612 5.8806 5.3444 5.2877 5.1394 4.6347 3.9217 3.3860 3.2202 3.3094 3.5169 3.6173 3.5847 3.3962 3.1021 2.7348 2.3558 2.0083 1.6898 1.4146 1.1908 1.0032 0.8534 0.7311 0.6312 0.5491 0.4807 0.4207 0.3705 0.3273 0.2897 0.2571 0.2282 0.2031 0.1815 0.1615 0.1438 0.1282 0.1144
13.4284 12.4068 12.3545 11.2633 11.1359 10.1441 9.5957 9.2627 8.2480 7.7341 7.5433 6.8824 6.0768 5.6903 5.6050 5.3162 4.7302 4.0415 3.5757 3.4570 3.5426 3.7113 3.7580 3.6809 3.4652 3.1613 2.7951 2.4206 2.0775 1.7601 1.4834 1.2569 1.0648 0.9100 0.7822 0.6764 0.5892 0.5164 0.4529 0.3991 0.3522 0.3110 0.2755 0.2444 0.2174 0.1942 0.1730 0.1540 0.1374 0.1225
13.5544 13.0317 12.4931 11.8103 11.4043 10.4382 10.1052 9.4464 8.5368 8.1850 7.8016 7.0306 6.3484 6.0485 5.8882 5.4753 4.8434 4.1941 3.7900 3.7034 3.7746 3.9010 3.8947 3.7752 3.5338 3.2209 2.8560 2.4857 2.1468 1.8303 1.5524 1.3236 1.1274 0.9680 0.8349 0.7233 0.6311 0.5540 0.4869 0.4294 0.3788 0.3338 0.2952 0.2617 0.2327 0.2078 0.1853 0.1650 0.1471 0.1311
13.8490 13.5057 12.7844 12.3094 11.6523 10.8704 10.5006 9.6745 8.9195 8.5886 8.0300 7.2359 6.6687 6.3993 6.1476 5.6350 4.9824 4.3770 4.0240 3.9570 4.0065 4.0887 4.0307 3.8701 3.6037 3.2816 2.9175 2.5511 2.2159 1.9000 1.6212 1.3905 1.1907 1.0269 0.8888 0.7717 0.6746 0.5932 0.5228 0.4616 0.4070 0.3580 0.3162 0.2801 0.2489 0.2223 0.1984 0.1767 0.1576 0.1403
14.1345 14.0132 13.1028 12.8054 11.9480 11.3172 10.8814 9.9604 9.3279 8.9694 8.2719 7.4882 7.0135 6.7443 6.4008 5.8072 5.1479 4.5860 4.2749 4.2186 4.2415 4.2784 4.1688 3.9677 3.6761 3.3442 2.9801 2.6167 2.2847 1.9691 1.6897 1.4576 1.2545 1.0867 0.9441 0.8216 0.7198 0.6342 0.5604 0.4955 0.4369 0.3837 0.3385 0.2998 0.2663 0.2378 0.2125 0.1892 0.1687 0.1502
14.8288 14.2371 13.5715 13.2776 12.1880 11.8671 11.2340 10.2426 9.7805 9.3609 8.5246 7.7740 7.3854 7.1081 6.6715 6.0040 5.3466 4.8285 4.5542 4.5020 4.4931 4.4803 4.3200 4.0816 3.7680 3.4238 3.0538 2.6884 2.3574 2.0432 1.7638 1.5301 1.3242 1.1531 1.0064 0.8789 0.7716 0.6806 0.6015 0.5325 0.4707 0.4148 0.3666 0.3246 0.2882 0.2572 0.2295 0.2043 0.1822 0.1621
15.6056 14.2545 14.4504 13.3738 12.6682 12.4917 11.4357 10.6085 10.3318 9.7239 8.7552 8.0997 7.8046 7.4893 6.9434 6.2074 5.5646 5.0959 4.8557 4.8015 4.7547 4.6881 4.4751 4.1983 3.8617 3.5042 3.1274 2.7599 2.4300 2.1175 1.8381 1.6029 1.3947 1.2207 1.0702 0.9381 0.8255 0.7289 0.6445 0.5713 0.5064 0.4479 0.3967 0.3512 0.3118 0.2780 0.2479 0.2206 0.1966 0.1749
15.1998 15.2818 14.7759 13.4927 13.5797 12.7996 11.5982 11.2260 10.8954 9.9713 8.9897 8.5167 8.2832 7.8703 7.1981 6.4111 5.8058 5.3955 5.1853 5.1197 5.0261 4.9001 4.6317 4.3157 3.9553 3.5842 3.2005 2.8309 2.5025 2.1922 1.9127 1.6762 1.4661 1.2896 1.1358 0.9993 0.8813 0.7791 0.6893 0.6120 0.5440 0.4830 0.4289 0.3797 0.3369 0.3004 0.2675 0.2380 0.2121 0.1887
15.9444 16.2328 14.5006 14.5433 14.2326 12.7743 12.1649 12.0431 11.2774 10.1375 9.3590 9.0843 8.8069 8.2221 7.4298 6.6346 6.0956 5.7471 5.5546 5.4620 5.3100 5.1188 4.7928 4.4365 4.0516 3.6672 3.2773 2.9070 2.5806 2.2727 1.9929 1.7551 1.5429 1.3639 1.2069 1.0658 0.9425 0.8347 0.7392 0.6575 0.5859 0.5215 0.4639 0.4109 0.3648 0.3252 0.2896 0.2576 0.2297 0.2043
17.6841 15.7287 15.5200 15.7004 14.1281 13.1961 13.2330 12.6641 11.4255 10.4383 9.9899 9.7770 9.3120 8.5176 7.6555 6.9158 6.4647 6.1669 5.9681 5.8274 5.6046 5.3447 4.9599 4.5633 4.1547 3.7586 3.3642 2.9946 2.6707 2.3642 2.0840 1.8450 1.6302 1.4483 1.2875 1.1415 1.0127 0.8993 0.7981 0.7112 0.6347 0.5649 0.5027 0.4461 0.3963 0.3536 0.3155 0.2809 0.2504 0.2228
16.9435 16.5307 17.1171 15.5296 14.3046 14.4319 14.0820 12.7764 11.5880 11.0662 10.8047 10.4137 9.6786 8.7364 7.8997 7.2701 6.9090 6.6355 6.4000 6.1906 5.8872 5.5571 5.1166 4.6843 4.2567 3.8523 3.4550 3.0868 2.7653 2.4601 2.1796 1.9395 1.7219 1.5371 1.3726 1.2215 1.0871 0.9678 0.8608 0.7685 0.6869 0.6112 0.5442 0.4838 0.4302 0.3843 0.3435 0.3060 0.2728 0.2428
17.6276 18.4972 16.8345 15.4798 15.7048 15.4933 14.1421 12.7876 12.1914 12.0023 11.5707 10.8383 9.8976 8.9454 8.2269 7.7265 7.4256 7.1335 6.8287 6.5338 6.1463 5.7500 5.2608 4.7995 4.3594 3.9506 3.5525 3.1858 2.8666 2.5623 2.2814 2.0400 1.8192 1.6313 1.4630 1.3066 1.1663 1.0409 0.9276 0.8296 0.7428 0.6608 0.5885 0.5242 0.4667 0.4173 0.3737 0.3331 0.2971 0.2645
19.9966 18.0544 16.7945 17.2357 17.0127 15.5352 14.0952 13.4738 13.3186 12.9561 12.1006 11.0838 10.1090 9.2914 8.7302 8.3233 8.0234 7.6651 7.2669 6.8779 6.4083 5.9530 5.4249 4.9432 4.4932 4.0814 3.6831 3.3179 2.9998 2.6937 2.4112 2.1673 1.9419 1.7479 1.5725 1.4083 1.2619 1.1312 1.0120 0.9074 0.8136 0.7255 0.6477 0.5780 0.5148 0.4606 0.4134 0.3690 0.3295 0.2935
18.9861 18.2321 18.9420 18.5116 16.8195 15.4163 14.9128 14.7698 14.3610 13.4873 12.3151 11.2763 10.4547 9.8253 9.3783 8.9884 8.6243 8.1629 7.6614 7.1847 6.6472 6.1476 5.5932 5.1001 4.6449 4.2326 3.8348 3.4709 3.1529 2.8435 2.5580 2.3104 2.0792 1.8777 1.6937 1.5203 1.3673 1.2314 1.1060 0.9943 0.8926 0.7981 0.7143 0.6387 0.5690 0.5094 0.4582 0.4097 0.3662 0.3263
19.9845 20.7221 19.7652 17.9399 16.7809 16.5196 16.3852 15.7966 14.7817 13.6050 12.4844 11.6610 11.0430 10.5328 10.0971 9.6401 9.1656 8.5891 7.9954 7.4513 6.8674 6.3408 5.7726 5.2757 4.8192 4.4077 4.0100 3.6466 3.3273 3.0124 2.7223 2.4696 2.2312 2.0205 1.8266 1.6427 1.4826 1.3411 1.2092 1.0897 0.9793 0.8780 0.7876 0.7055 0.6287 0.5632 0.5077 0.4547 0.4068 0.3628
22.2899 20.6021 18.9866 18.4069 18.3766 18.1053 17.2449 15.9966 14.7676 13.7465 12.9123 12.3258 11.8187 11.3020 10.7786 10.1976 9.6099 8.9377 8.2747 7.6904 7.0841 6.5483 5.9774 5.4831 5.0290 4.6186 4.2190 3.8563 3.5361 3.2163 2.9194 2.6594 2.4118 2.1912 1.9869 1.7923 1.6227 1.4727 1.3329 1.2046 1.0845 0.9740 0.8757 0.7869 0.7035 0.6317 0.5700 0.5113 0.4583 0.4095
21.1643 20.4075 20.4741 20.4208 19.7259 18.5255 17.1649 15.9430 15.0239 14.3260 13.6820 13.1561 12.6048 11.9825 11.3293 10.6218 9.9554 9.2266 8.5230 7.9251 7.3165 6.7861 6.2200 5.7316 5.2810 4.8700 4.4651 4.1034 3.7828 3.4588 3.1529 2.8833 2.6242 2.3931 2.1781 1.9724 1.7909 1.6291 1.4799 1.3417 1.2108 1.0883 0.9805 0.8849 0.7956 0.7175 0.6472 0.5814 0.5225 0.4680
22.7454 22.7758 22.1314 20.9095 19.5142 18.2937 17.3215 16.5367 15.8968 15.2768 14.5568 13.9016 13.2120 12.4713 11.7201 10.9360 10.2413 9.4974 8.7807 8.1885 7.5893 7.0714 6.5117 6.0280 5.5773 5.1620 4.7479 4.3852 4.0627 3.7326 3.4152 3.1340 2.8615 2.6183 2.3914 2.1734 1.9787 1.8037 1.6445 1.4952 1.3524 1.2163 1.0980 0.9953 0.8998 0.8150 0.7348 0.6611 0.5957 0.5350
24.4103 23.0451 21.7102 20.5996 19.7409 19.0628 18.4099 17.6810 16.9161 16.0887 15.1594 14.3490 13.5632 12.7627 11.9802 11.1810 10.4985 9.7665 9.0538 8.4760 7.8896 7.3852 6.8309 6.3502 5.8959 5.4732 5.0469 4.6793 4.3527 4.0164 3.6890 3.3974 3.1123 2.8578 2.6197 2.3904 2.1829 1.9948 1.8236 1.6631 1.5094 1.3619 1.2337 1.1228 1.0196 0.9269 0.8366 0.7545 0.6818 0.6141
24.1546 23.3209 22.6422 21.9824 21.2708 20.4685 19.5455 18.5130 17.4755 16.4400 15.3956 14.5409 13.7601 12.9449 12.1682 11.3858 10.7227 10.0066 9.3086 8.7452 8.1682 7.6739 7.1251 6.6487 6.1903 5.7600 5.3220 4.9421 4.6086 4.2691 3.9398 3.6454 3.3536 3.0927 2.8478 2.6118 2.3955 2.1974 2.0099 1.8394 1.6800 1.5305 1.3967 1.2752 1.1601 1.0571 0.9591 0.8686 0.7877 0.7121
26.3404 25.4534 24.4535 23.3709 22.2631 21.1341 19.9769 18.7996 17.6739 16.5946 15.5657 14.7597 14.0422 13.2340 12.4649 11.6889 11.0338 10.3215 9.6280 9.0688 8.4917 8.0005 7.4524 6.9772 6.5119 6.0714 5.6191 5.2245 4.8830 4.5403 4.2095 3.9129 3.6147 3.3477 3.0962 2.8540 2.6290 2.4204 2.2151 2.0340 1.8696 1.7199 1.5811 1.4480 1.3196 1.2052 1.0991 0.9996 0.9099 0.8256
27.4009 26.1487 24.9033 23.6897 22.5429 21.4098 20.2677 19.1174 17.9967 16.9139 15.9082 15.1408 14.4648 13.6360 12.8463 12.0505 11.3857 10.6633 9.9636 9.3988 8.8143 8.3212 7.7704 7.2945 6.8227 6.3727 5.9070 5.4971 5.1476 4.8021 4.4700 4.1718 3.8686 3.5970 3.3404 3.0930 2.8602 2.6419 2.4190 2.2281 2.0599 1.9114 1.7688 1.6244 1.4825 1.3570 1.2435 1.1352 1.0369 0.9439
27.1551 25.9966 24.8502 23.6998 22.5743 21.4585 20.3385 19.2372 18.1404 17.0661 16.0433 15.2585 14.5632 13.7200 12.9137 12.0994 11.4390 10.7166 10.0068 9.4274 8.8296 8.3296 7.7708 7.2890 6.8289 6.3890 5.9319 5.5163 5.1612 4.8097 4.4705 4.1684 3.8674 3.6003 3.3473 3.0986 2.8639 2.6438 2.4219 2.2319 2.0641 1.9118 1.7664 1.6211 1.4799 1.3556 1.2442 1.1364 1.0380 0.9447
