0.1565 0.0320 0.1058 0.3908 0.2694 0.0329 0.3702 0.0307 0.3119 0.0422 0.2896 0.0682 0.0858 0.1881 0.0825 0.0197 0.0424 0.1122 0.1695 0.1453 0.0685 0.0240 0.0421 0.0830 0.0985 0.0786 0.0419 0.0124 0.0022 0.0100 0.0269 0.0439 0.0549 0.0581 0.0549 0.0468 0.0368 0.0267 0.0177 0.0107 0.0058 0.0027 0.0011 0.0007 0.0010 0.0018 0.0028 0.0039 0.0049 0.0058
0.5185 0.1121 0.2865 1.1487 0.8395 0.0868 1.1075 0.1020 0.9286 0.1309 0.8694 0.1944 0.2661 0.5601 0.2382 0.0590 0.1338 0.3438 0.5120 0.4350 0.2034 0.0709 0.1259 0.2477 0.2931 0.2331 0.1233 0.0361 0.0066 0.0306 0.0817 0.1323 0.1651 0.1742 0.1645 0.1400 0.1100 0.0796 0.0529 0.0320 0.0172 0.0081 0.0034 0.0021 0.0031 0.0055 0.0086 0.0118 0.0148 0.0175
1.0334 0.2549 0.3837 1.8270 1.4989 0.1123 1.8285 0.2074 1.5204 0.2350 1.4480 0.2914 0.4720 0.9176 0.3667 0.1000 0.2459 0.5970 0.8642 0.7217 0.3316 0.1146 0.2085 0.4090 0.4806 0.3789 0.1979 0.0564 0.0110 0.0535 0.1391 0.2230 0.2766 0.2906 0.2735 0.2321 0.1820 0.1314 0.0871 0.0525 0.0282 0.0131 0.0055 0.0035 0.0053 0.0093 0.0145 0.0199 0.0249 0.0294
1.8125 0.5474 0.3751 2.3492 2.2904 0.1172 2.4997 0.3845 2.0584 0.3730 2.0158 0.3451 0.7197 1.2461 0.4534 0.1496 0.3943 0.8839 1.2286 0.9998 0.4470 0.1522 0.2886 0.5639 0.6557 0.5103 0.2612 0.0714 0.0158 0.0802 0.2014 0.3176 0.3902 0.4074 0.3817 0.3227 0.2521 0.1814 0.1197 0.0719 0.0384 0.0177 0.0074 0.0049 0.0076 0.0134 0.0207 0.0282 0.0352 0.0415
2.9441 1.1269 0.2990 2.6176 3.2207 0.1499 3.0570 0.6897 2.4978 0.5751 2.5498 0.3507 1.0229 1.5245 0.4902 0.2228 0.5962 1.2121 1.6012 1.2592 0.5415 0.1806 0.3651 0.7095 0.8133 0.6215 0.3093 0.0798 0.0220 0.1130 0.2708 0.4179 0.5072 0.5251 0.4888 0.4111 0.3196 0.2289 0.1503 0.0898 0.0475 0.0218 0.0092 0.0064 0.0101 0.0178 0.0272 0.0370 0.0458 0.0539
4.4118 2.1549 0.2891 2.5368 4.2296 0.3131 3.4029 1.1968 2.7772 0.8839 3.0107 0.3173 1.3882 1.7259 0.4804 0.3445 0.8680 1.5814 1.9681 1.4830 0.6043 0.1964 0.4370 0.8432 0.9484 0.7076 0.3389 0.0811 0.0311 0.1545 0.3501 0.5261 0.6287 0.6440 0.5947 0.4969 0.3840 0.2734 0.1784 0.1057 0.0554 0.0251 0.0106 0.0079 0.0129 0.0226 0.0342 0.0462 0.0570 0.0667
5.9718 3.7257 0.5904 2.0698 5.1589 0.7601 3.4216 1.9828 2.8269 1.3507 3.3420 0.2724 1.8105 1.8205 0.4452 0.5492 1.2206 1.9777 2.3027 1.6469 0.6231 0.1979 0.5058 0.9644 1.0581 0.7651 0.3486 0.0760 0.0459 0.2083 0.4425 0.6447 0.7562 0.7650 0.6997 0.5799 0.4450 0.3145 0.2036 0.1195 0.0619 0.0277 0.0119 0.0096 0.0161 0.0279 0.0418 0.0559 0.0686 0.0801
7.0673 5.7023 1.5159 1.3241 5.7456 1.6568 3.0219 3.0942 2.5908 2.0245 3.4762 0.2648 2.2656 1.7847 0.4294 0.8759 1.6506 2.3680 2.5632 1.7203 0.5867 0.1877 0.5778 1.0770 1.1432 0.7943 0.3396 0.0675 0.0702 0.2782 0.5514 0.7760 0.8913 0.8887 0.8038 0.6600 0.5021 0.3519 0.2258 0.1310 0.0669 0.0295 0.0129 0.0114 0.0198 0.0338 0.0501 0.0664 0.0809 0.0940
6.9475 7.5424 3.2916 0.6314 5.6783 3.0927 2.2147 4.4922 2.0647 2.9302 3.3491 0.3621 2.7067 1.6148 0.5039 1.3563 2.1291 2.6952 2.6949 1.6714 0.4903 0.1778 0.6684 1.1929 1.2114 0.8005 0.3166 0.0603 0.1084 0.3681 0.6796 0.9219 1.0350 1.0154 0.9070 0.7370 0.5553 0.3854 0.2446 0.1401 0.0704 0.0305 0.0137 0.0136 0.0240 0.0404 0.0591 0.0776 0.0940 0.1085
5.1718 8.3021 5.7860 0.5442 4.7491 4.9490 1.2079 5.9879 1.3478 4.0379 2.9248 0.6408 3.0658 1.3448 0.7590 1.9950 2.5904 2.8804 2.6396 1.4784 0.3452 0.1957 0.8063 1.3350 1.2792 0.7957 0.2888 0.0611 0.1653 0.4808 0.8283 1.0826 1.1869 1.1446 1.0088 0.8103 0.6040 0.4147 0.2600 0.1468 0.0724 0.0309 0.0145 0.0161 0.0289 0.0479 0.0690 0.0897 0.1077 0.1237
2.3846 7.0804 8.2333 1.6528 3.0790 6.7844 0.4649 7.2007 0.6918 5.2283 2.2300 1.1695 3.2702 1.0645 1.2857 2.7475 2.9306 2.8391 2.3590 1.1495 0.1907 0.2913 1.0380 1.5410 1.3746 0.7998 0.2689 0.0771 0.2435 0.6161 0.9960 1.2561 1.3451 1.2749 1.1080 0.8792 0.6479 0.4397 0.2720 0.1510 0.0730 0.0307 0.0154 0.0191 0.0346 0.0563 0.0800 0.1028 0.1225 0.1399
0.6617 4.0096 9.2722 4.1798 1.3076 7.8697 0.6321 7.6099 0.5096 6.2666 1.3888 1.9832 3.2651 0.9195 2.1350 3.4946 3.0183 2.5127 1.8668 0.7450 0.1043 0.5365 1.4211 1.8547 1.5297 0.8346 0.2693 0.1124 0.3409 0.7679 1.1750 1.4350 1.5034 1.4013 1.2011 0.9412 0.6854 0.4593 0.2801 0.1527 0.0722 0.0300 0.0166 0.0230 0.0414 0.0660 0.0923 0.1173 0.1386 0.1573
2.3073 1.0992 7.7020 7.4999 0.5260 7.4976 2.2447 6.7686 1.2848 6.8097 0.6480 3.0543 3.0394 1.0827 3.2602 4.0306 2.7298 1.9192 1.2708 0.3992 0.2019 1.0093 2.0011 2.3022 1.7605 0.9097 0.2928 0.1623 0.4461 0.9201 1.3472 1.6014 1.6456 1.5106 1.2777 0.9890 0.7113 0.4703 0.2824 0.1509 0.0696 0.0289 0.0181 0.0278 0.0495 0.0771 0.1060 0.1331 0.1560 0.1759
7.2819 1.4638 3.8885 9.9579 1.8020 5.5092 5.2581 4.6689 3.3323 6.4873 0.3747 4.2764 2.6614 1.7002 4.4754 4.1119 2.0452 1.2379 0.8194 0.3231 0.6081 1.7509 2.7692 2.8585 2.0445 1.0083 0.3246 0.2099 0.5387 1.0497 1.4894 1.7338 1.7534 1.5879 1.3267 1.0144 0.7204 0.4694 0.2768 0.1446 0.0650 0.0275 0.0205 0.0341 0.0595 0.0902 0.1217 0.1508 0.1750 0.1959
11.8464 6.3106 0.7826 9.5209 5.4043 2.7331 8.6996 2.1046 6.4115 5.0836 1.0004 5.4521 2.2653 2.7953 5.4486 3.5581 1.1544 0.8596 0.8872 0.7445 1.3716 2.6754 3.5815 3.3837 2.2779 1.0644 0.3254 0.2303 0.5994 1.1387 1.5840 1.8156 1.8120 1.6213 1.3386 1.0108 0.7079 0.4538 0.2620 0.1331 0.0583 0.0260 0.0243 0.0426 0.0719 0.1058 0.1399 0.1708 0.1960 0.2177
11.1656 12.2654 2.2672 5.6197 10.0681 0.8323 10.9260 0.6024 9.3771 2.8403 2.8810 6.2740 1.9863 4.1832 5.7874 2.4129 0.5336 1.3370 1.8425 1.7456 2.3116 3.4456 4.0681 3.5659 2.2488 0.9613 0.2491 0.2190 0.6433 1.2079 1.6502 1.8616 1.8320 1.6175 1.3179 0.9809 0.6758 0.4245 0.2388 0.1173 0.0502 0.0253 0.0300 0.0537 0.0873 0.1245 0.1609 0.1934 0.2195 0.2416
4.7909 13.6318 8.4067 1.2804 12.7353 1.5031 10.6275 1.4843 10.3404 0.7983 6.0029 6.2763 1.8692 5.4747 5.2340 1.0853 0.8497 3.0923 3.6956 2.9721 2.8383 3.3994 3.6333 2.9632 1.7008 0.6036 0.1161 0.2646 0.7876 1.3774 1.7951 1.9603 1.8819 1.6273 1.3007 0.9494 0.6404 0.3922 0.2136 0.1009 0.0427 0.0261 0.0379 0.0675 0.1054 0.1458 0.1845 0.2183 0.2449 0.2673
0.8379 7.8550 13.6891 1.6433 9.7231 5.6680 7.5931 4.4571 7.9864 0.7822 9.3555 4.7631 1.9270 6.2923 3.9034 0.2860 2.4732 5.6715 5.4110 3.2661 1.9814 1.8787 1.9208 1.4652 0.7051 0.1825 0.1842 0.6495 1.3070 1.8964 2.2305 2.2834 2.0950 1.7495 1.3583 0.9655 0.6341 0.3771 0.1983 0.0899 0.0383 0.0285 0.0468 0.0820 0.1242 0.1676 0.2086 0.2438 0.2709 0.2934
7.7876 0.7745 11.5061 8.2689 2.9852 11.4517 1.6653 9.5563 4.1746 3.7243 9.1800 0.9541 4.0107 7.8073 2.5389 0.5046 4.2483 5.8076 3.2029 0.5396 0.4199 1.8357 2.8466 2.7182 1.8839 1.1561 0.9430 1.2240 1.7234 2.1806 2.4033 2.3687 2.1170 1.7316 1.3192 0.9196 0.5907 0.3418 0.1736 0.0764 0.0351 0.0344 0.0600 0.1008 0.1471 0.1933 0.2361 0.2722 0.2995 0.3218
16.0028 4.8746 4.1551 14.2842 0.6818 13.1376 0.7328 12.1141 1.2012 7.5638 7.5155 0.3774 6.6382 7.2940 1.1728 1.5017 5.7096 5.7693 2.3643 0.2407 0.9321 2.6100 3.3822 2.9108 1.8911 1.1655 1.0457 1.4143 1.9458 2.3807 2.5457 2.4448 2.1353 1.7099 1.2754 0.8689 0.5432 0.3038 0.1479 0.0634 0.0337 0.0428 0.0763 0.1230 0.1734 0.2224 0.2668 0.3035 0.3305 0.3524
11.9028 14.7038 0.9039 13.0481 5.1200 9.2832 4.4954 10.8615 0.7225 10.9236 4.4816 1.6003 8.9315 5.7210 0.3659 3.2022 6.9125 5.2190 1.4670 0.2452 1.7277 3.4634 3.8479 3.0042 1.8422 1.1698 1.1704 1.6277 2.1775 2.5732 2.6678 2.4944 2.1267 1.6649 1.2134 0.8057 0.4883 0.2625 0.1220 0.0524 0.0356 0.0553 0.0968 0.1493 0.2036 0.2550 0.3005 0.3375 0.3639 0.3850
1.6051 15.6743 8.2625 5.1023 13.2068 2.9351 11.0427 6.1422 3.9238 11.8277 1.5229 4.6302 9.9678 3.4840 0.5914 5.3641 7.5428 4.1929 0.7086 0.6585 2.7776 4.3156 4.1842 2.9781 1.7426 1.1808 1.3246 1.8646 2.4139 2.7519 2.7639 2.5136 2.0894 1.5962 1.1342 0.7315 0.4277 0.2197 0.0976 0.0446 0.0419 0.0725 0.1221 0.1802 0.2381 0.2915 0.3377 0.3744 0.3998 0.4197
5.7900 5.1050 17.4980 0.8635 16.2248 0.9589 15.0822 1.4685 9.5463 9.3296 0.5254 8.5243 9.1149 1.3896 2.1010 7.5196 7.3552 2.8646 0.3190 1.5360 3.9986 5.0646 4.3358 2.8252 1.6075 1.2149 1.5159 2.1241 2.6492 2.9097 2.8287 2.4993 2.0223 1.5046 1.0392 0.6483 0.3637 0.1775 0.0764 0.0416 0.0536 0.0955 0.1529 0.2162 0.2771 0.3321 0.3784 0.4143 0.4382 0.4565
19.3738 1.8946 14.1838 8.1546 9.7141 7.0984 12.3440 1.4098 13.9697 4.6455 2.7281 11.5666 6.4796 0.4384 4.7348 9.0636 6.2826 1.5457 0.5113 2.8517 5.2520 5.6002 4.2643 2.5564 1.4627 1.2912 1.7513 2.4031 2.8760 3.0394 2.8575 2.4502 1.9267 1.3924 0.9312 0.5591 0.2988 0.1381 0.0603 0.0449 0.0721 0.1251 0.1901 0.2580 0.3213 0.3771 0.4229 0.4575 0.4794 0.4957
14.7053 14.8461 2.8230 18.4031 1.5819 15.9431 4.8920 7.3525 13.5644 1.0163 7.6064 12.0458 3.1348 1.4088 7.8387 9.4372 4.5193 0.6361 1.4174 4.4776 6.3566 5.8216 3.9575 2.2041 1.3439 1.4306 2.0350 2.6956 3.0853 3.1330 2.8458 2.3649 1.8036 1.2619 0.8134 0.4670 0.2361 0.1041 0.0513 0.0561 0.0985 0.1624 0.2344 0.3062 0.3711 0.4268 0.4716 0.5042 0.5234 0.5372
1.1644 20.5531 4.2645 15.9330 4.1933 17.1108 0.8540 14.8960 8.0965 1.7413 12.6253 9.3666 0.8400 4.3826 10.3839 8.3680 2.5428 0.5299 3.0228 6.1827 7.1163 5.6598 3.4400 1.8238 1.2949 1.6519 2.3661 2.9918 3.2661 3.1827 2.7891 2.2420 1.6537 1.1158 0.6893 0.3755 0.1786 0.0779 0.0514 0.0767 0.1340 0.2081 0.2863 0.3611 0.4265 0.4813 0.5242 0.5542 0.5702 0.5810
11.8753 6.6185 18.7215 3.8286 16.0695 8.3108 6.2016 16.8139 2.0744 7.3443 14.4962 4.8170 1.2187 8.4682 11.3219 6.0732 1.0315 1.4834 5.1246 7.6600 7.3604 5.1046 2.7814 1.4898 1.3596 1.9675 2.7375 3.2781 3.4062 3.1809 2.6850 2.0828 1.4807 0.9586 0.5635 0.2888 0.1299 0.0626 0.0630 0.1084 0.1798 0.2631 0.3462 0.4228 0.4877 0.5406 0.5808 0.6075 0.6196 0.6270
24.2632 3.2865 19.6906 3.5033 20.3138 1.1197 16.3218 10.5053 1.6355 14.2276 11.5438 1.2593 4.7129 11.9788 10.0833 3.3177 0.6657 3.4849 7.3338 8.5861 6.9912 4.2207 2.0929 1.2866 1.5756 2.3792 3.1341 3.5366 3.4924 3.1214 2.5327 1.8903 1.2897 0.7962 0.4415 0.2117 0.0937 0.0609 0.0880 0.1527 0.2368 0.3280 0.4147 0.4917 0.5548 0.6048 0.6415 0.6641 0.6717 0.6751
7.4649 20.8272 4.3906 18.0367 9.4597 7.0915 19.1884 2.4313 8.4927 16.7803 5.5487 1.5096 9.9376 13.1312 6.9934 1.2326 1.8603 6.1778 9.1434 8.7084 6.0328 3.1574 1.5178 1.2978 1.9660 2.8754 3.5352 3.7520 3.5192 3.0071 2.3370 1.6701 1.0876 0.6354 0.3297 0.1491 0.0740 0.0757 0.1286 0.2109 0.3057 0.4026 0.4908 0.5670 0.6275 0.6740 0.7067 0.7247 0.7274 0.7265
5.1820 19.8616 5.4245 21.6679 1.2561 19.3750 10.4932 2.5152 16.8462 12.3564 1.2128 6.1965 14.1058 11.1101 3.3752 0.8989 4.5209 8.8946 10.0502 7.9179 4.6345 2.1196 1.1996 1.5795 2.5254 3.4238 3.9045 3.8945 3.4668 2.8272 2.0981 1.4291 0.8821 0.4833 0.2338 0.1059 0.0744 0.1099 0.1865 0.2841 0.3874 0.4877 0.5756 0.6495 0.7061 0.7480 0.7758 0.7885 0.7857 0.7801
25.7616 2.2303 22.8376 6.7403 11.3761 19.7195 1.5892 12.1056 18.1239 4.5868 2.6759 12.7006 14.5662 6.7585 1.0626 2.8229 7.9504 10.8189 9.7218 6.3311 3.0853 1.3511 1.2613 2.1517 3.2187 3.9755 4.2018 3.9398 3.3260 2.5827 1.8231 1.1766 0.6826 0.3481 0.1605 0.0869 0.0986 0.1658 0.2635 0.3734 0.4823 0.5835 0.6689 0.7389 0.7903 0.8266 0.8488 0.8555 0.8464 0.8357
13.4396 12.8086 18.4367 3.2917 23.4611 6.8592 5.9117 20.3397 10.3858 1.0967 9.6324 16.4848 10.7066 2.4609 1.5286 6.5491 10.9981 11.2566 8.1457 4.3018 1.7600 1.0764 1.7690 2.9818 3.9786 4.4680 4.3848 3.8674 3.0925 2.2796 1.5230 0.9244 0.4998 0.2386 0.1165 0.0971 0.1499 0.2458 0.3608 0.4795 0.5908 0.6903 0.7709 0.8352 0.8801 0.9098 0.9254 0.9254 0.9095 0.8932
3.1251 26.1025 1.8789 20.1759 15.1019 1.9321 18.6341 16.4530 2.0559 6.2194 16.6139 14.4082 4.8500 0.9571 4.9738 10.6749 12.4745 9.9450 5.7140 2.3689 1.0369 1.4446 2.7108 3.9919 4.7300 4.8519 4.4291 3.6713 2.7724 1.9300 1.2142 0.6883 0.3464 0.1642 0.1088 0.1414 0.2316 0.3519 0.4805 0.6048 0.7159 0.8116 0.8856 0.9418 0.9782 0.9997 1.0073 0.9996 0.9765 0.9541
25.8589 7.0665 13.4125 22.1126 1.7097 14.5995 21.0479 5.0127 3.4417 15.5646 17.2874 7.7340 1.1183 3.6063 9.9351 13.3444 11.6326 7.1917 3.1248 1.1064 1.1863 2.4683 3.9664 5.0297 5.3424 5.0378 4.2890 3.3400 2.3748 1.5526 0.9127 0.4812 0.2332 0.1333 0.1432 0.2237 0.3460 0.4853 0.6226 0.7483 0.8556 0.9445 1.0094 1.0553 1.0818 1.0939 1.0926 1.0766 1.0456 1.0167
14.4807 7.3848 25.8530 4.3100 10.3572 23.5655 8.7964 1.8477 13.8390 19.4151 10.5804 1.8048 2.5984 9.2000 13.8324 13.1460 8.6422 3.9259 1.2532 0.9808 2.2849 4.0009 5.3269 5.9161 5.7000 4.9699 3.9519 2.8860 1.9230 1.1725 0.6405 0.3205 0.1729 0.1546 0.2256 0.3471 0.4950 0.6468 0.7873 0.9097 1.0093 1.0885 1.1416 1.1753 1.1904 1.1920 1.1808 1.1558 1.1166 1.0808
3.7859 26.9986 7.7468 7.2615 24.6233 12.2753 1.2749 12.3763 20.7651 13.1397 2.6798 1.9664 8.7318 14.3611 14.3642 9.9664 4.6756 1.4079 0.8381 2.1648 4.1549 5.7505 6.5328 6.4780 5.7156 4.6247 3.4335 2.3435 1.4546 0.8230 0.4235 0.2253 0.1788 0.2367 0.3612 0.5153 0.6807 0.8381 0.9759 1.0902 1.1783 1.2445 1.2836 1.3034 1.3053 1.2949 1.2732 1.2387 1.1906 1.1476
27.5801 10.3587 5.7463 25.2265 14.7250 1.2321 11.7318 21.9982 14.9843 3.4023 1.6828 8.6918 15.2090 15.5877 10.9707 5.2488 1.4981 0.7457 2.1849 4.4350 6.3776 7.3328 7.3217 6.5784 5.3469 4.0186 2.7777 1.7626 1.0141 0.5389 0.2879 0.2141 0.2632 0.3877 0.5554 0.7317 0.9058 1.0615 1.1901 1.2911 1.3636 1.4137 1.4365 1.4413 1.4279 1.4039 1.3710 1.3264 1.2690 1.2181
10.8688 5.8060 26.2128 15.5530 1.2663 12.2882 23.3681 15.9767 3.5683 1.7479 9.3068 16.3901 16.8595 11.6966 5.4358 1.4424 0.7146 2.4044 4.9783 7.1724 8.3588 8.3272 7.4613 6.1321 4.6034 3.2063 2.0513 1.2032 0.6488 0.3553 0.2586 0.3033 0.4360 0.6125 0.8097 0.9956 1.1683 1.3138 1.4263 1.5087 1.5617 1.5926 1.5968 1.5849 1.5547 1.5159 1.4712 1.4160 1.3488 1.2898
7.8430 27.8803 14.2893 1.3683 14.5378 24.8829 15.7228 2.9995 2.2990 10.9869 18.0678 17.8990 11.9884 5.1802 1.1845 0.8074 2.9526 5.8997 8.3117 9.5254 9.5070 8.4273 6.8593 5.1760 3.5816 2.2980 1.3536 0.7443 0.4165 0.3120 0.3608 0.5076 0.7047 0.9144 1.1247 1.3061 1.4663 1.5930 1.6827 1.7413 1.7709 1.7797 1.7631 1.7330 1.6847 1.6301 1.5732 1.5070 1.4297 1.3623
29.5449 10.5583 2.5036 19.0263 26.1581 13.7094 1.8365 3.9073 13.9862 20.4980 18.5247 11.4254 4.3683 0.8089 1.1901 4.0459 7.4172 9.9285 11.0230 10.7301 9.4586 7.5671 5.6210 3.8867 2.4632 1.4502 0.8052 0.4725 0.3754 0.4464 0.6168 0.8400 1.0771 1.2983 1.5050 1.6681 1.8055 1.9055 1.9651 1.9937 1.9943 1.9789 1.9402 1.8905 1.8246 1.7548 1.6846 1.6063 1.5179 1.4421
4.5925 7.0446 25.4008 25.2581 9.3857 1.0283 7.6098 18.5894 22.7897 18.2367 9.6607 2.9228 0.5751 2.2268 5.9180 9.6853 12.0807 12.7690 12.0054 10.2676 8.1151 5.8824 3.9733 2.4987 1.4489 0.8169 0.5146 0.4597 0.5695 0.7826 1.0377 1.3034 1.5505 1.7590 1.9437 2.0737 2.1773 2.2424 2.2654 2.2588 2.2262 2.1847 2.1223 2.0521 1.9680 1.8828 1.7987 1.7079 1.6081 1.5237
17.8118 30.5472 19.4608 3.6865 3.0550 14.5614 24.1032 23.7279 15.6869 6.5788 1.3090 1.1495 4.5258 8.9868 12.6726 14.6613 14.5975 13.0773 10.7646 8.2012 5.8220 3.7997 2.3146 1.3363 0.7767 0.5604 0.5842 0.7656 1.0291 1.3321 1.6242 1.8926 2.1175 2.2882 2.4324 2.5150 2.5747 2.5977 2.5782 2.5322 2.4632 2.3940 2.3070 2.2154 2.1129 2.0118 1.9138 1.8102 1.6989 1.6059
27.0054 8.3882 1.5533 11.4666 24.3173 27.7737 20.9298 10.3534 2.7475 0.8658 3.7539 8.8194 13.5421 16.3991 17.1238 16.0418 13.5733 10.6052 7.7146 5.2195 3.2950 1.9287 1.1114 0.7294 0.6601 0.8092 1.0842 1.4231 1.7652 2.0953 2.3721 2.6029 2.7756 2.8857 2.9730 2.9954 3.0012 2.9739 2.9066 2.8196 2.7162 2.6201 2.5081 2.3928 2.2700 2.1517 2.0387 1.9222 1.7993 1.6972
1.5390 11.5292 26.1180 31.1253 24.3249 12.5621 3.5952 1.0197 4.0945 9.9335 15.4696 19.0877 20.0884 18.8250 16.1595 12.8543 9.4163 6.4170 4.0778 2.4264 1.4092 0.8960 0.7789 0.9325 1.2391 1.6296 2.0358 2.4282 2.7617 3.0518 3.2609 3.4160 3.5100 3.5395 3.5557 3.5070 3.4501 3.3652 3.2457 3.1177 2.9830 2.8616 2.7244 2.5833 2.4385 2.3016 2.1727 2.0431 1.9087 1.7970
32.0076 33.8502 24.0745 11.1101 2.7074 1.6959 6.4586 13.4621 19.6190 23.2188 23.5922 21.6832 18.2017 14.1464 10.2565 6.9356 4.3339 2.5441 1.4803 0.9982 0.9474 1.1725 1.5708 2.0583 2.5410 3.0013 3.3950 3.7274 3.9646 4.1510 4.2455 4.2923 4.2856 4.2191 4.1537 4.0266 3.9019 3.7562 3.5826 3.4133 3.2484 3.1027 2.9409 2.7737 2.6069 2.4516 2.3069 2.1645 2.0188 1.8977
16.5414 5.0777 1.5713 5.5886 13.5262 21.4449 26.7233 28.3586 26.8888 23.3080 18.4673 13.6824 9.4045 6.0133 3.5987 2.0798 1.2969 1.0908 1.2864 1.7322 2.3122 2.9035 3.4840 4.0258 4.4516 4.8022 5.0470 5.2199 5.2884 5.3203 5.2692 5.1883 5.0677 4.8968 4.7457 4.5408 4.3491 4.1435 3.9180 3.7098 3.5165 3.3451 3.1587 2.9684 2.7808 2.6076 2.4472 2.2921 2.1352 2.0047
10.3294 20.2059 28.7444 33.5907 34.2174 31.3670 26.3252 20.3616 14.6611 9.8248 6.0470 3.5081 2.0128 1.3604 1.3410 1.7497 2.3983 3.1584 3.9350 4.6655 5.3243 5.8198 6.2268 6.5550 6.7162 6.8130 6.8125 6.7634 6.6201 6.4657 6.2628 6.0538 5.8165 5.5413 5.3078 5.0369 4.7871 4.5289 4.2590 4.0168 3.7979 3.5938 3.3819 3.1761 2.9705 2.7803 2.6038 2.4360 2.2676 2.1273
41.1667 36.0437 29.0976 21.8033 15.1524 9.7400 5.7788 3.2302 1.9178 1.5661 1.8859 2.6564 3.6517 4.7060 5.7541 6.7382 7.5414 8.1778 8.6527 8.9986 9.2451 9.2882 9.2724 9.2176 8.9985 8.7733 8.4917 8.2045 7.8445 7.5043 7.1606 6.8357 6.4924 6.1233 5.8168 5.4905 5.1906 4.8863 4.5781 4.3072 4.0672 3.8327 3.5975 3.3791 3.1572 2.9515 2.7597 2.5800 2.4008 2.2510
4.5048 2.6191 2.0659 2.5232 3.6532 5.1681 6.8352 8.4502 9.9448 11.2722 12.2775 13.1311 13.7155 14.0349 14.2540 14.3951 14.2821 14.0304 13.6761 13.3061 12.9408 12.4267 11.9367 11.4823 10.8940 10.3732 9.8459 9.3565 8.8166 8.3241 7.8728 7.4602 7.0348 6.5924 6.2297 5.8633 5.5263 5.1872 4.8497 4.5564 4.2996 4.0396 3.7860 3.5595 3.3247 3.1059 2.9010 2.7110 2.5226 2.3647
30.7470 31.1531 31.2780 31.1539 30.7592 30.2049 29.4631 28.4788 27.4602 26.4538 25.2079 24.1344 22.9875 21.7720 20.7254 19.8249 18.7817 17.7409 16.7260 15.8202 15.0199 14.1290 13.3202 12.6029 11.8052 11.1162 10.4487 9.8358 9.2007 8.6438 8.1393 7.6824 7.2163 6.7368 6.3444 5.9558 5.6073 5.2620 4.9115 4.5979 4.3143 4.0510 3.7986 3.5774 3.3420 3.1212 2.9135 2.7210 2.5306 2.3719
