0.1567 0.0319 0.1061 0.3906 0.2693 0.0327 0.3709 0.0308 0.3129 0.0420 0.2886 0.0679 0.0850 0.1858 0.0814 0.0203 0.0432 0.1126 0.1701 0.1462 0.0690 0.0237 0.0412 0.0819 0.0977 0.0781 0.0416 0.0123 0.0022 0.0100 0.0269 0.0438 0.0549 0.0580 0.0548 0.0467 0.0368 0.0266 0.0177 0.0107 0.0058 0.0027 0.0011 0.0007 0.0010 0.0018 0.0029 0.0039 0.0049 0.0058
0.5191 0.1117 0.2873 1.1481 0.8387 0.0862 1.1093 0.1022 0.9316 0.1303 0.8662 0.1935 0.2634 0.5532 0.2349 0.0611 0.1362 0.3449 0.5137 0.4376 0.2049 0.0701 0.1233 0.2446 0.2906 0.2315 0.1226 0.0358 0.0065 0.0306 0.0816 0.1322 0.1650 0.1741 0.1643 0.1398 0.1099 0.0795 0.0528 0.0320 0.0172 0.0080 0.0034 0.0021 0.0031 0.0055 0.0086 0.0118 0.0148 0.0175
1.0342 0.2543 0.3848 1.8257 1.4970 0.1115 1.8307 0.2079 1.5251 0.2335 1.4425 0.2898 0.4671 0.9061 0.3619 0.1041 0.2498 0.5984 0.8666 0.7254 0.3337 0.1131 0.2040 0.4037 0.4763 0.3763 0.1966 0.0560 0.0110 0.0535 0.1391 0.2228 0.2764 0.2904 0.2733 0.2320 0.1818 0.1313 0.0870 0.0525 0.0282 0.0131 0.0055 0.0035 0.0053 0.0094 0.0145 0.0199 0.0249 0.0294
1.8134 0.5464 0.3760 2.3471 2.2864 0.1166 2.5014 0.3855 2.0641 0.3702 2.0075 0.3428 0.7122 1.2300 0.4480 0.1563 0.3995 0.8848 1.2308 1.0041 0.4493 0.1497 0.2823 0.5565 0.6497 0.5066 0.2594 0.0709 0.0158 0.0803 0.2014 0.3174 0.3900 0.4072 0.3814 0.3225 0.2519 0.1812 0.1196 0.0719 0.0384 0.0177 0.0074 0.0049 0.0076 0.0134 0.0207 0.0282 0.0352 0.0415
2.9442 1.1254 0.2992 2.6146 3.2130 0.1501 3.0569 0.6915 2.5036 0.5702 2.5385 0.3478 1.0120 1.5044 0.4858 0.2328 0.6020 1.2114 1.6019 1.2629 0.5432 0.1768 0.3568 0.7000 0.8056 0.6167 0.3070 0.0792 0.0221 0.1132 0.2710 0.4179 0.5070 0.5248 0.4885 0.4108 0.3194 0.2288 0.1502 0.0897 0.0475 0.0218 0.0092 0.0064 0.0101 0.0178 0.0272 0.0370 0.0458 0.0539
4.4090 2.1527 0.2877 2.5330 4.2163 0.3147 3.3995 1.1998 2.7817 0.8760 2.9960 0.3136 1.3734 1.7028 0.4792 0.3585 0.8734 1.5772 1.9656 1.4848 0.6047 0.1911 0.4270 0.8321 0.9394 0.7019 0.3362 0.0803 0.0314 0.1550 0.3505 0.5264 0.6287 0.6439 0.5946 0.4967 0.3839 0.2733 0.1783 0.1056 0.0554 0.0251 0.0106 0.0079 0.0130 0.0226 0.0342 0.0462 0.0570 0.0667
5.9630 3.7217 0.5866 2.0657 5.1381 0.7633 3.4134 1.9873 2.8286 1.3394 3.3241 0.2678 1.7914 1.7964 0.4497 0.5672 1.2234 1.9676 2.2949 1.6452 0.6213 0.1912 0.4947 0.9524 1.0484 0.7590 0.3458 0.0754 0.0464 0.2091 0.4433 0.6453 0.7566 0.7652 0.6997 0.5799 0.4449 0.3145 0.2036 0.1195 0.0619 0.0277 0.0118 0.0096 0.0161 0.0279 0.0418 0.0559 0.0686 0.0801
7.0488 5.6944 1.5088 1.3204 5.7166 1.6607 3.0089 3.1000 2.5881 2.0098 3.4553 0.2592 2.2426 1.7627 0.4422 0.8968 1.6476 2.3489 2.5477 1.7136 0.5822 0.1800 0.5668 1.0655 1.1341 0.7886 0.3370 0.0671 0.0710 0.2794 0.5527 0.7770 0.8921 0.8892 0.8041 0.6602 0.5022 0.3520 0.2258 0.1310 0.0669 0.0295 0.0129 0.0114 0.0198 0.0338 0.0501 0.0664 0.0809 0.0940
6.9190 7.5268 3.2806 0.6286 5.6427 3.0947 2.1990 4.4981 2.0568 2.9129 3.3259 0.3557 2.6815 1.5994 0.5267 1.3770 2.1160 2.6641 2.6701 1.6588 0.4834 0.1705 0.6595 1.1840 1.2045 0.7963 0.3150 0.0605 0.1097 0.3698 0.6813 0.9234 1.0363 1.0164 0.9077 0.7375 0.5556 0.3856 0.2447 0.1402 0.0704 0.0305 0.0137 0.0135 0.0240 0.0404 0.0591 0.0776 0.0939 0.1085
5.1398 8.2750 5.7705 0.5427 4.7118 4.9447 1.1949 5.9909 1.3357 4.0199 2.9004 0.6347 3.0421 1.3411 0.7918 2.0103 2.5622 2.8351 2.6052 1.4607 0.3372 0.1910 0.8025 1.3318 1.2770 0.7947 0.2889 0.0621 0.1669 0.4827 0.8303 1.0844 1.1884 1.1459 1.0097 0.8110 0.6045 0.4151 0.2602 0.1469 0.0725 0.0309 0.0145 0.0160 0.0289 0.0478 0.0690 0.0897 0.1077 0.1237
2.3651 7.0427 8.2117 1.6531 3.0479 6.7697 0.4627 7.1964 0.6800 5.2122 2.2060 1.1660 3.2539 1.0774 1.3251 2.7498 2.8831 2.7804 2.3180 1.1296 0.1846 0.2925 1.0426 1.5467 1.3797 0.8036 0.2715 0.0789 0.2450 0.6176 0.9976 1.2577 1.3466 1.2763 1.1091 0.8801 0.6486 0.4401 0.2723 0.1512 0.0731 0.0307 0.0154 0.0191 0.0346 0.0563 0.0799 0.1028 0.1225 0.1399
0.6709 3.9742 9.2420 4.1842 1.2912 7.8448 0.6483 7.5940 0.5061 6.2549 1.3676 1.9871 3.2636 0.9508 2.1731 3.4750 2.9503 2.4464 1.8268 0.7290 0.1041 0.5465 1.4370 1.8720 1.5442 0.8444 0.2747 0.1146 0.3414 0.7679 1.1750 1.4354 1.5040 1.4021 1.2019 0.9420 0.6860 0.4597 0.2804 0.1529 0.0723 0.0301 0.0165 0.0229 0.0414 0.0659 0.0922 0.1172 0.1386 0.1573
2.3470 1.0895 7.6633 7.5112 0.5299 7.4705 2.2809 6.7411 1.2996 6.8021 0.6331 3.0726 3.0595 1.1286 3.2843 3.9819 2.6471 1.8587 1.2450 0.3956 0.2114 1.0291 2.0281 2.3307 1.7841 0.9253 0.3004 0.1639 0.4443 0.9171 1.3443 1.5992 1.6442 1.5099 1.2775 0.9891 0.7115 0.4705 0.2825 0.1510 0.0697 0.0289 0.0181 0.0278 0.0495 0.0771 0.1060 0.1331 0.1560 0.1758
7.3374 1.4944 3.8535 9.9738 1.8290 5.4937 5.3057 4.6388 3.3698 6.4799 0.3721 4.3171 2.7048 1.7487 4.4707 4.0337 1.9633 1.2044 0.8245 0.3400 0.6273 1.7755 2.8008 2.8921 2.0726 1.0264 0.3321 0.2092 0.5331 1.0422 1.4821 1.7277 1.7488 1.5848 1.3247 1.0133 0.7198 0.4692 0.2767 0.1445 0.0650 0.0275 0.0205 0.0341 0.0595 0.0902 0.1217 0.1508 0.1750 0.1959
11.9049 6.3646 0.7744 9.5298 5.4554 2.7369 8.7440 2.0882 6.4594 5.0698 1.0185 5.5187 2.3229 2.8256 5.4036 3.4618 1.0988 0.8768 0.9362 0.7823 1.3908 2.6895 3.6010 3.4081 2.3001 1.0785 0.3295 0.2259 0.5896 1.1267 1.5724 1.8055 1.8042 1.6155 1.3346 1.0082 0.7063 0.4528 0.2615 0.1328 0.0582 0.0260 0.0243 0.0426 0.0719 0.1058 0.1399 0.1708 0.1961 0.2177
11.2146 12.3131 2.2817 5.6144 10.1330 0.8443 10.9583 0.6066 9.3988 2.8192 2.9273 6.3567 2.0346 4.1716 5.7023 2.3237 0.5312 1.4168 1.9305 1.7876 2.3072 3.4227 4.0500 3.5599 2.2506 0.9637 0.2475 0.2123 0.6327 1.1954 1.6379 1.8508 1.8232 1.6108 1.3130 0.9776 0.6736 0.4231 0.2380 0.1169 0.0501 0.0252 0.0300 0.0538 0.0874 0.1246 0.1610 0.1934 0.2195 0.2416
4.8094 13.6633 8.3833 1.2808 12.7638 1.5053 10.6477 1.4819 10.2935 0.7865 6.0697 6.3416 1.8759 5.4066 5.1260 1.0329 0.9076 3.2090 3.7805 2.9782 2.7791 3.3167 3.5606 2.9145 1.6752 0.5931 0.1127 0.2631 0.7855 1.3743 1.7913 1.9565 1.8784 1.6243 1.2983 0.9477 0.6392 0.3914 0.2131 0.1006 0.0426 0.0260 0.0379 0.0676 0.1055 0.1458 0.1846 0.2184 0.2450 0.2673
0.8643 7.8307 13.6099 1.6458 9.6514 5.6775 7.5798 4.4067 7.8813 0.8075 9.3915 4.7588 1.8859 6.1882 3.8041 0.2829 2.5518 5.7423 5.4105 3.1937 1.8740 1.7757 1.8434 1.4185 0.6851 0.1808 0.1932 0.6633 1.3219 1.9102 2.2422 2.2926 2.1019 1.7546 1.3618 0.9678 0.6356 0.3780 0.1988 0.0901 0.0383 0.0285 0.0467 0.0818 0.1240 0.1675 0.2085 0.2437 0.2708 0.2934
7.8661 0.7645 11.4856 8.3445 2.9476 11.5109 1.6371 9.6190 4.1343 3.7843 9.1826 0.9318 4.0764 7.8251 2.5012 0.5307 4.3284 5.8446 3.1754 0.5150 0.4638 1.9544 2.9994 2.8564 1.9750 1.1941 0.9377 1.1918 1.6797 2.1361 2.3643 2.3376 2.0939 1.7154 1.3084 0.9128 0.5867 0.3395 0.1725 0.0760 0.0351 0.0345 0.0602 0.1010 0.1472 0.1935 0.2363 0.2723 0.2995 0.3219
16.0692 4.9394 4.1202 14.3458 0.6919 13.1624 0.7503 12.1548 1.1823 7.6391 7.4988 0.3866 6.7134 7.2953 1.1490 1.5558 5.7938 5.7943 2.3370 0.2366 1.0040 2.7478 3.5387 3.0397 1.9666 1.1872 1.0269 1.3723 1.8959 2.3325 2.5048 2.4129 2.1119 1.6937 1.2647 0.8622 0.5393 0.3016 0.1468 0.0630 0.0337 0.0430 0.0765 0.1232 0.1736 0.2226 0.2669 0.3036 0.3306 0.3524
11.9012 14.7943 0.9186 13.0601 5.1889 9.2713 4.5620 10.8690 0.7441 10.9923 4.4578 1.6454 9.0022 5.7093 0.3653 3.2803 6.9922 5.2315 1.4457 0.2659 1.8257 3.6135 3.9999 3.1171 1.8980 1.1735 1.1381 1.5768 2.1225 2.5226 2.6260 2.4624 2.1037 1.6491 1.2031 0.7993 0.4846 0.2605 0.1211 0.0521 0.0357 0.0555 0.0971 0.1496 0.2038 0.2552 0.3007 0.3376 0.3640 0.3850
1.5908 15.7146 8.3444 5.0857 13.2988 2.9191 11.1320 6.1287 3.9882 11.8715 1.5108 4.7052 10.0215 3.4685 0.6201 5.4574 7.6099 4.1948 0.6994 0.7058 2.8967 4.4693 4.3232 3.0690 1.7757 1.1661 1.2796 1.8064 2.3555 2.7002 2.7224 2.4824 2.0673 1.5813 1.1245 0.7256 0.4244 0.2180 0.0969 0.0445 0.0421 0.0728 0.1224 0.1805 0.2383 0.2918 0.3379 0.3745 0.3999 0.4197
5.8478 5.0983 17.5895 0.8777 16.2870 0.9809 15.1541 1.4644 9.6346 9.3443 0.5424 8.6129 9.1452 1.3826 2.1589 7.6160 7.4042 2.8609 0.3275 1.6083 4.1307 5.2117 4.4534 2.8893 1.6166 1.1825 1.4601 2.0607 2.5893 2.8586 2.7887 2.4698 2.0017 1.4909 1.0304 0.6431 0.3608 0.1761 0.0759 0.0416 0.0539 0.0958 0.1533 0.2165 0.2774 0.3323 0.3786 0.4145 0.4384 0.4566
19.4742 1.9188 14.2237 8.2270 9.7299 7.1701 12.3759 1.4422 14.0505 4.6446 2.7802 11.6478 6.4898 0.4513 4.8145 9.1498 6.3120 1.5431 0.5408 2.9439 5.3863 5.7302 4.3537 2.5912 1.4482 1.2434 1.6876 2.3372 2.8169 2.9906 2.8202 2.4232 1.9082 1.3803 0.9236 0.5547 0.2965 0.1371 0.0600 0.0451 0.0724 0.1255 0.1905 0.2584 0.3216 0.3774 0.4232 0.4577 0.4796 0.4958
14.7558 14.9283 2.8289 18.4923 1.5882 16.0308 4.8982 7.4221 13.6139 1.0234 7.6828 12.1027 3.1365 1.4469 7.9266 9.5027 4.5324 0.6416 1.4674 4.5806 6.4811 5.9250 4.0142 2.2094 1.3085 1.3711 1.9671 2.6303 3.0294 3.0883 2.8125 2.3413 1.7876 1.2516 0.8072 0.4634 0.2343 0.1034 0.0512 0.0564 0.0989 0.1629 0.2349 0.3066 0.3715 0.4271 0.4718 0.5044 0.5236 0.5373
1.1726 20.6280 4.2972 15.9838 4.2322 17.1696 0.8699 14.9744 8.1146 1.7734 12.7026 9.3945 0.8484 4.4416 10.4633 8.4077 2.5467 0.5483 3.0883 6.2846 7.2191 5.7297 3.4626 1.8022 1.2430 1.5854 2.2980 2.9304 3.2156 3.1435 2.7606 2.2222 1.6406 1.1076 0.6844 0.3729 0.1774 0.0776 0.0516 0.0771 0.1345 0.2086 0.2868 0.3615 0.4269 0.4816 0.5244 0.5544 0.5703 0.5811
11.9119 6.6442 18.7858 3.8434 16.1337 8.3316 6.2452 16.8677 2.0824 7.3984 14.5513 4.8254 1.2434 8.5344 11.3790 6.0895 1.0348 1.5157 5.1960 7.7478 7.4320 5.1376 2.7721 1.4466 1.2974 1.8995 2.6735 3.2233 3.3629 3.1485 2.6620 2.0672 1.4707 0.9526 0.5601 0.2872 0.1293 0.0626 0.0633 0.1089 0.1803 0.2636 0.3467 0.4232 0.4880 0.5409 0.5810 0.6077 0.6198 0.6271
24.3207 3.2986 19.7388 3.5218 20.3619 1.1312 16.3740 10.5255 1.6550 14.2816 11.5677 1.2650 4.7519 12.0342 10.1115 3.3188 0.6753 3.5264 7.3989 8.6480 7.0260 4.2183 2.0573 1.2293 1.5099 2.3151 3.0779 3.4909 3.4578 3.0964 2.5155 1.8790 1.2828 0.7922 0.4395 0.2109 0.0936 0.0612 0.0885 0.1533 0.2374 0.3285 0.4151 0.4921 0.5551 0.6050 0.6417 0.6642 0.6719 0.6752
7.4952 20.8504 4.4075 18.0644 9.4769 7.1129 19.2183 2.4369 8.5231 16.8107 5.5512 1.5238 9.9769 13.1610 6.9962 1.2294 1.8778 6.2190 9.1894 8.7365 6.0305 3.1252 1.4646 1.2348 1.9037 2.8200 3.4899 3.7171 3.4938 2.9895 2.3255 1.6630 1.0835 0.6333 0.3288 0.1490 0.0743 0.0763 0.1291 0.2114 0.3063 0.4030 0.4912 0.5674 0.6278 0.6742 0.7068 0.7248 0.7275 0.7266
5.1779 19.8820 5.4273 21.6821 1.2622 19.3904 10.4971 2.5245 16.8662 12.3580 1.2119 6.2163 14.1273 11.1108 3.3640 0.8993 4.5416 8.9231 10.0671 7.9102 4.6007 2.0674 1.1391 1.5195 2.4727 3.3809 3.8720 3.8710 3.4508 2.8168 2.0919 1.4257 0.8805 0.4828 0.2339 0.1063 0.0750 0.1105 0.1871 0.2846 0.3879 0.4881 0.5759 0.6497 0.7063 0.7482 0.7760 0.7886 0.7858 0.7802
25.7419 2.2395 22.8249 6.7430 11.3744 19.7124 1.5875 12.1111 18.1169 4.5752 2.6803 12.7102 14.5594 6.7387 1.0502 2.8281 7.9643 10.8237 9.7054 6.2921 3.0304 1.2907 1.2039 2.1024 3.1803 3.9474 4.1825 3.9274 3.3186 2.5787 1.8214 1.1762 0.6829 0.3488 0.1613 0.0877 0.0993 0.1665 0.2640 0.3738 0.4827 0.5838 0.6692 0.7391 0.7904 0.8268 0.8489 0.8555 0.8465 0.8357
13.4390 12.7866 18.4185 3.2885 23.4351 6.8452 5.9092 20.3206 10.3608 1.0896 9.6326 16.4689 10.6758 2.4364 1.5222 6.5525 10.9936 11.2317 8.0996 4.2423 1.6975 1.0202 1.7237 2.9486 3.9567 4.4548 4.3780 3.8647 3.0923 2.2807 1.5247 0.9262 0.5015 0.2400 0.1176 0.0980 0.1506 0.2463 0.3612 0.4798 0.5911 0.6904 0.7711 0.8353 0.8801 0.9098 0.9255 0.9254 0.9096 0.8932
3.1217 26.0520 1.8761 20.1417 15.0666 1.9263 18.6087 16.4114 2.0366 6.2148 16.5920 14.3662 4.8124 0.9406 4.9707 10.6652 12.4438 9.8924 5.6488 2.3032 0.9804 1.4026 2.6836 3.9771 4.7245 4.8522 4.4327 3.6764 2.7776 1.9347 1.2182 0.6915 0.3488 0.1660 0.1100 0.1423 0.2322 0.3523 0.4807 0.6049 0.7160 0.8117 0.8856 0.9418 0.9782 0.9997 1.0073 0.9996 0.9765 0.9541
25.7941 7.0480 13.3876 22.0542 1.6970 14.5773 20.9927 4.9783 3.4343 15.5422 17.2375 7.6839 1.0921 3.5993 9.9247 13.3121 11.5763 7.1220 3.0560 1.0498 1.1472 2.4470 3.9595 5.0327 5.3511 5.0490 4.3003 3.3502 2.3833 1.5593 0.9177 0.4848 0.2357 0.1350 0.1443 0.2243 0.3464 0.4854 0.6226 0.7482 0.8555 0.9444 1.0093 1.0552 1.0817 1.0938 1.0925 1.0765 1.0456 1.0167
14.4344 7.3767 25.7819 4.2839 10.3443 23.5048 8.7467 1.8375 13.8212 19.3624 10.5204 1.7700 2.5890 9.1920 13.8031 13.0900 8.5708 3.8556 1.1970 0.9452 2.2698 4.0022 5.3390 5.9338 5.7192 4.9880 3.9676 2.8987 1.9328 1.1798 0.6456 0.3239 0.1752 0.1559 0.2263 0.3474 0.4950 0.6467 0.7871 0.9095 1.0091 1.0883 1.1414 1.1752 1.1903 1.1918 1.1806 1.1557 1.1165 1.0808
3.7918 26.9286 7.7061 7.2587 24.5658 12.2139 1.2620 12.3659 20.7155 13.0739 2.6389 1.9564 8.7283 14.3377 14.3129 9.8967 4.6065 1.3542 0.8070 2.1563 4.1644 5.7714 6.5591 6.5051 5.7404 4.6459 3.4504 2.3564 1.4639 0.8296 0.4279 0.2280 0.1804 0.2375 0.3615 0.5152 0.6804 0.8378 0.9756 1.0898 1.1779 1.2441 1.2833 1.3031 1.3051 1.2948 1.2730 1.2386 1.1905 1.1475
27.5185 10.3083 5.7525 25.1776 14.6582 1.2185 11.7300 21.9550 14.9181 3.3589 1.6747 8.6943 15.1931 15.5431 10.9069 5.1839 1.4493 0.7209 2.1839 4.4528 6.4072 7.3670 7.3557 6.6093 5.3727 4.0391 2.7932 1.7738 1.0218 0.5440 0.2910 0.2158 0.2640 0.3878 0.5552 0.7312 0.9053 1.0610 1.1896 1.2906 1.3632 1.4133 1.4362 1.4410 1.4277 1.4037 1.3709 1.3263 1.2688 1.2180
10.8176 5.8213 26.1729 15.4879 1.2567 12.2954 23.3323 15.9142 3.5280 1.7450 9.3167 16.3822 16.8225 11.6405 5.3792 1.4015 0.6981 2.4119 5.0042 7.2093 8.3999 8.3668 7.4963 6.1613 4.6263 3.2234 2.0635 1.2115 0.6542 0.3585 0.2603 0.3039 0.4359 0.6121 0.8091 0.9949 1.1676 1.3131 1.4257 1.5081 1.5612 1.5921 1.5964 1.5846 1.5544 1.5157 1.4711 1.4159 1.3487 1.2897
7.8689 27.8459 14.2320 1.3689 14.5533 24.8532 15.6671 2.9679 2.3051 11.0047 18.0669 17.8695 11.9408 5.1340 1.1549 0.8017 2.9697 5.9335 8.3545 9.5708 9.5499 8.4644 6.8896 5.1995 3.5989 2.3102 1.3618 0.7494 0.4194 0.3134 0.3611 0.5072 0.7040 0.9135 1.1238 1.3052 1.4654 1.5923 1.6820 1.7407 1.7704 1.7792 1.7627 1.7327 1.6844 1.6299 1.5730 1.5068 1.4296 1.3622
29.5092 10.5152 2.5202 19.0469 26.1310 13.6631 1.8191 3.9254 14.0111 20.5018 18.5011 11.3872 4.3341 0.7926 1.1966 4.0730 7.4581 9.9757 11.0703 10.7732 9.4953 7.5963 5.6431 3.9028 2.4742 1.4573 0.8094 0.4746 0.3761 0.4462 0.6161 0.8390 1.0759 1.2971 1.5039 1.6671 1.8046 1.9047 1.9645 1.9931 1.9938 1.9785 1.9398 1.8903 1.8243 1.7547 1.6844 1.6061 1.5178 1.4420
4.5736 7.0790 25.4193 25.2304 9.3529 1.0301 7.6408 18.6182 22.7941 18.2169 9.6322 2.9024 0.5735 2.2460 5.9539 9.7314 12.1296 12.8151 12.0457 10.3005 8.1407 5.9012 3.9863 2.5072 1.4540 0.8195 0.5155 0.4595 0.5687 0.7813 1.0363 1.3020 1.5492 1.7578 1.9426 2.0727 2.1764 2.2417 2.2648 2.2583 2.2258 2.1843 2.1220 2.0518 1.9678 1.8826 1.7986 1.7078 1.6080 1.5236
17.8554 30.5529 19.4337 3.6744 3.0786 14.6009 24.1293 23.7285 15.6698 6.5608 1.3040 1.1631 4.5568 9.0291 12.7197 14.7078 14.6389 13.1116 10.7912 8.2207 5.8355 3.8084 2.3197 1.3388 0.7773 0.5599 0.5830 0.7640 1.0274 1.3304 1.6226 1.8912 2.1162 2.2871 2.4315 2.5141 2.5740 2.5971 2.5777 2.5318 2.4629 2.3937 2.3067 2.2152 2.1127 2.0117 1.9137 1.8101 1.6989 1.6058
26.9931 8.3727 1.5687 11.5070 24.3547 27.7891 20.9242 10.3409 2.7428 0.8769 3.7813 8.8585 13.5865 16.4430 17.1631 16.0745 13.5986 10.6234 7.7267 5.2269 3.2988 1.9301 1.1111 0.7280 0.6582 0.8070 1.0820 1.4209 1.7633 2.0935 2.3705 2.6016 2.7745 2.8848 2.9723 2.9948 3.0007 2.9734 2.9062 2.8193 2.7160 2.6199 2.5079 2.3927 2.2699 2.1516 2.0386 1.9221 1.7993 1.6971
1.5528 11.5681 26.1576 31.1462 24.3256 12.5543 3.5929 1.0310 4.1204 9.9702 15.5106 19.1276 20.1235 18.8533 16.1805 12.8688 9.4252 6.4216 4.0792 2.4258 1.4072 0.8934 0.7760 0.9296 1.2363 1.6271 2.0335 2.4262 2.7601 3.0504 3.2597 3.4150 3.5091 3.5388 3.5551 3.5065 3.4497 3.3649 3.2455 3.1175 2.9828 2.8615 2.7243 2.5832 2.4384 2.3015 2.1726 2.0431 1.9086 1.7969
32.0424 33.8668 24.0745 11.1051 2.7090 1.7100 6.4848 13.4960 19.6551 23.2525 23.6203 21.7046 18.2162 14.1550 10.2604 6.9361 4.3322 2.5410 1.4765 0.9942 0.9435 1.1688 1.5675 2.0554 2.5385 2.9992 3.3932 3.7259 3.9634 4.1500 4.2447 4.2916 4.2850 4.2186 4.1534 4.0264 3.9017 3.7560 3.5824 3.4132 3.2483 3.1026 2.9408 2.7737 2.6069 2.4515 2.3069 2.1645 2.0187 1.8977
16.5375 5.0762 1.5793 5.6074 13.5528 21.4745 26.7515 28.3822 26.9065 23.3196 18.4734 13.6842 9.4030 6.0098 3.5939 2.0746 1.2918 1.0860 1.2821 1.7284 2.3089 2.9007 3.4817 4.0238 4.4500 4.8009 5.0459 5.2190 5.2877 5.3197 5.2688 5.1879 5.0674 4.8966 4.7455 4.5407 4.3490 4.1434 3.9179 3.7097 3.5165 3.3450 3.1587 2.9684 2.7808 2.6075 2.4472 2.2921 2.1351 2.0047
10.3461 20.2274 28.7668 33.6106 34.2327 31.3770 26.3301 20.3622 14.6587 9.8204 6.0415 3.5021 2.0068 1.3547 1.3358 1.7452 2.3944 3.1551 3.9322 4.6633 5.3225 5.8184 6.2256 6.5541 6.7154 6.8124 6.8120 6.7630 6.6198 6.4655 6.2626 6.0537 5.8164 5.5412 5.3077 5.0368 4.7870 4.5288 4.2590 4.0168 3.7978 3.5938 3.3819 3.1761 2.9705 2.7803 2.6038 2.4360 2.2676 2.1273
41.1739 36.0468 29.0970 21.8000 15.1471 9.7338 5.7722 3.2237 1.9118 1.5606 1.8812 2.6523 3.6482 4.7031 5.7517 6.7362 7.5398 8.1766 8.6517 8.9979 9.2444 9.2877 9.2720 9.2173 8.9982 8.7732 8.4916 8.2044 7.8444 7.5042 7.1606 6.8357 6.4924 6.1233 5.8168 5.4904 5.1906 4.8863 4.5781 4.3072 4.0672 3.8327 3.5975 3.3791 3.1572 2.9514 2.7597 2.5800 2.4008 2.2510
4.4988 2.6137 2.0610 2.5189 3.6495 5.1650 6.8326 8.4481 9.9431 11.2709 12.2764 13.1302 13.7148 14.0344 14.2536 14.3947 14.2819 14.0302 13.6759 13.3060 12.9407 12.4266 11.9366 11.4822 10.8940 10.3732 9.8459 9.3564 8.8166 8.3240 7.8728 7.4602 7.0348 6.5924 6.2297 5.8633 5.5263 5.1872 4.8497 4.5564 4.2996 4.0396 3.7860 3.5595 3.3247 3.1059 2.9010 2.7110 2.5226 2.3647
30.7468 31.1529 31.2779 31.1538 30.7591 30.2049 29.4631 28.4788 27.4602 26.4538 25.2079 24.1344 22.9875 21.7720 20.7254 19.8249 18.7817 17.7409 16.7260 15.8202 15.0199 14.1290 13.3202 12.6029 11.8052 11.1162 10.4487 9.8358 9.2007 8.6438 8.1393 7.6824 7.2163 6.7368 6.3444 5.9558 5.6073 5.2620 4.9115 4.5979 4.3143 4.0510 3.7986 3.5774 3.3420 3.1212 2.9135 2.7210 2.5306 2.3719
