0.2184 0.2177 0.2177 0.1860 0.1750 0.1652 0.1539 0.1451 0.1407 0.1517 0.1126 0.1078 0.1198 0.1200 0.1138 0.1024 0.0829 0.0612 0.0521 0.0601 0.0729 0.0782 0.0704 0.0556 0.0402 0.0290 0.0226 0.0198 0.0190 0.0185 0.0177 0.0165 0.0148 0.0131 0.0115 0.0099 0.0085 0.0073 0.0062 0.0054 0.0046 0.0041 0.0036 0.0032 0.0028 0.0025 0.0022 0.0020 0.0018 0.0016
0.6545 0.6507 0.6509 0.5585 0.5254 0.4949 0.4608 0.4341 0.4215 0.4538 0.3379 0.3235 0.3609 0.3620 0.3427 0.3079 0.2496 0.1840 0.1559 0.1785 0.2168 0.2335 0.2114 0.1677 0.1218 0.0878 0.0680 0.0592 0.0565 0.0551 0.0527 0.0492 0.0444 0.0394 0.0344 0.0296 0.0255 0.0219 0.0188 0.0162 0.0140 0.0122 0.0108 0.0096 0.0085 0.0075 0.0067 0.0060 0.0054 0.0048
1.0895 1.0771 1.0773 0.9318 0.8770 0.8228 0.7650 0.7201 0.7001 0.7526 0.5635 0.5395 0.6064 0.6098 0.5756 0.5159 0.4188 0.3088 0.2583 0.2919 0.3546 0.3850 0.3524 0.2826 0.2069 0.1491 0.1145 0.0984 0.0931 0.0905 0.0868 0.0812 0.0736 0.0656 0.0574 0.0496 0.0427 0.0367 0.0315 0.0271 0.0234 0.0205 0.0181 0.0160 0.0142 0.0126 0.0112 0.0100 0.0089 0.0080
1.5244 1.4961 1.4932 1.3051 1.2323 1.1483 1.0646 1.0023 0.9744 1.0469 0.7894 0.7559 0.8599 0.8675 0.8145 0.7273 0.5917 0.4369 0.3593 0.3972 0.4821 0.5299 0.4932 0.4020 0.2979 0.2150 0.1630 0.1375 0.1282 0.1239 0.1190 0.1120 0.1021 0.0915 0.0805 0.0698 0.0602 0.0518 0.0445 0.0383 0.0330 0.0289 0.0254 0.0225 0.0199 0.0177 0.0157 0.0140 0.0125 0.0112
1.9628 1.9116 1.8979 1.6759 1.5949 1.4718 1.3582 1.2810 1.2418 1.3376 1.0157 0.9738 1.1263 1.1387 1.0602 0.9421 0.7698 0.5706 0.4594 0.4921 0.5951 0.6646 0.6325 0.5272 0.3973 0.2881 0.2155 0.1772 0.1617 0.1549 0.1489 0.1409 0.1295 0.1168 0.1035 0.0902 0.0780 0.0673 0.0579 0.0499 0.0430 0.0375 0.0329 0.0291 0.0257 0.0228 0.0202 0.0180 0.0161 0.0144
2.4088 2.3313 2.2973 2.0399 1.9701 1.7963 1.6456 1.5582 1.4992 1.6276 1.2415 1.1951 1.4116 1.4262 1.3119 1.1587 0.9536 0.7127 0.5608 0.5756 0.6897 0.7849 0.7682 0.6587 0.5078 0.3715 0.2745 0.2193 0.1945 0.1834 0.1758 0.1673 0.1550 0.1411 0.1260 0.1106 0.0962 0.0833 0.0718 0.0618 0.0532 0.0464 0.0407 0.0359 0.0316 0.0280 0.0248 0.0221 0.0197 0.0176
2.8664 2.7623 2.7075 2.3938 2.3615 2.1281 1.9287 1.8361 1.7451 1.9222 1.4650 1.4238 1.7227 1.7312 1.5660 1.3740 1.1435 0.8676 0.6682 0.6488 0.7630 0.8860 0.8968 0.7960 0.6315 0.4689 0.3438 0.2666 0.2280 0.2098 0.1996 0.1905 0.1779 0.1636 0.1475 0.1306 0.1143 0.0995 0.0860 0.0742 0.0639 0.0556 0.0488 0.0429 0.0377 0.0333 0.0295 0.0262 0.0233 0.0208
3.3355 3.2039 3.1525 2.7435 2.7661 2.4802 2.2124 2.1160 1.9810 2.2276 1.6830 1.6669 2.0668 2.0508 1.8153 1.5824 1.3397 1.0409 0.7892 0.7165 0.8141 0.9630 1.0130 0.9365 0.7693 0.5839 0.4281 0.3233 0.2654 0.2359 0.2206 0.2101 0.1975 0.1835 0.1672 0.1495 0.1320 0.1156 0.1004 0.0869 0.0749 0.0653 0.0571 0.0502 0.0441 0.0389 0.0344 0.0304 0.0271 0.0241
3.8064 3.6439 3.6496 3.1158 3.1665 2.8749 2.5029 2.3970 2.2143 2.5470 1.8906 1.9353 2.4484 2.3765 2.0485 1.7771 1.5422 1.2401 0.9355 0.7884 0.8460 1.0120 1.1100 1.0746 0.9198 0.7189 0.5320 0.3949 0.3113 0.2648 0.2406 0.2266 0.2133 0.1997 0.1840 0.1663 0.1483 0.1309 0.1144 0.0995 0.0861 0.0751 0.0658 0.0578 0.0506 0.0446 0.0394 0.0348 0.0309 0.0275
4.2478 4.0682 4.1823 3.5673 3.5279 3.3436 2.8030 2.6771 2.4590 2.8747 2.0841 2.2432 2.8657 2.6920 2.2512 1.9508 1.7514 1.4740 1.1225 0.8802 0.8671 1.0312 1.1789 1.2005 1.0765 0.8731 0.6593 0.4873 0.3719 0.3016 0.2628 0.2417 0.2257 0.2120 0.1969 0.1798 0.1621 0.1445 0.1273 0.1115 0.0969 0.0848 0.0744 0.0654 0.0574 0.0505 0.0445 0.0393 0.0348 0.0309
4.6077 4.4773 4.6818 4.1648 3.8142 3.9173 3.1100 2.9607 2.7340 3.1927 2.2682 2.6076 3.3058 2.9753 2.4113 2.1008 1.9698 1.7526 1.3704 1.0172 0.8966 1.0261 1.2121 1.3005 1.2278 1.0408 0.8111 0.6065 0.4556 0.3547 0.2942 0.2602 0.2377 0.2217 0.2065 0.1900 0.1729 0.1557 0.1385 0.1222 0.1070 0.0941 0.0829 0.0732 0.0642 0.0566 0.0499 0.0440 0.0390 0.0346
4.8878 4.8750 5.0639 4.9131 4.0267 4.5885 3.4104 3.2614 3.0463 3.4656 2.4570 3.0357 3.7377 3.1995 2.5222 2.2286 2.1971 2.0782 1.6942 1.2271 0.9619 1.0100 1.2042 1.3564 1.3524 1.2060 0.9801 0.7534 0.5688 0.4330 0.3437 0.2898 0.2551 0.2328 0.2149 0.1976 0.1808 0.1641 0.1473 0.1312 0.1159 0.1027 0.0910 0.0807 0.0711 0.0628 0.0554 0.0490 0.0434 0.0385
5.2944 5.2182 5.3211 5.6614 4.2465 5.2569 3.6879 3.5923 3.3651 3.6443 2.6668 3.5041 4.1070 3.3394 2.5857 2.3370 2.4213 2.4308 2.0865 1.5253 1.0900 1.0012 1.1519 1.3442 1.4159 1.3353 1.1420 0.9148 0.7081 0.5399 0.4181 0.3380 0.2844 0.2500 0.2252 0.2044 0.1863 0.1694 0.1530 0.1374 0.1223 0.1092 0.0975 0.0869 0.0770 0.0683 0.0605 0.0536 0.0476 0.0423
6.1478 5.4470 5.5497 6.1204 4.6190 5.7245 3.9680 3.9598 3.6294 3.7064 2.9236 3.9552 4.3553 3.3962 2.6268 2.4348 2.6167 2.7620 2.5108 1.9122 1.3134 1.0374 1.0722 1.2512 1.3829 1.3848 1.2572 1.0629 0.8592 0.6725 0.5224 0.4140 0.3360 0.2833 0.2458 0.2168 0.1940 0.1748 0.1574 0.1416 0.1267 0.1137 0.1021 0.0917 0.0816 0.0728 0.0648 0.0576 0.0514 0.0457
7.2161 5.7122 5.7889 6.1314 5.1697 5.8058 4.3113 4.3280 3.7901 3.6940 3.2323 4.2880 4.4483 3.4153 2.6886 2.5241 2.7317 2.9780 2.8764 2.3481 1.6557 1.1788 1.0195 1.0982 1.2357 1.3096 1.2716 1.1487 0.9860 0.8102 0.6496 0.5204 0.4185 0.3439 0.2883 0.2455 0.2129 0.1873 0.1660 0.1479 0.1318 0.1181 0.1062 0.0956 0.0854 0.0764 0.0683 0.0610 0.0545 0.0486
7.4705 6.2656 5.9775 5.9646 5.5959 5.5809 4.7092 4.6457 3.9184 3.7222 3.5357 4.3857 4.4226 3.4945 2.8133 2.5881 2.6954 2.9478 3.0284 2.7264 2.1092 1.5071 1.1118 0.9841 1.0215 1.1028 1.1395 1.1096 1.0265 0.9029 0.7661 0.6393 0.5263 0.4348 0.3608 0.3007 0.2539 0.2171 0.1877 0.1639 0.1437 0.1272 0.1133 0.1014 0.0904 0.0808 0.0721 0.0644 0.0577 0.0515
6.9653 6.5984 6.4150 6.0058 5.6054 5.4817 4.9547 5.0210 4.2657 3.8894 3.7048 4.1914 4.4167 3.7598 3.0089 2.5977 2.4814 2.5842 2.7872 2.8504 2.5781 2.0857 1.5392 1.1427 0.9381 0.8827 0.8945 0.9140 0.9116 0.8689 0.7953 0.7084 0.6143 0.5268 0.4472 0.3762 0.3170 0.2684 0.2286 0.1961 0.1691 0.1470 0.1289 0.1138 0.1002 0.0887 0.0786 0.0698 0.0623 0.0554
7.1229 6.5376 7.1994 6.5140 5.9879 5.7643 4.9265 5.8411 4.9780 4.1357 3.7335 3.8080 4.5474 4.2566 3.2294 2.5738 2.2944 2.1122 2.1451 2.4407 2.7144 2.7384 2.4119 1.9214 1.4344 1.0678 0.8404 0.7274 0.6847 0.6639 0.6434 0.6146 0.5711 0.5215 0.4671 0.4101 0.3571 0.3094 0.2675 0.2314 0.2001 0.1735 0.1512 0.1325 0.1157 0.1015 0.0892 0.0786 0.0696 0.0615
7.9541 7.4735 8.1133 7.0133 6.6754 6.5907 5.7385 5.6772 5.2145 4.5512 4.8180 3.8915 3.6724 3.8905 3.2633 2.6731 2.8152 2.9824 2.6180 2.0102 1.6467 1.7334 2.0585 2.3696 2.4806 2.3711 2.0914 1.7436 1.4068 1.1062 0.8640 0.6840 0.5494 0.4536 0.3829 0.3274 0.2847 0.2505 0.2223 0.1984 0.1773 0.1586 0.1422 0.1277 0.1139 0.1017 0.0907 0.0809 0.0724 0.0644
9.2716 7.8822 8.1039 7.9835 6.7409 7.2547 5.8934 6.2736 5.2923 5.0536 5.0505 4.0387 4.0593 4.1200 3.3508 2.8756 3.0914 3.1678 2.6989 2.0796 1.7685 1.9042 2.2401 2.5325 2.6146 2.4807 2.1839 1.8245 1.4797 1.1716 0.9216 0.7341 0.5923 0.4903 0.4141 0.3541 0.3074 0.2700 0.2390 0.2130 0.1902 0.1701 0.1524 0.1367 0.1218 0.1087 0.0970 0.0865 0.0774 0.0690
9.9909 9.0178 8.0114 8.6686 7.1653 7.6096 6.2945 6.7102 5.4361 5.5991 5.1844 4.2601 4.4651 4.2934 3.4449 3.1184 3.3719 3.3293 2.7652 2.1556 1.9063 2.0873 2.4251 2.6915 2.7414 2.5829 2.2705 1.9017 1.5509 1.2369 0.9802 0.7857 0.6370 0.5289 0.4472 0.3824 0.3316 0.2906 0.2567 0.2284 0.2038 0.1822 0.1632 0.1461 0.1300 0.1160 0.1035 0.0923 0.0826 0.0736
9.7194 10.0807 8.5133 8.7870 8.0092 7.6488 6.9685 6.9142 5.7479 6.0954 5.2545 4.5805 4.8520 4.4109 3.5665 3.4006 3.6440 3.4626 2.8217 2.2434 2.0618 2.2810 2.6106 2.8442 2.8596 2.6771 2.3512 1.9753 1.6204 1.3021 1.0396 0.8389 0.6835 0.5694 0.4822 0.4125 0.3574 0.3127 0.2756 0.2448 0.2183 0.1950 0.1745 0.1560 0.1386 0.1236 0.1103 0.0984 0.0880 0.0785
9.6999 10.2361 9.6295 8.6592 8.9247 7.6438 7.7427 6.9510 6.2596 6.4541 5.3317 4.9959 5.1798 4.4887 3.7353 3.7139 3.8945 3.5670 2.8750 2.3481 2.2351 2.4826 2.7937 2.9888 2.9685 2.7634 2.4262 2.0453 1.6884 1.3673 1.1000 0.8935 0.7318 0.6118 0.5192 0.4445 0.3848 0.3362 0.2957 0.2623 0.2337 0.2087 0.1865 0.1664 0.1477 0.1315 0.1174 0.1047 0.0937 0.0836
10.8479 9.9594 10.5181 8.9340 9.4183 7.9354 8.3232 7.0014 6.8823 6.6356 5.4941 5.4653 5.4203 4.5555 3.9621 4.0418 4.1124 3.6471 2.9345 2.4747 2.4258 2.6896 2.9723 3.1247 3.0685 2.8421 2.4956 2.1124 1.7551 1.4326 1.1618 0.9504 0.7827 0.6566 0.5582 0.4783 0.4141 0.3615 0.3174 0.2811 0.2502 0.2231 0.1991 0.1774 0.1574 0.1401 0.1250 0.1116 0.0998 0.0890
11.9555 10.4492 10.5923 9.8062 9.4100 8.6189 8.5465 7.2615 7.4535 6.6917 5.7942 5.9229 5.5718 4.6486 4.2467 4.3640 4.2914 3.7114 3.0093 2.6257 2.6316 2.8986 3.1439 3.2512 3.1599 2.9142 2.5604 2.1769 1.8209 1.4982 1.2251 1.0097 0.8362 0.7038 0.5992 0.5141 0.4454 0.3889 0.3410 0.3014 0.2677 0.2382 0.2123 0.1890 0.1678 0.1496 0.1334 0.1189 0.1063 0.0949
11.8912 11.6115 10.4521 10.7001 9.3832 9.4123 8.5496 7.7906 7.8387 6.7505 6.2275 6.3048 5.6646 4.8034 4.5779 4.6610 4.4316 3.7707 3.1065 2.8009 2.8481 3.1054 3.3067 3.3678 3.2433 2.9806 2.6216 2.2393 1.8857 1.5638 1.2893 1.0703 0.8915 0.7529 0.6421 0.5518 0.4785 0.4179 0.3661 0.3231 0.2864 0.2544 0.2264 0.2013 0.1789 0.1596 0.1422 0.1267 0.1132 0.1010
11.8478 12.2076 10.9698 11.0261 9.8080 9.9164 8.6472 8.4345 8.0174 6.9345 6.7241 6.5781 5.7509 5.0363 4.9310 4.9186 4.5416 3.8383 3.2316 2.9981 3.0711 3.3071 3.4599 3.4755 3.3202 3.0428 2.6804 2.3004 1.9499 1.6294 1.3541 1.1321 0.9483 0.8037 0.6868 0.5913 0.5134 0.4488 0.3928 0.3462 0.3063 0.2715 0.2413 0.2144 0.1906 0.1702 0.1516 0.1350 0.1205 0.1075
12.7757 12.1700 11.8994 11.0353 10.5717 10.0747 9.0413 8.9665 8.1103 7.2874 7.1890 6.7599 5.8844 5.3408 5.2780 5.1334 4.6365 3.9265 3.3868 3.2135 3.2968 3.5023 3.6046 3.5762 3.3925 3.1025 2.7380 2.3606 2.0137 1.6951 1.4193 1.1947 1.0064 0.8559 0.7330 0.6326 0.5501 0.4814 0.4212 0.3708 0.3276 0.2898 0.2572 0.2282 0.2032 0.1815 0.1616 0.1438 0.1282 0.1144
13.4147 12.4074 12.3450 11.2647 11.1242 10.1482 9.5873 9.2576 8.2518 7.7275 7.5356 6.8846 6.0792 5.6842 5.5959 5.3129 4.7337 4.0458 3.5748 3.4491 3.5298 3.6974 3.7465 3.6734 3.4621 3.1619 2.7982 2.4251 2.0825 1.7650 1.4878 1.2606 1.0678 0.9124 0.7841 0.6778 0.5902 0.5172 0.4534 0.3994 0.3525 0.3112 0.2757 0.2445 0.2175 0.1943 0.1731 0.1540 0.1374 0.1225
13.5580 13.0204 12.4967 11.8026 11.4017 10.4401 10.0950 9.4481 8.5382 8.1762 7.7983 7.0350 6.3484 6.0409 5.8810 5.4749 4.8480 4.1974 3.7874 3.6945 3.7620 3.8881 3.8845 3.7689 3.5315 3.2217 2.8590 2.4899 2.1514 1.8348 1.5564 1.3270 1.1303 0.9702 0.8366 0.7247 0.6321 0.5547 0.4875 0.4298 0.3791 0.3340 0.2954 0.2618 0.2328 0.2079 0.1853 0.1650 0.1471 0.1311
13.8544 13.4978 12.7900 12.2993 11.6585 10.8655 10.4955 9.6802 8.9164 8.5811 8.0317 7.2404 6.6659 6.3915 6.1432 5.6372 4.9874 4.3790 4.0200 3.9476 3.9945 4.0772 4.0220 3.8650 3.6020 3.2827 2.9204 2.5549 2.2201 1.9041 1.6248 1.3936 1.1933 1.0290 0.8905 0.7730 0.6756 0.5940 0.5233 0.4620 0.4073 0.3582 0.3163 0.2802 0.2490 0.2224 0.1985 0.1767 0.1576 0.1403
14.1258 14.0211 13.0981 12.8057 11.9531 11.3093 10.8847 9.9646 9.3216 8.9665 8.2771 7.4908 7.0086 6.7380 6.3998 5.8114 5.1526 4.5864 4.2697 4.2091 4.2304 4.2683 4.1616 3.9637 3.6751 3.3454 2.9828 2.6201 2.2884 1.9727 1.6929 1.4604 1.2568 1.0886 0.9456 0.8228 0.7207 0.6349 0.5610 0.4959 0.4372 0.3839 0.3386 0.2999 0.2664 0.2379 0.2125 0.1893 0.1688 0.1502
14.8276 14.2448 13.5654 13.2876 12.1852 11.8651 11.2421 10.2419 9.7751 9.3638 8.5307 7.7737 7.3797 7.1044 6.6736 6.0094 5.3503 4.8274 4.5481 4.4928 4.4833 4.4719 4.3143 4.0787 3.7675 3.4251 3.0562 2.6914 2.3607 2.0464 1.7666 1.5325 1.3262 1.1548 1.0077 0.8800 0.7725 0.6812 0.6020 0.5329 0.4710 0.4150 0.3668 0.3247 0.2883 0.2573 0.2296 0.2044 0.1822 0.1621
15.6199 14.2501 14.4576 13.3796 12.6635 12.4989 11.4414 10.6043 10.3314 9.7308 8.7594 8.0968 7.8000 7.4890 6.9478 6.2128 5.5669 5.0934 4.8492 4.7930 4.7463 4.6813 4.4707 4.1963 3.8616 3.5056 3.1297 2.7625 2.4328 2.1202 1.8405 1.6050 1.3964 1.2221 1.0714 0.9391 0.8262 0.7295 0.6449 0.5717 0.5066 0.4481 0.3969 0.3514 0.3119 0.2781 0.2479 0.2206 0.1967 0.1750
15.2032 15.2835 14.7881 13.4898 13.5835 12.8096 11.5978 11.2236 10.9010 9.9785 8.9905 8.5129 8.2813 7.8732 7.2037 6.4156 5.8065 5.3919 5.1789 5.1122 5.0193 4.8948 4.6286 4.3144 3.9555 3.5855 3.2024 2.8331 2.5048 2.1944 1.9147 1.6780 1.4675 1.2908 1.1369 1.0001 0.8820 0.7796 0.6897 0.6123 0.5442 0.4832 0.4290 0.3798 0.3370 0.3004 0.2675 0.2380 0.2122 0.1887
15.9424 16.2470 14.5023 14.5440 14.2440 12.7784 12.1623 12.0467 11.2857 10.1416 9.3571 9.0819 8.8082 8.2271 7.4353 6.6376 6.0947 5.7429 5.5486 5.4557 5.3046 5.1150 4.7906 4.4357 4.0520 3.6684 3.2789 2.9088 2.5825 2.2744 1.9944 1.7564 1.5441 1.3649 1.2077 1.0665 0.9430 0.8351 0.7396 0.6578 0.5861 0.5217 0.4640 0.4110 0.3648 0.3252 0.2896 0.2577 0.2297 0.2043
17.6976 15.7348 15.5190 15.7112 14.1356 13.1945 13.2349 12.6724 11.4318 10.4385 9.9876 9.7773 9.3161 8.5232 7.6597 6.9169 6.4625 6.1625 5.9628 5.8224 5.6006 5.3419 4.9584 4.5629 4.1551 3.7596 3.3655 2.9961 2.6722 2.3656 2.0852 1.8461 1.6311 1.4491 1.2881 1.1420 1.0131 0.8996 0.7984 0.7114 0.6349 0.5650 0.5028 0.4462 0.3964 0.3537 0.3155 0.2809 0.2504 0.2228
16.9520 16.5291 17.1266 15.5389 14.3041 14.4327 14.0897 12.7840 11.5898 11.0645 10.8044 10.4169 9.6840 8.7412 7.9020 7.2695 6.9061 6.6313 6.3958 6.1868 5.8844 5.5553 5.1157 4.6841 4.2571 3.8530 3.4560 3.0878 2.7664 2.4611 2.1805 1.9403 1.7226 1.5377 1.3731 1.2219 1.0874 0.9681 0.8610 0.7687 0.6871 0.6113 0.5443 0.4839 0.4303 0.3843 0.3435 0.3060 0.2729 0.2428
17.6254 18.5058 16.8441 15.4797 15.7050 15.5002 14.1498 12.7902 12.1901 12.0017 11.5732 10.8431 9.9025 8.9484 8.2273 7.7248 7.4225 7.1299 6.8254 6.5311 6.1443 5.7488 5.2602 4.7995 4.3598 3.9512 3.5532 3.1865 2.8673 2.5630 2.2820 2.0405 1.8197 1.6317 1.4633 1.3069 1.1666 1.0411 0.9278 0.8298 0.7429 0.6609 0.5886 0.5243 0.4667 0.4173 0.3737 0.3331 0.2971 0.2645
20.0051 18.0629 16.7938 17.2356 17.0191 15.5425 14.0976 13.4725 13.3178 12.9581 12.1048 11.0883 10.1120 9.2922 8.7291 8.3210 8.0205 7.6623 7.2645 6.8761 6.4070 5.9523 5.4246 4.9432 4.4934 4.0818 3.6836 3.3183 3.0002 2.6942 2.4116 2.1676 1.9422 1.7482 1.5728 1.4085 1.2620 1.1314 1.0121 0.9075 0.8137 0.7256 0.6477 0.5781 0.5148 0.4606 0.4134 0.3691 0.3295 0.2935
18.9919 18.2299 18.9421 18.5177 16.8256 15.4177 14.9111 14.7689 14.3628 13.4910 12.3189 11.2788 10.4554 9.8244 9.3764 8.9861 8.6220 8.1608 7.6598 7.1836 6.6464 6.1472 5.5931 5.1001 4.6450 4.2328 3.8350 3.4712 3.1532 2.8438 2.5582 2.3107 2.0794 1.8778 1.6939 1.5204 1.3674 1.2315 1.1061 0.9944 0.8926 0.7982 0.7143 0.6387 0.5690 0.5094 0.4582 0.4097 0.3662 0.3264
19.9810 20.7233 19.7710 17.9439 16.7805 16.5173 16.3844 15.7984 14.7849 13.6080 12.4862 11.6612 11.0420 10.5311 10.0951 9.6382 9.1639 8.5878 7.9945 7.4506 6.8670 6.3405 5.7724 5.2757 4.8193 4.4078 4.0102 3.6468 3.3274 3.0126 2.7224 2.4697 2.2313 2.0206 1.8266 1.6428 1.4826 1.3412 1.2092 1.0898 0.9794 0.8780 0.7877 0.7056 0.6288 0.5632 0.5078 0.4547 0.4068 0.3628
22.2930 20.6065 18.9876 18.4046 18.3742 18.1051 17.2467 15.9992 14.7696 13.7473 12.9119 12.3245 11.8170 11.3003 10.7770 10.1963 9.6089 8.9369 8.2741 7.6900 7.0839 6.5481 5.9773 5.4830 5.0290 4.6186 4.2190 3.8563 3.5361 3.2164 2.9195 2.6595 2.4119 2.1913 1.9870 1.7923 1.6227 1.4728 1.3329 1.2047 1.0846 0.9740 0.8757 0.7869 0.7035 0.6317 0.5700 0.5113 0.4583 0.4095
21.1655 20.4052 20.4709 20.4192 19.7265 18.5273 17.1667 15.9438 15.0236 14.3248 13.6804 13.1544 12.6033 11.9812 11.3283 10.6211 9.9549 9.2262 8.5227 7.9249 7.3163 6.7860 6.2200 5.7315 5.2809 4.8700 4.4651 4.1034 3.7828 3.4588 3.1529 2.8833 2.6242 2.3931 2.1781 1.9724 1.7909 1.6291 1.4800 1.3417 1.2108 1.0883 0.9805 0.8849 0.7956 0.7175 0.6472 0.5814 0.5225 0.4680
22.7418 22.7738 22.1314 20.9107 19.5154 18.2941 17.3209 16.5354 15.8952 15.2751 14.5552 13.9003 13.2110 12.4706 11.7196 10.9357 10.2411 9.4973 8.7806 8.1883 7.5892 7.0713 6.5117 6.0279 5.5773 5.1620 4.7479 4.3852 4.0627 3.7326 3.4152 3.1340 2.8615 2.6183 2.3914 2.1734 1.9787 1.8037 1.6445 1.4952 1.3524 1.2163 1.0980 0.9953 0.8998 0.8150 0.7348 0.6612 0.5957 0.5350
24.4105 23.0458 21.7106 20.5992 19.7398 19.0612 18.4082 17.6794 16.9147 16.0876 15.1585 14.3484 13.5628 12.7625 11.9800 11.1809 10.4984 9.7665 9.0537 8.4760 7.8896 7.3852 6.8309 6.3502 5.8959 5.4732 5.0469 4.6793 4.3527 4.0164 3.6890 3.3974 3.1123 2.8578 2.6197 2.3904 2.1829 1.9948 1.8236 1.6631 1.5094 1.3619 1.2337 1.1228 1.0196 0.9269 0.8366 0.7545 0.6818 0.6141
24.1540 23.3197 22.6406 21.9807 21.2693 20.4672 19.5445 18.5122 17.4750 16.4396 15.3954 14.5407 13.7600 12.9449 12.1682 11.3858 10.7227 10.0066 9.3086 8.7452 8.1681 7.6738 7.1251 6.6487 6.1903 5.7600 5.3220 4.9421 4.6086 4.2691 3.9398 3.6454 3.3536 3.0927 2.8478 2.6118 2.3955 2.1974 2.0099 1.8394 1.6800 1.5305 1.3967 1.2752 1.1601 1.0571 0.9591 0.8686 0.7877 0.7121
26.3391 25.4523 24.4526 23.3703 22.2627 21.1339 19.9767 18.7995 17.6739 16.5945 15.5657 14.7597 14.0422 13.2340 12.4649 11.6889 11.0338 10.3215 9.6280 9.0688 8.4917 8.0005 7.4524 6.9772 6.5119 6.0714 5.6191 5.2245 4.8830 4.5403 4.2095 3.9129 3.6147 3.3477 3.0962 2.8540 2.6290 2.4204 2.2151 2.0340 1.8696 1.7199 1.5811 1.4480 1.3196 1.2052 1.0991 0.9996 0.9099 0.8256
27.4008 26.1487 24.9033 23.6898 22.5430 21.4098 20.2677 19.1174 17.9967 16.9139 15.9082 15.1408 14.4649 13.6360 12.8463 12.0505 11.3857 10.6633 9.9636 9.3988 8.8143 8.3212 7.7704 7.2945 6.8227 6.3727 5.9070 5.4971 5.1476 4.8021 4.4700 4.1718 3.8686 3.5970 3.3404 3.0930 2.8602 2.6419 2.4190 2.2281 2.0599 1.9114 1.7688 1.6244 1.4825 1.3570 1.2435 1.1352 1.0369 0.9439
27.1551 25.9966 24.8502 23.6998 22.5743 21.4585 20.3385 19.2372 18.1404 17.0661 16.0433 15.2585 14.5632 13.7200 12.9137 12.0994 11.4390 10.7166 10.0068 9.4274 8.8296 8.3296 7.7708 7.2890 6.8289 6.3890 5.9319 5.5163 5.1612 4.8097 4.4705 4.1684 3.8674 3.6003 3.3473 3.0986 2.8639 2.6438 2.4219 2.2319 2.0641 1.9118 1.7664 1.6211 1.4799 1.3556 1.2442 1.1364 1.0380 0.9447
