0.2188 0.2176 0.2158 0.1853 0.1760 0.1647 0.1528 0.1450 0.1390 0.1515 0.1139 0.1067 0.1202 0.1226 0.1168 0.1050 0.0850 0.0622 0.0517 0.0584 0.0712 0.0773 0.0706 0.0565 0.0412 0.0297 0.0228 0.0197 0.0187 0.0183 0.0175 0.0164 0.0149 0.0132 0.0115 0.0100 0.0086 0.0073 0.0063 0.0054 0.0047 0.0041 0.0036 0.0032 0.0028 0.0025 0.0022 0.0020 0.0018 0.0016
0.6559 0.6505 0.6454 0.5561 0.5286 0.4934 0.4577 0.4340 0.4162 0.4534 0.3417 0.3201 0.3622 0.3698 0.3518 0.3158 0.2557 0.1872 0.1547 0.1736 0.2114 0.2306 0.2119 0.1703 0.1248 0.0898 0.0688 0.0591 0.0559 0.0544 0.0522 0.0490 0.0444 0.0396 0.0347 0.0299 0.0257 0.0221 0.0190 0.0163 0.0141 0.0123 0.0108 0.0096 0.0085 0.0076 0.0067 0.0060 0.0054 0.0048
1.0921 1.0774 1.0686 0.9278 0.8829 0.8204 0.7600 0.7201 0.6913 0.7522 0.5698 0.5336 0.6087 0.6231 0.5908 0.5289 0.4289 0.3143 0.2567 0.2840 0.3455 0.3799 0.3530 0.2869 0.2119 0.1527 0.1160 0.0983 0.0921 0.0893 0.0859 0.0808 0.0736 0.0658 0.0578 0.0501 0.0431 0.0371 0.0318 0.0274 0.0236 0.0206 0.0181 0.0161 0.0142 0.0126 0.0112 0.0100 0.0089 0.0080
1.5290 1.4980 1.4822 1.2993 1.2418 1.1453 1.0583 1.0025 0.9620 1.0472 0.7985 0.7477 0.8637 0.8866 0.8357 0.7452 0.6059 0.4452 0.3579 0.3867 0.4692 0.5221 0.4933 0.4077 0.3050 0.2205 0.1656 0.1377 0.1270 0.1223 0.1178 0.1113 0.1020 0.0918 0.0810 0.0704 0.0608 0.0524 0.0450 0.0387 0.0333 0.0291 0.0256 0.0226 0.0199 0.0177 0.0157 0.0140 0.0125 0.0112
1.9702 1.9164 1.8862 1.6682 1.6096 1.4688 1.3516 1.2820 1.2257 1.3392 1.0276 0.9631 1.1321 1.1640 1.0874 0.9644 0.7878 0.5821 0.4590 0.4796 0.5784 0.6536 0.6315 0.5339 0.4066 0.2957 0.2196 0.1781 0.1606 0.1530 0.1473 0.1399 0.1291 0.1170 0.1040 0.0909 0.0788 0.0680 0.0585 0.0504 0.0433 0.0378 0.0331 0.0293 0.0258 0.0228 0.0203 0.0180 0.0161 0.0144
2.4211 2.3404 2.2873 2.0299 1.9919 1.7937 1.6400 1.5602 1.4799 1.6315 1.2564 1.1818 1.4198 1.4582 1.3446 1.1849 0.9754 0.7283 0.5629 0.5622 0.6694 0.7699 0.7652 0.6659 0.5193 0.3818 0.2807 0.2214 0.1938 0.1814 0.1738 0.1658 0.1543 0.1411 0.1265 0.1113 0.0970 0.0841 0.0725 0.0625 0.0537 0.0468 0.0410 0.0361 0.0318 0.0281 0.0249 0.0221 0.0197 0.0176
2.8865 2.7772 2.7026 2.3811 2.3927 2.1268 1.9261 1.8394 1.7230 1.9298 1.4829 1.4079 1.7342 1.7699 1.6033 1.4029 1.1688 0.8881 0.6745 0.6362 0.7397 0.8666 0.8907 0.8028 0.6449 0.4821 0.3528 0.2707 0.2283 0.2081 0.1973 0.1886 0.1768 0.1633 0.1478 0.1312 0.1151 0.1003 0.0868 0.0749 0.0645 0.0561 0.0491 0.0432 0.0379 0.0335 0.0296 0.0263 0.0234 0.0208
3.3674 3.2261 3.1568 2.7279 2.8084 2.4817 2.2148 2.1208 1.9570 2.2400 1.7033 1.6484 2.0822 2.0958 1.8558 1.6128 1.3680 1.0673 0.8021 0.7072 0.7892 0.9390 1.0028 0.9417 0.7839 0.6001 0.4404 0.3302 0.2674 0.2349 0.2184 0.2079 0.1959 0.1826 0.1671 0.1498 0.1327 0.1164 0.1012 0.0877 0.0756 0.0658 0.0576 0.0506 0.0443 0.0391 0.0345 0.0305 0.0271 0.0241
3.8530 3.6753 3.6666 3.0982 3.2196 2.8818 2.5116 2.4034 2.1899 2.5649 1.9125 1.9142 2.4681 2.4268 2.0904 1.8075 1.5732 1.2737 0.9577 0.7856 0.8218 0.9838 1.0943 1.0764 0.9342 0.7377 0.5481 0.4054 0.3160 0.2654 0.2390 0.2244 0.2112 0.1984 0.1833 0.1662 0.1486 0.1315 0.1152 0.1003 0.0868 0.0757 0.0663 0.0582 0.0510 0.0449 0.0396 0.0350 0.0310 0.0275
4.3060 4.1115 4.2129 3.5500 3.5878 3.3598 2.8176 2.6852 2.4356 2.8976 2.1057 2.2192 2.8890 2.7454 2.2920 1.9799 1.7846 1.5155 1.1567 0.8880 0.8470 1.0001 1.1568 1.1968 1.0888 0.8931 0.6789 0.5019 0.3803 0.3048 0.2626 0.2399 0.2235 0.2101 0.1957 0.1792 0.1620 0.1448 0.1278 0.1120 0.0975 0.0854 0.0749 0.0659 0.0577 0.0508 0.0447 0.0395 0.0350 0.0310
4.6623 4.5340 4.7232 4.1512 3.8719 3.9472 3.1264 2.9712 2.7122 3.2179 2.2870 2.5802 3.3310 3.0286 2.4489 2.1275 2.0045 1.8021 1.4186 1.0398 0.8851 0.9948 1.1835 1.2888 1.2347 1.0595 0.8328 0.6251 0.4683 0.3615 0.2964 0.2597 0.2360 0.2197 0.2048 0.1888 0.1722 0.1554 0.1385 0.1225 0.1074 0.0946 0.0834 0.0735 0.0646 0.0569 0.0501 0.0442 0.0392 0.0347
4.9146 4.9395 5.1109 4.9043 4.0699 4.6338 3.4210 3.2754 3.0251 3.4880 2.4701 3.0035 3.7612 3.2492 2.5551 2.2528 2.2326 2.1339 1.7564 1.2678 0.9644 0.9827 1.1701 1.3346 1.3498 1.2192 1.0009 0.7744 0.5857 0.4441 0.3495 0.2919 0.2548 0.2313 0.2131 0.1960 0.1796 0.1633 0.1469 0.1311 0.1159 0.1028 0.0912 0.0809 0.0713 0.0630 0.0556 0.0492 0.0436 0.0386
5.2762 5.2705 5.3691 5.6514 4.2641 5.3120 3.6843 3.6107 3.3407 3.6574 2.6712 3.4642 4.1238 3.3828 2.6147 2.3602 2.4561 2.4883 2.1588 1.5845 1.1113 0.9840 1.1158 1.3116 1.4000 1.3376 1.1569 0.9349 0.7274 0.5551 0.4283 0.3438 0.2868 0.2503 0.2243 0.2031 0.1849 0.1683 0.1521 0.1367 0.1219 0.1090 0.0974 0.0869 0.0770 0.0684 0.0606 0.0537 0.0477 0.0424
6.0886 5.4603 5.5940 6.0979 4.6053 5.7743 3.9456 3.9808 3.5979 3.7059 2.9174 3.9029 4.3604 3.4340 2.6558 2.4593 2.6480 2.8126 2.5829 1.9847 1.3561 1.0382 1.0416 1.2110 1.3518 1.3708 1.2596 1.0761 0.8769 0.6898 0.5365 0.4241 0.3424 0.2868 0.2473 0.2170 0.1935 0.1739 0.1565 0.1408 0.1260 0.1132 0.1017 0.0914 0.0815 0.0727 0.0647 0.0576 0.0514 0.0457
7.1266 5.6809 5.8196 6.0929 5.1243 5.8340 4.2730 4.3454 3.7554 3.6824 3.2150 4.2179 4.4393 3.4534 2.7244 2.5520 2.7550 3.0089 2.9306 2.4200 1.7172 1.2056 1.0073 1.0613 1.1940 1.2779 1.2558 1.1477 0.9953 0.8245 0.6647 0.5339 0.4293 0.3517 0.2936 0.2487 0.2146 0.1880 0.1662 0.1477 0.1314 0.1177 0.1058 0.0952 0.0851 0.0762 0.0681 0.0608 0.0544 0.0486
7.3618 6.2113 5.9992 5.9257 5.5273 5.5886 4.6617 4.6548 3.9048 3.7107 3.5082 4.2945 4.4037 3.5464 2.8641 2.6195 2.7065 2.9475 3.0435 2.7744 2.1765 1.5641 1.1355 0.9723 0.9872 1.0627 1.1066 1.0897 1.0199 0.9064 0.7757 0.6516 0.5387 0.4459 0.3699 0.3077 0.2590 0.2208 0.1902 0.1654 0.1447 0.1277 0.1136 0.1016 0.0904 0.0807 0.0720 0.0643 0.0576 0.0514
6.8934 6.5368 6.4879 5.9767 5.5625 5.4944 4.9030 5.0367 4.3175 3.8890 3.6727 4.0858 4.3999 3.8443 3.0826 2.6300 2.4822 2.5564 2.7531 2.8474 2.6229 2.1608 1.6106 1.1857 0.9464 0.8647 0.8642 0.8835 0.8881 0.8551 0.7906 0.7105 0.6207 0.5353 0.4562 0.3845 0.3243 0.2744 0.2334 0.1998 0.1719 0.1491 0.1304 0.1149 0.1010 0.0893 0.0790 0.0701 0.0625 0.0555
7.0964 6.5518 7.3487 6.4981 6.0863 5.7888 4.8894 5.8930 5.1169 4.1391 3.7248 3.7205 4.5349 4.3782 3.3302 2.6001 2.2945 2.0965 2.0993 2.3842 2.6908 2.7725 2.4930 2.0186 1.5178 1.1220 0.8638 0.7276 0.6714 0.6459 0.6264 0.6013 0.5625 0.5171 0.4659 0.4112 0.3595 0.3124 0.2707 0.2344 0.2028 0.1759 0.1533 0.1341 0.1170 0.1026 0.0900 0.0793 0.0701 0.0619
7.8774 7.5295 8.1308 6.9391 6.7458 6.5208 5.7995 5.6098 5.2742 4.5073 4.8099 3.9406 3.6179 3.8661 3.3176 2.6742 2.7418 2.9379 2.6498 2.0631 1.6474 1.6613 1.9470 2.2670 2.4201 2.3615 2.1231 1.7997 1.4714 1.1675 0.9155 0.7240 0.5783 0.4733 0.3955 0.3349 0.2888 0.2525 0.2230 0.1983 0.1768 0.1580 0.1416 0.1272 0.1134 0.1014 0.0904 0.0807 0.0722 0.0643
9.1680 7.8437 8.1666 7.8984 6.7758 7.2108 5.9179 6.2178 5.3456 4.9860 5.0655 4.0673 3.9909 4.1119 3.4030 2.8572 3.0119 3.1326 2.7373 2.1277 1.7575 1.8213 2.1226 2.4277 2.5535 2.4702 2.2143 1.8792 1.5432 1.2324 0.9733 0.7747 0.6221 0.5111 0.4278 0.3625 0.3123 0.2725 0.2401 0.2132 0.1900 0.1697 0.1519 0.1362 0.1214 0.1084 0.0967 0.0863 0.0772 0.0688
9.9666 8.9035 8.0471 8.6295 7.1310 7.6121 6.2643 6.6856 5.4622 5.5228 5.2188 4.2602 4.3910 4.3025 3.4889 3.0798 3.2900 3.3052 2.8090 2.1966 1.8825 1.9939 2.3024 2.5854 2.6801 2.5718 2.2997 1.9548 1.6130 1.2969 1.0316 0.8267 0.6675 0.5505 0.4619 0.3917 0.3373 0.2938 0.2583 0.2291 0.2039 0.1820 0.1628 0.1457 0.1297 0.1157 0.1032 0.0921 0.0824 0.0735
9.7664 9.9897 8.4591 8.8096 7.9135 7.6871 6.8886 6.9264 5.7315 6.0290 5.2981 4.5485 4.7821 4.4356 3.5960 3.3428 3.5642 3.4510 2.8688 2.2752 2.0244 2.1777 2.4841 2.7381 2.7990 2.6658 2.3791 2.0265 1.6808 1.3609 1.0905 0.8799 0.7145 0.5918 0.4977 0.4227 0.3638 0.3165 0.2777 0.2459 0.2187 0.1950 0.1743 0.1557 0.1383 0.1233 0.1100 0.0982 0.0879 0.0784
9.6879 10.2350 9.5040 8.6955 8.8186 7.6771 7.6432 6.9862 6.1986 6.4136 5.3694 4.9343 5.1239 4.5244 3.7452 3.6400 3.8214 3.5684 2.9232 2.3686 2.1839 2.3704 2.6648 2.8839 2.9095 2.7523 2.4529 2.0947 1.7468 1.4245 1.1500 0.9342 0.7630 0.6348 0.5354 0.4554 0.3920 0.3407 0.2983 0.2637 0.2344 0.2089 0.1865 0.1663 0.1475 0.1313 0.1172 0.1046 0.0935 0.0835
10.7132 9.9874 10.4146 8.9107 9.3606 7.9184 8.2455 7.0306 6.7911 6.6284 5.5102 5.3832 5.3863 4.5951 3.9486 3.9569 4.0508 3.6612 2.9810 2.4821 2.3610 2.5701 2.8426 3.0223 3.0119 2.8318 2.5214 2.1597 1.8112 1.4879 1.2106 0.9906 0.8139 0.6800 0.5750 0.4900 0.4219 0.3666 0.3206 0.2830 0.2512 0.2236 0.1993 0.1774 0.1573 0.1400 0.1249 0.1114 0.0996 0.0889
11.8208 10.3899 10.5769 9.6999 9.4167 8.5361 8.5192 7.2539 7.3594 6.7124 5.7770 5.8349 5.5633 4.6833 4.2090 4.2748 4.2453 3.7369 3.0513 2.6189 2.5541 2.7737 3.0154 3.1526 3.1067 2.9052 2.5853 2.2221 1.8745 1.5513 1.2724 1.0490 0.8672 0.7274 0.6165 0.5264 0.4538 0.3945 0.3446 0.3038 0.2691 0.2390 0.2128 0.1892 0.1679 0.1495 0.1333 0.1188 0.1062 0.0948
11.8805 11.4656 10.4770 10.5735 9.4077 9.2968 8.5678 7.7320 7.7719 6.7817 6.1747 6.2280 5.6794 4.8242 4.5184 4.5752 4.4040 3.8053 3.1410 2.7791 2.7595 2.9775 3.1814 3.2747 3.1944 2.9734 2.6459 2.2825 1.9368 1.6144 1.3346 1.1084 0.9219 0.7764 0.6596 0.5645 0.4874 0.4241 0.3702 0.3259 0.2882 0.2555 0.2270 0.2017 0.1791 0.1596 0.1422 0.1267 0.1132 0.1010
11.8655 12.1123 10.9279 10.9689 9.7818 9.8305 8.6727 8.3392 7.9962 6.9528 6.6448 6.5274 5.7815 5.0362 4.8555 4.8443 4.5338 3.8787 3.2560 2.9616 2.9736 3.1789 3.3402 3.3893 3.2765 3.0380 2.7043 2.3414 1.9982 1.6773 1.3972 1.1687 0.9778 0.8267 0.7042 0.6042 0.5226 0.4553 0.3973 0.3493 0.3084 0.2729 0.2422 0.2149 0.1910 0.1704 0.1517 0.1350 0.1205 0.1075
12.6728 12.1922 11.7765 11.0609 10.4766 10.0601 9.0288 8.8737 8.1310 7.2736 7.1029 6.7435 5.9189 5.3164 5.1955 5.0775 4.6477 3.9686 3.3988 3.1633 3.1932 3.3767 3.4926 3.4982 3.3548 3.1003 2.7615 2.3995 2.0589 1.7399 1.4599 1.2295 1.0346 0.8783 0.7502 0.6454 0.5595 0.4882 0.4260 0.3742 0.3299 0.2914 0.2582 0.2290 0.2036 0.1818 0.1617 0.1439 0.1283 0.1144
13.2936 12.4240 12.2586 11.2867 11.0228 10.1864 9.5214 9.2095 8.2887 7.6770 7.4668 6.9014 6.1048 5.6375 5.5174 5.2806 4.7613 4.0853 3.5731 3.3871 3.4234 3.5777 3.6444 3.6051 3.4310 3.1625 2.8215 2.4616 2.1246 1.8067 1.5255 1.2930 1.0945 0.9338 0.8007 0.6904 0.5996 0.5241 0.4584 0.4030 0.3551 0.3130 0.2769 0.2453 0.2181 0.1946 0.1733 0.1542 0.1375 0.1225
13.5892 12.9320 12.5281 11.7461 11.3766 10.4657 10.0091 9.4616 8.5571 8.1041 7.7664 7.0736 6.3544 5.9792 5.8174 5.4680 4.8871 4.2299 3.7718 3.6235 3.6564 3.7770 3.7940 3.7108 3.5070 3.2251 2.8817 2.5239 2.1900 1.8731 1.5910 1.3568 1.1550 0.9902 0.8524 0.7368 0.6413 0.5616 0.4925 0.4335 0.3818 0.3360 0.2968 0.2628 0.2335 0.2084 0.1857 0.1652 0.1473 0.1312
13.9133 13.4281 12.8485 12.2143 11.7152 10.8320 10.4492 9.7324 8.8966 8.5169 8.0438 7.2830 6.6481 6.3266 6.1032 5.6542 5.0319 4.4010 3.9912 3.8709 3.8932 3.9771 3.9440 3.8174 3.5840 3.2884 2.9425 2.5862 2.2551 1.9387 1.6561 1.4206 1.2158 1.0474 0.9052 0.7845 0.6844 0.6007 0.5283 0.4657 0.4101 0.3603 0.3178 0.2813 0.2498 0.2229 0.1989 0.1770 0.1578 0.1405
14.0591 14.0914 13.0668 12.8065 12.0069 11.2444 10.9120 10.0081 9.2715 8.9397 8.3231 7.5191 6.9709 6.6832 6.3880 5.8472 5.1958 4.5956 4.2299 4.1305 4.1366 4.1810 4.0967 3.9262 3.6630 3.3531 3.0038 2.6485 2.3197 2.0035 1.7207 1.4844 1.2770 1.1053 0.9590 0.8334 0.7289 0.6412 0.5658 0.4995 0.4400 0.3860 0.3402 0.3010 0.2672 0.2385 0.2130 0.1896 0.1690 0.1504
14.8161 14.3215 13.5136 13.3781 12.1690 11.8460 11.3158 10.2424 9.7293 9.3872 8.5869 7.7769 7.3338 7.0717 6.6894 6.0558 5.3861 4.8229 4.5001 4.4160 4.3994 4.3983 4.2623 4.0505 3.7605 3.4342 3.0758 2.7166 2.3879 2.0730 1.7907 1.5534 1.3439 1.1694 1.0196 0.8895 0.7800 0.6871 0.6065 0.5363 0.4736 0.4170 0.3683 0.3259 0.2892 0.2579 0.2301 0.2048 0.1825 0.1623
15.7488 14.2178 14.5193 13.4390 12.6239 12.5615 11.4969 10.5714 10.3269 9.7910 8.8004 8.0766 7.7615 7.4848 6.9852 6.2609 5.5906 5.0762 4.7966 4.7213 4.6742 4.6216 4.4307 4.1763 3.8586 3.5152 3.1474 2.7844 2.4560 2.1426 1.8608 1.6228 1.4115 1.2347 1.0818 0.9474 0.8329 0.7347 0.6490 0.5749 0.5091 0.4500 0.3984 0.3525 0.3127 0.2788 0.2484 0.2210 0.1970 0.1752
15.2415 15.2961 14.8998 13.4693 13.6149 12.8999 11.5994 11.2029 10.9483 10.0435 9.0021 8.4827 8.2639 7.8964 7.2523 6.4567 5.8157 5.3645 5.1256 5.0485 4.9598 4.8483 4.5991 4.3011 3.9554 3.5950 3.2179 2.8515 2.5240 2.2128 1.9314 1.6927 1.4801 1.3014 1.1456 1.0072 0.8877 0.7842 0.6933 0.6152 0.5465 0.4849 0.4304 0.3809 0.3379 0.3011 0.2680 0.2384 0.2125 0.1890
15.9242 16.3726 14.5220 14.5483 14.3438 12.8183 12.1409 12.0763 11.3593 10.1810 9.3437 9.0602 8.8185 8.2696 7.4838 6.6655 6.0897 5.7089 5.4982 5.4017 5.2576 5.0802 4.7699 4.4276 4.0537 3.6771 3.2919 2.9237 2.5979 2.2891 2.0078 1.7682 1.5542 1.3735 1.2148 1.0723 0.9478 0.8390 0.7427 0.6603 0.5881 0.5232 0.4653 0.4120 0.3656 0.3258 0.2901 0.2580 0.2300 0.2046
17.8141 15.7916 15.5091 15.8041 14.2046 13.1820 13.2498 12.7441 11.4897 10.4430 9.9684 9.7784 9.3504 8.5722 7.6981 6.9288 6.4460 6.1261 5.9182 5.7789 5.5650 5.3170 4.9445 4.5584 4.1577 3.7670 3.3758 3.0077 2.6840 2.3768 2.0955 1.8552 1.6390 1.4558 1.2938 1.1467 1.0170 0.9028 0.8010 0.7135 0.6366 0.5663 0.5039 0.4470 0.3971 0.3542 0.3160 0.2812 0.2507 0.2230
17.0292 16.5137 17.2076 15.6224 14.3012 14.4379 14.1550 12.8507 11.6076 11.0500 10.8003 10.4431 9.7298 8.7836 7.9242 7.2664 6.8824 6.5964 6.3587 6.1536 5.8587 5.5382 5.1068 4.6819 4.2597 3.8589 3.4638 3.0964 2.7751 2.4694 2.1881 1.9471 1.7285 1.5427 1.3773 1.2255 1.0904 0.9706 0.8631 0.7703 0.6885 0.6124 0.5452 0.4846 0.4309 0.3848 0.3439 0.3063 0.2731 0.2430
17.6050 18.5776 16.9287 15.4800 15.7045 15.5588 14.2177 12.8141 12.1792 11.9951 11.5932 10.8839 9.9444 8.9749 8.2322 7.7105 7.3962 7.0994 6.7965 6.5069 6.1266 5.7375 5.2546 4.7984 4.3619 3.9554 3.5586 3.1925 2.8734 2.5688 2.2873 2.0453 1.8239 1.6354 1.4664 1.3095 1.1688 1.0430 0.9294 0.8310 0.7440 0.6617 0.5893 0.5249 0.4672 0.4177 0.3740 0.3334 0.2973 0.2646
20.0756 18.1376 16.7878 17.2326 17.0732 15.6056 14.1197 13.4614 13.3097 12.9741 12.1404 11.1266 10.1382 9.3001 8.7203 8.3011 7.9956 7.6377 7.2436 6.8597 6.3956 5.9452 5.4212 4.9427 4.4949 4.0845 3.6870 3.3221 3.0041 2.6979 2.4150 2.1708 1.9450 1.7507 1.5749 1.4103 1.2636 1.1327 1.0132 0.9085 0.8144 0.7262 0.6483 0.5785 0.5152 0.4609 0.4136 0.3693 0.3296 0.2936
19.0432 18.2102 18.9410 18.5695 16.8781 15.4302 14.8961 14.7599 14.3767 13.5221 12.3516 11.3009 10.4621 9.8173 9.3602 8.9658 8.6015 8.1428 7.6457 7.1732 6.6394 6.1429 5.5910 5.0997 4.6458 4.2343 3.8370 3.4734 3.1555 2.8460 2.5603 2.3126 2.0811 1.8794 1.6952 1.5216 1.3685 1.2324 1.1069 0.9950 0.8932 0.7986 0.7147 0.6390 0.5693 0.5096 0.4584 0.4098 0.3663 0.3264
19.9486 20.7315 19.8200 17.9786 16.7773 16.4972 16.3763 15.8121 14.8118 13.6338 12.5014 11.6636 11.0337 10.5164 10.0779 9.6215 9.1491 8.5759 7.9858 7.4445 6.8629 6.3380 5.7711 5.2753 4.8195 4.4085 4.0111 3.6478 3.3286 3.0137 2.7235 2.4708 2.2322 2.0215 1.8274 1.6435 1.4833 1.3417 1.2097 1.0902 0.9797 0.8783 0.7879 0.7058 0.6289 0.5633 0.5079 0.4548 0.4069 0.3629
22.3173 20.6447 18.9964 18.3846 18.3523 18.1014 17.2616 16.0213 14.7870 13.7541 12.9082 12.3134 11.8022 11.2850 10.7632 10.1848 9.5995 8.9298 8.2691 7.6866 7.0816 6.5466 5.9763 5.4825 5.0289 4.6187 4.2193 3.8567 3.5366 3.2169 2.9200 2.6600 2.4123 2.1917 1.9874 1.7927 1.6231 1.4731 1.3332 1.2049 1.0848 0.9742 0.8759 0.7871 0.7036 0.6318 0.5701 0.5113 0.4584 0.4095
21.1758 20.3855 20.4424 20.4042 19.7305 18.5424 17.1813 15.9506 15.0209 14.3146 13.6662 13.1394 12.5896 11.9698 11.3193 10.6144 9.9498 9.2225 8.5201 7.9230 7.3150 6.7851 6.2193 5.7311 5.2806 4.8698 4.4650 4.1034 3.7829 3.4590 3.1530 2.8835 2.6244 2.3933 2.1783 1.9726 1.7911 1.6293 1.4801 1.3418 1.2109 1.0884 0.9805 0.8850 0.7956 0.7175 0.6472 0.5814 0.5225 0.4681
22.7099 22.7550 22.1303 20.9200 19.5250 18.2972 17.3159 16.5240 15.8806 15.2599 14.5414 13.8889 13.2025 12.4643 11.7152 10.9327 10.2389 9.4956 8.7793 8.1874 7.5885 7.0708 6.5112 6.0276 5.5770 5.1618 4.7477 4.3851 4.0626 3.7326 3.4153 3.1340 2.8615 2.6183 2.3915 2.1735 1.9787 1.8038 1.6445 1.4952 1.3525 1.2164 1.0980 0.9953 0.8999 0.8150 0.7348 0.6612 0.5957 0.5350
24.4111 23.0518 21.7139 20.5961 19.7303 19.0476 18.3931 17.6652 16.9024 16.0774 15.1507 14.3429 13.5593 12.7602 11.9785 11.1800 10.4977 9.7659 9.0532 8.4756 7.8892 7.3849 6.8307 6.3500 5.8957 5.4730 5.0468 4.6792 4.3526 4.0163 3.6890 3.3974 3.1123 2.8578 2.6197 2.3904 2.1829 1.9949 1.8236 1.6631 1.5094 1.3619 1.2337 1.1228 1.0196 0.9269 0.8367 0.7546 0.6818 0.6141
24.1485 23.3090 22.6268 21.9661 21.2558 20.4558 19.5356 18.5057 17.4701 16.4360 15.3929 14.5392 13.7593 12.9444 12.1679 11.3856 10.7225 10.0064 9.3084 8.7451 8.1680 7.6737 7.1249 6.6486 6.1902 5.7599 5.3220 4.9421 4.6085 4.2690 3.9397 3.6454 3.3536 3.0927 2.8477 2.6118 2.3955 2.1974 2.0099 1.8394 1.6800 1.5305 1.3967 1.2752 1.1601 1.0571 0.9591 0.8686 0.7877 0.7121
26.3276 25.4427 24.4453 23.3650 22.2592 21.1315 19.9753 18.7987 17.6733 16.5942 15.5655 14.7596 14.0423 13.2340 12.4649 11.6889 11.0338 10.3215 9.6280 9.0687 8.4917 8.0005 7.4524 6.9772 6.5119 6.0714 5.6191 5.2244 4.8830 4.5403 4.2095 3.9129 3.6147 3.3477 3.0962 2.8540 2.6290 2.4204 2.2151 2.0340 1.8696 1.7199 1.5811 1.4480 1.3196 1.2052 1.0991 0.9996 0.9099 0.8256
27.4004 26.1486 24.9034 23.6900 22.5432 21.4101 20.2679 19.1176 17.9968 16.9140 15.9083 15.1408 14.4649 13.6360 12.8464 12.0505 11.3857 10.6633 9.9636 9.3988 8.8143 8.3212 7.7704 7.2945 6.8227 6.3727 5.9070 5.4971 5.1476 4.8021 4.4700 4.1718 3.8686 3.5970 3.3404 3.0930 2.8602 2.6419 2.4190 2.2281 2.0599 1.9114 1.7688 1.6244 1.4825 1.3570 1.2435 1.1352 1.0369 0.9439
27.1552 25.9966 24.8502 23.6998 22.5744 21.4585 20.3385 19.2372 18.1404 17.0661 16.0433 15.2585 14.5632 13.7200 12.9137 12.0994 11.4390 10.7166 10.0068 9.4274 8.8296 8.3296 7.7708 7.2890 6.8289 6.3890 5.9319 5.5163 5.1612 4.8097 4.4705 4.1684 3.8674 3.6003 3.3473 3.0986 2.8639 2.6438 2.4219 2.2319 2.0641 1.9118 1.7664 1.6211 1.4799 1.3556 1.2442 1.1364 1.0380 0.9447
