0.1260 0.0672 0.0066 0.0636 0.1421 0.0224 0.0839 0.0755 0.0513 0.0673 0.0725 0.0187 0.1013 0.0193 0.0316 0.0845 0.0316 0.0041 0.0460 0.0642 0.0328 0.0035 0.0082 0.0310 0.0441 0.0387 0.0224 0.0076 0.0010 0.0028 0.0092 0.0161 0.0209 0.0224 0.0214 0.0183 0.0144 0.0105 0.0070 0.0043 0.0023 0.0011 0.0005 0.0002 0.0003 0.0006 0.0010 0.0014 0.0017 0.0020
0.3903 0.2168 0.0229 0.1785 0.4278 0.0744 0.2425 0.2348 0.1467 0.2083 0.2118 0.0597 0.3038 0.0549 0.0981 0.2535 0.0922 0.0130 0.1398 0.1923 0.0968 0.0100 0.0255 0.0939 0.1325 0.1155 0.0666 0.0223 0.0029 0.0086 0.0279 0.0487 0.0628 0.0673 0.0641 0.0548 0.0431 0.0314 0.0210 0.0128 0.0069 0.0033 0.0013 0.0007 0.0010 0.0018 0.0029 0.0041 0.0051 0.0061
0.6870 0.4119 0.0529 0.2573 0.7152 0.1499 0.3730 0.4185 0.2204 0.3688 0.3338 0.1122 0.5047 0.0823 0.1746 0.4218 0.1453 0.0246 0.2391 0.3191 0.1563 0.0151 0.0451 0.1595 0.2215 0.1910 0.1089 0.0357 0.0047 0.0149 0.0475 0.0821 0.1052 0.1123 0.1067 0.0910 0.0714 0.0519 0.0346 0.0210 0.0114 0.0053 0.0022 0.0012 0.0017 0.0031 0.0049 0.0068 0.0086 0.0103
1.0204 0.6811 0.1190 0.2808 0.9946 0.2700 0.4565 0.6411 0.2603 0.5605 0.4264 0.1856 0.7008 0.0972 0.2680 0.5877 0.1862 0.0413 0.3472 0.4432 0.2081 0.0182 0.0688 0.2295 0.3114 0.2641 0.1479 0.0470 0.0062 0.0224 0.0688 0.1169 0.1485 0.1576 0.1491 0.1267 0.0990 0.0717 0.0476 0.0288 0.0155 0.0072 0.0030 0.0017 0.0025 0.0044 0.0070 0.0097 0.0122 0.0145
1.3646 1.0414 0.2603 0.2417 1.2414 0.4604 0.4766 0.9123 0.2580 0.7927 0.4780 0.2911 0.8854 0.0978 0.3855 0.7478 0.2109 0.0665 0.4672 0.5626 0.2493 0.0193 0.0986 0.3056 0.4021 0.3335 0.1823 0.0556 0.0074 0.0315 0.0922 0.1536 0.1930 0.2032 0.1910 0.1616 0.1257 0.0906 0.0599 0.0360 0.0193 0.0089 0.0036 0.0022 0.0033 0.0059 0.0092 0.0127 0.0159 0.0188
1.6479 1.4784 0.5286 0.1569 1.4129 0.7475 0.4253 1.2317 0.2142 1.0687 0.4790 0.4415 1.0474 0.0855 0.5342 0.8964 0.2167 0.1051 0.6010 0.6742 0.2772 0.0189 0.1369 0.3891 0.4932 0.3980 0.2109 0.0610 0.0087 0.0428 0.1186 0.1927 0.2387 0.2489 0.2323 0.1953 0.1511 0.1084 0.0712 0.0425 0.0225 0.0103 0.0042 0.0027 0.0042 0.0075 0.0116 0.0159 0.0198 0.0233
1.7537 1.9191 0.9697 0.0821 1.4531 1.1468 0.3123 1.5819 0.1433 1.3815 0.4256 0.6490 1.1710 0.0670 0.7194 1.0247 0.2027 0.1633 0.7494 0.7738 0.2895 0.0187 0.1860 0.4809 0.5838 0.4559 0.2326 0.0627 0.0103 0.0570 0.1484 0.2345 0.2858 0.2948 0.2727 0.2277 0.1750 0.1246 0.0813 0.0481 0.0252 0.0114 0.0047 0.0032 0.0053 0.0093 0.0142 0.0193 0.0238 0.0280
1.5622 2.2174 1.5830 0.1195 1.3109 1.6442 0.1771 1.9212 0.0801 1.7082 0.3247 0.9220 1.2371 0.0551 0.9431 1.1213 0.1710 0.2483 0.9115 0.8563 0.2849 0.0213 0.2489 0.5816 0.6725 0.5054 0.2463 0.0609 0.0129 0.0748 0.1825 0.2795 0.3344 0.3405 0.3119 0.2582 0.1969 0.1392 0.0900 0.0527 0.0272 0.0121 0.0050 0.0038 0.0065 0.0113 0.0171 0.0229 0.0282 0.0329
1.0476 2.1843 2.2667 0.4024 0.9756 2.1741 0.0962 2.1808 0.0819 2.0056 0.1998 1.2597 1.2263 0.0697 1.2013 1.1722 0.1275 0.3681 1.0835 0.9156 0.2631 0.0304 0.3283 0.6908 0.7572 0.5446 0.2511 0.0557 0.0173 0.0972 0.2212 0.3277 0.3842 0.3857 0.3495 0.2866 0.2166 0.1517 0.0971 0.0561 0.0286 0.0125 0.0053 0.0045 0.0079 0.0136 0.0202 0.0268 0.0327 0.0380
0.4067 1.6991 2.7853 1.0368 0.5242 2.6064 0.1789 2.2725 0.2229 2.2102 0.0960 1.6463 1.1246 0.1369 1.4807 1.1632 0.0833 0.5296 1.2581 0.9447 0.2257 0.0514 0.4266 0.8074 0.8352 0.5715 0.2467 0.0478 0.0247 0.1251 0.2651 0.3792 0.4351 0.4302 0.3850 0.3124 0.2338 0.1621 0.1026 0.0584 0.0292 0.0126 0.0055 0.0054 0.0096 0.0162 0.0237 0.0311 0.0376 0.0434
0.1073 0.8787 2.8248 1.9930 0.1570 2.7632 0.5392 2.1140 0.5750 2.2490 0.0804 2.0458 0.9319 0.2863 1.7600 1.0851 0.0555 0.7379 1.4257 0.9385 0.1768 0.0903 0.5466 0.9304 0.9046 0.5850 0.2333 0.0386 0.0364 0.1598 0.3153 0.4349 0.4877 0.4742 0.4189 0.3360 0.2487 0.1705 0.1065 0.0597 0.0292 0.0123 0.0057 0.0064 0.0116 0.0192 0.0276 0.0358 0.0429 0.0491
0.6866 0.1947 2.1923 2.9964 0.1747 2.4858 1.2377 1.6719 1.1744 2.0616 0.2320 2.3969 0.6683 0.5464 2.0090 0.9369 0.0661 0.9929 1.5718 0.8919 0.1230 0.1548 0.6903 1.0576 0.9626 0.5840 0.2115 0.0296 0.0544 0.2029 0.3730 0.4955 0.5425 0.5183 0.4515 0.3576 0.2615 0.1770 0.1089 0.0599 0.0287 0.0119 0.0060 0.0077 0.0140 0.0226 0.0320 0.0410 0.0486 0.0554
2.2168 0.3334 1.0827 3.5502 0.8387 1.7540 2.2054 1.0210 1.9770 1.6312 0.6184 2.6108 0.3810 0.9357 2.1877 0.7295 0.1405 1.2840 1.6738 0.8004 0.0740 0.2518 0.8557 1.1818 1.0027 0.5657 0.1821 0.0229 0.0806 0.2555 0.4381 0.5604 0.5983 0.5612 0.4815 0.3762 0.2716 0.1812 0.1097 0.0591 0.0276 0.0114 0.0065 0.0093 0.0168 0.0266 0.0369 0.0466 0.0549 0.0620
3.7823 1.6627 0.1988 3.1918 2.1208 0.8090 3.1897 0.3890 2.8218 1.0267 1.2594 2.5975 0.1516 1.4501 2.2558 0.4922 0.3042 1.5946 1.7140 0.6685 0.0434 0.3875 1.0389 1.2956 1.0202 0.5296 0.1471 0.0215 0.1173 0.3187 0.5109 0.6291 0.6545 0.6022 0.5086 0.3916 0.2787 0.1831 0.1088 0.0572 0.0260 0.0107 0.0071 0.0114 0.0202 0.0311 0.0424 0.0529 0.0616 0.0691
3.8944 3.5462 0.4610 1.9158 3.5296 0.1683 3.7763 0.1195 3.4486 0.4319 2.0888 2.2979 0.0849 2.0432 2.1709 0.2685 0.5798 1.9072 1.6844 0.5116 0.0480 0.5645 1.2316 1.3896 1.0103 0.4760 0.1097 0.0286 0.1666 0.3934 0.5911 0.7006 0.7100 0.6403 0.5316 0.4029 0.2822 0.1822 0.1060 0.0543 0.0239 0.0101 0.0081 0.0140 0.0242 0.0364 0.0486 0.0598 0.0689 0.0767
2.0992 4.3972 2.1482 0.5301 4.2193 0.4046 3.5593 0.5199 3.5994 0.1265 2.9303 1.7265 0.2833 2.6198 1.9016 0.1136 0.9801 2.2003 1.5860 0.3527 0.1050 0.7827 1.4239 1.4550 0.9705 0.4074 0.0743 0.0480 0.2306 0.4797 0.6776 0.7733 0.7628 0.6736 0.5492 0.4091 0.2816 0.1782 0.1011 0.0502 0.0214 0.0096 0.0096 0.0173 0.0291 0.0425 0.0557 0.0675 0.0769 0.0850
0.2760 3.0924 4.1902 0.2701 3.5885 1.7367 2.4581 1.6557 3.0927 0.3544 3.5609 1.0316 0.8098 3.0510 1.4601 0.0925 1.4835 2.4211 1.4050 0.2099 0.2317 1.0461 1.6131 1.4906 0.9040 0.3300 0.0468 0.0836 0.3106 0.5771 0.7689 0.8453 0.8113 0.7008 0.5604 0.4097 0.2764 0.1710 0.0943 0.0451 0.0187 0.0094 0.0118 0.0215 0.0349 0.0496 0.0637 0.0760 0.0858 0.0939
0.9905 0.8592 4.6684 1.7795 1.8731 3.6047 1.0502 3.2105 1.9699 1.1903 3.7382 0.4327 1.6377 3.2171 0.9293 0.2769 2.0354 2.4945 1.1209 0.0969 0.4387 1.3519 1.7917 1.4936 0.8143 0.2504 0.0336 0.1394 0.4079 0.6851 0.8634 0.9148 0.8540 0.7212 0.5651 0.4048 0.2673 0.1612 0.0860 0.0395 0.0162 0.0099 0.0149 0.0266 0.0417 0.0577 0.0725 0.0853 0.0952 0.1034
4.0347 0.3433 2.8568 4.1860 0.3168 4.8439 0.1627 4.4390 0.7516 2.5201 3.2333 0.1088 2.5876 3.0159 0.4334 0.6922 2.5446 2.3854 0.7823 0.0586 0.7119 1.6423 1.8989 1.4249 0.6867 0.1677 0.0366 0.2148 0.5188 0.7979 0.9547 0.9760 0.8866 0.7318 0.5615 0.3939 0.2541 0.1489 0.0766 0.0338 0.0141 0.0111 0.0189 0.0328 0.0496 0.0668 0.0823 0.0955 0.1055 0.1137
5.3924 3.0429 0.4702 5.3044 0.6466 4.3856 0.7766 4.6005 0.1392 3.9453 2.1702 0.4207 3.5181 2.4384 0.1224 1.3670 2.9710 2.1077 0.4486 0.1492 1.0861 1.9433 1.9600 1.3086 0.5411 0.0973 0.0686 0.3213 0.6540 0.9252 1.0511 1.0358 0.9142 0.7362 0.5521 0.3783 0.2376 0.1348 0.0664 0.0281 0.0127 0.0134 0.0242 0.0405 0.0589 0.0772 0.0933 0.1068 0.1167 0.1248
2.4863 5.7382 0.8604 3.5503 3.1472 2.2625 2.8907 3.3075 0.7760 4.7114 0.9331 1.4248 4.0476 1.5817 0.1733 2.2019 3.1746 1.6629 0.1860 0.3890 1.5220 2.2008 1.9422 1.1396 0.3878 0.0512 0.1353 0.4572 0.8062 1.0571 1.1431 1.0863 0.9313 0.7310 0.5348 0.3571 0.2176 0.1188 0.0559 0.0229 0.0124 0.0171 0.0311 0.0496 0.0697 0.0890 0.1056 0.1191 0.1288 0.1367
0.1447 4.2248 4.2882 0.7319 5.6477 0.3444 5.1377 1.3017 2.6282 4.2780 0.1747 2.8918 3.9091 0.7054 0.6895 3.0387 3.0714 1.1163 0.0723 0.7869 1.9817 2.3791 1.8346 0.9272 0.2429 0.0423 0.2431 0.6226 0.9720 1.1894 1.2267 1.1246 0.9360 0.7153 0.5096 0.3307 0.1947 0.1018 0.0454 0.0187 0.0135 0.0225 0.0397 0.0605 0.0821 0.1023 0.1191 0.1325 0.1419 0.1494
3.4216 0.6154 6.2697 0.7134 5.2976 0.8780 5.5784 0.1778 4.7410 2.7178 0.4872 4.2804 3.0483 0.1629 1.6455 3.6679 2.6353 0.5791 0.1777 1.3241 2.4119 2.4443 1.6353 0.6887 0.1260 0.0832 0.3959 0.8156 1.1467 1.3166 1.2976 1.1479 0.9269 0.6886 0.4767 0.2995 0.1695 0.0842 0.0357 0.0160 0.0165 0.0300 0.0503 0.0733 0.0963 0.1171 0.1339 0.1471 0.1560 0.1629
6.7664 1.5426 3.5137 4.2853 2.1678 3.9259 3.5315 1.2252 5.6520 0.9115 1.9906 4.9191 1.7353 0.2786 2.8448 3.8821 1.9275 0.1936 0.5440 1.9502 2.7517 2.3730 1.3567 0.4500 0.0586 0.1847 0.5946 1.0308 1.3228 1.4321 1.3513 1.1540 0.9034 0.6514 0.4368 0.2646 0.1430 0.0670 0.0274 0.0154 0.0219 0.0399 0.0633 0.0883 0.1124 0.1336 0.1503 0.1630 0.1712 0.1774
3.1887 6.2314 0.2865 6.8009 0.2240 6.4721 0.8317 4.0279 4.4890 0.1813 4.0682 4.3696 0.5494 1.1825 3.9388 3.5554 1.1084 0.1029 1.1650 2.5816 2.9377 2.1548 1.0231 0.2425 0.0622 0.3544 0.8359 1.2601 1.4916 1.5289 1.3834 1.1406 0.8647 0.6038 0.3909 0.2268 0.1161 0.0511 0.0214 0.0175 0.0302 0.0527 0.0789 0.1056 0.1305 0.1519 0.1681 0.1802 0.1875 0.1929
0.3038 5.9242 2.7023 4.2529 2.6686 5.3952 0.5277 6.3039 1.9797 1.3716 5.5502 2.7862 0.1607 2.6781 4.5294 2.7192 0.4173 0.4092 1.9707 3.1096 2.9159 1.7988 0.6728 0.1018 0.1554 0.5944 1.1122 1.4928 1.6437 1.6001 1.3895 1.1055 0.8103 0.5462 0.3397 0.1874 0.0900 0.0375 0.0186 0.0230 0.0418 0.0686 0.0975 0.1254 0.1507 0.1719 0.1875 0.1987 0.2049 0.2092
5.4874 0.9414 7.2315 0.4743 6.7232 1.7334 3.5356 5.7657 0.2673 3.9834 5.3920 1.0023 0.9729 4.2350 4.3258 1.6015 0.1150 1.1278 2.8264 3.4211 2.6620 1.3440 0.3587 0.0645 0.3507 0.8995 1.4101 1.7149 1.7683 1.6389 1.3664 1.0479 0.7407 0.4801 0.2850 0.1481 0.0662 0.0275 0.0197 0.0325 0.0574 0.0882 0.1192 0.1479 0.1733 0.1939 0.2085 0.2186 0.2234 0.2265
7.1469 2.2045 5.3968 2.2912 6.4564 0.4008 6.8508 2.6906 1.2276 6.1958 3.5187 0.1825 2.8023 5.1637 3.3150 0.5955 0.3953 2.1550 3.5512 3.4256 2.1936 0.8568 0.1408 0.1610 0.6505 1.2559 1.7115 1.9107 1.8545 1.6393 1.3119 0.9681 0.6578 0.4077 0.2290 0.1109 0.0464 0.0222 0.0259 0.0469 0.0774 0.1117 0.1443 0.1732 0.1982 0.2179 0.2312 0.2398 0.2431 0.2448
1.0229 7.8033 0.5564 7.3070 1.9566 3.8656 6.4218 0.3247 4.4433 6.1281 1.1703 1.1005 4.8290 4.9580 1.8542 0.1416 1.2930 3.2699 3.9595 3.0857 1.5777 0.4255 0.0773 0.4090 1.0443 1.6433 2.0002 2.0712 1.8992 1.6005 1.2279 0.8694 0.5650 0.3322 0.1745 0.0780 0.0322 0.0231 0.0380 0.0668 0.1022 0.1393 0.1729 0.2019 0.2258 0.2441 0.2561 0.2630 0.2644 0.2645
3.0998 5.0465 3.1406 6.4948 0.6623 7.6900 2.5160 1.7125 7.0394 3.6276 0.2325 3.4677 5.9221 3.5886 0.5800 0.5468 2.6248 4.1711 3.9097 2.4398 0.9285 0.1465 0.2126 0.8074 1.5064 2.0295 2.2460 2.1730 1.8876 1.5167 1.1134 0.7534 0.4650 0.2566 0.1243 0.0516 0.0255 0.0315 0.0571 0.0929 0.1324 0.1714 0.2053 0.2337 0.2561 0.2724 0.2827 0.2876 0.2869 0.2851
8.6255 0.3632 8.3831 1.1247 5.4589 6.1011 0.3102 5.7862 6.2733 0.8356 1.7791 5.8677 5.3224 1.6933 0.1819 1.8109 4.0035 4.5655 3.3662 1.6137 0.3920 0.1068 0.5659 1.3312 1.9967 2.3775 2.4228 2.2018 1.8145 1.3887 0.9722 0.6249 0.3629 0.1852 0.0819 0.0345 0.0282 0.0486 0.0840 0.1257 0.1681 0.2082 0.2415 0.2687 0.2888 0.3027 0.3110 0.3137 0.3105 0.3067
2.6227 5.8575 4.7381 2.0882 8.3943 1.2972 3.3574 7.8438 2.7170 0.5693 4.9135 6.5855 3.2576 0.3446 1.0351 3.5474 4.9471 4.2768 2.4354 0.8062 0.1166 0.3620 1.1206 1.9311 2.4638 2.6485 2.5077 2.1478 1.6795 1.2213 0.8111 0.4907 0.2643 0.1227 0.0508 0.0291 0.0419 0.0757 0.1194 0.1656 0.2098 0.2498 0.2816 0.3069 0.3242 0.3350 0.3410 0.3411 0.3352 0.3293
2.0443 8.1179 0.3989 8.1440 3.9321 1.2516 7.8507 5.1027 0.2979 3.5215 7.1325 4.9196 1.0131 0.4811 2.9169 5.0856 5.0661 3.3418 1.3667 0.2485 0.2170 0.9180 1.8260 2.5476 2.8649 2.8185 2.4892 2.0103 1.4893 1.0259 0.6408 0.3599 0.1764 0.0743 0.0348 0.0382 0.0687 0.1142 0.1646 0.2137 0.2582 0.2972 0.3266 0.3491 0.3631 0.3707 0.3736 0.3707 0.3618 0.3536
9.1513 1.1369 6.1297 6.6865 0.3633 6.6901 7.1836 0.9368 2.1718 7.0692 6.3871 2.0265 0.2304 2.2653 5.0003 5.7216 4.2335 2.0291 0.4880 0.1402 0.7373 1.7166 2.5867 3.0896 3.1316 2.8470 2.3535 1.7912 1.2522 0.8106 0.4700 0.2402 0.1053 0.0446 0.0372 0.0638 0.1100 0.1649 0.2198 0.2698 0.3130 0.3497 0.3757 0.3945 0.4045 0.4084 0.4079 0.4016 0.3896 0.3788
3.1377 3.8526 8.5225 0.6463 5.1318 8.5468 2.0938 1.1959 6.5994 7.5412 3.1591 0.2566 1.7133 4.8174 6.2088 5.0817 2.7175 0.8013 0.1284 0.5906 1.6243 2.6360 3.2826 3.4704 3.2166 2.7182 2.1047 1.5046 0.9850 0.5914 0.3117 0.1415 0.0583 0.0385 0.0612 0.1083 0.1668 0.2284 0.2852 0.3339 0.3741 0.4071 0.4286 0.4429 0.4484 0.4480 0.4436 0.4337 0.4183 0.4049
2.2146 9.3738 1.4831 3.8223 9.2495 3.2934 0.6576 6.0749 8.3433 4.2199 0.4486 1.3260 4.6754 6.6310 5.8193 3.3850 1.1317 0.1613 0.4949 1.5643 2.7262 3.5134 3.7921 3.6202 3.0946 2.4367 1.7640 1.1762 0.7114 0.3874 0.1804 0.0742 0.0424 0.0606 0.1099 0.1733 0.2406 0.3056 0.3617 0.4070 0.4425 0.4705 0.4863 0.4950 0.4953 0.4902 0.4817 0.4679 0.4488 0.4325
9.7584 2.2213 3.0797 9.6022 4.1685 0.4437 5.7772 8.9361 5.0138 0.6573 1.1298 4.6850 7.0970 6.4936 3.9422 1.4209 0.2063 0.4552 1.5817 2.8703 3.8176 4.1745 4.0130 3.4989 2.7674 2.0275 1.3638 0.8367 0.4567 0.2180 0.0900 0.0476 0.0636 0.1149 0.1857 0.2608 0.3328 0.3980 0.4506 0.4905 0.5198 0.5414 0.5500 0.5516 0.5461 0.5358 0.5228 0.5049 0.4819 0.4623
2.3246 3.0011 9.8605 4.4421 0.4149 5.9170 9.4002 5.3997 0.7305 1.1463 4.9450 7.6256 7.0765 4.3350 1.5814 0.2297 0.4760 1.7097 3.1290 4.1799 4.6282 4.4520 3.8731 3.1009 2.2658 1.5321 0.9424 0.5180 0.2455 0.1021 0.0532 0.0702 0.1273 0.2044 0.2902 0.3709 0.4428 0.5044 0.5503 0.5824 0.6037 0.6173 0.6176 0.6110 0.5990 0.5832 0.5654 0.5431 0.5161 0.4930
3.7538 10.1114 3.9327 0.5815 6.6657 9.7585 5.2185 0.5899 1.4427 5.6030 8.2649 7.4764 4.4679 1.5501 0.2101 0.5894 1.9907 3.5591 4.6737 5.1177 4.9315 4.2557 3.3738 2.4766 1.6562 1.0144 0.5529 0.2603 0.1065 0.0586 0.0819 0.1488 0.2371 0.3305 0.4235 0.5035 0.5700 0.6241 0.6602 0.6819 0.6935 0.6978 0.6885 0.6728 0.6538 0.6321 0.6092 0.5824 0.5511 0.5244
10.0747 2.6096 1.2818 8.1219 9.8242 4.3430 0.3211 2.2323 6.7726 9.0714 7.6155 4.2129 1.2791 0.1747 0.8656 2.5281 4.2213 5.3602 5.7143 5.3968 4.6281 3.6119 2.6042 1.7330 1.0367 0.5533 0.2532 0.1035 0.0653 0.1034 0.1858 0.2894 0.3969 0.4967 0.5891 0.6614 0.7172 0.7594 0.7818 0.7906 0.7908 0.7859 0.7674 0.7430 0.7168 0.6887 0.6594 0.6271 0.5911 0.5606
0.8052 3.2445 9.9758 8.9057 2.6812 0.3345 3.8456 8.4421 9.6990 7.2438 3.4496 0.7882 0.2449 1.4489 3.4072 5.1925 6.2106 6.3834 5.8377 4.8710 3.7449 2.6307 1.6968 0.9918 0.5042 0.2201 0.0931 0.0803 0.1420 0.2479 0.3704 0.4940 0.6066 0.7010 0.7840 0.8415 0.8810 0.9070 0.9124 0.9060 0.8933 0.8786 0.8505 0.8170 0.7831 0.7482 0.7119 0.6739 0.6328 0.5984
7.0856 10.9736 6.2516 0.7973 1.5328 6.5619 10.2028 9.5899 5.9444 2.1679 0.2992 0.7073 2.5722 4.7607 6.4319 7.2011 6.9997 6.1500 4.9368 3.6560 2.4947 1.5376 0.8473 0.4053 0.1662 0.0867 0.1173 0.2163 0.3494 0.4970 0.6363 0.7605 0.8629 0.9403 1.0050 1.0405 1.0585 1.0647 1.0501 1.0265 0.9997 0.9746 0.9364 0.8932 0.8515 0.8094 0.7659 0.7219 0.6756 0.6372
8.7487 2.2240 0.5824 4.9687 9.9300 10.9309 7.8955 3.5980 0.7410 0.3907 2.0421 4.5011 6.6534 7.8766 8.0618 7.3950 6.1342 4.6912 3.2960 2.1211 1.2304 0.6194 0.2670 0.1175 0.1134 0.2062 0.3539 0.5239 0.6909 0.8498 0.9812 1.0872 1.1651 1.2149 1.2544 1.2626 1.2549 1.2381 1.2019 1.1599 1.1179 1.0805 1.0309 0.9778 0.9277 0.8781 0.8268 0.7765 0.7246 0.6819
0.4533 4.6368 10.0511 11.6684 8.8417 4.2833 1.0026 0.3693 2.0293 4.7462 7.2516 8.8077 9.1614 8.4798 7.1614 5.5692 3.9651 2.5906 1.5219 0.7865 0.3489 0.1505 0.1313 0.2324 0.4009 0.6028 0.8083 0.9991 1.1586 1.2966 1.3965 1.4670 1.5071 1.5205 1.5292 1.5057 1.4688 1.4264 1.3674 1.3060 1.2478 1.1962 1.1338 1.0707 1.0118 0.9541 0.8946 0.8377 0.7800 0.7325
11.3653 11.8424 8.2266 3.5603 0.6852 0.6685 2.8820 5.9479 8.6009 10.1110 10.2793 9.4006 7.8360 5.9852 4.2165 2.7178 1.5678 0.7924 0.3455 0.1659 0.1814 0.3239 0.5400 0.7909 1.0342 1.2626 1.4572 1.6166 1.7282 1.8153 1.8626 1.8827 1.8741 1.8441 1.8173 1.7587 1.6899 1.6199 1.5371 1.4555 1.3808 1.3144 1.2390 1.1659 1.0982 1.0323 0.9645 0.9008 0.8371 0.7848
5.1185 1.3834 0.4504 2.2382 5.4804 8.6994 10.8758 11.6178 11.0524 9.5602 7.5745 5.5431 3.7137 2.2400 1.1981 0.5577 0.2527 0.2064 0.3382 0.5802 0.8785 1.1837 1.4766 1.7456 1.9547 2.1260 2.2461 2.3289 2.3591 2.3719 2.3529 2.3138 2.2503 2.1725 2.1076 2.0128 1.9123 1.8154 1.7102 1.6092 1.5181 1.4371 1.3491 1.2664 1.1899 1.1158 1.0396 0.9691 0.8993 0.8421
3.6858 7.3186 10.5573 12.5271 12.9426 11.9922 10.1323 7.8521 5.6134 3.6724 2.1614 1.1237 0.5196 0.2790 0.3148 0.5380 0.8704 1.2545 1.6389 2.0019 2.3269 2.5812 2.7849 2.9475 3.0338 3.0868 3.0912 3.0661 2.9945 2.9207 2.8326 2.7343 2.6157 2.4889 2.3852 2.2572 2.1291 2.0099 1.8876 1.7700 1.6632 1.5686 1.4691 1.3782 1.2926 1.2101 1.1260 1.0487 0.9725 0.9101
13.7666 12.2712 10.0663 7.6324 5.3180 3.3656 1.8997 0.9460 0.4682 0.3719 0.5581 0.9335 1.4133 1.9253 2.4281 2.8887 3.2800 3.6078 3.8518 4.0396 4.1731 4.2159 4.2185 4.2001 4.1193 4.0273 3.9013 3.7606 3.5853 3.4258 3.2742 3.1226 2.9539 2.7823 2.6435 2.4864 2.3344 2.1962 2.0600 1.9279 1.8067 1.6996 1.5894 1.4914 1.3973 1.3066 1.2149 1.1308 1.0484 0.9809
1.2379 0.6499 0.5017 0.7114 1.1822 1.8210 2.5413 3.2540 3.9434 4.5762 5.1357 5.6011 5.9482 6.1733 6.3134 6.3742 6.3513 6.2901 6.1702 6.0427 5.9004 5.6858 5.4661 5.2617 5.0240 4.8021 4.5640 4.3241 4.0623 3.8331 3.6326 3.4403 3.2328 3.0261 2.8598 2.6803 2.5101 2.3578 2.2116 2.0684 1.9354 1.8179 1.6991 1.5955 1.4945 1.3968 1.2980 1.2079 1.1198 1.0478
10.2112 10.6437 10.9711 11.2351 11.4210 11.5210 11.5074 11.3399 11.1452 10.9145 10.6370 10.3428 9.9975 9.6047 9.2082 8.8057 8.3737 7.9707 7.5603 7.1956 6.8582 6.4771 6.1099 5.7810 5.4421 5.1456 4.8514 4.5516 4.2445 3.9868 3.7538 3.5358 3.3127 3.0936 2.9171 2.7246 2.5456 2.3873 2.2334 2.0855 1.9504 1.8309 1.7103 1.6051 1.5060 1.4089 1.3047 1.2125 1.1236 1.0511
