0.2184 0.2177 0.2175 0.1859 0.1751 0.1651 0.1538 0.1451 0.1405 0.1517 0.1128 0.1077 0.1199 0.1203 0.1141 0.1027 0.0832 0.0613 0.0521 0.0599 0.0727 0.0781 0.0705 0.0557 0.0403 0.0291 0.0226 0.0198 0.0189 0.0185 0.0177 0.0165 0.0148 0.0132 0.0115 0.0099 0.0085 0.0073 0.0063 0.0054 0.0046 0.0041 0.0036 0.0032 0.0028 0.0025 0.0022 0.0020 0.0018 0.0016
0.6547 0.6506 0.6503 0.5582 0.5257 0.4948 0.4604 0.4341 0.4209 0.4538 0.3383 0.3231 0.3610 0.3629 0.3438 0.3088 0.2503 0.1844 0.1557 0.1779 0.2162 0.2331 0.2115 0.1680 0.1222 0.0880 0.0681 0.0592 0.0565 0.0550 0.0527 0.0492 0.0444 0.0394 0.0344 0.0297 0.0255 0.0219 0.0188 0.0162 0.0140 0.0122 0.0108 0.0096 0.0085 0.0075 0.0067 0.0060 0.0054 0.0048
1.0898 1.0771 1.0763 0.9313 0.8777 0.8225 0.7644 0.7201 0.6991 0.7526 0.5642 0.5388 0.6067 0.6114 0.5774 0.5174 0.4199 0.3094 0.2581 0.2909 0.3536 0.3845 0.3525 0.2831 0.2075 0.1495 0.1146 0.0984 0.0930 0.0903 0.0867 0.0812 0.0736 0.0656 0.0575 0.0497 0.0427 0.0367 0.0315 0.0272 0.0234 0.0205 0.0181 0.0160 0.0142 0.0126 0.0112 0.0100 0.0089 0.0080
1.5249 1.4964 1.4920 1.3043 1.2333 1.1479 1.0638 1.0023 0.9730 1.0470 0.7904 0.7550 0.8604 0.8697 0.8169 0.7294 0.5934 0.4378 0.3591 0.3959 0.4806 0.5291 0.4932 0.4027 0.2987 0.2156 0.1633 0.1375 0.1280 0.1237 0.1189 0.1120 0.1021 0.0915 0.0806 0.0699 0.0602 0.0519 0.0446 0.0384 0.0331 0.0289 0.0254 0.0225 0.0199 0.0177 0.0157 0.0140 0.0125 0.0112
1.9636 1.9122 1.8966 1.6749 1.5965 1.4715 1.3574 1.2812 1.2399 1.3379 1.0170 0.9726 1.1271 1.1416 1.0633 0.9447 0.7718 0.5719 0.4592 0.4906 0.5932 0.6634 0.6324 0.5280 0.3984 0.2889 0.2159 0.1773 0.1616 0.1547 0.1487 0.1408 0.1294 0.1169 0.1035 0.0903 0.0781 0.0674 0.0580 0.0499 0.0430 0.0375 0.0330 0.0291 0.0257 0.0228 0.0202 0.0180 0.0161 0.0144
2.4102 2.3324 2.2962 2.0386 1.9725 1.7960 1.6448 1.5585 1.4969 1.6281 1.2431 1.1936 1.4126 1.4300 1.3157 1.1618 0.9561 0.7145 0.5610 0.5740 0.6874 0.7832 0.7679 0.6596 0.5091 0.3727 0.2752 0.2195 0.1944 0.1831 0.1756 0.1671 0.1549 0.1411 0.1261 0.1107 0.0963 0.0834 0.0719 0.0619 0.0533 0.0464 0.0407 0.0359 0.0316 0.0280 0.0248 0.0221 0.0197 0.0176
2.8686 2.7640 2.7070 2.3923 2.3650 2.1280 1.9283 1.8365 1.7425 1.9232 1.4670 1.4220 1.7241 1.7357 1.5704 1.3773 1.1464 0.8699 0.6688 0.6473 0.7602 0.8838 0.8962 0.7969 0.6331 0.4704 0.3448 0.2671 0.2280 0.2096 0.1993 0.1903 0.1778 0.1636 0.1476 0.1306 0.1144 0.0996 0.0861 0.0743 0.0640 0.0557 0.0488 0.0430 0.0377 0.0334 0.0295 0.0262 0.0233 0.0208
3.3390 3.2064 3.1530 2.7416 2.7708 2.4805 2.2125 2.1165 1.9781 2.2291 1.6852 1.6648 2.0687 2.0561 1.8200 1.5860 1.3430 1.0439 0.7906 0.7153 0.8112 0.9602 1.0119 0.9372 0.7711 0.5858 0.4295 0.3241 0.2656 0.2358 0.2204 0.2099 0.1973 0.1834 0.1672 0.1495 0.1321 0.1157 0.1005 0.0870 0.0750 0.0653 0.0572 0.0503 0.0441 0.0389 0.0344 0.0304 0.0271 0.0241
3.8115 3.6474 3.6517 3.1137 3.1724 2.8758 2.5037 2.3978 2.2113 2.5491 1.8930 1.9329 2.4509 2.3824 2.0534 1.7807 1.5458 1.2440 0.9379 0.7879 0.8431 1.0087 1.1083 1.0749 0.9215 0.7211 0.5339 0.3961 0.3118 0.2648 0.2404 0.2264 0.2130 0.1996 0.1839 0.1663 0.1483 0.1310 0.1145 0.0996 0.0862 0.0752 0.0658 0.0578 0.0507 0.0446 0.0394 0.0348 0.0309 0.0275
4.2542 4.0731 4.1859 3.5653 3.5346 3.3456 2.8045 2.6781 2.4562 2.8775 2.0864 2.2405 2.8686 2.6984 2.2560 1.9543 1.7553 1.4788 1.1263 0.8809 0.8646 1.0276 1.1764 1.2001 1.0780 0.8755 0.6616 0.4890 0.3728 0.3020 0.2628 0.2414 0.2254 0.2117 0.1968 0.1798 0.1621 0.1445 0.1274 0.1115 0.0970 0.0849 0.0745 0.0655 0.0574 0.0505 0.0445 0.0393 0.0349 0.0309
4.6137 4.4837 4.6868 4.1633 3.8206 3.9210 3.1117 2.9620 2.7314 3.1958 2.2702 2.6045 3.3090 2.9816 2.4157 2.1039 1.9739 1.7583 1.3758 1.0196 0.8951 1.0224 1.2089 1.2993 1.2287 1.0430 0.8137 0.6087 0.4570 0.3555 0.2944 0.2601 0.2375 0.2215 0.2063 0.1898 0.1728 0.1556 0.1385 0.1223 0.1071 0.0942 0.0830 0.0732 0.0643 0.0566 0.0499 0.0440 0.0390 0.0346
4.8907 4.8823 5.0696 4.9124 4.0315 4.5940 3.4114 3.2632 3.0437 3.4684 2.4584 3.0321 3.7408 3.2055 2.5261 2.2314 2.2013 2.0847 1.7013 1.2316 0.9620 1.0067 1.2003 1.3540 1.3522 1.2076 0.9826 0.7558 0.5707 0.4342 0.3443 0.2901 0.2551 0.2326 0.2147 0.1975 0.1806 0.1640 0.1473 0.1312 0.1159 0.1027 0.0911 0.0807 0.0711 0.0628 0.0554 0.0490 0.0434 0.0385
5.2923 5.2241 5.3269 5.6606 4.2484 5.2637 3.6874 3.5946 3.3622 3.6461 2.6672 3.4997 4.1093 3.3447 2.5891 2.3397 2.4254 2.4375 2.0949 1.5320 1.0922 0.9990 1.1477 1.3405 1.4142 1.3357 1.1439 0.9172 0.7104 0.5416 0.4192 0.3387 0.2847 0.2500 0.2251 0.2043 0.1861 0.1693 0.1529 0.1373 0.1223 0.1092 0.0975 0.0869 0.0770 0.0683 0.0605 0.0536 0.0476 0.0423
6.1411 5.4484 5.5550 6.1184 4.6173 5.7307 3.9654 3.9624 3.6257 3.7067 2.9228 3.9493 4.3564 3.4008 2.6302 2.4376 2.6204 2.7680 2.5193 1.9206 1.3181 1.0373 1.0685 1.2465 1.3795 1.3833 1.2576 1.0646 0.8613 0.6745 0.5240 0.4151 0.3367 0.2837 0.2459 0.2168 0.1939 0.1747 0.1573 0.1415 0.1266 0.1137 0.1021 0.0916 0.0816 0.0728 0.0648 0.0576 0.0514 0.0457
7.2061 5.7084 5.7926 6.1275 5.1644 5.8096 4.3068 4.3303 3.7860 3.6929 3.2302 4.2801 4.4477 3.4198 2.6927 2.5273 2.7344 2.9818 2.8829 2.3566 1.6627 1.1817 1.0178 1.0938 1.2309 1.3061 1.2699 1.1488 0.9872 0.8119 0.6514 0.5220 0.4198 0.3448 0.2889 0.2458 0.2131 0.1873 0.1660 0.1479 0.1317 0.1181 0.1061 0.0955 0.0854 0.0764 0.0682 0.0609 0.0545 0.0486
7.4583 6.2589 5.9800 5.9604 5.5878 5.5822 4.7035 4.6471 3.9165 3.7210 3.5323 4.3753 4.4209 3.5005 2.8190 2.5917 2.6967 2.9480 3.0305 2.7323 2.1170 1.5135 1.1143 0.9825 1.0174 1.0981 1.1358 1.1074 1.0259 0.9034 0.7673 0.6408 0.5277 0.4361 0.3619 0.3015 0.2544 0.2175 0.1880 0.1640 0.1438 0.1272 0.1133 0.1015 0.0904 0.0807 0.0721 0.0644 0.0577 0.0515
6.9568 6.5906 6.4230 6.0025 5.5998 5.4833 4.9482 5.0231 4.2709 3.8893 3.7009 4.1792 4.4152 3.7695 3.0171 2.6013 2.4815 2.5811 2.7835 2.8505 2.5836 2.0944 1.5473 1.1473 0.9387 0.8804 0.8909 0.9105 0.9090 0.8674 0.7949 0.7087 0.6151 0.5278 0.4483 0.3772 0.3178 0.2691 0.2291 0.1965 0.1694 0.1472 0.1290 0.1139 0.1003 0.0888 0.0786 0.0699 0.0623 0.0554
7.1197 6.5382 7.2161 6.5123 5.9982 5.7674 4.9214 5.8475 4.9933 4.1360 3.7323 3.7975 4.5463 4.2707 3.2406 2.5766 2.2944 2.1102 2.1396 2.4343 2.7121 2.7428 2.4215 1.9326 1.4438 1.0737 0.8427 0.7272 0.6830 0.6618 0.6414 0.6131 0.5702 0.5211 0.4671 0.4103 0.3574 0.3098 0.2679 0.2318 0.2004 0.1738 0.1515 0.1327 0.1158 0.1016 0.0893 0.0787 0.0697 0.0616
7.9453 7.4800 8.1169 7.0049 6.6840 6.5834 5.7457 5.6700 5.2219 4.5459 4.8180 3.8971 3.6659 3.8885 3.2699 2.6727 2.8066 2.9780 2.6224 2.0163 1.6462 1.7246 2.0455 2.3583 2.4745 2.3709 2.0958 1.7506 1.4145 1.1133 0.8699 0.6885 0.5526 0.4557 0.3842 0.3282 0.2851 0.2507 0.2224 0.1984 0.1772 0.1585 0.1421 0.1276 0.1138 0.1017 0.0907 0.0809 0.0723 0.0644
9.2609 7.8775 8.1120 7.9747 6.7448 7.2509 5.8959 6.2681 5.2986 5.0459 5.0531 4.0417 4.0514 4.1199 3.3570 2.8729 3.0823 3.1645 2.7039 2.0850 1.7666 1.8941 2.2265 2.5210 2.6084 2.4804 2.1881 1.8313 1.4872 1.1786 0.9275 0.7386 0.5956 0.4926 0.4156 0.3549 0.3079 0.2702 0.2391 0.2130 0.1901 0.1700 0.1524 0.1366 0.1217 0.1087 0.0969 0.0865 0.0774 0.0689
9.9899 9.0051 8.0154 8.6656 7.1610 7.6111 6.2906 6.7085 5.4388 5.5907 5.1891 4.2597 4.4569 4.2952 3.4499 3.1135 3.3626 3.3273 2.7708 2.1601 1.9029 2.0760 2.4109 2.6798 2.7351 2.5824 2.2745 1.9083 1.5582 1.2439 0.9860 0.7903 0.6404 0.5312 0.4488 0.3834 0.3322 0.2910 0.2569 0.2285 0.2038 0.1822 0.1631 0.1460 0.1300 0.1159 0.1034 0.0923 0.0826 0.0736
9.7256 10.0716 8.5066 8.7907 7.9982 7.6540 6.9592 6.9166 5.7456 6.0884 5.2599 4.5764 4.8445 4.4144 3.5696 3.3935 3.6351 3.4621 2.8275 2.2467 2.0568 2.2686 2.5961 2.8325 2.8534 2.6766 2.3551 1.9816 1.6276 1.3090 1.0454 0.8435 0.6869 0.5718 0.4839 0.4136 0.3580 0.3131 0.2758 0.2449 0.2184 0.1950 0.1745 0.1559 0.1386 0.1235 0.1102 0.0984 0.0880 0.0785
9.6980 10.2373 9.6153 8.6636 8.9132 7.6477 7.7317 6.9555 6.2523 6.4503 5.3360 4.9885 5.1740 4.4933 3.7360 3.7050 3.8865 3.5678 2.8808 2.3500 2.2285 2.4692 2.7790 2.9773 2.9624 2.7628 2.4299 2.0514 1.6953 1.3739 1.1057 0.8981 0.7353 0.6143 0.5209 0.4456 0.3855 0.3366 0.2959 0.2624 0.2338 0.2087 0.1865 0.1664 0.1477 0.1315 0.1173 0.1047 0.0937 0.0836
10.8321 9.9626 10.5072 8.9308 9.4127 7.9329 8.3151 7.0047 6.8718 6.6356 5.4956 5.4557 5.4171 4.5602 3.9600 4.0318 4.1059 3.6494 2.9399 2.4750 2.4177 2.6755 2.9574 3.1134 3.0626 2.8416 2.4992 2.1182 1.7618 1.4390 1.1674 0.9549 0.7861 0.6592 0.5600 0.4796 0.4149 0.3620 0.3177 0.2813 0.2503 0.2231 0.1991 0.1774 0.1574 0.1401 0.1250 0.1115 0.0997 0.0890
11.9409 10.4416 10.5914 9.7935 9.4115 8.6089 8.5442 7.2601 7.4430 6.6945 5.7916 5.9129 5.5715 4.6525 4.2418 4.3537 4.2867 3.7148 3.0140 2.6243 2.6220 2.8839 3.1293 3.2403 3.1545 2.9138 2.5638 2.1824 1.8273 1.5043 1.2306 1.0141 0.8397 0.7065 0.6011 0.5155 0.4463 0.3894 0.3413 0.3017 0.2678 0.2383 0.2124 0.1890 0.1678 0.1495 0.1334 0.1189 0.1063 0.0949
11.8907 11.5946 10.4547 10.6859 9.3858 9.3990 8.5521 7.7833 7.8316 6.7541 6.2209 6.2963 5.6667 4.8054 4.5706 4.6513 4.4290 3.7750 3.1102 2.7977 2.8373 3.0904 3.2924 3.3575 3.2383 2.9803 2.6249 2.2446 1.8918 1.5697 1.2945 1.0746 0.8949 0.7555 0.6440 0.5532 0.4794 0.4186 0.3665 0.3234 0.2866 0.2545 0.2264 0.2013 0.1789 0.1596 0.1422 0.1267 0.1132 0.1010
11.8491 12.1973 10.9640 11.0202 9.8041 9.9070 8.6498 8.4233 8.0155 6.9362 6.7146 6.5728 5.7546 5.0358 4.9219 4.9103 4.5412 3.8431 3.2340 2.9932 3.0593 3.2921 3.4463 3.4660 3.3157 3.0428 2.6836 2.3054 1.9557 1.6350 1.3590 1.1362 0.9516 0.8063 0.6887 0.5927 0.5144 0.4495 0.3933 0.3466 0.3065 0.2717 0.2414 0.2144 0.1907 0.1702 0.1516 0.1350 0.1205 0.1075
12.7628 12.1727 11.8848 11.0383 10.5601 10.0735 9.0391 8.9559 8.1129 7.2852 7.1790 6.7584 5.8882 5.3374 5.2682 5.1273 4.6381 3.9313 3.3877 3.2071 3.2844 3.4877 3.5919 3.5676 3.3886 3.1027 2.7410 2.3654 2.0191 1.7003 1.4240 1.1987 1.0096 0.8584 0.7349 0.6340 0.5511 0.4822 0.4217 0.3712 0.3278 0.2900 0.2573 0.2283 0.2032 0.1815 0.1616 0.1438 0.1283 0.1144
13.4009 12.4082 12.3354 11.2664 11.1126 10.1524 9.5790 9.2524 8.2558 7.7210 7.5279 6.8868 6.0818 5.6783 5.5868 5.3095 4.7371 4.0502 3.5740 3.4413 3.5171 3.6835 3.7349 3.6659 3.4590 3.1624 2.8012 2.4296 2.0875 1.7699 1.4921 1.2643 1.0709 0.9148 0.7859 0.6792 0.5913 0.5180 0.4539 0.3998 0.3528 0.3114 0.2758 0.2446 0.2175 0.1943 0.1731 0.1540 0.1374 0.1225
13.5617 13.0094 12.5004 11.7952 11.3991 10.4423 10.0849 9.4499 8.5397 8.1675 7.7949 7.0394 6.3485 6.0334 5.8738 5.4744 4.8526 4.2008 3.7851 3.6858 3.7495 3.8752 3.8743 3.7626 3.5290 3.2225 2.8619 2.4940 2.1560 1.8393 1.5604 1.3304 1.1331 0.9725 0.8384 0.7260 0.6332 0.5555 0.4880 0.4302 0.3794 0.3342 0.2955 0.2619 0.2328 0.2079 0.1854 0.1650 0.1472 0.1311
13.8600 13.4899 12.7959 12.2893 11.6648 10.8608 10.4903 9.6859 8.9134 8.5737 8.0332 7.2450 6.6633 6.3838 6.1388 5.6394 4.9925 4.3812 4.0161 3.9382 3.9825 4.0656 4.0132 3.8598 3.6003 3.2836 2.9232 2.5587 2.2242 1.9082 1.6284 1.3967 1.1959 1.0311 0.8922 0.7743 0.6766 0.5947 0.5239 0.4624 0.4076 0.3584 0.3165 0.2803 0.2491 0.2224 0.1985 0.1767 0.1576 0.1403
14.1173 14.0290 13.0936 12.8059 11.9585 11.3015 10.8879 9.9690 9.3154 8.9636 8.2824 7.4936 7.0038 6.7316 6.3986 5.8157 5.1573 4.5870 4.2646 4.1996 4.2194 4.2583 4.1543 3.9597 3.6740 3.3466 2.9855 2.6236 2.2921 1.9763 1.6961 1.4631 1.2591 1.0905 0.9472 0.8240 0.7216 0.6356 0.5615 0.4963 0.4375 0.3842 0.3388 0.3000 0.2665 0.2379 0.2126 0.1893 0.1688 0.1502
14.8265 14.2527 13.5594 13.2977 12.1826 11.8630 11.2503 10.2413 9.7697 9.3666 8.5369 7.7735 7.3742 7.1007 6.6756 6.0147 5.3542 4.8264 4.5421 4.4836 4.4735 4.4634 4.3084 4.0756 3.7669 3.4264 3.0587 2.6945 2.3639 2.0495 1.7694 1.5349 1.3283 1.1564 1.0091 0.8811 0.7733 0.6819 0.6025 0.5332 0.4713 0.4152 0.3670 0.3249 0.2884 0.2574 0.2296 0.2044 0.1822 0.1622
15.6343 14.2459 14.4647 13.3857 12.6588 12.5062 11.4472 10.6001 10.3310 9.7376 8.7637 8.0941 7.7955 7.4887 6.9522 6.2182 5.5693 5.0910 4.8428 4.7845 4.7379 4.6745 4.4663 4.1942 3.8614 3.5069 3.1319 2.7652 2.4355 2.1228 1.8429 1.6071 1.3982 1.2236 1.0726 0.9400 0.8270 0.7301 0.6454 0.5720 0.5069 0.4483 0.3971 0.3515 0.3120 0.2782 0.2480 0.2207 0.1967 0.1750
15.2069 15.2851 14.8005 13.4871 13.5873 12.8196 11.5975 11.2213 10.9065 9.9857 8.9914 8.5093 8.2794 7.8760 7.2093 6.4201 5.8072 5.3884 5.1725 5.1047 5.0124 4.8896 4.6253 4.3130 3.9557 3.5868 3.2043 2.8354 2.5071 2.1966 1.9167 1.6797 1.4690 1.2920 1.1379 1.0009 0.8826 0.7802 0.6901 0.6126 0.5445 0.4834 0.4292 0.3799 0.3371 0.3005 0.2676 0.2380 0.2122 0.1888
15.9404 16.2613 14.5041 14.5447 14.2554 12.7825 12.1597 12.0503 11.2941 10.1458 9.3553 9.0794 8.8096 8.2321 7.4408 6.6405 6.0938 5.7387 5.5427 5.4494 5.2993 5.1111 4.7883 4.4349 4.0523 3.6695 3.2805 2.9106 2.5843 2.2761 1.9960 1.7578 1.5453 1.3659 1.2085 1.0671 0.9436 0.8355 0.7399 0.6581 0.5863 0.5218 0.4642 0.4112 0.3649 0.3253 0.2897 0.2577 0.2298 0.2044
17.7112 15.7409 15.5180 15.7220 14.1432 13.1929 13.2368 12.6807 11.4383 10.4388 9.9854 9.7776 9.3202 8.5289 7.6640 6.9180 6.4604 6.1582 5.9576 5.8174 5.5965 5.3392 4.9569 4.5625 4.1555 3.7606 3.3667 2.9975 2.6736 2.3669 2.0864 1.8472 1.6320 1.4499 1.2888 1.1425 1.0136 0.9000 0.7987 0.7117 0.6351 0.5652 0.5029 0.4463 0.3965 0.3538 0.3156 0.2809 0.2505 0.2228
16.9606 16.5274 17.1361 15.5483 14.3036 14.4335 14.0973 12.7915 11.5917 11.0628 10.8041 10.4200 9.6893 8.7460 7.9045 7.2690 6.9032 6.6272 6.3915 6.1830 5.8815 5.5534 5.1148 4.6840 4.2575 3.8538 3.4570 3.0888 2.7674 2.4621 2.1814 1.9411 1.7233 1.5382 1.3736 1.2223 1.0878 0.9684 0.8613 0.7688 0.6873 0.6115 0.5444 0.4840 0.4304 0.3844 0.3435 0.3060 0.2729 0.2428
17.6232 18.5143 16.8537 15.4797 15.7051 15.5071 14.1576 12.7928 12.1888 12.0010 11.5757 10.8479 9.9073 8.9513 8.2278 7.7230 7.4194 7.1264 6.8221 6.5283 6.1424 5.7476 5.2597 4.7994 4.3601 3.9517 3.5539 3.1872 2.8681 2.5637 2.2826 2.0411 1.8202 1.6322 1.4637 1.3072 1.1668 1.0414 0.9280 0.8299 0.7430 0.6609 0.5887 0.5244 0.4668 0.4174 0.3737 0.3332 0.2971 0.2645
20.0135 18.0714 16.7931 17.2355 17.0255 15.5497 14.1001 13.4712 13.3170 12.9601 12.1090 11.0927 10.1150 9.2931 8.7280 8.3186 8.0177 7.6595 7.2622 6.8743 6.4058 5.9515 5.4243 4.9432 4.4936 4.0821 3.6840 3.3188 3.0007 2.6946 2.4120 2.1680 1.9425 1.7485 1.5730 1.4087 1.2622 1.1316 1.0123 0.9076 0.8138 0.7256 0.6478 0.5781 0.5149 0.4607 0.4134 0.3691 0.3295 0.2935
18.9978 18.2277 18.9422 18.5239 16.8316 15.4191 14.9094 14.7680 14.3645 13.4947 12.3227 11.2814 10.4562 9.8236 9.3745 8.9837 8.6196 8.1588 7.6582 7.1824 6.6456 6.1467 5.5929 5.1000 4.6452 4.2330 3.8353 3.4714 3.1535 2.8440 2.5585 2.3109 2.0796 1.8780 1.6940 1.5206 1.3676 1.2316 1.1062 0.9945 0.8927 0.7982 0.7144 0.6387 0.5690 0.5094 0.4582 0.4097 0.3662 0.3264
19.9773 20.7244 19.7768 17.9479 16.7801 16.5151 16.3836 15.8001 14.7881 13.6110 12.4879 11.6615 11.0411 10.5295 10.0931 9.6363 9.1622 8.5865 7.9935 7.4499 6.8665 6.3402 5.7723 5.2757 4.8193 4.4079 4.0103 3.6469 3.3276 3.0127 2.7226 2.4698 2.2314 2.0207 1.8267 1.6429 1.4827 1.3412 1.2093 1.0898 0.9794 0.8781 0.7877 0.7056 0.6288 0.5632 0.5078 0.4547 0.4068 0.3628
22.2959 20.6110 18.9886 18.4023 18.3718 18.1047 17.2485 16.0018 14.7716 13.7481 12.9115 12.3232 11.8153 11.2985 10.7755 10.1950 9.6078 8.9361 8.2736 7.6897 7.0836 6.5480 5.9772 5.4830 5.0290 4.6186 4.2190 3.8564 3.5362 3.2165 2.9196 2.6596 2.4119 2.1914 1.9870 1.7924 1.6228 1.4728 1.3329 1.2047 1.0846 0.9740 0.8757 0.7869 0.7035 0.6317 0.5701 0.5113 0.4583 0.4095
21.1667 20.4030 20.4677 20.4176 19.7270 18.5291 17.1684 15.9446 15.0233 14.3236 13.6787 13.1527 12.6017 11.9799 11.3273 10.6203 9.9543 9.2258 8.5224 7.9247 7.3162 6.7859 6.2199 5.7315 5.2809 4.8700 4.4651 4.1034 3.7828 3.4589 3.1529 2.8833 2.6242 2.3931 2.1782 1.9724 1.7909 1.6291 1.4800 1.3417 1.2108 1.0883 0.9805 0.8849 0.7956 0.7175 0.6472 0.5814 0.5225 0.4680
22.7381 22.7717 22.1313 20.9118 19.5165 18.2944 17.3203 16.5341 15.8935 15.2733 14.5536 13.8990 13.2101 12.4699 11.7191 10.9354 10.2408 9.4971 8.7804 8.1882 7.5891 7.0713 6.5116 6.0279 5.5773 5.1620 4.7479 4.3852 4.0627 3.7326 3.4152 3.1340 2.8615 2.6183 2.3914 2.1734 1.9787 1.8037 1.6445 1.4952 1.3524 1.2163 1.0980 0.9953 0.8998 0.8150 0.7348 0.6612 0.5957 0.5350
24.4106 23.0465 21.7110 20.5989 19.7387 19.0597 18.4065 17.6777 16.9133 16.0864 15.1577 14.3478 13.5624 12.7622 11.9798 11.1808 10.4984 9.7664 9.0537 8.4759 7.8895 7.3851 6.8309 6.3502 5.8959 5.4731 5.0469 4.6793 4.3526 4.0164 3.6890 3.3974 3.1123 2.8578 2.6197 2.3904 2.1829 1.9948 1.8236 1.6631 1.5094 1.3619 1.2337 1.1228 1.0196 0.9269 0.8366 0.7545 0.6818 0.6141
24.1533 23.3184 22.6390 21.9790 21.2677 20.4659 19.5435 18.5115 17.4744 16.4392 15.3951 14.5405 13.7599 12.9448 12.1682 11.3858 10.7227 10.0066 9.3085 8.7452 8.1681 7.6738 7.1250 6.6487 6.1903 5.7600 5.3220 4.9421 4.6086 4.2691 3.9398 3.6454 3.3536 3.0927 2.8478 2.6118 2.3955 2.1974 2.0099 1.8394 1.6800 1.5305 1.3967 1.2752 1.1601 1.0571 0.9591 0.8686 0.7877 0.7121
26.3378 25.4512 24.4518 23.3697 22.2623 21.1336 19.9766 18.7994 17.6738 16.5945 15.5657 14.7596 14.0422 13.2340 12.4649 11.6889 11.0338 10.3215 9.6280 9.0688 8.4917 8.0005 7.4524 6.9772 6.5119 6.0714 5.6191 5.2245 4.8830 4.5403 4.2095 3.9129 3.6147 3.3477 3.0962 2.8540 2.6290 2.4204 2.2151 2.0340 1.8696 1.7199 1.5811 1.4480 1.3196 1.2052 1.0991 0.9996 0.9099 0.8256
27.4008 26.1487 24.9033 23.6898 22.5430 21.4099 20.2677 19.1174 17.9967 16.9140 15.9083 15.1408 14.4649 13.6360 12.8463 12.0505 11.3857 10.6633 9.9636 9.3988 8.8143 8.3212 7.7704 7.2945 6.8227 6.3727 5.9070 5.4971 5.1476 4.8021 4.4700 4.1718 3.8686 3.5970 3.3404 3.0930 2.8602 2.6419 2.4190 2.2281 2.0599 1.9114 1.7688 1.6244 1.4825 1.3570 1.2435 1.1352 1.0369 0.9439
27.1551 25.9966 24.8502 23.6998 22.5743 21.4585 20.3385 19.2372 18.1404 17.0661 16.0433 15.2585 14.5632 13.7200 12.9137 12.0994 11.4390 10.7166 10.0068 9.4274 8.8296 8.3296 7.7708 7.2890 6.8289 6.3890 5.9319 5.5163 5.1612 4.8097 4.4705 4.1684 3.8674 3.6003 3.3473 3.0986 2.8639 2.6438 2.4219 2.2319 2.0641 1.9118 1.7664 1.6211 1.4799 1.3556 1.2442 1.1364 1.0380 0.9447
