0.2187 0.2177 0.2164 0.1855 0.1757 0.1648 0.1531 0.1450 0.1395 0.1516 0.1135 0.1070 0.1201 0.1218 0.1159 0.1042 0.0843 0.0619 0.0518 0.0589 0.0717 0.0776 0.0706 0.0562 0.0409 0.0295 0.0227 0.0197 0.0188 0.0183 0.0176 0.0164 0.0149 0.0132 0.0115 0.0099 0.0085 0.0073 0.0063 0.0054 0.0047 0.0041 0.0036 0.0032 0.0028 0.0025 0.0022 0.0020 0.0018 0.0016
0.6555 0.6506 0.6471 0.5568 0.5275 0.4939 0.4586 0.4340 0.4178 0.4535 0.3405 0.3211 0.3618 0.3674 0.3490 0.3134 0.2538 0.1862 0.1550 0.1751 0.2131 0.2315 0.2118 0.1695 0.1239 0.0892 0.0686 0.0591 0.0561 0.0546 0.0524 0.0491 0.0444 0.0395 0.0346 0.0298 0.0256 0.0220 0.0189 0.0163 0.0140 0.0123 0.0108 0.0096 0.0085 0.0076 0.0067 0.0060 0.0054 0.0048
1.0913 1.0773 1.0713 0.9289 0.8810 0.8212 0.7615 0.7201 0.6939 0.7524 0.5678 0.5354 0.6081 0.6190 0.5862 0.5249 0.4257 0.3125 0.2572 0.2864 0.3483 0.3815 0.3529 0.2856 0.2104 0.1516 0.1155 0.0983 0.0924 0.0897 0.0862 0.0810 0.0736 0.0658 0.0577 0.0499 0.0430 0.0369 0.0317 0.0273 0.0235 0.0206 0.0181 0.0160 0.0142 0.0126 0.0112 0.0100 0.0089 0.0080
1.5275 1.4975 1.4856 1.3010 1.2388 1.1462 1.0601 1.0025 0.9657 1.0472 0.7956 0.7502 0.8627 0.8808 0.8292 0.7397 0.6015 0.4426 0.3582 0.3898 0.4732 0.5246 0.4933 0.4060 0.3028 0.2188 0.1648 0.1376 0.1273 0.1228 0.1182 0.1116 0.1020 0.0917 0.0808 0.0702 0.0606 0.0522 0.0448 0.0386 0.0332 0.0290 0.0255 0.0226 0.0199 0.0177 0.0157 0.0140 0.0125 0.0112
1.9678 1.9149 1.8899 1.6704 1.6049 1.4698 1.3534 1.2817 1.2306 1.3388 1.0238 0.9663 1.1304 1.1563 1.0791 0.9576 0.7823 0.5785 0.4590 0.4833 0.5836 0.6570 0.6319 0.5319 0.4038 0.2933 0.2183 0.1778 0.1609 0.1536 0.1478 0.1402 0.1292 0.1170 0.1038 0.0907 0.0785 0.0678 0.0583 0.0502 0.0432 0.0377 0.0331 0.0292 0.0257 0.0228 0.0203 0.0180 0.0161 0.0144
2.4172 2.3376 2.2905 2.0327 1.9850 1.7946 1.6415 1.5596 1.4857 1.6305 1.2516 1.1859 1.4175 1.4485 1.3346 1.1769 0.9687 0.7234 0.5621 0.5661 0.6756 0.7746 0.7662 0.6638 0.5158 0.3786 0.2788 0.2207 0.1939 0.1820 0.1744 0.1663 0.1545 0.1411 0.1263 0.1111 0.0967 0.0838 0.0723 0.0623 0.0536 0.0466 0.0409 0.0360 0.0317 0.0281 0.0249 0.0221 0.0197 0.0176
2.8801 2.7726 2.7042 2.3848 2.3829 2.1273 1.9266 1.8384 1.7296 1.9276 1.4772 1.4128 1.7309 1.7581 1.5919 1.3941 1.1610 0.8817 0.6724 0.6399 0.7468 0.8726 0.8927 0.8009 0.6408 0.4780 0.3500 0.2694 0.2281 0.2086 0.1980 0.1892 0.1771 0.1634 0.1477 0.1310 0.1149 0.1001 0.0866 0.0747 0.0643 0.0560 0.0490 0.0431 0.0379 0.0334 0.0296 0.0262 0.0234 0.0208
3.3572 3.2192 3.1556 2.7324 2.7950 2.4813 2.2137 2.1193 1.9642 2.2363 1.6968 1.6541 2.0777 2.0822 1.8435 1.6036 1.3594 1.0591 0.7979 0.7098 0.7967 0.9464 1.0061 0.9403 0.7795 0.5951 0.4366 0.3280 0.2667 0.2352 0.2191 0.2086 0.1964 0.1829 0.1671 0.1497 0.1325 0.1162 0.1010 0.0874 0.0754 0.0656 0.0575 0.0505 0.0443 0.0390 0.0345 0.0305 0.0271 0.0241
3.8381 3.6655 3.6616 3.1034 3.2029 2.8798 2.5085 2.4016 2.1971 2.5596 1.9055 1.9207 2.4624 2.4116 2.0776 1.7983 1.5638 1.2633 0.9506 0.7861 0.8290 0.9924 1.0993 1.0761 0.9299 0.7319 0.5431 0.4021 0.3145 0.2652 0.2395 0.2250 0.2119 0.1988 0.1836 0.1663 0.1485 0.1314 0.1149 0.1000 0.0866 0.0755 0.0661 0.0581 0.0509 0.0448 0.0395 0.0349 0.0310 0.0275
4.2875 4.0980 4.2037 3.5552 3.5689 3.3551 2.8127 2.6828 2.4425 2.8909 2.0988 2.2266 2.8823 2.7293 2.2797 1.9711 1.7745 1.5027 1.1459 0.8852 0.8529 1.0096 1.1638 1.1981 1.0852 0.8870 0.6728 0.4973 0.3776 0.3038 0.2626 0.2404 0.2241 0.2107 0.1961 0.1794 0.1620 0.1447 0.1277 0.1119 0.0973 0.0852 0.0748 0.0658 0.0576 0.0507 0.0447 0.0394 0.0349 0.0310
4.6449 4.5163 4.7109 4.1555 3.8536 3.9384 3.1209 2.9681 2.7187 3.2106 2.2809 2.5887 3.3238 3.0126 2.4375 2.1194 1.9940 1.7869 1.4036 1.0324 0.8882 1.0043 1.1924 1.2927 1.2328 1.0539 0.8262 0.6193 0.4643 0.3594 0.2957 0.2598 0.2365 0.2203 0.2053 0.1892 0.1724 0.1555 0.1385 0.1224 0.1073 0.0944 0.0832 0.0734 0.0645 0.0568 0.0500 0.0442 0.0391 0.0347
4.9060 4.9193 5.0969 4.9075 4.0562 4.6205 3.4175 3.2714 3.0314 3.4816 2.4658 3.0136 3.7547 3.2344 2.5452 2.2455 2.2218 2.1169 1.7371 1.2549 0.9632 0.9908 1.1806 1.3415 1.3509 1.2153 0.9947 0.7680 0.5804 0.4406 0.3477 0.2912 0.2549 0.2318 0.2137 0.1965 0.1799 0.1635 0.1470 0.1311 0.1159 0.1028 0.0912 0.0808 0.0712 0.0629 0.0556 0.0491 0.0435 0.0386
5.2818 5.2541 5.3549 5.6553 4.2584 5.2959 3.6852 3.6054 3.3480 3.6541 2.6696 3.4767 4.1195 3.3700 2.6060 2.3531 2.4456 2.4709 2.1366 1.5660 1.1043 0.9889 1.1268 1.3218 1.4052 1.3372 1.1526 0.9288 0.7215 0.5504 0.4251 0.3419 0.2860 0.2502 0.2246 0.2035 0.1853 0.1686 0.1524 0.1369 0.1220 0.1091 0.0974 0.0869 0.0770 0.0684 0.0606 0.0537 0.0477 0.0423
6.1072 5.4560 5.5808 6.1060 4.6093 5.7601 3.9524 3.9747 3.6075 3.7068 2.9191 3.9193 4.3598 3.4228 2.6470 2.4518 2.6385 2.7974 2.5610 1.9624 1.3426 1.0375 1.0507 1.2233 1.3616 1.3755 1.2592 1.0723 0.8716 0.6845 0.5321 0.4209 0.3404 0.2857 0.2468 0.2169 0.1936 0.1742 0.1568 0.1410 0.1262 0.1134 0.1019 0.0915 0.0815 0.0727 0.0647 0.0576 0.0514 0.0457
7.1549 5.6901 5.8105 6.1058 5.1381 5.8264 4.2846 4.3406 3.7658 3.6864 3.2201 4.2398 4.4430 3.4420 2.7133 2.5434 2.7480 2.9999 2.9145 2.3982 1.6981 1.1969 1.0105 1.0723 1.2069 1.2879 1.2610 1.1484 0.9927 0.8203 0.6602 0.5298 0.4259 0.3493 0.2919 0.2476 0.2141 0.1878 0.1661 0.1478 0.1315 0.1178 0.1059 0.0953 0.0852 0.0763 0.0681 0.0609 0.0545 0.0486
7.3959 6.2271 5.9925 5.9382 5.5479 5.5871 4.6758 4.6526 3.9082 3.7144 3.5163 4.3228 4.4104 3.5306 2.8482 2.6097 2.7032 2.9480 3.0397 2.7603 2.1561 1.5463 1.1276 0.9754 0.9974 1.0750 1.1169 1.0961 1.0222 0.9056 0.7729 0.6479 0.5349 0.4424 0.3671 0.3055 0.2574 0.2196 0.1894 0.1649 0.1444 0.1275 0.1135 0.1015 0.0904 0.0807 0.0720 0.0644 0.0576 0.0514
6.9152 6.5542 6.4646 5.9858 5.5744 5.4909 4.9178 5.0325 4.3001 3.8889 3.6821 4.1182 4.4059 3.8183 3.0593 2.6197 2.4819 2.5651 2.7641 2.8492 2.6098 2.1379 1.5882 1.1717 0.9431 0.8697 0.8733 0.8929 0.8955 0.8596 0.7923 0.7101 0.6189 0.5327 0.4535 0.3820 0.3220 0.2725 0.2319 0.1987 0.1710 0.1484 0.1299 0.1145 0.1007 0.0891 0.0789 0.0700 0.0624 0.0555
7.1042 6.5451 7.3019 6.5034 6.0538 5.7818 4.8992 5.8779 5.0726 4.1379 3.7270 3.7466 4.5396 4.3411 3.2983 2.5915 2.2945 2.1011 2.1131 2.4018 2.6989 2.7630 2.4687 1.9887 1.4917 1.1046 0.8559 0.7269 0.6751 0.6513 0.6316 0.6055 0.5653 0.5186 0.4665 0.4110 0.3588 0.3116 0.2698 0.2335 0.2020 0.1752 0.1526 0.1336 0.1166 0.1022 0.0898 0.0791 0.0700 0.0618
7.9010 7.5123 8.1288 6.9623 6.7252 6.5439 5.7811 5.6316 5.2570 4.5202 4.8144 3.9254 3.6343 3.8754 3.3016 2.6728 2.7641 2.9530 2.6414 2.0468 1.6459 1.6823 1.9811 2.2996 2.4405 2.3663 2.1149 1.7835 1.4520 1.1487 0.8995 0.7114 0.5690 0.4669 0.3913 0.3324 0.2874 0.2518 0.2227 0.1983 0.1769 0.1582 0.1418 0.1273 0.1136 0.1015 0.0905 0.0808 0.0723 0.0644
9.2023 7.8549 8.1492 7.9265 6.7647 7.2269 5.9098 6.2369 5.3295 5.0068 5.0629 4.0579 4.0120 4.1162 3.3873 2.8617 3.0364 3.1449 2.7267 2.1126 1.7596 1.8457 2.1587 2.4610 2.5740 2.4753 2.2065 1.8634 1.5242 1.2138 0.9572 0.7619 0.6126 0.5043 0.4233 0.3597 0.3106 0.2716 0.2397 0.2131 0.1900 0.1697 0.1521 0.1364 0.1215 0.1085 0.0968 0.0864 0.0773 0.0689
9.9778 8.9395 8.0360 8.6445 7.1408 7.6140 6.2727 6.6955 5.4536 5.5471 5.2098 4.2593 4.4144 4.3014 3.4752 3.0906 3.3155 3.3142 2.7965 2.1835 1.8885 2.0216 2.3402 2.6191 2.7007 2.5770 2.2921 1.9394 1.5944 1.2785 1.0156 0.8138 0.6578 0.5436 0.4571 0.3886 0.3353 0.2927 0.2577 0.2288 0.2038 0.1820 0.1629 0.1458 0.1298 0.1158 0.1033 0.0922 0.0825 0.0736
9.7536 10.0205 8.4749 8.8050 7.9430 7.6769 6.9129 6.9247 5.7357 6.0509 5.2855 4.5574 4.8046 4.4295 3.5864 3.3597 3.5894 3.4562 2.8551 2.2647 2.0345 2.2085 2.5231 2.7718 2.8193 2.6710 2.3719 2.0117 1.6627 1.3429 1.0748 0.8670 0.7047 0.5846 0.4927 0.4193 0.3616 0.3152 0.2770 0.2455 0.2185 0.1950 0.1744 0.1558 0.1384 0.1234 0.1101 0.0983 0.0879 0.0784
9.6905 10.2380 9.5430 8.6847 8.8527 7.6669 7.6747 6.9765 6.2166 6.4279 5.3578 4.9525 5.1425 4.5144 3.7412 3.6620 3.8448 3.5694 2.9088 2.3613 2.1982 2.4040 2.7046 2.9173 2.9292 2.7573 2.4460 2.0804 1.7293 1.4070 1.1345 0.9215 0.7532 0.6274 0.5302 0.4518 0.3896 0.3391 0.2974 0.2632 0.2342 0.2088 0.1865 0.1663 0.1475 0.1314 0.1172 0.1046 0.0936 0.0835
10.7540 9.9788 10.4486 8.9167 9.3805 7.9225 8.2711 7.0215 6.8190 6.6323 5.5045 5.4081 5.3983 4.5833 3.9516 3.9826 4.0709 3.6581 2.9668 2.4787 2.3796 2.6061 2.8827 3.0548 3.0307 2.8364 2.5146 2.1459 1.7944 1.4710 1.1955 0.9780 0.8041 0.6725 0.5696 0.4862 0.4194 0.3649 0.3195 0.2823 0.2508 0.2234 0.1992 0.1774 0.1573 0.1400 0.1249 0.1115 0.0997 0.0890
11.8641 10.4064 10.5835 9.7317 9.4160 8.5606 8.5293 7.2551 7.3891 6.7070 5.7812 5.8622 5.5673 4.6725 4.2194 4.3022 4.2607 3.7301 3.0381 2.6197 2.5766 2.8115 3.0552 3.1840 3.1244 2.9093 2.5787 2.2089 1.8584 1.5351 1.2578 1.0368 0.8575 0.7199 0.6110 0.5224 0.4511 0.3926 0.3434 0.3030 0.2686 0.2387 0.2126 0.1891 0.1678 0.1495 0.1333 0.1189 0.1062 0.0948
11.8853 11.5102 10.4689 10.6131 9.3997 9.3324 8.5630 7.7487 7.7937 6.7722 6.1898 6.2523 5.6758 4.8170 4.5356 4.6019 4.4137 3.7953 3.1298 2.7845 2.7855 3.0163 3.2203 3.3043 3.2107 2.9768 2.6394 2.2699 1.9215 1.5990 1.3207 1.0966 0.9124 0.7690 0.6540 0.5604 0.4845 0.4221 0.3688 0.3249 0.2876 0.2551 0.2268 0.2015 0.1790 0.1596 0.1422 0.1267 0.1132 0.1010
11.8584 12.1430 10.9388 10.9879 9.7881 9.8580 8.6641 8.3679 8.0038 6.9463 6.6684 6.5440 5.7724 5.0352 4.8779 4.8677 4.5373 3.8665 3.2477 2.9714 3.0024 3.2179 3.3774 3.4167 3.2911 3.0405 2.6978 2.3294 1.9837 1.6627 1.3839 1.1573 0.9686 0.8195 0.6987 0.6001 0.5197 0.4532 0.3959 0.3483 0.3077 0.2724 0.2419 0.2147 0.1908 0.1703 0.1516 0.1350 0.1205 0.1075
12.7023 12.1855 11.8133 11.0531 10.5045 10.0655 9.0310 8.9025 8.1251 7.2764 7.1292 6.7494 5.9080 5.3227 5.2203 5.0954 4.6451 3.9556 3.3941 3.1774 3.2240 3.4150 3.5274 3.5230 3.3674 3.1019 2.7551 2.3881 2.0453 1.7263 1.4474 1.2187 1.0258 0.8713 0.7448 0.6413 0.5565 0.4861 0.4245 0.3731 0.3291 0.2909 0.2579 0.2287 0.2035 0.1817 0.1617 0.1438 0.1283 0.1144
13.3312 12.4167 12.2858 11.2781 11.0541 10.1743 9.5402 9.2250 8.2767 7.6912 7.4883 6.8967 6.0961 5.6507 5.5415 5.2913 4.7533 4.0727 3.5725 3.4049 3.4553 3.6143 3.6761 3.6269 3.4414 3.1632 2.8150 2.4509 2.1119 1.7940 1.5139 1.2830 1.0862 0.9271 0.7954 0.6864 0.5967 0.5219 0.4568 0.4019 0.3542 0.3125 0.2765 0.2451 0.2179 0.1945 0.1732 0.1541 0.1375 0.1225
13.5797 12.9574 12.5185 11.7615 11.3849 10.4562 10.0350 9.4578 8.5499 8.1255 7.7768 7.0616 6.3514 5.9973 5.8371 5.4708 4.8752 4.2192 3.7754 3.6442 3.6882 3.8110 3.8222 3.7294 3.5153 3.2248 2.8753 2.5139 2.1784 1.8614 1.5804 1.3476 1.1473 0.9840 0.8475 0.7330 0.6384 0.5594 0.4909 0.4323 0.3809 0.3353 0.2963 0.2625 0.2332 0.2082 0.1856 0.1651 0.1473 0.1312
13.8927 13.4498 12.8286 12.2400 11.6973 10.8406 10.4637 9.7158 8.9012 8.5365 8.0404 7.2692 6.6524 6.3460 6.1159 5.6495 5.0181 4.3934 3.9989 3.8934 3.9238 4.0078 3.9684 3.8326 3.5902 3.2873 2.9362 2.5770 2.2446 1.9282 1.6465 1.4123 1.2089 1.0417 0.9006 0.7809 0.6816 0.5985 0.5267 0.4645 0.4092 0.3596 0.3173 0.2810 0.2495 0.2227 0.1987 0.1769 0.1577 0.1404
14.0779 14.0695 13.0745 12.8065 11.9886 11.2637 10.9038 9.9934 9.2860 8.9483 8.3089 7.5094 6.9815 6.7000 6.3921 5.8364 5.1821 4.5918 4.2410 4.1538 4.1651 4.2079 4.1171 3.9383 3.6673 3.3513 2.9978 2.6401 2.3103 1.9942 1.7122 1.4770 1.2708 1.1001 0.9549 0.8301 0.7264 0.6392 0.5643 0.4984 0.4391 0.3853 0.3397 0.3007 0.2670 0.2383 0.2128 0.1895 0.1689 0.1503
14.8200 14.2959 13.5293 13.3496 12.1724 11.8521 11.2925 10.2409 9.7432 9.3802 8.5690 7.7748 7.3474 7.0820 6.6849 6.0415 5.3745 4.8233 4.5139 4.4390 4.4250 4.4210 4.2786 4.0596 3.7631 3.4319 3.0702 2.7092 2.3798 2.0649 1.7834 1.5470 1.3385 1.1649 1.0159 0.8866 0.7776 0.6852 0.6051 0.5352 0.4728 0.4164 0.3678 0.3255 0.2889 0.2577 0.2299 0.2046 0.1824 0.1623
15.7083 14.2266 14.5004 13.4191 12.6358 12.5423 11.4786 10.5808 10.3286 9.7723 8.7869 8.0820 7.7732 7.4864 6.9739 6.2458 5.5826 5.0806 4.8120 4.7429 4.6963 4.6402 4.4434 4.1829 3.8599 3.5126 3.1422 2.7779 2.4490 2.1358 1.8547 1.6174 1.4069 1.2309 1.0786 0.9448 0.8308 0.7331 0.6478 0.5739 0.5083 0.4494 0.3979 0.3521 0.3125 0.2786 0.2483 0.2209 0.1969 0.1751
15.2281 15.2926 14.8644 13.4748 13.6056 12.8714 11.5979 11.2094 10.9339 10.0229 8.9977 8.4916 8.2694 7.8896 7.2374 6.4437 5.8122 5.3722 5.1415 5.0678 4.9781 4.8628 4.6085 4.3056 3.9558 3.5924 3.2134 2.8461 2.5182 2.2072 1.9264 1.6882 1.4763 1.2981 1.1429 1.0050 0.8859 0.7828 0.6922 0.6143 0.5458 0.4844 0.4300 0.3805 0.3376 0.3009 0.2679 0.2383 0.2124 0.1889
15.9300 16.3336 14.5150 14.5473 14.3128 12.8051 12.1473 12.0675 11.3364 10.1681 9.3473 9.0669 8.8157 8.2567 7.4687 6.6564 6.0907 5.7189 5.5134 5.4182 5.2722 5.0911 4.7766 4.4304 4.0535 3.6747 3.2881 2.9193 2.5933 2.2846 2.0037 1.7647 1.5511 1.3709 1.2126 1.0705 0.9463 0.8378 0.7417 0.6595 0.5875 0.5227 0.4649 0.4117 0.3654 0.3256 0.2899 0.2579 0.2299 0.2045
17.7785 15.7732 15.5124 15.7756 14.1827 13.1856 13.2456 12.7221 11.4714 10.4411 9.9742 9.7783 9.3401 8.5572 7.6860 6.9247 6.4506 6.1370 5.9318 5.7923 5.5761 5.3249 4.9491 4.5601 4.1571 3.7650 3.3728 3.0042 2.6805 2.3735 2.0924 1.8525 1.6366 1.4537 1.2920 1.1452 1.0158 0.9018 0.8002 0.7129 0.6361 0.5659 0.5035 0.4468 0.3969 0.3541 0.3158 0.2811 0.2506 0.2230
17.0047 16.5187 17.1831 15.5962 14.3018 14.4367 14.1352 12.8299 11.6018 11.0544 10.8018 10.4353 9.7158 8.7704 7.9171 7.2670 6.8894 6.6070 6.3701 6.1639 5.8668 5.5436 5.1098 4.6828 4.2591 3.8573 3.4615 3.0938 2.7725 2.4669 2.1858 1.9450 1.7267 1.5412 1.3760 1.2244 1.0895 0.9698 0.8624 0.7698 0.6880 0.6121 0.5449 0.4844 0.4307 0.3847 0.3438 0.3062 0.2730 0.2430
17.6115 18.5560 16.9024 15.4798 15.7050 15.5411 14.1967 12.8064 12.1825 11.9973 11.5873 10.8715 9.9315 8.9665 8.2305 7.7147 7.4042 7.1087 6.8055 6.5145 6.1322 5.7411 5.2565 4.7989 4.3614 3.9542 3.5570 3.1907 2.8716 2.5671 2.2857 2.0439 1.8226 1.6343 1.4655 1.3087 1.1681 1.0424 0.9289 0.8306 0.7436 0.6614 0.5891 0.5247 0.4671 0.4176 0.3739 0.3333 0.2973 0.2646
20.0544 18.1144 16.7896 17.2340 17.0569 15.5861 14.1127 13.4648 13.3124 12.9695 12.1297 11.1149 10.1301 9.2976 8.7229 8.3071 8.0033 7.6453 7.2501 6.8649 6.3992 5.9475 5.4224 4.9429 4.4945 4.0838 3.6860 3.3210 3.0030 2.6968 2.4140 2.1698 1.9441 1.7499 1.5742 1.4098 1.2631 1.1323 1.0129 0.9082 0.8142 0.7260 0.6481 0.5784 0.5151 0.4608 0.4136 0.3692 0.3296 0.2936
19.0274 18.2164 18.9418 18.5539 16.8620 15.4262 14.9008 14.7629 14.3727 13.5127 12.3416 11.2941 10.4600 9.8194 9.3652 8.9721 8.6078 8.1484 7.6501 7.1765 6.6416 6.1443 5.5917 5.0999 4.6456 4.2339 3.8364 3.4727 3.1548 2.8453 2.5597 2.3120 2.0806 1.8789 1.6948 1.5212 1.3682 1.2321 1.1066 0.9948 0.8930 0.7985 0.7146 0.6389 0.5692 0.5095 0.4583 0.4098 0.3663 0.3264
19.9588 20.7294 19.8051 17.9679 16.7783 16.5036 16.3790 15.8081 14.8037 13.6259 12.4967 11.6628 11.0363 10.5210 10.0833 9.6267 9.1537 8.5797 7.9885 7.4464 6.8642 6.3388 5.7716 5.2754 4.8195 4.4083 4.0108 3.6475 3.3282 3.0134 2.7232 2.4704 2.2319 2.0212 1.8272 1.6433 1.4831 1.3416 1.2096 1.0901 0.9796 0.8782 0.7878 0.7057 0.6289 0.5633 0.5078 0.4547 0.4069 0.3629
22.3101 20.6331 18.9937 18.3908 18.3593 18.1027 17.2572 16.0146 14.7817 13.7520 12.9093 12.3168 11.8068 11.2898 10.7675 10.1884 9.6025 8.9321 8.2707 7.6877 7.0823 6.5471 5.9766 5.4827 5.0290 4.6187 4.2192 3.8566 3.5365 3.2168 2.9198 2.6599 2.4122 2.1916 1.9873 1.7926 1.6230 1.4730 1.3331 1.2048 1.0847 0.9741 0.8758 0.7870 0.7036 0.6318 0.5701 0.5113 0.4584 0.4095
21.1726 20.3916 20.4513 20.4090 19.7294 18.5379 17.1769 15.9485 15.0217 14.3177 13.6706 13.1441 12.5939 11.9733 11.3221 10.6165 9.9514 9.2237 8.5209 7.9236 7.3154 6.7854 6.2195 5.7312 5.2807 4.8699 4.4651 4.1034 3.7829 3.4589 3.1530 2.8834 2.6243 2.3932 2.1783 1.9725 1.7910 1.6292 1.4800 1.3418 1.2109 1.0883 0.9805 0.8850 0.7956 0.7175 0.6472 0.5814 0.5225 0.4681
22.7198 22.7609 22.1308 20.9172 19.5221 18.2962 17.3174 16.5275 15.8851 15.2646 14.5457 13.8924 13.2052 12.4663 11.7166 10.9337 10.2396 9.4962 8.7797 8.1877 7.5887 7.0710 6.5113 6.0277 5.5771 5.1619 4.7478 4.3852 4.0627 3.7326 3.4153 3.1340 2.8615 2.6183 2.3914 2.1735 1.9787 1.8038 1.6445 1.4952 1.3525 1.2164 1.0980 0.9953 0.8999 0.8150 0.7348 0.6612 0.5957 0.5350
24.4110 23.0500 21.7129 20.5971 19.7332 19.0518 18.3978 17.6696 16.9062 16.0806 15.1531 14.3446 13.5604 12.7609 11.9790 11.1803 10.4980 9.7661 9.0534 8.4757 7.8893 7.3850 6.8307 6.3500 5.8958 5.4730 5.0468 4.6793 4.3526 4.0164 3.6890 3.3974 3.1123 2.8578 2.6197 2.3904 2.1829 1.9949 1.8236 1.6631 1.5094 1.3619 1.2337 1.1228 1.0196 0.9269 0.8366 0.7546 0.6818 0.6141
24.1501 23.3123 22.6311 21.9706 21.2600 20.4594 19.5383 18.5077 17.4716 16.4371 15.3937 14.5397 13.7595 12.9446 12.1680 11.3857 10.7226 10.0065 9.3084 8.7451 8.1680 7.6737 7.1250 6.6486 6.1902 5.7599 5.3220 4.9421 4.6085 4.2691 3.9397 3.6454 3.3536 3.0927 2.8477 2.6118 2.3955 2.1974 2.0099 1.8394 1.6800 1.5305 1.3967 1.2752 1.1601 1.0571 0.9591 0.8686 0.7877 0.7121
26.3311 25.4457 24.4475 23.3666 22.2603 21.1323 19.9757 18.7989 17.6735 16.5943 15.5655 14.7596 14.0422 13.2340 12.4649 11.6889 11.0338 10.3215 9.6280 9.0687 8.4917 8.0005 7.4524 6.9772 6.5119 6.0714 5.6191 5.2244 4.8830 4.5403 4.2095 3.9129 3.6147 3.3477 3.0962 2.8540 2.6290 2.4204 2.2151 2.0340 1.8696 1.7199 1.5811 1.4480 1.3196 1.2052 1.0991 0.9996 0.9099 0.8256
27.4006 26.1486 24.9033 23.6899 22.5431 21.4100 20.2678 19.1175 17.9968 16.9140 15.9083 15.1408 14.4649 13.6360 12.8464 12.0505 11.3857 10.6633 9.9636 9.3988 8.8143 8.3212 7.7704 7.2945 6.8227 6.3727 5.9070 5.4971 5.1476 4.8021 4.4700 4.1718 3.8686 3.5970 3.3404 3.0930 2.8602 2.6419 2.4190 2.2281 2.0599 1.9114 1.7688 1.6244 1.4825 1.3570 1.2435 1.1352 1.0369 0.9439
27.1552 25.9966 24.8502 23.6998 22.5743 21.4585 20.3385 19.2372 18.1404 17.0661 16.0433 15.2585 14.5632 13.7200 12.9137 12.0994 11.4390 10.7166 10.0068 9.4274 8.8296 8.3296 7.7708 7.2890 6.8289 6.3890 5.9319 5.5163 5.1612 4.8097 4.4705 4.1684 3.8674 3.6003 3.3473 3.0986 2.8639 2.6438 2.4219 2.2319 2.0641 1.9118 1.7664 1.6211 1.4799 1.3556 1.2442 1.1364 1.0380 0.9447
