0.1567 0.0319 0.1060 0.3907 0.2693 0.0328 0.3707 0.0308 0.3126 0.0421 0.2889 0.0680 0.0852 0.1864 0.0817 0.0201 0.0430 0.1125 0.1699 0.1459 0.0689 0.0238 0.0415 0.0822 0.0979 0.0783 0.0417 0.0123 0.0022 0.0100 0.0269 0.0438 0.0549 0.0580 0.0549 0.0467 0.0368 0.0266 0.0177 0.0107 0.0058 0.0027 0.0011 0.0007 0.0010 0.0018 0.0029 0.0039 0.0049 0.0058
0.5190 0.1118 0.2871 1.1482 0.8389 0.0863 1.1088 0.1022 0.9308 0.1304 0.8671 0.1937 0.2641 0.5550 0.2358 0.0605 0.1356 0.3446 0.5133 0.4369 0.2045 0.0703 0.1240 0.2454 0.2913 0.2319 0.1228 0.0359 0.0065 0.0306 0.0816 0.1322 0.1650 0.1741 0.1644 0.1399 0.1099 0.0795 0.0528 0.0320 0.0172 0.0080 0.0034 0.0021 0.0031 0.0055 0.0086 0.0118 0.0148 0.0175
1.0340 0.2544 0.3845 1.8261 1.4975 0.1117 1.8302 0.2078 1.5238 0.2339 1.4440 0.2902 0.4684 0.9091 0.3631 0.1030 0.2488 0.5981 0.8660 0.7245 0.3332 0.1135 0.2052 0.4051 0.4774 0.3770 0.1970 0.0561 0.0110 0.0535 0.1391 0.2229 0.2764 0.2904 0.2733 0.2320 0.1819 0.1313 0.0870 0.0525 0.0282 0.0131 0.0055 0.0035 0.0053 0.0094 0.0145 0.0199 0.0249 0.0294
1.8132 0.5467 0.3758 2.3477 2.2875 0.1168 2.5010 0.3852 2.0627 0.3710 2.0097 0.3435 0.7142 1.2343 0.4494 0.1545 0.3981 0.8846 1.2302 1.0030 0.4487 0.1504 0.2840 0.5584 0.6513 0.5076 0.2599 0.0710 0.0158 0.0803 0.2014 0.3175 0.3901 0.4072 0.3815 0.3225 0.2519 0.1813 0.1197 0.0719 0.0384 0.0177 0.0074 0.0049 0.0076 0.0134 0.0207 0.0282 0.0352 0.0415
2.9442 1.1259 0.2992 2.6155 3.2152 0.1501 3.0570 0.6910 2.5021 0.5715 2.5415 0.3486 1.0149 1.5097 0.4869 0.2301 0.6005 1.2117 1.6017 1.2620 0.5428 0.1778 0.3590 0.7025 0.8076 0.6180 0.3076 0.0793 0.0221 0.1131 0.2709 0.4179 0.5070 0.5249 0.4886 0.4109 0.3195 0.2288 0.1503 0.0897 0.0475 0.0218 0.0092 0.0064 0.0101 0.0178 0.0272 0.0370 0.0458 0.0539
4.4098 2.1533 0.2881 2.5341 4.2199 0.3143 3.4005 1.1990 2.7806 0.8782 3.0000 0.3146 1.3774 1.7088 0.4794 0.3547 0.8720 1.5784 1.9664 1.4844 0.6046 0.1925 0.4297 0.8350 0.9418 0.7034 0.3369 0.0805 0.0313 0.1549 0.3504 0.5263 0.6287 0.6440 0.5946 0.4968 0.3839 0.2733 0.1784 0.1056 0.0554 0.0251 0.0106 0.0079 0.0130 0.0226 0.0342 0.0462 0.0570 0.0667
5.9654 3.7228 0.5877 2.0669 5.1437 0.7624 3.4157 1.9861 2.8282 1.3424 3.3289 0.2690 1.7964 1.8027 0.4484 0.5624 1.2228 1.9704 2.2971 1.6457 0.6219 0.1930 0.4976 0.9555 1.0510 0.7606 0.3465 0.0756 0.0463 0.2089 0.4431 0.6451 0.7565 0.7651 0.6997 0.5799 0.4449 0.3145 0.2036 0.1195 0.0619 0.0277 0.0119 0.0096 0.0161 0.0279 0.0418 0.0559 0.0686 0.0801
7.0539 5.6966 1.5107 1.3214 5.7244 1.6597 3.0124 3.0984 2.5890 2.0137 3.4609 0.2607 2.2487 1.7684 0.4387 0.8913 1.6485 2.3541 2.5520 1.7154 0.5834 0.1821 0.5697 1.0685 1.1365 0.7901 0.3377 0.0672 0.0708 0.2791 0.5523 0.7767 0.8919 0.8890 0.8040 0.6602 0.5022 0.3520 0.2258 0.1310 0.0669 0.0295 0.0129 0.0114 0.0198 0.0338 0.0501 0.0664 0.0809 0.0940
6.9267 7.5310 3.2835 0.6293 5.6522 3.0941 2.2032 4.4965 2.0590 2.9175 3.3321 0.3574 2.6881 1.6033 0.5206 1.3716 2.1196 2.6725 2.6768 1.6622 0.4852 0.1724 0.6618 1.1863 1.2063 0.7974 0.3154 0.0604 0.1093 0.3694 0.6808 0.9230 1.0359 1.0161 0.9075 0.7373 0.5555 0.3856 0.2447 0.1401 0.0704 0.0305 0.0137 0.0135 0.0240 0.0404 0.0591 0.0776 0.0940 0.1085
5.1485 8.2823 5.7745 0.5430 4.7218 4.9457 1.1984 5.9901 1.3390 4.0246 2.9069 0.6363 3.0482 1.3419 0.7831 2.0064 2.5699 2.8472 2.6144 1.4655 0.3393 0.1922 0.8034 1.3325 1.2775 0.7949 0.2888 0.0618 0.1664 0.4822 0.8297 1.0839 1.1880 1.1456 1.0095 0.8108 0.6044 0.4150 0.2602 0.1469 0.0725 0.0309 0.0145 0.0161 0.0289 0.0479 0.0690 0.0897 0.1077 0.1237
2.3703 7.0528 8.2174 1.6529 3.0562 6.7735 0.4633 7.1975 0.6831 5.2163 2.2124 1.1668 3.2579 1.0737 1.3146 2.7493 2.8959 2.7961 2.3289 1.1349 0.1862 0.2921 1.0413 1.5451 1.3783 0.8025 0.2708 0.0784 0.2446 0.6173 0.9971 1.2573 1.3462 1.2759 1.1088 0.8799 0.6484 0.4400 0.2723 0.1512 0.0731 0.0307 0.0154 0.0191 0.0346 0.0563 0.0799 0.1028 0.1225 0.1399
0.6684 3.9836 9.2499 4.1828 1.2956 7.8512 0.6439 7.5982 0.5070 6.2578 1.3732 1.9859 3.2637 0.9423 2.1631 3.4804 2.9685 2.4640 1.8373 0.7332 0.1041 0.5438 1.4327 1.8673 1.5402 0.8418 0.2733 0.1140 0.3413 0.7679 1.1750 1.4353 1.5038 1.4019 1.2016 0.9418 0.6858 0.4596 0.2803 0.1529 0.0723 0.0301 0.0165 0.0229 0.0414 0.0659 0.0922 0.1172 0.1386 0.1573
2.3363 1.0920 7.6735 7.5078 0.5288 7.4774 2.2711 6.7484 1.2955 6.8039 0.6370 3.0675 3.0538 1.1163 3.2782 3.9951 2.6691 1.8746 1.2517 0.3964 0.2088 1.0238 2.0209 2.3230 1.7777 0.9211 0.2983 0.1635 0.4448 0.9179 1.3451 1.5998 1.6446 1.5101 1.2776 0.9890 0.7115 0.4705 0.2825 0.1510 0.0697 0.0289 0.0181 0.0278 0.0495 0.0771 0.1060 0.1331 0.1560 0.1759
7.3224 1.4862 3.8628 9.9692 1.8217 5.4975 5.2930 4.6467 3.3597 6.4817 0.3727 4.3060 2.6930 1.7359 4.4723 4.0547 1.9849 1.2129 0.8228 0.3353 0.6222 1.7690 2.7924 2.8832 2.0651 1.0216 0.3301 0.2094 0.5346 1.0443 1.4841 1.7294 1.7501 1.5856 1.3253 1.0136 0.7199 0.4692 0.2768 0.1445 0.0650 0.0275 0.0205 0.0341 0.0595 0.0902 0.1217 0.1508 0.1750 0.1959
11.8890 6.3504 0.7765 9.5272 5.4418 2.7357 8.7322 2.0925 6.4467 5.0734 1.0137 5.5008 2.3075 2.8178 5.4159 3.4874 1.1132 0.8718 0.9228 0.7722 1.3858 2.6860 3.5960 3.4018 2.2942 1.0748 0.3285 0.2271 0.5922 1.1299 1.5755 1.8082 1.8063 1.6171 1.3357 1.0089 0.7068 0.4531 0.2616 0.1329 0.0582 0.0260 0.0243 0.0426 0.0719 0.1058 0.1399 0.1708 0.1960 0.2177
11.2014 12.3007 2.2781 5.6157 10.1158 0.8411 10.9499 0.6055 9.3933 2.8248 2.9150 6.3347 2.0219 4.1751 5.7252 2.3473 0.5315 1.3953 1.9070 1.7766 2.3087 3.4291 4.0552 3.5618 2.2503 0.9632 0.2479 0.2141 0.6355 1.1987 1.6411 1.8536 1.8255 1.6126 1.3143 0.9785 0.6742 0.4235 0.2382 0.1170 0.0501 0.0252 0.0300 0.0538 0.0874 0.1245 0.1610 0.1934 0.2195 0.2416
4.8045 13.6553 8.3901 1.2807 12.7567 1.5049 10.6427 1.4827 10.3065 0.7896 6.0520 6.3245 1.8745 5.4251 5.1548 1.0466 0.8920 3.1780 3.7582 2.9770 2.7952 3.3389 3.5802 2.9277 1.6822 0.5959 0.1136 0.2634 0.7860 1.3750 1.7922 1.9574 1.8793 1.6251 1.2989 0.9482 0.6395 0.3916 0.2133 0.1007 0.0427 0.0260 0.0379 0.0675 0.1055 0.1458 0.1845 0.2184 0.2450 0.2673
0.8571 7.8377 13.6314 1.6450 9.6710 5.6748 7.5839 4.4201 7.9095 0.8006 9.3822 4.7604 1.8969 6.2159 3.8304 0.2835 2.5309 5.7238 5.4112 3.2132 1.9024 1.8027 1.8636 1.4306 0.6902 0.1812 0.1908 0.6596 1.3179 1.9065 2.2390 2.2901 2.1000 1.7532 1.3609 0.9672 0.6352 0.3778 0.1986 0.0901 0.0383 0.0285 0.0468 0.0819 0.1241 0.1675 0.2085 0.2437 0.2708 0.2934
7.8450 0.7670 11.4901 8.3240 2.9572 11.4944 1.6443 9.6017 4.1445 3.7681 9.1812 0.9374 4.0586 7.8197 2.5108 0.5236 4.3068 5.8341 3.1821 0.5211 0.4519 1.9228 2.9588 2.8197 1.9509 1.1842 0.9393 1.2006 1.6916 2.1481 2.3749 2.3461 2.1002 1.7198 1.3113 0.9147 0.5878 0.3402 0.1728 0.0761 0.0351 0.0344 0.0601 0.1009 0.1472 0.1934 0.2362 0.2723 0.2995 0.3219
16.0507 4.9221 4.1290 14.3287 0.6891 13.1550 0.7455 12.1433 1.1870 7.6187 7.5026 0.3840 6.6930 7.2943 1.1549 1.5413 5.7711 5.7871 2.3437 0.2374 0.9848 2.7113 3.4973 3.0056 1.9467 1.1816 1.0321 1.3837 1.9094 2.3456 2.5158 2.4215 2.1183 1.6981 1.2676 0.8640 0.5403 0.3022 0.1471 0.0631 0.0337 0.0429 0.0764 0.1231 0.1735 0.2225 0.2669 0.3035 0.3305 0.3524
11.9006 14.7698 0.9146 13.0561 5.1705 9.2737 4.5442 10.8663 0.7382 10.9736 4.4636 1.6333 8.9830 5.7118 0.3653 3.2595 6.9707 5.2276 1.4509 0.2602 1.7997 3.5739 3.9599 3.0874 1.8834 1.1728 1.1469 1.5906 2.1373 2.5362 2.6372 2.4710 2.1099 1.6534 1.2059 0.8010 0.4856 0.2611 0.1214 0.0522 0.0357 0.0554 0.0970 0.1495 0.2038 0.2552 0.3007 0.3376 0.3640 0.3850
1.5943 15.7031 8.3227 5.0896 13.2741 2.9229 11.1081 6.1317 3.9711 11.8594 1.5137 4.6853 10.0069 3.4721 0.6124 5.4326 7.5918 4.1939 0.7015 0.6933 2.8654 4.4289 4.2867 3.0452 1.7672 1.1703 1.2917 1.8221 2.3711 2.7140 2.7336 2.4908 2.0732 1.5853 1.1271 0.7272 0.4253 0.2185 0.0971 0.0445 0.0420 0.0727 0.1224 0.1804 0.2383 0.2917 0.3378 0.3745 0.3999 0.4197
5.8328 5.0995 17.5649 0.8739 16.2700 0.9751 15.1346 1.4653 9.6111 9.3399 0.5378 8.5894 9.1368 1.3842 2.1436 7.5905 7.3909 2.8616 0.3251 1.5893 4.0961 5.1732 4.4227 2.8727 1.6145 1.1913 1.4751 2.0777 2.6053 2.8723 2.7994 2.4777 2.0072 1.4946 1.0328 0.6445 0.3616 0.1765 0.0760 0.0416 0.0538 0.0957 0.1532 0.2164 0.2773 0.3323 0.3785 0.4144 0.4383 0.4566
19.4476 1.9125 14.2126 8.2081 9.7252 7.1513 12.3670 1.4337 14.0290 4.6445 2.7665 11.6262 6.4868 0.4478 4.7936 9.1270 6.3040 1.5436 0.5331 2.9198 5.3513 5.6964 4.3305 2.5824 1.4523 1.2563 1.7046 2.3548 2.8327 3.0036 2.8301 2.4304 1.9131 1.3835 0.9257 0.5559 0.2971 0.1373 0.0600 0.0450 0.0723 0.1254 0.1904 0.2582 0.3216 0.3773 0.4231 0.4577 0.4795 0.4957
14.7419 14.9069 2.8271 18.4688 1.5864 16.0078 4.8963 7.4039 13.6006 1.0214 7.6628 12.0875 3.1359 1.4369 7.9036 9.4854 4.5288 0.6401 1.4544 4.5539 6.4488 5.8983 3.9997 2.2084 1.3181 1.3870 1.9852 2.6477 3.0442 3.1002 2.8213 2.3475 1.7918 1.2544 0.8088 0.4644 0.2348 0.1036 0.0512 0.0563 0.0988 0.1627 0.2347 0.3065 0.3714 0.4271 0.4717 0.5044 0.5236 0.5373
1.1703 20.6081 4.2889 15.9702 4.2222 17.1541 0.8657 14.9540 8.1096 1.7651 12.6824 9.3871 0.8461 4.4263 10.4426 8.3973 2.5457 0.5435 3.0714 6.2583 7.1926 5.7118 3.4571 1.8082 1.2569 1.6031 2.3161 2.9466 3.2289 3.1539 2.7682 2.2274 1.6441 1.1097 0.6857 0.3735 0.1778 0.0777 0.0515 0.0770 0.1344 0.2085 0.2866 0.3614 0.4268 0.4815 0.5243 0.5543 0.5703 0.5811
11.9029 6.6371 18.7694 3.8393 16.1173 8.3260 6.2341 16.8537 2.0803 7.3844 14.5370 4.8232 1.2370 8.5173 11.3642 6.0853 1.0340 1.5074 5.1777 7.7253 7.4138 5.1295 2.7750 1.4583 1.3139 1.9174 2.6904 3.2378 3.3743 3.1570 2.6680 2.0713 1.4734 0.9542 0.5610 0.2876 0.1295 0.0626 0.0632 0.1088 0.1802 0.2635 0.3466 0.4231 0.4880 0.5408 0.5810 0.6076 0.6197 0.6270
24.3060 3.2957 19.7263 3.5172 20.3496 1.1282 16.3607 10.5203 1.6500 14.2679 11.5616 1.2636 4.7419 12.0200 10.1044 3.3187 0.6729 3.5159 7.3823 8.6324 7.0175 4.2194 2.0670 1.2446 1.5273 2.3319 3.0926 3.5029 3.4668 3.1029 2.5200 1.8819 1.2846 0.7932 0.4400 0.2111 0.0937 0.0611 0.0884 0.1531 0.2372 0.3284 0.4150 0.4920 0.5551 0.6050 0.6416 0.6642 0.6718 0.6752
7.4871 20.8451 4.4031 18.0578 9.4725 7.1076 19.2109 2.4355 8.5155 16.8032 5.5507 1.5203 9.9670 13.1536 6.9958 1.2304 1.8734 6.2086 9.1779 8.7298 6.0317 3.1341 1.4789 1.2514 1.9201 2.8345 3.5017 3.7261 3.5004 2.9941 2.3284 1.6649 1.0846 0.6338 0.3290 0.1491 0.0742 0.0761 0.1290 0.2113 0.3061 0.4029 0.4911 0.5673 0.6277 0.6742 0.7068 0.7248 0.7275 0.7266
5.1793 19.8771 5.4269 21.6790 1.2607 19.3870 10.4963 2.5223 16.8615 12.3580 1.2123 6.2115 14.1222 11.1110 3.3672 0.8994 4.5365 8.9162 10.0633 7.9128 4.6101 2.0814 1.1551 1.5353 2.4864 3.3921 3.8804 3.8770 3.4549 2.8194 2.0934 1.4265 0.8809 0.4829 0.2338 0.1062 0.0748 0.1104 0.1870 0.2845 0.3877 0.4880 0.5758 0.6497 0.7062 0.7481 0.7759 0.7886 0.7857 0.7801
25.7480 2.2371 22.8290 6.7424 11.3753 19.7149 1.5881 12.1101 18.1193 4.5785 2.6794 12.7081 14.5618 6.7443 1.0537 2.8270 7.9610 10.8230 9.7103 6.3029 3.0452 1.3068 1.2189 2.1153 3.1902 3.9546 4.1874 3.9305 3.3204 2.5797 1.8218 1.1762 0.6828 0.3486 0.1610 0.0875 0.0991 0.1663 0.2639 0.3737 0.4826 0.5838 0.6691 0.7390 0.7904 0.8267 0.8489 0.8555 0.8465 0.8357
13.4395 12.7928 18.4239 3.2894 23.4427 6.8492 5.9101 20.3262 10.3678 1.0916 9.6328 16.4736 10.6843 2.4431 1.5240 6.5518 10.9952 11.2388 8.1122 4.2583 1.7141 1.0350 1.7355 2.9571 3.9622 4.4580 4.3795 3.8653 3.0922 2.2803 1.5242 0.9256 0.5010 0.2396 0.1173 0.0978 0.1504 0.2462 0.3611 0.4797 0.5910 0.6904 0.7710 0.8353 0.8801 0.9098 0.9255 0.9254 0.9096 0.8932
3.1225 26.0660 1.8769 20.1512 15.0764 1.9279 18.6158 16.4229 2.0419 6.2161 16.5982 14.3777 4.8226 0.9451 4.9716 10.6680 12.4523 9.9067 5.6663 2.3207 0.9952 1.4135 2.6905 3.9807 4.7257 4.8519 4.4315 3.6749 2.7761 1.9334 1.2171 0.6906 0.3482 0.1655 0.1097 0.1421 0.2320 0.3522 0.4806 0.6049 0.7160 0.8117 0.8856 0.9418 0.9782 0.9997 1.0073 0.9996 0.9765 0.9541
25.8117 7.0531 13.3943 22.0702 1.7004 14.5834 21.0078 4.9876 3.4363 15.5483 17.2511 7.6975 1.0991 3.6012 9.9275 13.3209 11.5915 7.1406 3.0743 1.0647 1.1574 2.4524 3.9610 5.0316 5.3485 5.0458 4.2972 3.3474 2.3809 1.5574 0.9164 0.4838 0.2350 0.1345 0.1440 0.2241 0.3463 0.4854 0.6226 0.7482 0.8555 0.9445 1.0093 1.0553 1.0818 1.0939 1.0925 1.0765 1.0456 1.0167
14.4470 7.3788 25.8011 4.2909 10.3477 23.5212 8.7601 1.8402 13.8260 19.3766 10.5365 1.7793 2.5915 9.1941 13.8110 13.1049 8.5898 3.8743 1.2118 0.9544 2.2735 4.0015 5.3355 5.9288 5.7139 4.9830 3.9633 2.8953 1.9301 1.1778 0.6442 0.3230 0.1746 0.1556 0.2261 0.3474 0.4950 0.6467 0.7872 0.9096 1.0092 1.0883 1.1415 1.1752 1.1903 1.1919 1.1807 1.1558 1.1165 1.0808
3.7901 26.9473 7.7170 7.2593 24.5812 12.2304 1.2654 12.3686 20.7288 13.0915 2.6498 1.9590 8.7291 14.3439 14.3265 9.9152 4.6248 1.3683 0.8150 2.1583 4.1616 5.7656 6.5519 6.4977 5.7337 4.6401 3.4459 2.3529 1.4614 0.8278 0.4267 0.2273 0.1800 0.2373 0.3614 0.5153 0.6805 0.8379 0.9757 1.0900 1.1780 1.2442 1.2834 1.3032 1.3051 1.2948 1.2730 1.2386 1.1906 1.1475
27.5348 10.3218 5.7507 25.1905 14.6760 1.2221 11.7303 21.9664 14.9357 3.3704 1.6768 8.6935 15.1972 15.5549 10.9237 5.2011 1.4621 0.7273 2.1839 4.4478 6.3991 7.3577 7.3465 6.6009 5.3658 4.0336 2.7890 1.7708 1.0197 0.5426 0.2902 0.2153 0.2638 0.3878 0.5552 0.7314 0.9055 1.0611 1.1897 1.2907 1.3633 1.4134 1.4363 1.4411 1.4278 1.4038 1.3709 1.3263 1.2689 1.2180
10.8313 5.8170 26.1834 15.5052 1.2592 12.2933 23.3417 15.9307 3.5387 1.7456 9.3139 16.3841 16.8322 11.6553 5.3941 1.4122 0.7023 2.4097 4.9972 7.1993 8.3888 8.3561 7.4869 6.1535 4.6202 3.2189 2.0603 1.2093 0.6527 0.3577 0.2598 0.3038 0.4359 0.6122 0.8093 0.9951 1.1678 1.3133 1.4259 1.5083 1.5613 1.5923 1.5965 1.5846 1.5545 1.5158 1.4711 1.4159 1.3487 1.2897
7.8618 27.8549 14.2472 1.3686 14.5489 24.8610 15.6818 2.9762 2.3033 10.9997 18.0670 17.8772 11.9533 5.1461 1.1626 0.8030 2.9650 5.9243 8.3430 9.5586 9.5384 8.4545 6.8815 5.1932 3.5943 2.3070 1.3596 0.7481 0.4186 0.3130 0.3610 0.5073 0.7042 0.9138 1.1240 1.3055 1.4657 1.5925 1.6822 1.7408 1.7705 1.7794 1.7628 1.7328 1.6845 1.6300 1.5731 1.5069 1.4296 1.3623
29.5186 10.5266 2.5157 19.0413 26.1381 13.6753 1.8236 3.9205 14.0043 20.5006 18.5072 11.3972 4.3430 0.7968 1.1948 4.0656 7.4471 9.9630 11.0577 10.7617 9.4855 7.5886 5.6372 3.8985 2.4713 1.4554 0.8083 0.4740 0.3759 0.4463 0.6163 0.8393 1.0762 1.2974 1.5042 1.6674 1.8048 1.9049 1.9646 1.9933 1.9939 1.9786 1.9399 1.8903 1.8244 1.7547 1.6845 1.6062 1.5178 1.4420
4.5785 7.0697 25.4142 25.2377 9.3615 1.0295 7.6324 18.6104 22.7928 18.2220 9.6397 2.9077 0.5738 2.2408 5.9443 9.7190 12.1165 12.8028 12.0349 10.2918 8.1339 5.8962 3.9829 2.5049 1.4527 0.8189 0.5152 0.4595 0.5689 0.7817 1.0367 1.3023 1.5496 1.7581 1.9429 2.0730 2.1766 2.2419 2.2650 2.2584 2.2259 2.1844 2.1221 2.0519 1.9679 1.8826 1.7986 1.7078 1.6081 1.5236
17.8437 30.5512 19.4408 3.6776 3.0722 14.5903 24.1223 23.7282 15.6743 6.5655 1.3053 1.1594 4.5485 9.0178 12.7072 14.6954 14.6279 13.1025 10.7841 8.2155 5.8320 3.8061 2.3183 1.3382 0.7772 0.5601 0.5833 0.7644 1.0278 1.3308 1.6230 1.8916 2.1166 2.2874 2.4317 2.5144 2.5742 2.5972 2.5779 2.5319 2.4630 2.3938 2.3068 2.2152 2.1128 2.0117 1.9137 1.8102 1.6989 1.6058
26.9963 8.3768 1.5646 11.4962 24.3447 27.7849 20.9256 10.3442 2.7440 0.8739 3.7740 8.8481 13.5747 16.4313 17.1527 16.0658 13.5919 10.6186 7.7235 5.2250 3.2978 1.9297 1.1112 0.7284 0.6587 0.8076 1.0825 1.4215 1.7638 2.0940 2.3710 2.6020 2.7748 2.8851 2.9725 2.9949 3.0008 2.9736 2.9063 2.8194 2.7160 2.6200 2.5079 2.3927 2.2699 2.1516 2.0386 1.9221 1.7993 1.6971
1.5491 11.5577 26.1471 31.1406 24.3253 12.5564 3.5935 1.0280 4.1135 9.9604 15.4997 19.1170 20.1142 18.8458 16.1750 12.8649 9.4229 6.4204 4.0789 2.4259 1.4077 0.8941 0.7767 0.9303 1.2371 1.6278 2.0341 2.4267 2.7605 3.0508 3.2600 3.4153 3.5094 3.5390 3.5553 3.5066 3.4498 3.3650 3.2455 3.1175 2.9829 2.8615 2.7243 2.5832 2.4384 2.3015 2.1726 2.0431 1.9086 1.7969
32.0331 33.8624 24.0745 11.1064 2.7086 1.7063 6.4778 13.4870 19.6455 23.2436 23.6128 21.6989 18.2124 14.1528 10.2594 6.9360 4.3326 2.5418 1.4775 0.9953 0.9445 1.1698 1.5684 2.0562 2.5392 2.9998 3.3937 3.7263 3.9637 4.1503 4.2449 4.2918 4.2852 4.2187 4.1535 4.0264 3.9018 3.7560 3.5825 3.4132 3.2483 3.1027 2.9408 2.7737 2.6069 2.4515 2.3069 2.1645 2.0187 1.8977
16.5385 5.0766 1.5772 5.6024 13.5457 21.4666 26.7440 28.3759 26.9018 23.3166 18.4718 13.6837 9.4034 6.0107 3.5952 2.0760 1.2931 1.0873 1.2832 1.7294 2.3098 2.9015 3.4823 4.0244 4.4505 4.8013 5.0462 5.2193 5.2879 5.3199 5.2689 5.1880 5.0675 4.8966 4.7456 4.5407 4.3490 4.1435 3.9179 3.7097 3.5165 3.3450 3.1587 2.9684 2.7808 2.6076 2.4472 2.2921 2.1351 2.0047
10.3417 20.2217 28.7608 33.6053 34.2287 31.3743 26.3288 20.3620 14.6593 9.8216 6.0430 3.5037 2.0084 1.3562 1.3372 1.7464 2.3955 3.1560 3.9330 4.6639 5.3230 5.8188 6.2259 6.5543 6.7156 6.8125 6.8121 6.7631 6.6199 6.4656 6.2627 6.0537 5.8164 5.5413 5.3077 5.0368 4.7870 4.5288 4.2590 4.0168 3.7979 3.5938 3.3819 3.1761 2.9705 2.7803 2.6038 2.4360 2.2676 2.1273
41.1720 36.0460 29.0972 21.8009 15.1485 9.7354 5.7739 3.2254 1.9134 1.5621 1.8824 2.6534 3.6491 4.7039 5.7523 6.7368 7.5402 8.1769 8.6520 8.9981 9.2446 9.2878 9.2721 9.2174 8.9983 8.7732 8.4916 8.2044 7.8445 7.5042 7.1606 6.8357 6.4924 6.1233 5.8168 5.4904 5.1906 4.8863 4.5781 4.3072 4.0672 3.8327 3.5975 3.3791 3.1572 2.9514 2.7597 2.5800 2.4008 2.2510
4.5004 2.6151 2.0623 2.5201 3.6505 5.1658 6.8333 8.4487 9.9435 11.2712 12.2767 13.1304 13.7149 14.0345 14.2537 14.3948 14.2819 14.0303 13.6759 13.3060 12.9408 12.4267 11.9366 11.4823 10.8940 10.3732 9.8459 9.3565 8.8166 8.3241 7.8728 7.4602 7.0348 6.5924 6.2297 5.8633 5.5263 5.1872 4.8497 4.5564 4.2996 4.0396 3.7860 3.5595 3.3247 3.1059 2.9010 2.7110 2.5226 2.3647
30.7468 31.1530 31.2779 31.1538 30.7591 30.2049 29.4631 28.4788 27.4602 26.4538 25.2079 24.1344 22.9875 21.7720 20.7254 19.8249 18.7817 17.7409 16.7260 15.8202 15.0199 14.1290 13.3202 12.6029 11.8052 11.1162 10.4487 9.8358 9.2007 8.6438 8.1393 7.6824 7.2163 6.7368 6.3444 5.9558 5.6073 5.2620 4.9115 4.5979 4.3143 4.0510 3.7986 3.5774 3.3420 3.1212 2.9135 2.7210 2.5306 2.3719
