0.0533 0.0544 0.0562 0.0557 0.0492 0.0494 0.0477 0.0439 0.0434 0.0392 0.0379 0.0351 0.0316 0.0301 0.0275 0.0247 0.0228 0.0208 0.0186 0.0169 0.0154 0.0140 0.0125 0.0112 0.0100 0.0091 0.0082 0.0074 0.0067 0.0060 0.0053 0.0047 0.0042 0.0037 0.0033 0.0030 0.0027 0.0024 0.0021 0.0019 0.0017 0.0015 0.0014 0.0012 0.0011 0.0010 0.0009 0.0008 0.0007 0.0006
0.1599 0.1627 0.1681 0.1674 0.1482 0.1481 0.1433 0.1317 0.1303 0.1177 0.1138 0.1052 0.0947 0.0903 0.0826 0.0742 0.0683 0.0624 0.0559 0.0506 0.0461 0.0421 0.0376 0.0335 0.0301 0.0272 0.0247 0.0223 0.0202 0.0181 0.0160 0.0142 0.0126 0.0112 0.0100 0.0089 0.0080 0.0072 0.0064 0.0058 0.0052 0.0046 0.0042 0.0037 0.0034 0.0030 0.0027 0.0024 0.0022 0.0019
0.2669 0.2702 0.2784 0.2800 0.2487 0.2462 0.2395 0.2195 0.2173 0.1962 0.1901 0.1752 0.1580 0.1509 0.1378 0.1236 0.1138 0.1040 0.0933 0.0843 0.0768 0.0701 0.0626 0.0559 0.0501 0.0453 0.0412 0.0372 0.0337 0.0301 0.0266 0.0236 0.0209 0.0186 0.0166 0.0148 0.0134 0.0120 0.0107 0.0096 0.0086 0.0078 0.0070 0.0063 0.0056 0.0050 0.0045 0.0040 0.0036 0.0032
0.3765 0.3772 0.3865 0.3935 0.3522 0.3437 0.3366 0.3075 0.3043 0.2749 0.2671 0.2448 0.2218 0.2122 0.1932 0.1730 0.1595 0.1459 0.1307 0.1180 0.1075 0.0981 0.0876 0.0781 0.0702 0.0634 0.0577 0.0521 0.0472 0.0420 0.0372 0.0330 0.0292 0.0260 0.0232 0.0208 0.0187 0.0169 0.0151 0.0135 0.0121 0.0109 0.0098 0.0088 0.0079 0.0071 0.0063 0.0056 0.0050 0.0045
0.4923 0.4857 0.4923 0.5064 0.4600 0.4412 0.4347 0.3963 0.3911 0.3542 0.3446 0.3140 0.2862 0.2745 0.2487 0.2222 0.2055 0.1882 0.1682 0.1517 0.1382 0.1260 0.1125 0.1003 0.0901 0.0815 0.0742 0.0670 0.0606 0.0539 0.0476 0.0422 0.0373 0.0334 0.0298 0.0267 0.0241 0.0218 0.0195 0.0174 0.0156 0.0140 0.0126 0.0113 0.0101 0.0091 0.0081 0.0072 0.0065 0.0058
0.6187 0.5993 0.5978 0.6168 0.5731 0.5397 0.5335 0.4867 0.4774 0.4343 0.4223 0.3826 0.3518 0.3379 0.3039 0.2713 0.2522 0.2311 0.2058 0.1852 0.1688 0.1540 0.1373 0.1224 0.1101 0.0997 0.0908 0.0819 0.0738 0.0655 0.0578 0.0512 0.0454 0.0407 0.0365 0.0327 0.0296 0.0267 0.0239 0.0213 0.0191 0.0172 0.0154 0.0138 0.0124 0.0111 0.0099 0.0088 0.0079 0.0071
0.7562 0.7215 0.7068 0.7231 0.6903 0.6406 0.6335 0.5791 0.5633 0.5154 0.4991 0.4506 0.4191 0.4020 0.3582 0.3206 0.3003 0.2747 0.2433 0.2186 0.1995 0.1820 0.1621 0.1444 0.1300 0.1178 0.1072 0.0965 0.0868 0.0769 0.0678 0.0602 0.0535 0.0480 0.0432 0.0388 0.0351 0.0317 0.0283 0.0253 0.0226 0.0204 0.0182 0.0163 0.0146 0.0131 0.0117 0.0104 0.0093 0.0084
0.8981 0.8519 0.8229 0.8266 0.8083 0.7439 0.7358 0.6727 0.6496 0.5970 0.5742 0.5181 0.4879 0.4654 0.4107 0.3708 0.3501 0.3187 0.2803 0.2519 0.2304 0.2100 0.1867 0.1663 0.1498 0.1359 0.1235 0.1109 0.0994 0.0880 0.0776 0.0690 0.0615 0.0554 0.0499 0.0450 0.0407 0.0368 0.0328 0.0293 0.0262 0.0235 0.0210 0.0188 0.0168 0.0150 0.0134 0.0119 0.0107 0.0096
1.0349 0.9827 0.9447 0.9319 0.9220 0.8473 0.8419 0.7654 0.7381 0.6776 0.6474 0.5851 0.5570 0.5256 0.4609 0.4228 0.4019 0.3621 0.3163 0.2851 0.2616 0.2383 0.2113 0.1879 0.1695 0.1537 0.1394 0.1248 0.1117 0.0988 0.0873 0.0779 0.0697 0.0630 0.0569 0.0513 0.0464 0.0419 0.0373 0.0332 0.0296 0.0266 0.0237 0.0212 0.0190 0.0169 0.0151 0.0134 0.0120 0.0108
1.1665 1.1070 1.0625 1.0412 1.0284 0.9468 0.9493 0.8544 0.8301 0.7551 0.7192 0.6509 0.6236 0.5800 0.5095 0.4776 0.4538 0.4029 0.3508 0.3186 0.2935 0.2666 0.2356 0.2094 0.1889 0.1711 0.1549 0.1383 0.1236 0.1094 0.0970 0.0869 0.0780 0.0706 0.0639 0.0575 0.0520 0.0468 0.0416 0.0370 0.0329 0.0295 0.0263 0.0235 0.0210 0.0187 0.0167 0.0149 0.0133 0.0120
1.2992 1.2376 1.1658 1.1470 1.1316 1.0411 1.0468 0.9440 0.9242 0.8307 0.7929 0.7155 0.6865 0.6295 0.5601 0.5356 0.5032 0.4403 0.3855 0.3545 0.3274 0.2958 0.2604 0.2314 0.2088 0.1890 0.1706 0.1520 0.1359 0.1206 0.1073 0.0964 0.0867 0.0787 0.0710 0.0639 0.0576 0.0517 0.0459 0.0406 0.0361 0.0323 0.0288 0.0257 0.0230 0.0206 0.0183 0.0164 0.0146 0.0132
1.4109 1.3894 1.2670 1.2333 1.2336 1.1340 1.1180 1.0445 1.0081 0.9089 0.8695 0.7790 0.7476 0.6783 0.6155 0.5933 0.5467 0.4754 0.4237 0.3949 0.3637 0.3262 0.2863 0.2549 0.2303 0.2081 0.1874 0.1670 0.1495 0.1331 0.1187 0.1070 0.0962 0.0871 0.0785 0.0703 0.0631 0.0565 0.0501 0.0443 0.0394 0.0352 0.0314 0.0281 0.0252 0.0226 0.0201 0.0180 0.0161 0.0145
1.4492 1.5047 1.4077 1.2928 1.3192 1.2353 1.1580 1.1529 1.0616 0.9952 0.9417 0.8419 0.8085 0.7278 0.6710 0.6420 0.5810 0.5106 0.4663 0.4369 0.3984 0.3546 0.3117 0.2788 0.2523 0.2277 0.2046 0.1824 0.1638 0.1462 0.1306 0.1176 0.1055 0.0953 0.0855 0.0763 0.0683 0.0610 0.0540 0.0479 0.0426 0.0381 0.0340 0.0306 0.0275 0.0246 0.0220 0.0197 0.0176 0.0159
1.4443 1.4985 1.5595 1.3694 1.3702 1.3519 1.1963 1.2457 1.0948 1.0924 1.0004 0.9104 0.8722 0.7796 0.7245 0.6833 0.6157 0.5535 0.5127 0.4757 0.4281 0.3805 0.3371 0.3038 0.2752 0.2479 0.2224 0.1986 0.1786 0.1597 0.1426 0.1281 0.1146 0.1030 0.0922 0.0820 0.0734 0.0656 0.0582 0.0517 0.0461 0.0413 0.0370 0.0333 0.0300 0.0270 0.0241 0.0215 0.0193 0.0174
1.5302 1.4728 1.5916 1.5270 1.3959 1.4568 1.2839 1.3120 1.1596 1.1788 1.0467 0.9893 0.9358 0.8370 0.7822 0.7315 0.6649 0.6054 0.5556 0.5065 0.4540 0.4080 0.3659 0.3313 0.2993 0.2686 0.2407 0.2154 0.1941 0.1735 0.1547 0.1385 0.1236 0.1109 0.0991 0.0882 0.0789 0.0707 0.0629 0.0560 0.0502 0.0450 0.0404 0.0364 0.0328 0.0295 0.0263 0.0236 0.0211 0.0190
1.7525 1.6170 1.5894 1.6755 1.4940 1.5253 1.4324 1.3807 1.2785 1.2495 1.1232 1.0757 0.9990 0.9070 0.8511 0.7947 0.7256 0.6550 0.5917 0.5392 0.4910 0.4476 0.4023 0.3615 0.3237 0.2893 0.2595 0.2329 0.2103 0.1879 0.1672 0.1494 0.1331 0.1194 0.1069 0.0952 0.0855 0.0767 0.0684 0.0611 0.0548 0.0492 0.0441 0.0397 0.0359 0.0322 0.0287 0.0256 0.0229 0.0206
1.9163 1.8414 1.7575 1.7802 1.6954 1.6312 1.5696 1.4858 1.4185 1.3678 1.2400 1.1604 1.0860 0.9896 0.9186 0.8572 0.7801 0.7010 0.6420 0.5992 0.5516 0.4980 0.4389 0.3886 0.3464 0.3108 0.2804 0.2527 0.2283 0.2035 0.1805 0.1610 0.1433 0.1288 0.1155 0.1030 0.0925 0.0830 0.0742 0.0662 0.0593 0.0531 0.0475 0.0428 0.0386 0.0346 0.0308 0.0274 0.0245 0.0220
2.0804 2.0260 1.9330 1.9456 1.8372 1.7918 1.7083 1.6413 1.5114 1.4586 1.3158 1.2982 1.2097 1.0612 0.9874 0.9229 0.8304 0.7520 0.7016 0.6532 0.5872 0.5190 0.4575 0.4134 0.3775 0.3440 0.3113 0.2791 0.2500 0.2209 0.1947 0.1731 0.1540 0.1383 0.1240 0.1104 0.0989 0.0886 0.0790 0.0704 0.0630 0.0563 0.0503 0.0453 0.0409 0.0367 0.0326 0.0291 0.0260 0.0234
2.0436 2.1229 2.0225 1.9163 1.9580 1.7873 1.7975 1.6406 1.6183 1.4845 1.4031 1.3227 1.2074 1.1313 1.0524 0.9579 0.8800 0.8105 0.7357 0.6635 0.5992 0.5476 0.4964 0.4493 0.4030 0.3594 0.3216 0.2888 0.2617 0.2350 0.2103 0.1888 0.1685 0.1512 0.1349 0.1195 0.1065 0.0949 0.0844 0.0751 0.0672 0.0600 0.0537 0.0484 0.0437 0.0393 0.0349 0.0312 0.0279 0.0251
2.1362 2.1553 2.2079 2.0267 2.0526 1.9279 1.8837 1.7576 1.7152 1.5714 1.5053 1.3994 1.2879 1.2093 1.1167 1.0195 0.9408 0.8634 0.7809 0.7068 0.6419 0.5874 0.5306 0.4782 0.4290 0.3838 0.3450 0.3101 0.2811 0.2522 0.2255 0.2023 0.1803 0.1616 0.1442 0.1278 0.1140 0.1016 0.0905 0.0806 0.0722 0.0646 0.0577 0.0519 0.0468 0.0420 0.0374 0.0334 0.0299 0.0269
2.3839 2.2165 2.2998 2.2144 2.1112 2.0938 1.9569 1.8942 1.7991 1.6735 1.6052 1.4786 1.3745 1.2873 1.1835 1.0852 1.0025 0.9162 0.8280 0.7533 0.6870 0.6280 0.5649 0.5075 0.4561 0.4098 0.3701 0.3328 0.3013 0.2699 0.2410 0.2160 0.1923 0.1723 0.1537 0.1365 0.1218 0.1087 0.0969 0.0865 0.0775 0.0693 0.0619 0.0556 0.0501 0.0449 0.0400 0.0358 0.0320 0.0288
2.5732 2.4318 2.3290 2.4032 2.2022 2.2369 2.0512 2.0300 1.8809 1.7897 1.7004 1.5638 1.4654 1.3659 1.2545 1.1540 1.0643 0.9700 0.8786 0.8031 0.7335 0.6687 0.5993 0.5377 0.4850 0.4378 0.3970 0.3567 0.3223 0.2880 0.2568 0.2299 0.2046 0.1833 0.1637 0.1455 0.1301 0.1162 0.1037 0.0927 0.0831 0.0744 0.0664 0.0595 0.0535 0.0479 0.0427 0.0382 0.0342 0.0308
2.5658 2.6676 2.4529 2.5003 2.3749 2.3288 2.1914 2.1445 1.9771 1.9126 1.7924 1.6572 1.5595 1.4470 1.3299 1.2243 1.1265 1.0267 0.9332 0.8555 0.7806 0.7095 0.6344 0.5696 0.5162 0.4681 0.4257 0.3817 0.3438 0.3064 0.2728 0.2441 0.2173 0.1948 0.1741 0.1551 0.1389 0.1242 0.1110 0.0992 0.0891 0.0798 0.0711 0.0636 0.0571 0.0511 0.0456 0.0407 0.0364 0.0328
2.6526 2.7228 2.6993 2.5439 2.5768 2.4002 2.3600 2.2345 2.0968 2.0307 1.8826 1.7566 1.6550 1.5310 1.4079 1.2952 1.1914 1.0888 0.9925 0.9095 0.8275 0.7505 0.6716 0.6050 0.5503 0.5001 0.4549 0.4071 0.3659 0.3256 0.2896 0.2590 0.2306 0.2070 0.1854 0.1653 0.1481 0.1325 0.1186 0.1061 0.0954 0.0854 0.0761 0.0680 0.0610 0.0545 0.0486 0.0435 0.0389 0.0350
2.9657 2.7537 2.8772 2.6768 2.7100 2.5194 2.5112 2.3237 2.2359 2.1378 1.9763 1.8613 1.7522 1.6171 1.4867 1.3681 1.2615 1.1566 1.0550 0.9638 0.8741 0.7929 0.7122 0.6446 0.5873 0.5333 0.4839 0.4326 0.3886 0.3459 0.3075 0.2750 0.2450 0.2203 0.1977 0.1764 0.1580 0.1412 0.1265 0.1134 0.1021 0.0914 0.0814 0.0727 0.0652 0.0584 0.0520 0.0464 0.0415 0.0374
3.1152 3.0005 2.9156 2.9136 2.7768 2.7057 2.6203 2.4437 2.3792 2.2375 2.0806 1.9729 1.8519 1.7041 1.5668 1.4457 1.3380 1.2281 1.1177 1.0173 0.9217 0.8384 0.7569 0.6878 0.6264 0.5675 0.5131 0.4582 0.4116 0.3668 0.3261 0.2918 0.2602 0.2346 0.2109 0.1882 0.1684 0.1505 0.1350 0.1211 0.1091 0.0976 0.0869 0.0775 0.0696 0.0624 0.0555 0.0496 0.0443 0.0398
3.1076 3.2512 3.0264 3.0946 2.8877 2.8930 2.7130 2.6003 2.5096 2.3383 2.1983 2.0895 1.9511 1.7909 1.6513 1.5310 1.4199 1.3001 1.1789 1.0711 0.9724 0.8885 0.8058 0.7339 0.6669 0.6019 0.5421 0.4839 0.4351 0.3886 0.3458 0.3098 0.2766 0.2499 0.2252 0.2008 0.1796 0.1603 0.1438 0.1291 0.1164 0.1042 0.0927 0.0826 0.0742 0.0665 0.0592 0.0528 0.0472 0.0424
3.3654 3.3023 3.2910 3.1715 3.0931 3.0216 2.8397 2.7688 2.6230 2.4513 2.3289 2.2060 2.0470 1.8805 1.7447 1.6240 1.5032 1.3698 1.2392 1.1276 1.0283 0.9438 0.8582 0.7817 0.7076 0.6361 0.5710 0.5100 0.4596 0.4118 0.3671 0.3292 0.2943 0.2665 0.2404 0.2142 0.1914 0.1705 0.1531 0.1375 0.1241 0.1110 0.0987 0.0879 0.0790 0.0709 0.0631 0.0563 0.0503 0.0450
3.6109 3.4080 3.4692 3.2793 3.2866 3.1103 3.0045 2.9129 2.7284 2.5827 2.4628 2.3121 2.1374 1.9780 1.8492 1.7208 1.5837 1.4367 1.3009 1.1906 1.0923 1.0055 0.9139 0.8304 0.7500 0.6730 0.6036 0.5393 0.4866 0.4368 0.3907 0.3514 0.3149 0.2852 0.2572 0.2291 0.2049 0.1829 0.1639 0.1471 0.1326 0.1187 0.1056 0.0939 0.0842 0.0755 0.0673 0.0601 0.0537 0.0481
3.6347 3.6665 3.5351 3.4871 3.4069 3.2381 3.1798 3.0297 2.8483 2.7325 2.5904 2.4083 2.2333 2.0893 1.9603 1.8137 1.6587 1.5037 1.3686 1.2613 1.1621 1.0695 0.9694 0.8781 0.7921 0.7105 0.6377 0.5707 0.5159 0.4641 0.4163 0.3754 0.3371 0.3051 0.2748 0.2448 0.2191 0.1958 0.1752 0.1570 0.1415 0.1267 0.1128 0.1003 0.0897 0.0802 0.0718 0.0641 0.0573 0.0513
3.7922 3.8145 3.6713 3.6734 3.5038 3.4125 3.3265 3.1375 2.9950 2.8858 2.7006 2.5019 2.3446 2.2121 2.0683 1.8980 1.7312 1.5768 1.4454 1.3391 1.2348 1.1331 1.0233 0.9247 0.8345 0.7497 0.6742 0.6048 0.5479 0.4937 0.4439 0.4011 0.3605 0.3260 0.2933 0.2611 0.2338 0.2093 0.1869 0.1673 0.1508 0.1351 0.1203 0.1069 0.0954 0.0852 0.0765 0.0684 0.0611 0.0548
4.0186 3.8970 3.8745 3.7891 3.6402 3.5901 3.4373 3.2639 3.1623 3.0204 2.7955 2.6092 2.4739 2.3347 2.1645 1.9760 1.8088 1.6609 1.5314 1.4206 1.3065 1.1940 1.0754 0.9715 0.8789 0.7921 0.7144 0.6423 0.5829 0.5256 0.4733 0.4281 0.3851 0.3478 0.3124 0.2780 0.2492 0.2233 0.1991 0.1781 0.1604 0.1439 0.1282 0.1139 0.1014 0.0905 0.0815 0.0729 0.0652 0.0584
4.1241 4.0316 4.0344 3.8815 3.8211 3.7321 3.5393 3.4248 3.3203 3.1250 2.8990 2.7457 2.6121 2.4438 2.2502 2.0606 1.9049 1.7638 1.6300 1.5066 1.3784 1.2559 1.1311 1.0248 0.9310 0.8426 0.7627 0.6875 0.6246 0.5629 0.5072 0.4589 0.4125 0.3725 0.3346 0.2976 0.2666 0.2388 0.2131 0.1906 0.1715 0.1540 0.1374 0.1223 0.1090 0.0973 0.0875 0.0783 0.0700 0.0628
4.1823 4.2157 4.1147 4.0167 3.9995 3.8188 3.6756 3.6032 3.4380 3.2173 3.0307 2.8967 2.7350 2.5346 2.3350 2.1586 2.0152 1.8730 1.7270 1.5878 1.4467 1.3174 1.1898 1.0829 0.9887 0.8984 0.8154 0.7360 0.6686 0.6018 0.5423 0.4907 0.4408 0.3981 0.3576 0.3181 0.2849 0.2550 0.2278 0.2038 0.1833 0.1647 0.1471 0.1313 0.1171 0.1045 0.0939 0.0841 0.0751 0.0674
4.3352 4.3268 4.1740 4.2194 4.0875 3.9119 3.8656 3.7412 3.5173 3.3358 3.1903 3.0355 2.8320 2.6184 2.4332 2.2736 2.1334 1.9800 1.8178 1.6642 1.5142 1.3823 1.2542 1.1475 1.0524 0.9590 0.8715 0.7868 0.7142 0.6417 0.5782 0.5233 0.4699 0.4246 0.3817 0.3397 0.3041 0.2721 0.2434 0.2178 0.1958 0.1761 0.1576 0.1410 0.1258 0.1123 0.1009 0.0903 0.0806 0.0724
4.5179 4.3121 4.3923 4.3281 4.1287 4.1029 4.0322 3.8115 3.6182 3.5026 3.3487 3.1454 2.9202 2.7211 2.5573 2.4032 2.2524 2.0815 1.9047 1.7426 1.5895 1.4575 1.3288 1.2204 1.1222 1.0240 0.9310 0.8402 0.7622 0.6845 0.6168 0.5583 0.5015 0.4533 0.4079 0.3634 0.3257 0.2917 0.2613 0.2340 0.2105 0.1895 0.1697 0.1520 0.1358 0.1213 0.1089 0.0974 0.0871 0.0782
4.4381 4.5507 4.5392 4.3212 4.3216 4.3000 4.0892 3.8934 3.7952 3.6833 3.4711 3.2380 3.0317 2.8608 2.7065 2.5397 2.3684 2.1805 1.9948 1.8319 1.6802 1.5482 1.4158 1.3019 1.1975 1.0930 0.9942 0.8971 0.8144 0.7329 0.6602 0.5975 0.5372 0.4860 0.4377 0.3906 0.3511 0.3155 0.2829 0.2538 0.2288 0.2060 0.1844 0.1648 0.1476 0.1322 0.1186 0.1062 0.0949 0.0853
4.6994 4.7061 4.4692 4.5280 4.5447 4.3274 4.1385 4.0796 3.9967 3.8073 3.5524 3.3414 3.1764 3.0216 2.8559 2.6660 2.4763 2.2792 2.0915 1.9315 1.7814 1.6473 1.5083 1.3865 1.2746 1.1632 1.0586 0.9553 0.8684 0.7837 0.7061 0.6393 0.5755 0.5212 0.4699 0.4203 0.3788 0.3416 0.3066 0.2755 0.2489 0.2241 0.2004 0.1788 0.1605 0.1440 0.1292 0.1157 0.1035 0.0930
4.8120 4.5736 4.7211 4.7677 4.5221 4.3547 4.3443 4.3017 4.1163 3.8709 3.6469 3.4900 3.3505 3.1839 2.9928 2.7821 2.5835 2.3855 2.1994 2.0421 1.8910 1.7518 1.6037 1.4725 1.3525 1.2344 1.1248 1.0157 0.9251 0.8378 0.7554 0.6844 0.6170 0.5594 0.5049 0.4525 0.4091 0.3700 0.3324 0.2992 0.2709 0.2439 0.2179 0.1940 0.1745 0.1569 0.1408 0.1261 0.1129 0.1014
4.6888 4.9461 4.9498 4.6978 4.5922 4.6410 4.6023 4.4194 4.1838 3.9918 3.8286 3.6915 3.5321 3.3359 3.1246 2.9078 2.7116 2.5171 2.3317 2.1709 2.0130 1.8666 1.7101 1.5717 1.4448 1.3206 1.2058 1.0906 0.9941 0.8999 0.8141 0.7403 0.6692 0.6078 0.5497 0.4939 0.4472 0.4049 0.3634 0.3270 0.2960 0.2670 0.2392 0.2141 0.1930 0.1738 0.1559 0.1397 0.1251 0.1124
5.1818 5.0401 4.8131 4.8554 4.9554 4.8825 4.6697 4.4664 4.3263 4.2184 4.0621 3.8883 3.6870 3.4694 3.2554 3.0460 2.8570 2.6649 2.4762 2.3076 2.1400 1.9857 1.8215 1.6771 1.5444 1.4148 1.2951 1.1738 1.0708 0.9683 0.8792 0.8026 0.7275 0.6620 0.5997 0.5403 0.4899 0.4438 0.3978 0.3575 0.3236 0.2924 0.2629 0.2367 0.2138 0.1927 0.1730 0.1551 0.1389 0.1249
5.0196 4.9587 5.1566 5.2481 5.0990 4.8763 4.7298 4.6653 4.6035 4.4848 4.2644 4.0390 3.8152 3.6018 3.4014 3.2044 3.0202 2.8254 2.6289 2.4499 2.2716 2.1100 1.9392 1.7898 1.6521 1.5174 1.3929 1.2651 1.1549 1.0431 0.9504 0.8707 0.7912 0.7212 0.6543 0.5909 0.5365 0.4861 0.4352 0.3908 0.3535 0.3200 0.2888 0.2616 0.2368 0.2137 0.1919 0.1721 0.1542 0.1388
5.2969 5.5021 5.4345 5.2271 5.0768 5.0415 5.0432 4.9944 4.8623 4.6634 4.3983 4.1657 3.9549 3.7606 3.5748 3.3851 3.1975 2.9943 2.7884 2.6010 2.4147 2.2453 2.0673 1.9124 1.7693 1.6292 1.4996 1.3666 1.2514 1.1332 1.0343 0.9492 0.8642 0.7889 0.7168 0.6492 0.5907 0.5363 0.4811 0.4330 0.3926 0.3561 0.3219 0.2923 0.2651 0.2396 0.2155 0.1935 0.1736 0.1564
5.7091 5.4926 5.3596 5.3760 5.4373 5.4510 5.3686 5.2007 4.9891 4.7687 4.5321 4.3323 4.1439 3.9593 3.7752 3.5828 3.3842 3.1692 2.9544 2.7624 2.5710 2.3931 2.2067 2.0451 1.8963 1.7502 1.6147 1.4779 1.3601 1.2389 1.1313 1.0383 0.9466 0.8654 0.7878 0.7156 0.6531 0.5948 0.5365 0.4853 0.4422 0.4016 0.3633 0.3298 0.2995 0.2712 0.2444 0.2199 0.1977 0.1785
5.6313 5.7323 5.8369 5.8588 5.7753 5.6403 5.4774 5.2992 5.1199 4.9421 4.7486 4.5677 4.3784 4.1833 3.9879 3.7870 3.5750 3.3488 3.1267 2.9319 2.7365 2.5503 2.3553 2.1865 2.0316 1.8790 1.7373 1.5968 1.4767 1.3529 1.2358 1.1344 1.0357 0.9483 0.8647 0.7879 0.7213 0.6591 0.5977 0.5435 0.4977 0.4526 0.4097 0.3718 0.3381 0.3068 0.2770 0.2498 0.2251 0.2036
6.3107 6.2712 6.1349 5.9795 5.8393 5.7406 5.6504 5.5327 5.3891 5.2207 5.0275 4.8309 4.6190 4.4006 4.1864 3.9704 3.7498 3.5171 3.2908 3.0948 2.8968 2.7041 2.5011 2.3252 2.1646 2.0069 1.8610 1.7175 1.5952 1.4680 1.3432 1.2349 1.1303 1.0380 0.9495 0.8675 0.7964 0.7298 0.6650 0.6076 0.5589 0.5095 0.4620 0.4194 0.3823 0.3478 0.3150 0.2848 0.2574 0.2334
6.4740 6.3657 6.2894 6.2377 6.1858 6.1199 6.0175 5.8595 5.6852 5.4933 5.2827 5.0664 4.8346 4.5924 4.3520 4.1060 3.8844 3.6522 3.4251 3.2288 3.0297 2.8357 2.6264 2.4437 2.2788 2.1203 1.9760 1.8308 1.7055 1.5722 1.4450 1.3351 1.2286 1.1358 1.0452 0.9566 0.8795 0.8073 0.7385 0.6771 0.6248 0.5727 0.5215 0.4744 0.4341 0.3967 0.3611 0.3280 0.2975 0.2706
6.9493 6.9069 6.8461 6.7629 6.6518 6.5021 6.3189 6.0947 5.8935 5.6952 5.4879 5.2700 5.0320 4.7750 4.5137 4.2399 4.0191 3.7884 3.5609 3.3649 3.1651 2.9700 2.7543 2.5647 2.3959 2.2371 2.0957 1.9495 1.8216 1.6822 1.5531 1.4424 1.3345 1.2419 1.1499 1.0543 0.9708 0.8926 0.8196 0.7541 0.6981 0.6434 0.5883 0.5363 0.4927 0.4524 0.4139 0.3775 0.3437 0.3138
7.4366 7.3026 7.1788 7.0492 6.9034 6.7156 6.4996 6.2500 6.0503 5.8641 5.6721 5.4592 5.2182 4.9472 4.6650 4.3637 4.1430 3.9137 3.6864 3.4908 3.2906 3.0948 2.8730 2.6765 2.5038 2.3456 2.2080 2.0615 1.9321 1.7880 1.6575 1.5464 1.4378 1.3460 1.2533 1.1507 1.0613 0.9773 0.9004 0.8311 0.7716 0.7145 0.6560 0.5992 0.5524 0.5092 0.4682 0.4287 0.3917 0.3587
7.4104 7.2928 7.1854 7.0632 6.9117 6.7255 6.5120 6.2650 6.0585 5.8631 5.6698 5.4572 5.2174 4.9394 4.6556 4.3581 4.1342 3.9042 3.6817 3.4881 3.2889 3.0934 2.8669 2.6640 2.4873 2.3294 2.1950 2.0493 1.9245 1.7897 1.6579 1.5450 1.4365 1.3433 1.2490 1.1465 1.0585 0.9764 0.9000 0.8300 0.7690 0.7120 0.6540 0.5984 0.5511 0.5078 0.4680 0.4289 0.3920 0.3590
