0.1260 0.0672 0.0065 0.0635 0.1420 0.0223 0.0838 0.0755 0.0512 0.0673 0.0724 0.0186 0.1013 0.0192 0.0316 0.0845 0.0315 0.0041 0.0460 0.0642 0.0328 0.0035 0.0082 0.0310 0.0441 0.0386 0.0224 0.0076 0.0010 0.0028 0.0092 0.0161 0.0209 0.0224 0.0214 0.0183 0.0144 0.0105 0.0070 0.0043 0.0023 0.0011 0.0005 0.0002 0.0003 0.0006 0.0010 0.0014 0.0017 0.0020
0.3904 0.2169 0.0227 0.1780 0.4277 0.0742 0.2422 0.2349 0.1464 0.2084 0.2116 0.0596 0.3036 0.0548 0.0981 0.2534 0.0921 0.0130 0.1398 0.1922 0.0967 0.0099 0.0255 0.0939 0.1325 0.1155 0.0666 0.0222 0.0029 0.0086 0.0279 0.0487 0.0628 0.0673 0.0641 0.0548 0.0431 0.0314 0.0210 0.0128 0.0069 0.0033 0.0013 0.0007 0.0010 0.0018 0.0029 0.0041 0.0051 0.0061
0.6870 0.4121 0.0525 0.2565 0.7149 0.1497 0.3724 0.4187 0.2199 0.3689 0.3334 0.1120 0.5045 0.0820 0.1745 0.4216 0.1451 0.0246 0.2391 0.3190 0.1561 0.0150 0.0451 0.1595 0.2215 0.1910 0.1088 0.0356 0.0047 0.0149 0.0475 0.0821 0.1052 0.1123 0.1067 0.0910 0.0714 0.0519 0.0346 0.0210 0.0114 0.0053 0.0022 0.0012 0.0017 0.0031 0.0049 0.0069 0.0086 0.0103
1.0205 0.6815 0.1187 0.2797 0.9942 0.2698 0.4557 0.6414 0.2596 0.5608 0.4259 0.1854 0.7005 0.0969 0.2678 0.5874 0.1859 0.0413 0.3472 0.4430 0.2079 0.0181 0.0689 0.2296 0.3114 0.2640 0.1478 0.0470 0.0062 0.0224 0.0688 0.1169 0.1485 0.1576 0.1490 0.1267 0.0990 0.0717 0.0476 0.0288 0.0155 0.0072 0.0030 0.0017 0.0025 0.0044 0.0070 0.0097 0.0122 0.0145
1.3644 1.0420 0.2603 0.2404 1.2408 0.4602 0.4756 0.9125 0.2572 0.7931 0.4774 0.2911 0.8851 0.0973 0.3854 0.7474 0.2106 0.0665 0.4671 0.5623 0.2490 0.0192 0.0987 0.3057 0.4021 0.3335 0.1822 0.0556 0.0074 0.0315 0.0922 0.1536 0.1930 0.2032 0.1910 0.1615 0.1257 0.0906 0.0599 0.0360 0.0193 0.0089 0.0036 0.0022 0.0033 0.0059 0.0092 0.0127 0.0159 0.0188
1.6472 1.4789 0.5291 0.1556 1.4121 0.7475 0.4241 1.2318 0.2134 1.0693 0.4783 0.4416 1.0470 0.0850 0.5340 0.8959 0.2163 0.1051 0.6009 0.6738 0.2769 0.0189 0.1370 0.3892 0.4932 0.3980 0.2109 0.0609 0.0087 0.0428 0.1186 0.1927 0.2387 0.2490 0.2323 0.1953 0.1511 0.1084 0.0712 0.0425 0.0225 0.0103 0.0042 0.0027 0.0042 0.0075 0.0116 0.0159 0.0198 0.0233
1.7525 1.9192 0.9709 0.0812 1.4520 1.1469 0.3112 1.5819 0.1427 1.3822 0.4248 0.6494 1.1707 0.0666 0.7192 1.0242 0.2023 0.1633 0.7493 0.7734 0.2892 0.0187 0.1862 0.4811 0.5838 0.4558 0.2325 0.0627 0.0103 0.0570 0.1485 0.2346 0.2859 0.2948 0.2728 0.2277 0.1750 0.1246 0.0813 0.0481 0.0252 0.0114 0.0047 0.0032 0.0053 0.0093 0.0142 0.0193 0.0238 0.0280
1.5604 2.2167 1.5844 0.1194 1.3096 1.6444 0.1763 1.9208 0.0799 1.7088 0.3240 0.9228 1.2370 0.0548 0.9431 1.1208 0.1707 0.2484 0.9114 0.8559 0.2846 0.0213 0.2492 0.5818 0.6725 0.5053 0.2462 0.0608 0.0129 0.0749 0.1825 0.2796 0.3345 0.3406 0.3120 0.2582 0.1970 0.1392 0.0900 0.0527 0.0273 0.0121 0.0050 0.0038 0.0065 0.0113 0.0171 0.0229 0.0281 0.0328
1.0459 2.1828 2.2677 0.4036 0.9744 2.1745 0.0960 2.1801 0.0822 2.0059 0.1994 1.2611 1.2263 0.0697 1.2015 1.1719 0.1273 0.3682 1.0833 0.9151 0.2628 0.0305 0.3286 0.6911 0.7573 0.5445 0.2510 0.0556 0.0174 0.0973 0.2213 0.3278 0.3844 0.3859 0.3496 0.2866 0.2167 0.1518 0.0972 0.0561 0.0286 0.0125 0.0053 0.0045 0.0079 0.0136 0.0202 0.0268 0.0327 0.0380
0.4059 1.6975 2.7852 1.0390 0.5236 2.6070 0.1795 2.2717 0.2238 2.2100 0.0961 1.6480 1.1246 0.1373 1.4815 1.1633 0.0833 0.5298 1.2580 0.9444 0.2255 0.0515 0.4269 0.8076 0.8353 0.5714 0.2466 0.0478 0.0248 0.1253 0.2653 0.3795 0.4354 0.4304 0.3852 0.3125 0.2339 0.1622 0.1026 0.0585 0.0292 0.0126 0.0055 0.0054 0.0096 0.0162 0.0237 0.0311 0.0376 0.0434
0.1081 0.8781 2.8238 1.9953 0.1574 2.7637 0.5407 2.1133 0.5765 2.2484 0.0811 2.0475 0.9318 0.2873 1.7613 1.0854 0.0557 0.7384 1.4258 0.9383 0.1767 0.0906 0.5470 0.9306 0.9046 0.5849 0.2332 0.0385 0.0366 0.1601 0.3156 0.4352 0.4880 0.4745 0.4191 0.3361 0.2488 0.1705 0.1065 0.0597 0.0292 0.0124 0.0057 0.0064 0.0116 0.0192 0.0276 0.0358 0.0429 0.0491
0.6884 0.1955 2.1914 2.9975 0.1762 2.4859 1.2399 1.6717 1.1763 2.0607 0.2334 2.3980 0.6679 0.5480 2.0107 0.9373 0.0666 0.9937 1.5721 0.8918 0.1231 0.1552 0.6908 1.0579 0.9625 0.5838 0.2114 0.0295 0.0546 0.2032 0.3733 0.4959 0.5428 0.5186 0.4516 0.3577 0.2616 0.1770 0.1089 0.0599 0.0287 0.0119 0.0060 0.0077 0.0140 0.0226 0.0320 0.0410 0.0486 0.0554
2.2181 0.3346 1.0827 3.5502 0.8405 1.7534 2.2076 1.0212 1.9789 1.6304 0.6202 2.6110 0.3804 0.9377 2.1891 0.7296 0.1413 1.2852 1.6744 0.8003 0.0741 0.2523 0.8563 1.1821 1.0026 0.5654 0.1819 0.0229 0.0808 0.2558 0.4384 0.5607 0.5985 0.5614 0.4816 0.3763 0.2716 0.1812 0.1097 0.0591 0.0276 0.0114 0.0065 0.0093 0.0168 0.0266 0.0369 0.0467 0.0549 0.0620
3.7829 1.6631 0.1989 3.1911 2.1225 0.8074 3.1911 0.3888 2.8232 1.0260 1.2613 2.5967 0.1510 1.4518 2.2559 0.4915 0.3050 1.5960 1.7144 0.6683 0.0436 0.3881 1.0395 1.2958 1.0199 0.5292 0.1469 0.0215 0.1175 0.3191 0.5112 0.6293 0.6547 0.6023 0.5085 0.3915 0.2786 0.1830 0.1087 0.0572 0.0259 0.0107 0.0071 0.0114 0.0202 0.0312 0.0424 0.0529 0.0616 0.0691
3.8937 3.5467 0.4596 1.9139 3.5306 0.1663 3.7760 0.1180 3.4487 0.4309 2.0903 2.2960 0.0845 2.0443 2.1694 0.2670 0.5805 1.9078 1.6839 0.5110 0.0482 0.5652 1.2320 1.3895 1.0098 0.4754 0.1095 0.0287 0.1669 0.3937 0.5913 0.7007 0.7100 0.6402 0.5314 0.4028 0.2821 0.1821 0.1059 0.0542 0.0239 0.0101 0.0081 0.0140 0.0242 0.0364 0.0486 0.0598 0.0689 0.0767
2.0953 4.3963 2.1477 0.5258 4.2176 0.4045 3.5564 0.5185 3.5970 0.1245 2.9301 1.7233 0.2837 2.6203 1.8990 0.1120 0.9803 2.1997 1.5843 0.3515 0.1050 0.7830 1.4238 1.4543 0.9696 0.4068 0.0741 0.0481 0.2308 0.4799 0.6778 0.7734 0.7628 0.6735 0.5490 0.4090 0.2814 0.1781 0.1010 0.0501 0.0214 0.0096 0.0096 0.0173 0.0291 0.0425 0.0557 0.0675 0.0770 0.0850
0.2711 3.0870 4.1910 0.2674 3.5835 1.7372 2.4526 1.6576 3.0887 0.3529 3.5586 1.0281 0.8105 3.0499 1.4571 0.0920 1.4842 2.4203 1.4033 0.2089 0.2314 1.0457 1.6122 1.4894 0.9030 0.3294 0.0467 0.0838 0.3108 0.5773 0.7690 0.8453 0.8112 0.7007 0.5603 0.4096 0.2764 0.1710 0.0942 0.0451 0.0187 0.0094 0.0118 0.0215 0.0349 0.0496 0.0637 0.0760 0.0858 0.0939
0.9922 0.8558 4.6646 1.7824 1.8692 3.6061 1.0473 3.2117 1.9660 1.1933 3.7379 0.4318 1.6385 3.2149 0.9273 0.2782 2.0372 2.4948 1.1204 0.0969 0.4391 1.3521 1.7916 1.4933 0.8140 0.2502 0.0336 0.1395 0.4080 0.6852 0.8634 0.9147 0.8539 0.7210 0.5650 0.4048 0.2672 0.1611 0.0859 0.0395 0.0162 0.0099 0.0149 0.0266 0.0418 0.0577 0.0725 0.0854 0.0952 0.1035
4.0384 0.3461 2.8550 4.1903 0.3168 4.8460 0.1633 4.4419 0.7498 2.5251 3.2315 0.1093 2.5918 3.0148 0.4320 0.6949 2.5471 2.3846 0.7806 0.0589 0.7139 1.6441 1.8994 1.4242 0.6858 0.1672 0.0368 0.2154 0.5196 0.7986 0.9552 0.9762 0.8866 0.7317 0.5614 0.3938 0.2539 0.1488 0.0765 0.0337 0.0141 0.0111 0.0189 0.0329 0.0497 0.0668 0.0823 0.0955 0.1055 0.1137
5.3925 3.0469 0.4693 5.3047 0.6495 4.3837 0.7798 4.5996 0.1393 3.9487 2.1668 0.4228 3.5208 2.4357 0.1218 1.3701 2.9723 2.1058 0.4470 0.1500 1.0882 1.9446 1.9598 1.3075 0.5401 0.0969 0.0689 0.3220 0.6548 0.9259 1.0515 1.0359 0.9142 0.7361 0.5519 0.3781 0.2374 0.1346 0.0664 0.0280 0.0127 0.0134 0.0242 0.0405 0.0590 0.0772 0.0934 0.1068 0.1167 0.1248
2.4836 5.7393 0.8625 3.5467 3.1513 2.2583 2.8949 3.3034 0.7785 4.7115 0.9297 1.4282 4.0478 1.5781 0.1739 2.2047 3.1742 1.6602 0.1848 0.3903 1.5239 2.2014 1.9413 1.1382 0.3868 0.0510 0.1358 0.4579 0.8069 1.0576 1.1433 1.0862 0.9311 0.7307 0.5345 0.3569 0.2174 0.1187 0.0558 0.0229 0.0124 0.0172 0.0311 0.0497 0.0698 0.0890 0.1056 0.1191 0.1289 0.1367
0.1435 4.2211 4.2911 0.7282 5.6489 0.3415 5.1395 1.2969 2.6318 4.2743 0.1729 2.8949 3.9063 0.7021 0.6913 3.0404 3.0693 1.1134 0.0719 0.7885 1.9830 2.3789 1.8331 0.9256 0.2420 0.0423 0.2436 0.6234 0.9726 1.1897 1.2267 1.1244 0.9357 0.7149 0.5093 0.3304 0.1945 0.1016 0.0453 0.0187 0.0135 0.0226 0.0397 0.0606 0.0822 0.1023 0.1191 0.1326 0.1419 0.1494
3.4233 0.6110 6.2681 0.7133 5.2932 0.8787 5.5751 0.1754 4.7426 2.7117 0.4878 4.2814 3.0433 0.1609 1.6477 3.6677 2.6317 0.5765 0.1779 1.3257 2.4124 2.4432 1.6334 0.6871 0.1253 0.0833 0.3965 0.8163 1.1471 1.3167 1.2974 1.1475 0.9264 0.6882 0.4763 0.2993 0.1693 0.0841 0.0356 0.0160 0.0165 0.0300 0.0503 0.0734 0.0964 0.1172 0.1340 0.1472 0.1560 0.1629
6.7649 1.5425 3.5067 4.2871 2.1605 3.9281 3.5242 1.2262 5.6491 0.9059 1.9925 4.9167 1.7297 0.2783 2.8463 3.8798 1.9233 0.1917 0.5448 1.9512 2.7512 2.3711 1.3546 0.4485 0.0582 0.1850 0.5951 1.0313 1.3230 1.4320 1.3510 1.1535 0.9029 0.6509 0.4365 0.2643 0.1428 0.0669 0.0274 0.0154 0.0219 0.0399 0.0633 0.0883 0.1124 0.1337 0.1503 0.1630 0.1712 0.1774
3.1811 6.2316 0.2809 6.7982 0.2198 6.4703 0.8249 4.0294 4.4819 0.1786 4.0693 4.3639 0.5450 1.1835 3.9385 3.5512 1.1044 0.1021 1.1659 2.5819 2.9362 2.1523 1.0210 0.2413 0.0620 0.3548 0.8364 1.2604 1.4916 1.5285 1.3829 1.1401 0.8642 0.6033 0.3905 0.2266 0.1159 0.0510 0.0214 0.0175 0.0302 0.0527 0.0790 0.1056 0.1305 0.1519 0.1681 0.1802 0.1875 0.1929
0.2992 5.9173 2.7024 4.2439 2.6692 5.3873 0.5255 6.3018 1.9716 1.3719 5.5480 2.7792 0.1586 2.6791 4.5268 2.7141 0.4143 0.4093 1.9713 3.1088 2.9136 1.7961 0.6709 0.1011 0.1555 0.5948 1.1125 1.4928 1.6434 1.5995 1.3889 1.1049 0.8097 0.5458 0.3394 0.1872 0.0899 0.0375 0.0185 0.0230 0.0419 0.0687 0.0975 0.1254 0.1508 0.1720 0.1875 0.1987 0.2049 0.2092
5.4880 0.9328 7.2300 0.4670 6.7223 1.7243 3.5367 5.7583 0.2624 3.9843 5.3861 0.9964 0.9729 4.2346 4.3213 1.5968 0.1134 1.1283 2.8264 3.4193 2.6593 1.3415 0.3572 0.0641 0.3509 0.8998 1.4102 1.7146 1.7678 1.6382 1.3657 1.0473 0.7402 0.4798 0.2847 0.1480 0.0661 0.0274 0.0197 0.0326 0.0574 0.0882 0.1192 0.1479 0.1733 0.1939 0.2085 0.2186 0.2234 0.2265
7.1403 2.2040 5.3874 2.2914 6.4485 0.3975 6.8492 2.6816 1.2274 6.1939 3.5111 0.1796 2.8031 5.1612 3.3097 0.5921 0.3950 2.1554 3.5503 3.4231 2.1908 0.8548 0.1399 0.1608 0.6507 1.2561 1.7113 1.9103 1.8539 1.6386 1.3112 0.9676 0.6573 0.4074 0.2288 0.1107 0.0463 0.0222 0.0259 0.0470 0.0774 0.1117 0.1443 0.1732 0.1982 0.2179 0.2312 0.2398 0.2431 0.2448
1.0143 7.8022 0.5494 7.3066 1.9475 3.8673 6.4144 0.3200 4.4446 6.1223 1.1643 1.1008 4.8289 4.9536 1.8494 0.1399 1.2936 3.2699 3.9578 3.0830 1.5753 0.4241 0.0768 0.4091 1.0445 1.6433 1.9999 2.0706 1.8985 1.5998 1.2273 0.8690 0.5646 0.3319 0.1743 0.0779 0.0322 0.0231 0.0380 0.0669 0.1023 0.1393 0.1730 0.2019 0.2259 0.2441 0.2561 0.2630 0.2644 0.2645
3.1017 5.0373 3.1428 6.4869 0.6612 7.6886 2.5079 1.7137 7.0379 3.6205 0.2307 3.4693 5.9200 3.5837 0.5771 0.5469 2.6256 4.1705 3.9076 2.4373 0.9267 0.1457 0.2126 0.8076 1.5066 2.0294 2.2456 2.1725 1.8870 1.5161 1.1129 0.7530 0.4648 0.2564 0.1242 0.0516 0.0255 0.0315 0.0571 0.0929 0.1324 0.1715 0.2053 0.2337 0.2561 0.2724 0.2827 0.2876 0.2869 0.2851
8.6231 0.3608 8.3821 1.1188 5.4623 6.0940 0.3087 5.7887 6.2679 0.8316 1.7812 5.8683 5.3186 1.6895 0.1813 1.8123 4.0042 4.5644 3.3641 1.6118 0.3909 0.1067 0.5662 1.3316 1.9969 2.3774 2.4226 2.2014 1.8141 1.3883 0.9719 0.6246 0.3627 0.1851 0.0818 0.0345 0.0282 0.0486 0.0840 0.1257 0.1682 0.2082 0.2415 0.2687 0.2888 0.3027 0.3110 0.3137 0.3105 0.3067
2.6163 5.8619 4.7311 2.0921 8.3919 1.2929 3.3618 7.8422 2.7119 0.5706 4.9165 6.5839 3.2539 0.3434 1.0368 3.5493 4.9473 4.2754 2.4337 0.8051 0.1164 0.3624 1.1213 1.9317 2.4641 2.6485 2.5075 2.1476 1.6792 1.2210 0.8109 0.4906 0.2642 0.1226 0.0508 0.0291 0.0420 0.0757 0.1195 0.1656 0.2098 0.2498 0.2816 0.3069 0.3242 0.3350 0.3410 0.3411 0.3352 0.3293
2.0493 8.1143 0.4004 8.1468 3.9271 1.2556 7.8531 5.0983 0.2981 3.5262 7.1336 4.9167 1.0114 0.4828 2.9198 5.0873 5.0657 3.3405 1.3656 0.2482 0.2175 0.9190 1.8270 2.5484 2.8653 2.8187 2.4892 2.0102 1.4891 1.0257 0.6407 0.3598 0.1763 0.0743 0.0348 0.0382 0.0688 0.1143 0.1647 0.2137 0.2583 0.2972 0.3266 0.3491 0.3631 0.3707 0.3736 0.3707 0.3618 0.3536
9.1523 1.1362 6.1358 6.6829 0.3661 6.6956 7.1811 0.9361 2.1771 7.0727 6.3857 2.0248 0.2320 2.2691 5.0034 5.7225 4.2329 2.0282 0.4877 0.1408 0.7385 1.7181 2.5880 3.0905 3.1322 2.8473 2.3536 1.7912 1.2521 0.8106 0.4699 0.2401 0.1053 0.0446 0.0372 0.0639 0.1100 0.1650 0.2198 0.2698 0.3131 0.3497 0.3757 0.3945 0.4046 0.4084 0.4079 0.4016 0.3896 0.3788
3.1363 3.8595 8.5213 0.6479 5.1388 8.5466 2.0928 1.2013 6.6048 7.5414 3.1577 0.2581 1.7177 4.8216 6.2108 5.0817 2.7168 0.8012 0.1292 0.5922 1.6263 2.6379 3.2841 3.4714 3.2173 2.7185 2.1048 1.5046 0.9850 0.5914 0.3116 0.1415 0.0584 0.0385 0.0613 0.1083 0.1669 0.2284 0.2852 0.3340 0.3741 0.4072 0.4287 0.4429 0.4484 0.4480 0.4437 0.4338 0.4183 0.4049
2.2212 9.3745 1.4841 3.8295 9.2510 3.2926 0.6628 6.0813 8.3447 4.2189 0.4502 1.3307 4.6805 6.6340 5.8200 3.3846 1.1316 0.1622 0.4969 1.5667 2.7286 3.5154 3.7936 3.6212 3.0951 2.4370 1.7641 1.1762 0.7114 0.3874 0.1804 0.0743 0.0424 0.0607 0.1100 0.1734 0.2407 0.3057 0.3618 0.4071 0.4426 0.4706 0.4864 0.4951 0.4954 0.4903 0.4817 0.4679 0.4488 0.4325
9.7599 2.2223 3.0864 9.6044 4.1680 0.4485 5.7838 8.9382 5.0132 0.6588 1.1347 4.6906 7.1005 6.4946 3.9420 1.4209 0.2073 0.4574 1.5845 2.8731 3.8200 4.1763 4.0142 3.4996 2.7677 2.0276 1.3638 0.8367 0.4566 0.2181 0.0900 0.0477 0.0638 0.1151 0.1859 0.2609 0.3330 0.3982 0.4507 0.4907 0.5199 0.5415 0.5501 0.5517 0.5461 0.5359 0.5228 0.5049 0.4820 0.4623
2.3256 3.0065 9.8624 4.4418 0.4192 5.9229 9.4021 5.3991 0.7319 1.1510 4.9504 7.6291 7.0775 4.3346 1.5813 0.2308 0.4784 1.7127 3.1321 4.1825 4.6302 4.4533 3.8738 3.1012 2.2659 1.5320 0.9423 0.5179 0.2455 0.1022 0.0533 0.0703 0.1275 0.2046 0.2904 0.3711 0.4430 0.5046 0.5505 0.5825 0.6038 0.6174 0.6177 0.6111 0.5990 0.5833 0.5654 0.5431 0.5161 0.4930
3.7574 10.1123 3.9324 0.5849 6.6702 9.7596 5.2176 0.5912 1.4470 5.6078 8.2677 7.4769 4.4672 1.5498 0.2112 0.5917 1.9937 3.5622 4.6763 5.1196 4.9327 4.2562 3.3739 2.4765 1.6560 1.0142 0.5528 0.2602 0.1066 0.0587 0.0821 0.1491 0.2373 0.3308 0.4237 0.5037 0.5703 0.6244 0.6603 0.6821 0.6936 0.6979 0.6886 0.6729 0.6538 0.6322 0.6093 0.5824 0.5512 0.5244
10.0745 2.6089 1.2841 8.1246 9.8240 4.3417 0.3220 2.2358 6.7763 9.0731 7.6150 4.2116 1.2785 0.1756 0.8679 2.5311 4.2242 5.3625 5.7159 5.3976 4.6283 3.6117 2.6039 1.7326 1.0364 0.5531 0.2531 0.1035 0.0655 0.1036 0.1861 0.2897 0.3972 0.4970 0.5893 0.6617 0.7175 0.7596 0.7820 0.7908 0.7909 0.7860 0.7675 0.7431 0.7168 0.6887 0.6594 0.6272 0.5911 0.5606
0.8038 3.2454 9.9765 8.9041 2.6793 0.3349 3.8481 8.4441 9.6990 7.2422 3.4477 0.7874 0.2457 1.4508 3.4096 5.1948 6.2123 6.3843 5.8379 4.8707 3.7443 2.6300 1.6961 0.9913 0.5038 0.2200 0.0931 0.0804 0.1423 0.2482 0.3708 0.4943 0.6069 0.7014 0.7843 0.8417 0.8812 0.9072 0.9126 0.9062 0.8934 0.8787 0.8506 0.8170 0.7832 0.7482 0.7120 0.6740 0.6328 0.5984
7.0853 10.9725 6.2486 0.7949 1.5327 6.5630 10.2030 9.5882 5.9416 2.1655 0.2982 0.7077 2.5737 4.7625 6.4333 7.2019 6.9997 6.1494 4.9359 3.6549 2.4937 1.5367 0.8466 0.4048 0.1660 0.0867 0.1174 0.2165 0.3497 0.4973 0.6367 0.7608 0.8632 0.9405 1.0053 1.0408 1.0587 1.0648 1.0503 1.0267 0.9998 0.9747 0.9365 0.8933 0.8515 0.8095 0.7659 0.7219 0.6756 0.6372
8.7457 2.2199 0.5799 4.9682 9.9297 10.9292 7.8922 3.5944 0.7384 0.3896 2.0423 4.5020 6.6543 7.8769 8.0615 7.3940 6.1328 4.6897 3.2945 2.1197 1.2293 0.6186 0.2664 0.1172 0.1133 0.2063 0.3541 0.5241 0.6912 0.8501 0.9815 1.0875 1.1653 1.2151 1.2546 1.2628 1.2551 1.2382 1.2021 1.1600 1.1179 1.0806 1.0309 0.9779 0.9278 0.8781 0.8268 0.7765 0.7247 0.6819
0.4494 4.6351 10.0502 11.6664 8.8381 4.2790 0.9989 0.3670 2.0285 4.7462 7.2518 8.8076 9.1606 8.4784 7.1596 5.5671 3.9631 2.5887 1.5203 0.7852 0.3480 0.1499 0.1310 0.2323 0.4009 0.6029 0.8085 0.9993 1.1589 1.2969 1.3968 1.4672 1.5073 1.5207 1.5293 1.5059 1.4690 1.4265 1.3675 1.3060 1.2478 1.1962 1.1338 1.0707 1.0118 0.9541 0.8947 0.8377 0.7800 0.7325
11.3642 11.8399 8.2225 3.5556 0.6812 0.6659 2.8807 5.9474 8.6006 10.1102 10.2780 9.3987 7.8337 5.9827 4.2140 2.7156 1.5659 0.7908 0.3442 0.1650 0.1808 0.3235 0.5398 0.7908 1.0343 1.2627 1.4573 1.6168 1.7283 1.8154 1.8628 1.8828 1.8743 1.8442 1.8174 1.7587 1.6900 1.6199 1.5371 1.4555 1.3809 1.3145 1.2391 1.1659 1.0982 1.0323 0.9645 0.9008 0.8371 0.7848
5.1139 1.3789 0.4471 2.2363 5.4795 8.6989 10.8751 11.6166 11.0505 9.5578 7.5718 5.5403 3.7110 2.2375 1.1960 0.5559 0.2514 0.2053 0.3375 0.5797 0.8781 1.1835 1.4765 1.7456 1.9547 2.1261 2.2462 2.3290 2.3592 2.3720 2.3530 2.3139 2.2504 2.1726 2.1076 2.0129 1.9124 1.8154 1.7102 1.6092 1.5181 1.4371 1.3491 1.2665 1.1899 1.1158 1.0396 0.9691 0.8993 0.8421
3.6844 7.3180 10.5570 12.5264 12.9413 11.9903 10.1298 7.8494 5.6105 3.6696 2.1588 1.1214 0.5177 0.2775 0.3136 0.5371 0.8697 1.2540 1.6385 2.0016 2.3267 2.5812 2.7848 2.9475 3.0338 3.0869 3.0912 3.0661 2.9945 2.9207 2.8326 2.7343 2.6157 2.4889 2.3852 2.2572 2.1291 2.0100 1.8876 1.7700 1.6632 1.5687 1.4691 1.3782 1.2926 1.2101 1.1260 1.0487 0.9725 0.9101
13.7656 12.2695 10.0642 7.6299 5.3154 3.3631 1.8973 0.9439 0.4663 0.3704 0.5568 0.9325 1.4125 1.9247 2.4276 2.8884 3.2798 3.6076 3.8517 4.0395 4.1731 4.2159 4.2185 4.2001 4.1193 4.0273 3.9013 3.7606 3.5853 3.4258 3.2742 3.1226 2.9539 2.7823 2.6435 2.4864 2.3344 2.1962 2.0600 1.9279 1.8067 1.6996 1.5894 1.4914 1.3973 1.3066 1.2149 1.1308 1.0484 0.9809
1.2362 0.6484 0.5004 0.7102 1.1812 1.8202 2.5406 3.2535 3.9430 4.5759 5.1355 5.6009 5.9481 6.1732 6.3134 6.3741 6.3512 6.2901 6.1702 6.0427 5.9004 5.6858 5.4661 5.2617 5.0240 4.8021 4.5640 4.3241 4.0623 3.8331 3.6326 3.4403 3.2328 3.0261 2.8598 2.6803 2.5101 2.3578 2.2116 2.0684 1.9354 1.8179 1.6991 1.5955 1.4945 1.3968 1.2980 1.2079 1.1198 1.0478
10.2111 10.6437 10.9711 11.2350 11.4210 11.5210 11.5074 11.3399 11.1452 10.9145 10.6370 10.3428 9.9975 9.6047 9.2082 8.8057 8.3737 7.9707 7.5603 7.1956 6.8582 6.4771 6.1099 5.7810 5.4421 5.1456 4.8514 4.5516 4.2445 3.9868 3.7538 3.5358 3.3127 3.0936 2.9171 2.7246 2.5456 2.3873 2.2334 2.0855 1.9504 1.8309 1.7103 1.6051 1.5060 1.4089 1.3047 1.2125 1.1236 1.0511
