0.1566 0.0320 0.1059 0.3907 0.2694 0.0328 0.3706 0.0308 0.3124 0.0421 0.2891 0.0681 0.0854 0.1869 0.0819 0.0200 0.0428 0.1124 0.1698 0.1457 0.0688 0.0239 0.0416 0.0824 0.0980 0.0784 0.0417 0.0124 0.0022 0.0100 0.0269 0.0438 0.0549 0.0580 0.0549 0.0467 0.0368 0.0266 0.0177 0.0107 0.0058 0.0027 0.0011 0.0007 0.0010 0.0018 0.0029 0.0039 0.0049 0.0058
0.5189 0.1119 0.2869 1.1484 0.8391 0.0865 1.1085 0.1021 0.9302 0.1306 0.8677 0.1939 0.2646 0.5564 0.2364 0.0601 0.1351 0.3444 0.5130 0.4364 0.2042 0.0705 0.1245 0.2461 0.2918 0.2323 0.1229 0.0359 0.0065 0.0306 0.0816 0.1322 0.1650 0.1741 0.1644 0.1399 0.1099 0.0796 0.0528 0.0320 0.0172 0.0080 0.0034 0.0021 0.0031 0.0055 0.0086 0.0118 0.0148 0.0175
1.0339 0.2546 0.3843 1.8264 1.4979 0.1119 1.8297 0.2077 1.5229 0.2342 1.4451 0.2905 0.4694 0.9114 0.3641 0.1021 0.2480 0.5978 0.8655 0.7237 0.3327 0.1138 0.2061 0.4061 0.4783 0.3775 0.1972 0.0562 0.0110 0.0535 0.1391 0.2229 0.2765 0.2905 0.2734 0.2320 0.1819 0.1313 0.0870 0.0525 0.0282 0.0131 0.0055 0.0035 0.0053 0.0094 0.0145 0.0199 0.0249 0.0294
1.8130 0.5469 0.3756 2.3481 2.2884 0.1169 2.5007 0.3851 2.0615 0.3715 2.0114 0.3439 0.7157 1.2375 0.4505 0.1531 0.3971 0.8844 1.2298 1.0021 0.4483 0.1509 0.2852 0.5599 0.6525 0.5083 0.2603 0.0712 0.0158 0.0802 0.2014 0.3175 0.3901 0.4073 0.3815 0.3226 0.2520 0.1813 0.1197 0.0719 0.0384 0.0177 0.0074 0.0049 0.0076 0.0134 0.0207 0.0282 0.0352 0.0415
2.9442 1.1261 0.2991 2.6161 3.2167 0.1500 3.0570 0.6907 2.5010 0.5725 2.5438 0.3492 1.0171 1.5137 0.4877 0.2281 0.5994 1.2118 1.6016 1.2612 0.5425 0.1786 0.3606 0.7044 0.8092 0.6190 0.3080 0.0795 0.0220 0.1131 0.2709 0.4179 0.5071 0.5249 0.4886 0.4110 0.3195 0.2288 0.1503 0.0897 0.0475 0.0218 0.0092 0.0064 0.0101 0.0178 0.0272 0.0370 0.0458 0.0539
4.4104 2.1537 0.2884 2.5348 4.2226 0.3140 3.4012 1.1984 2.7797 0.8797 3.0029 0.3153 1.3803 1.7134 0.4796 0.3519 0.8710 1.5792 1.9669 1.4841 0.6045 0.1936 0.4316 0.8372 0.9436 0.7045 0.3375 0.0807 0.0313 0.1548 0.3503 0.5262 0.6287 0.6440 0.5946 0.4968 0.3839 0.2734 0.1784 0.1057 0.0554 0.0251 0.0106 0.0079 0.0130 0.0226 0.0342 0.0462 0.0570 0.0667
5.9672 3.7236 0.5884 2.0677 5.1479 0.7618 3.4174 1.9852 2.8279 1.3447 3.3325 0.2700 1.8002 1.8075 0.4475 0.5588 1.2222 1.9725 2.2986 1.6461 0.6222 0.1943 0.4999 0.9579 1.0529 0.7619 0.3471 0.0757 0.0462 0.2087 0.4430 0.6450 0.7564 0.7651 0.6997 0.5799 0.4449 0.3145 0.2036 0.1195 0.0619 0.0277 0.0119 0.0096 0.0161 0.0279 0.0418 0.0559 0.0686 0.0801
7.0576 5.6981 1.5121 1.3222 5.7302 1.6589 3.0151 3.0973 2.5895 2.0166 3.4651 0.2618 2.2532 1.7728 0.4361 0.8871 1.6492 2.3580 2.5551 1.7168 0.5843 0.1836 0.5719 1.0708 1.1383 0.7912 0.3382 0.0673 0.0706 0.2788 0.5521 0.7765 0.8918 0.8889 0.8039 0.6601 0.5022 0.3520 0.2258 0.1310 0.0669 0.0295 0.0129 0.0114 0.0198 0.0338 0.0501 0.0664 0.0809 0.0940
6.9324 7.5342 3.2856 0.6299 5.6594 3.0937 2.2064 4.4953 2.0606 2.9209 3.3368 0.3587 2.6931 1.6063 0.5160 1.3674 2.1223 2.6788 2.6818 1.6647 0.4866 0.1738 0.6636 1.1880 1.2076 0.7982 0.3157 0.0604 0.1091 0.3690 0.6805 0.9227 1.0357 1.0159 0.9074 0.7373 0.5554 0.3855 0.2447 0.1401 0.0704 0.0305 0.0137 0.0135 0.0240 0.0404 0.0591 0.0776 0.0940 0.1085
5.1549 8.2877 5.7776 0.5433 4.7293 4.9466 1.2010 5.9895 1.3414 4.0282 2.9118 0.6375 3.0528 1.3426 0.7765 2.0034 2.5755 2.8563 2.6213 1.4690 0.3409 0.1931 0.8042 1.3331 1.2779 0.7951 0.2888 0.0616 0.1661 0.4819 0.8294 1.0836 1.1877 1.1453 1.0093 0.8107 0.6043 0.4149 0.2601 0.1468 0.0724 0.0309 0.0145 0.0161 0.0289 0.0479 0.0690 0.0897 0.1077 0.1237
2.3742 7.0603 8.2217 1.6528 3.0624 6.7764 0.4637 7.1984 0.6855 5.2195 2.2172 1.1674 3.2611 1.0711 1.3068 2.7489 2.9055 2.8078 2.3371 1.1389 0.1874 0.2918 1.0403 1.5439 1.3772 0.8017 0.2703 0.0780 0.2443 0.6170 0.9968 1.2570 1.3459 1.2756 1.1086 0.8797 0.6483 0.4399 0.2722 0.1511 0.0731 0.0307 0.0154 0.0191 0.0346 0.0563 0.0799 0.1028 0.1225 0.1399
0.6666 3.9907 9.2559 4.1818 1.2988 7.8562 0.6406 7.6013 0.5077 6.2601 1.3774 1.9850 3.2639 0.9360 2.1555 3.4844 2.9821 2.4772 1.8453 0.7364 0.1041 0.5417 1.4295 1.8638 1.5373 0.8398 0.2722 0.1136 0.3412 0.7680 1.1750 1.4352 1.5037 1.4017 1.2015 0.9416 0.6857 0.4595 0.2803 0.1528 0.0722 0.0300 0.0165 0.0229 0.0414 0.0660 0.0922 0.1172 0.1386 0.1573
2.3283 1.0940 7.6812 7.5055 0.5280 7.4827 2.2639 6.7539 1.2925 6.8054 0.6400 3.0637 3.0497 1.1071 3.2734 4.0049 2.6856 1.8866 1.2568 0.3971 0.2069 1.0199 2.0154 2.3173 1.7730 0.9179 0.2968 0.1631 0.4452 0.9185 1.3457 1.6003 1.6449 1.5102 1.2776 0.9890 0.7114 0.4705 0.2825 0.1510 0.0696 0.0289 0.0181 0.0278 0.0495 0.0771 0.1060 0.1331 0.1560 0.1759
7.3113 1.4801 3.8697 9.9659 1.8163 5.5005 5.2835 4.6527 3.3522 6.4831 0.3732 4.2978 2.6843 1.7262 4.4733 4.0703 2.0012 1.2195 0.8217 0.3319 0.6184 1.7641 2.7861 2.8765 2.0595 1.0180 0.3286 0.2095 0.5358 1.0458 1.4855 1.7306 1.7510 1.5863 1.3257 1.0139 0.7201 0.4693 0.2768 0.1445 0.0650 0.0275 0.0205 0.0341 0.0595 0.0902 0.1217 0.1508 0.1750 0.1959
11.8773 6.3396 0.7781 9.5254 5.4315 2.7349 8.7234 2.0957 6.4372 5.0761 1.0100 5.4874 2.2960 2.8119 5.4250 3.5067 1.1243 0.8682 0.9130 0.7646 1.3820 2.6832 3.5922 3.3969 2.2898 1.0720 0.3277 0.2280 0.5942 1.1323 1.5778 1.8102 1.8079 1.6182 1.3365 1.0095 0.7071 0.4533 0.2617 0.1330 0.0582 0.0260 0.0243 0.0426 0.0719 0.1058 0.1399 0.1708 0.1960 0.2177
11.1916 12.2912 2.2752 5.6168 10.1029 0.8387 10.9435 0.6046 9.3891 2.8290 2.9057 6.3181 2.0123 4.1776 5.7423 2.3651 0.5318 1.3792 1.8894 1.7682 2.3096 3.4338 4.0589 3.5631 2.2500 0.9627 0.2483 0.2154 0.6376 1.2012 1.6436 1.8558 1.8273 1.6139 1.3153 0.9791 0.6746 0.4238 0.2384 0.1171 0.0501 0.0253 0.0300 0.0538 0.0874 0.1245 0.1610 0.1934 0.2195 0.2416
4.8008 13.6492 8.3949 1.2806 12.7511 1.5045 10.6388 1.4833 10.3160 0.7920 6.0387 6.3115 1.8732 5.4389 5.1764 1.0570 0.8803 3.1547 3.7413 2.9758 2.8071 3.3555 3.5947 2.9375 1.6873 0.5980 0.1143 0.2637 0.7864 1.3756 1.7930 1.9582 1.8800 1.6257 1.2994 0.9485 0.6397 0.3917 0.2133 0.1007 0.0427 0.0260 0.0379 0.0675 0.1055 0.1458 0.1845 0.2183 0.2449 0.2673
0.8518 7.8427 13.6473 1.6445 9.6855 5.6729 7.5867 4.4302 7.9306 0.7955 9.3751 4.7614 1.9052 6.2367 3.8502 0.2840 2.5152 5.7098 5.4114 3.2277 1.9238 1.8232 1.8790 1.4399 0.6941 0.1815 0.1890 0.6568 1.3149 1.9037 2.2367 2.2882 2.0986 1.7522 1.3601 0.9667 0.6349 0.3776 0.1985 0.0900 0.0383 0.0285 0.0468 0.0819 0.1241 0.1675 0.2085 0.2437 0.2709 0.2934
7.8292 0.7690 11.4940 8.3087 2.9646 11.4824 1.6498 9.5890 4.1524 3.7560 9.1805 0.9418 4.0454 7.8159 2.5182 0.5183 4.2907 5.8266 3.1874 0.5259 0.4431 1.8990 2.9283 2.7921 1.9328 1.1766 0.9404 1.2071 1.7004 2.1571 2.3827 2.3523 2.1048 1.7231 1.3135 0.9160 0.5886 0.3406 0.1730 0.0762 0.0351 0.0344 0.0601 0.1009 0.1472 0.1934 0.2362 0.2723 0.2995 0.3218
16.0372 4.9092 4.1358 14.3162 0.6870 13.1498 0.7420 12.1349 1.1907 7.6035 7.5057 0.3821 6.6779 7.2938 1.1596 1.5305 5.7542 5.7819 2.3490 0.2381 0.9705 2.6838 3.4661 2.9799 1.9317 1.1774 1.0359 1.3922 1.9195 2.3552 2.5241 2.4279 2.1230 1.7014 1.2698 0.8654 0.5411 0.3026 0.1473 0.0632 0.0337 0.0429 0.0764 0.1231 0.1735 0.2225 0.2668 0.3035 0.3305 0.3524
11.9007 14.7516 0.9117 13.0534 5.1568 9.2759 4.5309 10.8646 0.7339 10.9597 4.4682 1.6243 8.9688 5.7140 0.3653 3.2439 6.9547 5.2250 1.4550 0.2561 1.7802 3.5440 3.9296 3.0649 1.8724 1.1721 1.1534 1.6008 2.1484 2.5464 2.6456 2.4774 2.1145 1.6565 1.2080 0.8023 0.4863 0.2615 0.1215 0.0522 0.0357 0.0554 0.0969 0.1494 0.2037 0.2551 0.3006 0.3375 0.3639 0.3850
1.5971 15.6948 8.3063 5.0927 13.2556 2.9260 11.0902 6.1342 3.9582 11.8505 1.5160 4.6703 9.9960 3.4751 0.6067 5.4140 7.5783 4.1933 0.7033 0.6838 2.8417 4.3984 4.2591 3.0271 1.7607 1.1733 1.3008 1.8337 2.3829 2.7244 2.7419 2.4971 2.0777 1.5883 1.1290 0.7283 0.4260 0.2188 0.0972 0.0446 0.0420 0.0727 0.1223 0.1804 0.2382 0.2916 0.3378 0.3745 0.3998 0.4197
5.8213 5.1007 17.5466 0.8711 16.2574 0.9707 15.1202 1.4660 9.5935 9.3368 0.5344 8.5717 9.1306 1.3855 2.1321 7.5712 7.3811 2.8622 0.3234 1.5750 4.0699 5.1440 4.3994 2.8600 1.6128 1.1978 1.4863 2.0904 2.6173 2.8825 2.8074 2.4836 2.0113 1.4973 1.0345 0.6455 0.3621 0.1767 0.0761 0.0416 0.0538 0.0956 0.1531 0.2163 0.2773 0.3322 0.3785 0.4144 0.4383 0.4566
19.4276 1.9077 14.2044 8.1937 9.7219 7.1370 12.3605 1.4273 14.0128 4.6446 2.7562 11.6100 6.4846 0.4452 4.7777 9.1098 6.2981 1.5441 0.5272 2.9015 5.3247 5.6706 4.3128 2.5755 1.4553 1.2659 1.7174 2.3679 2.8445 3.0133 2.8376 2.4358 1.9168 1.3859 0.9272 0.5567 0.2976 0.1376 0.0601 0.0450 0.0723 0.1253 0.1903 0.2582 0.3215 0.3773 0.4230 0.4576 0.4795 0.4957
14.7317 14.8907 2.8258 18.4511 1.5851 15.9903 4.8950 7.3901 13.5907 1.0199 7.6476 12.0762 3.1355 1.4293 7.8862 9.4724 4.5262 0.6390 1.4445 4.5335 6.4241 5.8778 3.9885 2.2074 1.3253 1.3989 1.9987 2.6607 3.0554 3.1091 2.8280 2.3523 1.7950 1.2564 0.8101 0.4651 0.2352 0.1037 0.0512 0.0562 0.0987 0.1626 0.2347 0.3065 0.3713 0.4270 0.4717 0.5043 0.5235 0.5373
1.1686 20.5932 4.2825 15.9600 4.2145 17.1423 0.8626 14.9384 8.1060 1.7587 12.6671 9.3815 0.8445 4.4146 10.4269 8.3894 2.5449 0.5399 3.0585 6.2382 7.1723 5.6981 3.4527 1.8126 1.2673 1.6164 2.3296 2.9589 3.2390 3.1617 2.7738 2.2314 1.6467 1.1114 0.6867 0.3741 0.1780 0.0778 0.0515 0.0769 0.1343 0.2084 0.2865 0.3613 0.4267 0.4815 0.5243 0.5543 0.5703 0.5810
11.8958 6.6320 18.7568 3.8363 16.1046 8.3218 6.2255 16.8430 2.0787 7.3738 14.5261 4.8215 1.2322 8.5043 11.3530 6.0821 1.0334 1.5011 5.1636 7.7080 7.3997 5.1231 2.7769 1.4669 1.3264 1.9310 2.7031 3.2487 3.3829 3.1634 2.6726 2.0744 1.4753 0.9554 0.5617 0.2879 0.1296 0.0626 0.0631 0.1087 0.1801 0.2634 0.3465 0.4230 0.4879 0.5408 0.5809 0.6076 0.6197 0.6270
24.2947 3.2934 19.7168 3.5136 20.3401 1.1260 16.3505 10.5163 1.6462 14.2572 11.5569 1.2625 4.7343 12.0092 10.0988 3.3185 0.6711 3.5077 7.3695 8.6202 7.0108 4.2201 2.0742 1.2560 1.5404 2.3447 3.1038 3.5119 3.4737 3.1079 2.5234 1.8842 1.2860 0.7940 0.4404 0.2112 0.0937 0.0610 0.0883 0.1530 0.2371 0.3283 0.4149 0.4919 0.5550 0.6049 0.6416 0.6642 0.6718 0.6752
7.4811 20.8407 4.3997 18.0524 9.4691 7.1035 19.2051 2.4344 8.5096 16.7973 5.5503 1.5175 9.9593 13.1478 6.9953 1.2311 1.8700 6.2006 9.1690 8.7244 6.0323 3.1406 1.4895 1.2640 1.9325 2.8455 3.5107 3.7331 3.5054 2.9975 2.3307 1.6663 1.0854 0.6342 0.3292 0.1491 0.0742 0.0760 0.1289 0.2112 0.3060 0.4028 0.4910 0.5672 0.6277 0.6741 0.7068 0.7248 0.7274 0.7266
5.1802 19.8732 5.4264 21.6763 1.2595 19.3841 10.4956 2.5205 16.8577 12.3578 1.2125 6.2076 14.1180 11.1110 3.3695 0.8994 4.5325 8.9106 10.0601 7.9146 4.6169 2.0919 1.1672 1.5472 2.4969 3.4005 3.8868 3.8817 3.4580 2.8215 2.0946 1.4272 0.8812 0.4830 0.2338 0.1061 0.0747 0.1102 0.1868 0.2844 0.3876 0.4879 0.5758 0.6496 0.7062 0.7481 0.7759 0.7886 0.7857 0.7801
25.7521 2.2353 22.8318 6.7420 11.3757 19.7164 1.5885 12.1091 18.1208 4.5809 2.6785 12.7064 14.5633 6.7484 1.0562 2.8260 7.9584 10.8222 9.7138 6.3108 3.0562 1.3188 1.2304 2.1250 3.1978 3.9601 4.1912 3.9329 3.3218 2.5804 1.8221 1.1763 0.6827 0.3484 0.1609 0.0873 0.0990 0.1662 0.2638 0.3736 0.4825 0.5837 0.6691 0.7390 0.7904 0.8267 0.8489 0.8555 0.8465 0.8357
13.4397 12.7973 18.4276 3.2901 23.4480 6.8520 5.9106 20.3302 10.3729 1.0931 9.6329 16.4769 10.6906 2.4480 1.5253 6.5512 10.9962 11.2439 8.1215 4.2703 1.7266 1.0461 1.7445 2.9637 3.9665 4.4606 4.3808 3.8657 3.0922 2.2801 1.5238 0.9253 0.5006 0.2393 0.1171 0.0976 0.1503 0.2461 0.3610 0.4797 0.5910 0.6904 0.7710 0.8353 0.8801 0.9098 0.9255 0.9254 0.9096 0.8932
3.1232 26.0763 1.8775 20.1581 15.0836 1.9291 18.6210 16.4313 2.0458 6.2171 16.6027 14.3862 4.8302 0.9484 4.9723 10.6700 12.4586 9.9173 5.6794 2.3338 1.0065 1.4218 2.6959 3.9836 4.7267 4.8517 4.4307 3.6738 2.7750 1.9324 1.2163 0.6900 0.3477 0.1651 0.1094 0.1419 0.2319 0.3521 0.4806 0.6049 0.7160 0.8117 0.8856 0.9418 0.9782 0.9997 1.0073 0.9996 0.9765 0.9541
25.8248 7.0568 13.3993 22.0820 1.7030 14.5878 21.0189 4.9945 3.4378 15.5529 17.2611 7.7075 1.1043 3.6026 9.9297 13.3274 11.6028 7.1546 3.0881 1.0759 1.1651 2.4565 3.9623 5.0309 5.3467 5.0435 4.2949 3.3453 2.3792 1.5561 0.9153 0.4831 0.2345 0.1342 0.1438 0.2240 0.3462 0.4854 0.6226 0.7482 0.8555 0.9445 1.0093 1.0553 1.0818 1.0939 1.0925 1.0765 1.0456 1.0167
14.4563 7.3804 25.8154 4.2962 10.3503 23.5334 8.7700 1.8422 13.8295 19.3872 10.5485 1.7863 2.5933 9.1957 13.8169 13.1162 8.6041 3.8883 1.2230 0.9615 2.2765 4.0012 5.3330 5.9252 5.7100 4.9793 3.9602 2.8927 1.9281 1.1764 0.6432 0.3223 0.1741 0.1553 0.2260 0.3473 0.4950 0.6467 0.7872 0.9096 1.0092 1.0884 1.1415 1.1752 1.1903 1.1919 1.1807 1.1558 1.1166 1.0808
3.7888 26.9613 7.7252 7.2599 24.5927 12.2427 1.2679 12.3706 20.7387 13.1047 2.6580 1.9609 8.7298 14.3485 14.3368 9.9292 4.6386 1.3790 0.8212 2.1599 4.1596 5.7613 6.5466 6.4923 5.7287 4.6359 3.4425 2.3503 1.4595 0.8265 0.4259 0.2267 0.1797 0.2372 0.3614 0.5153 0.6806 0.8379 0.9757 1.0900 1.1781 1.2443 1.2834 1.3033 1.3052 1.2948 1.2731 1.2386 1.1906 1.1475
27.5471 10.3319 5.7494 25.2003 14.6894 1.2248 11.7306 21.9750 14.9490 3.3791 1.6784 8.6930 15.2004 15.5638 10.9365 5.2140 1.4718 0.7322 2.1841 4.4442 6.3931 7.3508 7.3397 6.5947 5.3606 4.0295 2.7859 1.7685 1.0182 0.5416 0.2896 0.2150 0.2636 0.3878 0.5553 0.7314 0.9056 1.0612 1.1898 1.2908 1.3634 1.4135 1.4363 1.4412 1.4278 1.4038 1.3710 1.3264 1.2689 1.2180
10.8415 5.8139 26.1913 15.5182 1.2611 12.2918 23.3488 15.9432 3.5467 1.7462 9.3119 16.3857 16.8396 11.6665 5.4054 1.4203 0.7055 2.4081 4.9919 7.1919 8.3806 8.3482 7.4799 6.1476 4.6156 3.2154 2.0578 1.2076 0.6517 0.3571 0.2595 0.3037 0.4360 0.6123 0.8094 0.9952 1.1679 1.3135 1.4260 1.5084 1.5614 1.5924 1.5966 1.5847 1.5545 1.5158 1.4712 1.4159 1.3487 1.2897
7.8565 27.8617 14.2586 1.3685 14.5458 24.8669 15.6929 2.9825 2.3021 10.9961 18.0671 17.8830 11.9628 5.1553 1.1685 0.8042 2.9615 5.9175 8.3344 9.5495 9.5298 8.4470 6.8754 5.1885 3.5908 2.3046 1.3580 0.7471 0.4180 0.3127 0.3609 0.5074 0.7044 0.9139 1.1242 1.3057 1.4658 1.5926 1.6823 1.7409 1.7706 1.7794 1.7629 1.7328 1.6845 1.6300 1.5731 1.5069 1.4296 1.3623
29.5256 10.5352 2.5123 19.0371 26.1434 13.6846 1.8271 3.9168 13.9993 20.4998 18.5119 11.4048 4.3498 0.8000 1.1934 4.0602 7.4389 9.9536 11.0482 10.7530 9.4781 7.5827 5.6328 3.8953 2.4691 1.4540 0.8074 0.4736 0.3758 0.4463 0.6165 0.8395 1.0765 1.2977 1.5044 1.6676 1.8050 1.9051 1.9648 1.9934 1.9940 1.9787 1.9400 1.8904 1.8245 1.7547 1.6845 1.6062 1.5179 1.4420
4.5823 7.0628 25.4104 25.2432 9.3681 1.0291 7.6262 18.6046 22.7919 18.2259 9.6454 2.9118 0.5741 2.2369 5.9371 9.7098 12.1068 12.7936 12.0269 10.2852 8.1288 5.8925 3.9803 2.5032 1.4517 0.8183 0.5151 0.4596 0.5691 0.7819 1.0370 1.3026 1.5498 1.7584 1.9431 2.0731 2.1768 2.2421 2.2651 2.2585 2.2260 2.1845 2.1222 2.0519 1.9679 1.8827 1.7987 1.7078 1.6081 1.5236
17.8349 30.5501 19.4462 3.6800 3.0675 14.5824 24.1170 23.7281 15.6776 6.5691 1.3062 1.1567 4.5423 9.0094 12.6977 14.6861 14.6196 13.0956 10.7788 8.2116 5.8293 3.8043 2.3173 1.3377 0.7771 0.5602 0.5836 0.7647 1.0282 1.3312 1.6234 1.8918 2.1169 2.2876 2.4319 2.5145 2.5743 2.5974 2.5780 2.5320 2.4630 2.3938 2.3068 2.2153 2.1128 2.0117 1.9137 1.8102 1.6989 1.6059
26.9987 8.3799 1.5615 11.4881 24.3372 27.7818 20.9267 10.3467 2.7449 0.8717 3.7685 8.8402 13.5658 16.4225 17.1448 16.0593 13.5868 10.6150 7.7211 5.2235 3.2970 1.9295 1.1112 0.7286 0.6591 0.8081 1.0830 1.4219 1.7642 2.0944 2.3713 2.6022 2.7750 2.8852 2.9726 2.9951 3.0009 2.9736 2.9064 2.8195 2.7161 2.6200 2.5080 2.3928 2.2700 2.1517 2.0386 1.9222 1.7993 1.6971
1.5463 11.5499 26.1391 31.1364 24.3252 12.5579 3.5939 1.0257 4.1083 9.9531 15.4915 19.1090 20.1072 18.8401 16.1708 12.8621 9.4211 6.4195 4.0786 2.4261 1.4081 0.8946 0.7773 0.9309 1.2376 1.6283 2.0346 2.4271 2.7608 3.0511 3.2602 3.4155 3.5095 3.5392 3.5554 3.5067 3.4499 3.3650 3.2456 3.1176 2.9829 2.8615 2.7243 2.5832 2.4384 2.3015 2.1726 2.0431 1.9086 1.7970
32.0261 33.8591 24.0745 11.1074 2.7083 1.7035 6.4726 13.4802 19.6383 23.2368 23.6072 21.6947 18.2095 14.1511 10.2586 6.9359 4.3330 2.5425 1.4783 0.9961 0.9453 1.1705 1.5691 2.0568 2.5397 3.0002 3.3940 3.7266 3.9639 4.1505 4.2451 4.2919 4.2853 4.2188 4.1535 4.0265 3.9018 3.7561 3.5825 3.4133 3.2483 3.1027 2.9408 2.7737 2.6069 2.4516 2.3069 2.1645 2.0187 1.8977
16.5393 5.0769 1.5756 5.5986 13.5404 21.4607 26.7384 28.3712 26.8983 23.3142 18.4706 13.6834 9.4037 6.0114 3.5961 2.0770 1.2942 1.0883 1.2841 1.7302 2.3105 2.9020 3.4828 4.0247 4.4508 4.8015 5.0464 5.2194 5.2880 5.3200 5.2690 5.1881 5.0675 4.8967 4.7456 4.5407 4.3490 4.1435 3.9179 3.7097 3.5165 3.3450 3.1587 2.9684 2.7808 2.6076 2.4472 2.2921 2.1351 2.0047
10.3384 20.2174 28.7564 33.6013 34.2256 31.3723 26.3278 20.3619 14.6598 9.8225 6.0441 3.5049 2.0096 1.3573 1.3382 1.7473 2.3962 3.1567 3.9335 4.6644 5.3234 5.8191 6.2261 6.5545 6.7158 6.8126 6.8122 6.7632 6.6200 6.4656 6.2627 6.0538 5.8165 5.5413 5.3077 5.0369 4.7870 4.5289 4.2590 4.0168 3.7979 3.5938 3.3819 3.1761 2.9705 2.7803 2.6038 2.4360 2.2676 2.1273
41.1705 36.0454 29.0973 21.8015 15.1496 9.7367 5.7753 3.2267 1.9146 1.5632 1.8834 2.6542 3.6498 4.7045 5.7528 6.7371 7.5405 8.1771 8.6522 8.9982 9.2447 9.2879 9.2722 9.2174 8.9983 8.7732 8.4916 8.2044 7.8445 7.5042 7.1606 6.8357 6.4924 6.1233 5.8168 5.4904 5.1906 4.8863 4.5781 4.3072 4.0672 3.8327 3.5975 3.3791 3.1572 2.9514 2.7597 2.5800 2.4008 2.2510
4.5016 2.6162 2.0633 2.5209 3.6513 5.1665 6.8338 8.4491 9.9439 11.2715 12.2769 13.1306 13.7151 14.0346 14.2538 14.3949 14.2820 14.0303 13.6760 13.3061 12.9408 12.4267 11.9366 11.4823 10.8940 10.3732 9.8459 9.3565 8.8166 8.3241 7.8728 7.4602 7.0348 6.5924 6.2297 5.8633 5.5263 5.1872 4.8497 4.5564 4.2996 4.0396 3.7860 3.5595 3.3247 3.1059 2.9010 2.7110 2.5226 2.3647
30.7469 31.1530 31.2780 31.1538 30.7591 30.2049 29.4631 28.4788 27.4602 26.4538 25.2079 24.1344 22.9875 21.7720 20.7254 19.8249 18.7817 17.7409 16.7260 15.8202 15.0199 14.1290 13.3202 12.6029 11.8052 11.1162 10.4487 9.8358 9.2007 8.6438 8.1393 7.6824 7.2163 6.7368 6.3444 5.9558 5.6073 5.2620 4.9115 4.5979 4.3143 4.0510 3.7986 3.5774 3.3420 3.1212 2.9135 2.7210 2.5306 2.3719
