0.2185 0.2177 0.2170 0.1857 0.1754 0.1650 0.1535 0.1451 0.1400 0.1516 0.1131 0.1074 0.1200 0.1210 0.1150 0.1034 0.0837 0.0615 0.0519 0.0594 0.0723 0.0779 0.0705 0.0559 0.0406 0.0292 0.0227 0.0198 0.0189 0.0184 0.0176 0.0165 0.0149 0.0132 0.0115 0.0099 0.0085 0.0073 0.0063 0.0054 0.0047 0.0041 0.0036 0.0032 0.0028 0.0025 0.0022 0.0020 0.0018 0.0016
0.6550 0.6506 0.6488 0.5575 0.5266 0.4943 0.4596 0.4341 0.4195 0.4537 0.3393 0.3222 0.3614 0.3650 0.3462 0.3110 0.2520 0.1852 0.1554 0.1766 0.2148 0.2324 0.2116 0.1687 0.1230 0.0886 0.0683 0.0592 0.0563 0.0548 0.0526 0.0491 0.0444 0.0395 0.0345 0.0298 0.0256 0.0220 0.0189 0.0162 0.0140 0.0123 0.0108 0.0096 0.0085 0.0075 0.0067 0.0060 0.0054 0.0048
1.0905 1.0772 1.0740 0.9301 0.8792 0.8219 0.7630 0.7201 0.6967 0.7525 0.5658 0.5372 0.6073 0.6150 0.5815 0.5209 0.4226 0.3108 0.2576 0.2888 0.3511 0.3831 0.3527 0.2843 0.2088 0.1505 0.1150 0.0984 0.0927 0.0900 0.0864 0.0811 0.0736 0.0657 0.0576 0.0498 0.0428 0.0368 0.0316 0.0272 0.0235 0.0205 0.0181 0.0160 0.0142 0.0126 0.0112 0.0100 0.0089 0.0080
1.5261 1.4969 1.4890 1.3027 1.2358 1.1471 1.0621 1.0024 0.9696 1.0471 0.7928 0.7527 0.8615 0.8749 0.8227 0.7342 0.5972 0.4400 0.3586 0.3931 0.4772 0.5270 0.4933 0.4042 0.3006 0.2171 0.1640 0.1375 0.1277 0.1233 0.1186 0.1118 0.1021 0.0916 0.0807 0.0700 0.0604 0.0520 0.0447 0.0385 0.0331 0.0289 0.0255 0.0225 0.0199 0.0177 0.0157 0.0140 0.0125 0.0112
1.9655 1.9135 1.8935 1.6727 1.6004 1.4707 1.3555 1.2814 1.2355 1.3383 1.0201 0.9696 1.1287 1.1485 1.0707 0.9507 0.7767 0.5749 0.4591 0.4872 0.5887 0.6605 0.6322 0.5298 0.4009 0.2910 0.2170 0.1775 0.1613 0.1542 0.1483 0.1406 0.1293 0.1169 0.1037 0.0905 0.0783 0.0676 0.0582 0.0501 0.0431 0.0376 0.0330 0.0292 0.0257 0.0228 0.0203 0.0180 0.0161 0.0144
2.4134 2.3348 2.2936 2.0358 1.9783 1.7954 1.6432 1.5590 1.4916 1.6293 1.2470 1.1900 1.4149 1.4386 1.3245 1.1689 0.9620 0.7186 0.5614 0.5702 0.6819 0.7792 0.7672 0.6616 0.5122 0.3754 0.2769 0.2201 0.1942 0.1826 0.1751 0.1668 0.1547 0.1411 0.1262 0.1109 0.0965 0.0836 0.0720 0.0621 0.0534 0.0465 0.0408 0.0360 0.0317 0.0280 0.0249 0.0221 0.0197 0.0176
2.8738 2.7680 2.7057 2.3887 2.3732 2.1277 1.9274 1.8374 1.7364 1.9253 1.4716 1.4177 1.7274 1.7462 1.5805 1.3852 1.1533 0.8754 0.6704 0.6437 0.7539 0.8786 0.8946 0.7988 0.6367 0.4740 0.3472 0.2681 0.2281 0.2091 0.1987 0.1898 0.1775 0.1635 0.1476 0.1308 0.1146 0.0998 0.0863 0.0745 0.0641 0.0558 0.0489 0.0430 0.0378 0.0334 0.0296 0.0262 0.0234 0.0208
3.3473 3.2124 3.1543 2.7372 2.7820 2.4809 2.2129 2.1179 1.9715 2.2326 1.6905 1.6598 2.0730 2.0683 1.8310 1.5942 1.3507 1.0510 0.7939 0.7126 0.8044 0.9538 1.0093 0.9387 0.7750 0.5901 0.4327 0.3259 0.2661 0.2355 0.2198 0.2093 0.1969 0.1832 0.1672 0.1496 0.1322 0.1159 0.1007 0.0872 0.0752 0.0655 0.0573 0.0504 0.0442 0.0390 0.0344 0.0305 0.0271 0.0241
3.8237 3.6558 3.6564 3.1088 3.1865 2.8777 2.5058 2.3996 2.2046 2.5541 1.8987 1.9272 2.4564 2.3961 2.0648 1.7890 1.5542 1.2529 0.9437 0.7869 0.8364 1.0011 1.1041 1.0755 0.9255 0.7262 0.5382 0.3989 0.3130 0.2650 0.2399 0.2257 0.2125 0.1992 0.1838 0.1663 0.1484 0.1312 0.1147 0.0998 0.0864 0.0753 0.0660 0.0580 0.0508 0.0447 0.0394 0.0349 0.0309 0.0275
4.2695 4.0846 4.1944 3.5606 3.5504 3.3501 2.8081 2.6803 2.4497 2.8839 2.0921 2.2340 2.8752 2.7129 2.2671 1.9622 1.7643 1.4899 1.1354 0.8828 0.8590 1.0192 1.1706 1.1993 1.0814 0.8809 0.6668 0.4928 0.3750 0.3028 0.2627 0.2409 0.2248 0.2113 0.1965 0.1796 0.1620 0.1446 0.1275 0.1117 0.0971 0.0850 0.0746 0.0656 0.0575 0.0506 0.0446 0.0394 0.0349 0.0310
4.6280 4.4988 4.6982 4.1597 3.8358 3.9293 3.1159 2.9649 2.7254 3.2029 2.2751 2.5972 3.3162 2.9962 2.4260 2.1112 1.9833 1.7716 1.3887 1.0254 0.8917 1.0139 1.2012 1.2963 1.2307 1.0482 0.8195 0.6136 0.4604 0.3573 0.2950 0.2600 0.2370 0.2209 0.2058 0.1895 0.1726 0.1556 0.1385 0.1223 0.1072 0.0943 0.0831 0.0733 0.0643 0.0567 0.0500 0.0441 0.0391 0.0346
4.8977 4.8995 5.0825 4.9103 4.0428 4.6066 3.4141 3.2671 3.0379 3.4748 2.4618 3.0235 3.7476 3.2192 2.5351 2.2381 2.2109 2.0997 1.7180 1.2423 0.9624 0.9992 1.1911 1.3483 1.3517 1.2113 0.9883 0.7615 0.5752 0.4372 0.3459 0.2906 0.2550 0.2322 0.2142 0.1970 0.1803 0.1638 0.1472 0.1312 0.1159 0.1028 0.0911 0.0808 0.0712 0.0629 0.0555 0.0490 0.0435 0.0385
5.2873 5.2380 5.3401 5.6585 4.2529 5.2791 3.6863 3.5997 3.3555 3.6501 2.6682 3.4891 4.1144 3.3567 2.5970 2.3460 2.4349 2.4532 2.1144 1.5477 1.0976 0.9941 1.1379 1.3318 1.4101 1.3366 1.1480 0.9227 0.7156 0.5457 0.4219 0.3402 0.2853 0.2501 0.2248 0.2039 0.1858 0.1690 0.1527 0.1371 0.1222 0.1091 0.0975 0.0870 0.0770 0.0683 0.0605 0.0536 0.0477 0.0423
6.1254 5.4519 5.5672 6.1130 4.6135 5.7449 3.9593 3.9683 3.6172 3.7070 2.9210 3.9355 4.3583 3.4113 2.6380 2.4443 2.6289 2.7819 2.5389 1.9401 1.3294 1.0372 1.0601 1.2357 1.3712 1.3798 1.2585 1.0683 0.8661 0.6792 0.5278 0.4178 0.3384 0.2846 0.2463 0.2169 0.1938 0.1744 0.1571 0.1413 0.1264 0.1135 0.1020 0.0916 0.0816 0.0727 0.0647 0.0576 0.0514 0.0457
7.1825 5.6997 5.8011 6.1178 5.1520 5.8179 4.2963 4.3353 3.7764 3.6901 3.2254 4.2615 4.4459 3.4303 2.7023 2.5348 2.7408 2.9904 2.8979 2.3761 1.6792 1.1886 1.0142 1.0837 1.2197 1.2977 1.2659 1.1487 0.9898 0.8159 0.6555 0.5256 0.4226 0.3469 0.2903 0.2466 0.2135 0.1875 0.1660 0.1478 0.1316 0.1179 0.1060 0.0954 0.0853 0.0764 0.0682 0.0609 0.0545 0.0486
7.4294 6.2437 5.9858 5.9503 5.5690 5.5848 4.6904 4.6499 3.9123 3.7179 3.5247 4.3509 4.4163 3.5146 2.8325 2.6000 2.6998 2.9482 3.0351 2.7457 2.1353 1.5287 1.1202 0.9789 1.0079 1.0873 1.1271 1.1022 1.0243 0.9045 0.7700 0.6441 0.5311 0.4390 0.3643 0.3034 0.2558 0.2185 0.1886 0.1644 0.1441 0.1274 0.1134 0.1015 0.0904 0.0807 0.0721 0.0644 0.0577 0.0515
6.9373 6.5730 6.4421 5.9948 5.5874 5.4870 4.9336 5.0277 4.2840 3.8890 3.6919 4.1507 4.4111 3.7922 3.0366 2.6098 2.4817 2.5737 2.7747 2.8502 2.5961 2.1148 1.5662 1.1584 0.9404 0.8752 0.8826 0.9023 0.9028 0.8638 0.7938 0.7094 0.6169 0.5302 0.4507 0.3794 0.3198 0.2707 0.2304 0.1975 0.1701 0.1478 0.1294 0.1142 0.1005 0.0889 0.0787 0.0699 0.0624 0.0555
7.1124 6.5405 7.2558 6.5083 6.0233 5.7743 4.9105 5.8620 5.0297 4.1368 3.7296 3.7735 4.5435 4.3036 3.2672 2.5834 2.2944 2.1059 2.1271 2.4192 2.7063 2.7526 2.4438 1.9588 1.4659 1.0879 0.8486 0.7269 0.6792 0.6568 0.6369 0.6096 0.5679 0.5200 0.4668 0.4106 0.3581 0.3106 0.2688 0.2326 0.2012 0.1744 0.1520 0.1331 0.1162 0.1019 0.0895 0.0789 0.0698 0.0617
7.9247 7.4951 8.1237 6.9851 6.7036 6.5656 5.7623 5.6525 5.2387 4.5337 4.8172 3.9102 3.6510 3.8831 3.2850 2.6723 2.7867 2.9669 2.6318 2.0305 1.6456 1.7044 2.0154 2.3313 2.4593 2.3695 2.1053 1.7663 1.4322 1.1299 0.8836 0.6990 0.5601 0.4608 0.3874 0.3300 0.2861 0.2511 0.2225 0.1983 0.1771 0.1583 0.1420 0.1275 0.1137 0.1016 0.0906 0.0808 0.0723 0.0644
9.2345 7.8667 8.1301 7.9530 6.7539 7.2407 5.9022 6.2543 5.3131 5.0277 5.0584 4.0490 4.0330 4.1189 3.3712 2.8673 3.0609 3.1560 2.7150 2.0978 1.7628 1.8711 2.1948 2.4934 2.5930 2.4787 2.1972 1.8466 1.5046 1.1951 0.9413 0.7494 0.6034 0.4979 0.4191 0.3570 0.3091 0.2708 0.2393 0.2130 0.1901 0.1699 0.1522 0.1365 0.1216 0.1086 0.0969 0.0864 0.0773 0.0689
9.9857 8.9748 8.0250 8.6569 7.1512 7.6135 6.2820 6.7034 5.4455 5.5707 5.1994 4.2591 4.4373 4.2988 3.4616 3.1024 3.3408 3.3218 2.7832 2.1708 1.8957 2.0502 2.3779 2.6519 2.7197 2.5806 2.2833 1.9232 1.5753 1.2601 0.9998 0.8012 0.6484 0.5369 0.4526 0.3857 0.3336 0.2917 0.2572 0.2286 0.2038 0.1821 0.1630 0.1459 0.1299 0.1159 0.1034 0.0923 0.0825 0.0736
9.7393 10.0489 8.4915 8.7983 7.9725 7.6653 6.9375 6.9212 5.7406 6.0715 5.2722 4.5672 4.8263 4.4220 3.5772 3.3774 3.6141 3.4599 2.8406 2.2548 2.0458 2.2402 2.5621 2.8046 2.8381 2.6746 2.3635 1.9960 1.6441 1.3249 1.0591 0.8544 0.6951 0.5777 0.4879 0.4162 0.3596 0.3140 0.2763 0.2452 0.2184 0.1950 0.1744 0.1559 0.1385 0.1235 0.1102 0.0983 0.0880 0.0785
9.6941 10.2386 9.5817 8.6736 8.8856 7.6567 7.7054 6.9657 6.2354 6.4406 5.3462 4.9714 5.1598 4.5035 3.7381 3.6847 3.8674 3.5691 2.8940 2.3549 2.2138 2.4385 2.7444 2.9497 2.9475 2.7609 2.4379 2.0653 1.7113 1.3894 1.1191 0.9089 0.7435 0.6203 0.5251 0.4484 0.3874 0.3378 0.2966 0.2628 0.2340 0.2087 0.1865 0.1663 0.1476 0.1314 0.1173 0.1047 0.0936 0.0836
10.7955 9.9701 10.4807 8.9238 9.3986 7.9277 8.2952 7.0124 6.8471 6.6347 5.4995 5.4334 5.4089 4.5711 3.9556 4.0087 4.0900 3.6539 2.9525 2.4763 2.3994 2.6428 2.9227 3.0865 3.0483 2.8398 2.5068 2.1314 1.7772 1.4540 1.1805 0.9656 0.7944 0.6653 0.5644 0.4826 0.4169 0.3633 0.3185 0.2818 0.2505 0.2232 0.1992 0.1774 0.1573 0.1401 0.1250 0.1115 0.0997 0.0890
11.9058 10.4246 10.5885 9.7644 9.4141 8.5860 8.5379 7.2574 7.4181 6.7007 5.7863 5.8894 5.5701 4.6617 4.2309 4.3297 4.2750 3.7223 3.0251 2.6217 2.6003 2.8499 3.0948 3.2144 3.1410 2.9122 2.5712 2.1951 1.8420 1.5187 1.2433 1.0246 0.8479 0.7127 0.6056 0.5186 0.4484 0.3909 0.3423 0.3022 0.2682 0.2385 0.2125 0.1890 0.1678 0.1495 0.1333 0.1189 0.1063 0.0948
11.8888 11.5551 10.4612 10.6522 9.3921 9.3680 8.5574 7.7667 7.8144 6.7626 6.2060 6.2761 5.6713 4.8105 4.5538 4.6283 4.4223 3.7847 3.1191 2.7910 2.8126 3.0556 3.2589 3.3331 3.2259 2.9792 2.6320 2.2567 1.9058 1.5834 1.3067 1.0848 0.9030 0.7617 0.6486 0.5565 0.4818 0.4202 0.3676 0.3241 0.2870 0.2547 0.2266 0.2014 0.1789 0.1596 0.1422 0.1267 0.1132 0.1010
11.8528 12.1725 10.9514 11.0057 9.7960 9.8845 8.6562 8.3972 8.0105 6.9406 6.6928 6.5597 5.7630 5.0351 4.9010 4.8906 4.5398 3.8541 3.2401 2.9825 3.0323 3.2573 3.4143 3.4434 3.3047 3.0421 2.6906 2.3168 1.9689 1.6480 1.3706 1.1460 0.9595 0.8124 0.6933 0.5961 0.5168 0.4512 0.3944 0.3473 0.3071 0.2720 0.2416 0.2145 0.1907 0.1702 0.1516 0.1350 0.1205 0.1075
12.7338 12.1787 11.8511 11.0452 10.5337 10.0701 9.0347 8.9311 8.1187 7.2806 7.1557 6.7546 5.8973 5.3300 5.2457 5.1127 4.6417 3.9426 3.3903 3.1927 3.2558 3.4536 3.5619 3.5471 3.3791 3.1027 2.7479 2.3762 2.0315 1.7125 1.4349 1.2080 1.0171 0.8644 0.7395 0.6374 0.5536 0.4840 0.4230 0.3721 0.3284 0.2904 0.2576 0.2285 0.2033 0.1816 0.1616 0.1438 0.1283 0.1144
13.3686 12.4113 12.3125 11.2711 11.0853 10.1625 9.5603 9.2399 8.2653 7.7066 7.5095 6.8916 6.0881 5.6649 5.5656 5.3013 4.7449 4.0605 3.5728 3.4238 3.4879 3.6511 3.7076 3.6480 3.4511 3.1631 2.8079 2.4397 2.0990 1.7812 1.5023 1.2730 1.0780 0.9205 0.7903 0.6825 0.5938 0.5198 0.4552 0.4008 0.3535 0.3119 0.2761 0.2448 0.2177 0.1944 0.1731 0.1541 0.1374 0.1225
13.5701 12.9844 12.5088 11.7787 11.3927 10.4481 10.0614 9.4537 8.5439 8.1476 7.7867 7.0497 6.3494 6.0162 5.8568 5.4730 4.8632 4.2092 3.7801 3.6659 3.7206 3.8452 3.8502 3.7474 3.5229 3.2238 2.8684 2.5035 2.1666 1.8497 1.5698 1.3384 1.1397 0.9778 0.8426 0.7293 0.6356 0.5573 0.4893 0.4312 0.3801 0.3347 0.2959 0.2622 0.2330 0.2080 0.1855 0.1651 0.1472 0.1311
13.8743 13.4713 12.8104 12.2662 11.6798 10.8507 10.4780 9.6996 8.9071 8.5563 8.0367 7.2560 6.6577 6.3660 6.1283 5.6443 5.0044 4.3865 4.0076 3.9169 3.9549 4.0387 3.9924 3.8474 3.5959 3.2856 2.9295 2.5674 2.2338 1.9176 1.6369 1.4040 1.2019 1.0360 0.8961 0.7773 0.6789 0.5965 0.5252 0.4634 0.4083 0.3590 0.3169 0.2806 0.2493 0.2226 0.1986 0.1768 0.1577 0.1404
14.0983 14.0478 13.0840 12.8063 11.9719 11.2836 10.8954 9.9798 9.3013 8.9566 8.2947 7.5005 6.9930 6.7168 6.3958 5.8254 5.1687 4.5889 4.2532 4.1779 4.1939 4.2348 4.1371 3.9499 3.6711 3.3490 2.9914 2.6314 2.3007 1.9847 1.7037 1.4696 1.2646 1.0950 0.9507 0.8268 0.7238 0.6373 0.5628 0.4973 0.4382 0.3847 0.3392 0.3003 0.2667 0.2381 0.2127 0.1894 0.1689 0.1503
14.8236 14.2721 13.5453 13.3216 12.1773 11.8580 11.2698 10.2405 9.7573 9.3731 8.5517 7.7737 7.3614 7.0921 6.6801 6.0272 5.3634 4.8246 4.5286 4.4625 4.4508 4.4437 4.2947 4.0684 3.7654 3.4291 3.0642 2.7015 2.3714 2.0567 1.7760 1.5406 1.3330 1.1604 1.0123 0.8836 0.7753 0.6834 0.6037 0.5342 0.4720 0.4158 0.3674 0.3252 0.2887 0.2575 0.2298 0.2045 0.1823 0.1622
15.6685 14.2364 14.4815 13.4007 12.6480 12.5230 11.4614 10.5908 10.3300 9.7538 8.7742 8.0881 7.7851 7.4877 6.9624 6.2310 5.5752 5.0858 4.8281 4.7649 4.7185 4.6586 4.4557 4.1891 3.8609 3.5097 3.1368 2.7712 2.4419 2.1289 1.8484 1.6119 1.4023 1.2270 1.0754 0.9423 0.8288 0.7315 0.6465 0.5729 0.5076 0.4488 0.3975 0.3518 0.3122 0.2784 0.2481 0.2208 0.1968 0.1750
15.2162 15.2888 14.8299 13.4811 13.5959 12.8435 11.5974 11.2157 10.9194 10.0028 8.9940 8.5009 8.2748 7.8825 7.2224 6.4309 5.8093 5.3806 5.1578 5.0874 4.9964 4.8772 4.6176 4.3097 3.9559 3.5895 3.2087 2.8404 2.5123 2.2016 1.9212 1.6837 1.4724 1.2949 1.1402 1.0028 0.8842 0.7814 0.6911 0.6134 0.5451 0.4839 0.4296 0.3802 0.3374 0.3007 0.2677 0.2381 0.2123 0.1888
15.9357 16.2949 14.5088 14.5460 14.2821 12.7927 12.1539 12.0585 11.3138 10.1559 9.3514 9.0736 8.8125 8.2436 7.4537 6.6478 6.0921 5.7293 5.5289 5.4348 5.2867 5.1018 4.7830 4.4329 4.0530 3.6720 3.2841 2.9147 2.5885 2.2802 1.9996 1.7610 1.5480 1.3682 1.2104 1.0687 0.9449 0.8366 0.7408 0.6587 0.5869 0.5223 0.4645 0.4114 0.3651 0.3255 0.2898 0.2578 0.2298 0.2044
17.7427 15.7556 15.5155 15.7471 14.1613 13.1894 13.2410 12.7000 11.4536 10.4397 9.9802 9.7780 9.3296 8.5421 7.6742 6.9210 6.4557 6.1482 5.9455 5.8057 5.5870 5.3326 4.9534 4.5615 4.1564 3.7627 3.3696 3.0007 2.6768 2.3700 2.0892 1.8497 1.6342 1.4517 1.2903 1.1438 1.0146 0.9008 0.7994 0.7122 0.6356 0.5655 0.5032 0.4465 0.3967 0.3539 0.3157 0.2810 0.2505 0.2229
16.9809 16.5234 17.1582 15.5705 14.3027 14.4351 14.1151 12.8093 11.5962 11.0588 10.8031 10.4273 9.7017 8.7574 7.9102 7.2679 6.8967 6.6177 6.3815 6.1741 5.8747 5.5489 5.1125 4.6835 4.2583 3.8555 3.4591 3.0912 2.7698 2.4644 2.1835 1.9430 1.7249 1.5396 1.3747 1.2233 1.0886 0.9691 0.8618 0.7693 0.6876 0.6118 0.5446 0.4842 0.4305 0.3845 0.3436 0.3061 0.2730 0.2429
17.6178 18.5340 16.8763 15.4797 15.7052 15.5231 14.1758 12.7991 12.1859 11.9994 11.5812 10.8590 9.9186 8.9584 8.2290 7.7191 7.4122 7.1181 6.8143 6.5219 6.1377 5.7446 5.2583 4.7992 4.3608 3.9529 3.5554 3.1889 2.8697 2.5653 2.2841 2.0424 1.8213 1.6332 1.4645 1.3079 1.1674 1.0419 0.9284 0.8302 0.7433 0.6612 0.5889 0.5245 0.4669 0.4175 0.3738 0.3332 0.2972 0.2645
20.0328 18.0914 16.7915 17.2349 17.0403 15.5667 14.1059 13.4682 13.3150 12.9646 12.1187 11.1031 10.1220 9.2951 8.7256 8.3132 8.0109 7.6529 7.2566 6.8699 6.4028 5.9497 5.4234 4.9431 4.4941 4.0829 3.6850 3.3199 3.0018 2.6957 2.4129 2.1689 1.9433 1.7492 1.5736 1.4092 1.2626 1.1319 1.0126 0.9079 0.8140 0.7258 0.6479 0.5782 0.5150 0.4608 0.4135 0.3691 0.3295 0.2935
19.0116 18.2225 18.9422 18.5380 16.8458 15.4224 14.9054 14.7657 14.3685 13.5032 12.3315 11.2873 10.4579 9.8216 9.3701 8.9783 8.6141 8.1540 7.6545 7.1797 6.6438 6.1457 5.5924 5.1000 4.6454 4.2334 3.8358 3.4721 3.1541 2.8446 2.5591 2.3114 2.0801 1.8784 1.6944 1.5209 1.3678 1.2319 1.1064 0.9946 0.8928 0.7984 0.7145 0.6388 0.5691 0.5095 0.4583 0.4097 0.3662 0.3264
19.9688 20.7269 19.7901 17.9572 16.7793 16.5098 16.3815 15.8039 14.7954 13.6180 12.4920 11.6621 11.0388 10.5255 10.0885 9.6318 9.1583 8.5833 7.9912 7.4483 6.8655 6.3396 5.7720 5.2756 4.8194 4.4081 4.0105 3.6472 3.3279 3.0130 2.7229 2.4701 2.2317 2.0209 1.8270 1.6430 1.4829 1.3414 1.2094 1.0900 0.9795 0.8782 0.7878 0.7056 0.6288 0.5632 0.5078 0.4547 0.4069 0.3628
22.3027 20.6213 18.9910 18.3970 18.3660 18.1039 17.2527 16.0078 14.7763 13.7499 12.9104 12.3203 11.8113 11.2945 10.7718 10.1919 9.6054 8.9343 8.2723 7.6888 7.0830 6.5476 5.9769 5.4829 5.0290 4.6187 4.2191 3.8565 3.5363 3.2166 2.9197 2.6597 2.4120 2.1915 1.9871 1.7925 1.6229 1.4729 1.3330 1.2048 1.0846 0.9741 0.8758 0.7870 0.7035 0.6318 0.5701 0.5113 0.4584 0.4095
21.1695 20.3977 20.4601 20.4136 19.7282 18.5333 17.1724 15.9464 15.0226 14.3209 13.6749 13.1487 12.5981 11.9768 11.3249 10.6186 9.9530 9.2248 8.5217 7.9242 7.3158 6.7857 6.2197 5.7314 5.2808 4.8699 4.4651 4.1034 3.7829 3.4589 3.1529 2.8834 2.6243 2.3932 2.1782 1.9725 1.7910 1.6292 1.4800 1.3417 1.2109 1.0883 0.9805 0.8850 0.7956 0.7175 0.6472 0.5814 0.5225 0.4680
22.7296 22.7667 22.1311 20.9144 19.5191 18.2953 17.3190 16.5310 15.8896 15.2693 14.5499 13.8959 13.2078 12.4682 11.7180 10.9346 10.2402 9.4966 8.7801 8.1880 7.5890 7.0711 6.5115 6.0278 5.5772 5.1619 4.7478 4.3852 4.0627 3.7326 3.4153 3.1340 2.8615 2.6183 2.3914 2.1735 1.9787 1.8037 1.6445 1.4952 1.3525 1.2164 1.0980 0.9953 0.8999 0.8150 0.7348 0.6612 0.5957 0.5350
24.4108 23.0482 21.7119 20.5980 19.7361 19.0560 18.4024 17.6739 16.9100 16.0837 15.1556 14.3463 13.5615 12.7616 11.9794 11.1806 10.4982 9.7663 9.0535 8.4758 7.8894 7.3851 6.8308 6.3501 5.8958 5.4731 5.0469 4.6793 4.3526 4.0164 3.6890 3.3974 3.1123 2.8578 2.6197 2.3904 2.1829 1.9948 1.8236 1.6631 1.5094 1.3619 1.2337 1.1228 1.0196 0.9269 0.8366 0.7545 0.6818 0.6141
24.1518 23.3156 22.6353 21.9751 21.2641 20.4629 19.5411 18.5097 17.4731 16.4382 15.3944 14.5401 13.7597 12.9447 12.1681 11.3857 10.7226 10.0066 9.3085 8.7452 8.1681 7.6738 7.1250 6.6486 6.1903 5.7600 5.3220 4.9421 4.6086 4.2691 3.9398 3.6454 3.3536 3.0927 2.8477 2.6118 2.3955 2.1974 2.0099 1.8394 1.6800 1.5305 1.3967 1.2752 1.1601 1.0571 0.9591 0.8686 0.7877 0.7121
26.3347 25.4486 24.4498 23.3682 22.2614 21.1330 19.9762 18.7992 17.6737 16.5944 15.5656 14.7596 14.0422 13.2340 12.4649 11.6889 11.0338 10.3215 9.6280 9.0687 8.4917 8.0005 7.4524 6.9772 6.5119 6.0714 5.6191 5.2244 4.8830 4.5403 4.2095 3.9129 3.6147 3.3477 3.0962 2.8540 2.6290 2.4204 2.2151 2.0340 1.8696 1.7199 1.5811 1.4480 1.3196 1.2052 1.0991 0.9996 0.9099 0.8256
27.4007 26.1487 24.9033 23.6898 22.5431 21.4099 20.2678 19.1175 17.9967 16.9140 15.9083 15.1408 14.4649 13.6360 12.8463 12.0505 11.3857 10.6633 9.9636 9.3988 8.8143 8.3212 7.7704 7.2945 6.8227 6.3727 5.9070 5.4971 5.1476 4.8021 4.4700 4.1718 3.8686 3.5970 3.3404 3.0930 2.8602 2.6419 2.4190 2.2281 2.0599 1.9114 1.7688 1.6244 1.4825 1.3570 1.2435 1.1352 1.0369 0.9439
27.1552 25.9966 24.8502 23.6998 22.5743 21.4585 20.3385 19.2372 18.1404 17.0661 16.0433 15.2585 14.5632 13.7200 12.9137 12.0994 11.4390 10.7166 10.0068 9.4274 8.8296 8.3296 7.7708 7.2890 6.8289 6.3890 5.9319 5.5163 5.1612 4.8097 4.4705 4.1684 3.8674 3.6003 3.3473 3.0986 2.8639 2.6438 2.4219 2.2319 2.0641 1.9118 1.7664 1.6211 1.4799 1.3556 1.2442 1.1364 1.0380 0.9447
