0.1260 0.0672 0.0066 0.0636 0.1421 0.0224 0.0839 0.0755 0.0513 0.0673 0.0725 0.0187 0.1013 0.0193 0.0316 0.0845 0.0316 0.0041 0.0460 0.0642 0.0328 0.0035 0.0082 0.0310 0.0441 0.0387 0.0224 0.0076 0.0010 0.0028 0.0092 0.0161 0.0209 0.0224 0.0214 0.0183 0.0144 0.0105 0.0070 0.0043 0.0023 0.0011 0.0005 0.0002 0.0003 0.0006 0.0010 0.0014 0.0017 0.0020
0.3903 0.2168 0.0229 0.1784 0.4278 0.0743 0.2425 0.2348 0.1466 0.2083 0.2118 0.0596 0.3038 0.0549 0.0981 0.2535 0.0922 0.0130 0.1398 0.1923 0.0968 0.0100 0.0255 0.0939 0.1325 0.1155 0.0666 0.0223 0.0029 0.0086 0.0279 0.0487 0.0628 0.0673 0.0641 0.0548 0.0431 0.0314 0.0210 0.0128 0.0069 0.0033 0.0013 0.0007 0.0010 0.0018 0.0029 0.0041 0.0051 0.0061
0.6870 0.4119 0.0529 0.2572 0.7151 0.1499 0.3730 0.4185 0.2204 0.3688 0.3338 0.1122 0.5047 0.0823 0.1745 0.4218 0.1453 0.0246 0.2391 0.3191 0.1563 0.0151 0.0451 0.1595 0.2215 0.1910 0.1089 0.0357 0.0047 0.0149 0.0475 0.0821 0.1052 0.1123 0.1067 0.0910 0.0714 0.0519 0.0346 0.0210 0.0114 0.0053 0.0022 0.0012 0.0017 0.0031 0.0049 0.0068 0.0086 0.0103
1.0204 0.6811 0.1190 0.2807 0.9946 0.2700 0.4565 0.6411 0.2602 0.5605 0.4264 0.1856 0.7008 0.0972 0.2679 0.5877 0.1862 0.0413 0.3472 0.4432 0.2081 0.0182 0.0688 0.2295 0.3114 0.2641 0.1479 0.0470 0.0062 0.0224 0.0688 0.1169 0.1485 0.1576 0.1491 0.1267 0.0990 0.0717 0.0476 0.0288 0.0155 0.0072 0.0030 0.0017 0.0025 0.0044 0.0070 0.0097 0.0122 0.0145
1.3646 1.0415 0.2603 0.2416 1.2414 0.4604 0.4766 0.9123 0.2580 0.7927 0.4780 0.2911 0.8854 0.0977 0.3855 0.7478 0.2109 0.0665 0.4672 0.5626 0.2493 0.0193 0.0986 0.3056 0.4021 0.3335 0.1823 0.0556 0.0074 0.0315 0.0922 0.1536 0.1930 0.2032 0.1910 0.1616 0.1257 0.0906 0.0599 0.0360 0.0193 0.0089 0.0036 0.0022 0.0033 0.0059 0.0092 0.0127 0.0159 0.0188
1.6478 1.4784 0.5287 0.1568 1.4129 0.7475 0.4252 1.2317 0.2141 1.0687 0.4790 0.4415 1.0473 0.0855 0.5342 0.8964 0.2167 0.1051 0.6010 0.6741 0.2772 0.0189 0.1369 0.3891 0.4932 0.3980 0.2109 0.0610 0.0087 0.0428 0.1186 0.1927 0.2387 0.2489 0.2323 0.1953 0.1511 0.1084 0.0712 0.0425 0.0225 0.0103 0.0042 0.0027 0.0042 0.0075 0.0116 0.0159 0.0198 0.0233
1.7537 1.9191 0.9698 0.0821 1.4530 1.1468 0.3123 1.5819 0.1433 1.3815 0.4256 0.6491 1.1710 0.0670 0.7194 1.0247 0.2027 0.1633 0.7494 0.7738 0.2895 0.0187 0.1861 0.4809 0.5838 0.4559 0.2326 0.0627 0.0103 0.0570 0.1485 0.2345 0.2858 0.2948 0.2727 0.2277 0.1750 0.1246 0.0813 0.0481 0.0252 0.0114 0.0047 0.0032 0.0053 0.0093 0.0142 0.0193 0.0238 0.0280
1.5621 2.2173 1.5831 0.1195 1.3108 1.6442 0.1771 1.9212 0.0801 1.7083 0.3246 0.9220 1.2371 0.0551 0.9431 1.1213 0.1709 0.2483 0.9115 0.8563 0.2849 0.0213 0.2489 0.5816 0.6725 0.5054 0.2463 0.0609 0.0129 0.0748 0.1825 0.2795 0.3344 0.3405 0.3119 0.2582 0.1969 0.1392 0.0900 0.0527 0.0272 0.0121 0.0050 0.0038 0.0065 0.0113 0.0171 0.0229 0.0282 0.0329
1.0475 2.1842 2.2667 0.4025 0.9755 2.1741 0.0962 2.1807 0.0819 2.0056 0.1998 1.2598 1.2263 0.0697 1.2013 1.1722 0.1275 0.3681 1.0835 0.9155 0.2631 0.0305 0.3283 0.6908 0.7572 0.5446 0.2511 0.0556 0.0173 0.0972 0.2212 0.3277 0.3842 0.3857 0.3495 0.2866 0.2166 0.1517 0.0972 0.0561 0.0286 0.0125 0.0053 0.0045 0.0079 0.0136 0.0202 0.0268 0.0327 0.0380
0.4067 1.6990 2.7853 1.0369 0.5242 2.6065 0.1789 2.2725 0.2229 2.2102 0.0960 1.6464 1.1246 0.1369 1.4808 1.1632 0.0833 0.5296 1.2581 0.9447 0.2256 0.0514 0.4266 0.8074 0.8352 0.5714 0.2467 0.0478 0.0247 0.1251 0.2651 0.3792 0.4351 0.4302 0.3850 0.3124 0.2338 0.1621 0.1026 0.0584 0.0292 0.0126 0.0055 0.0054 0.0096 0.0162 0.0237 0.0311 0.0376 0.0434
0.1073 0.8786 2.8248 1.9932 0.1570 2.7632 0.5393 2.1140 0.5751 2.2490 0.0804 2.0459 0.9319 0.2863 1.7601 1.0851 0.0555 0.7380 1.4257 0.9385 0.1768 0.0904 0.5466 0.9304 0.9046 0.5850 0.2333 0.0386 0.0365 0.1599 0.3153 0.4349 0.4877 0.4742 0.4189 0.3360 0.2487 0.1705 0.1065 0.0597 0.0292 0.0123 0.0057 0.0064 0.0116 0.0192 0.0276 0.0358 0.0429 0.0491
0.6868 0.1948 2.1922 2.9964 0.1748 2.4858 1.2379 1.6719 1.1746 2.0615 0.2321 2.3969 0.6683 0.5465 2.0091 0.9369 0.0662 0.9930 1.5718 0.8919 0.1230 0.1548 0.6903 1.0576 0.9626 0.5840 0.2115 0.0296 0.0544 0.2030 0.3730 0.4956 0.5425 0.5183 0.4515 0.3576 0.2616 0.1770 0.1089 0.0599 0.0287 0.0119 0.0060 0.0077 0.0140 0.0226 0.0320 0.0410 0.0486 0.0554
2.2169 0.3335 1.0827 3.5502 0.8388 1.7540 2.2055 1.0210 1.9771 1.6311 0.6185 2.6108 0.3809 0.9358 2.1878 0.7295 0.1406 1.2840 1.6739 0.8004 0.0740 0.2518 0.8558 1.1819 1.0027 0.5657 0.1821 0.0229 0.0806 0.2555 0.4381 0.5604 0.5983 0.5612 0.4815 0.3762 0.2716 0.1812 0.1097 0.0591 0.0276 0.0114 0.0065 0.0093 0.0168 0.0266 0.0369 0.0466 0.0549 0.0620
3.7823 1.6627 0.1988 3.1918 2.1209 0.8089 3.1898 0.3890 2.8218 1.0266 1.2595 2.5975 0.1516 1.4502 2.2558 0.4922 0.3042 1.5947 1.7140 0.6685 0.0434 0.3875 1.0389 1.2956 1.0202 0.5295 0.1471 0.0215 0.1173 0.3187 0.5109 0.6291 0.6545 0.6023 0.5086 0.3916 0.2787 0.1831 0.1088 0.0572 0.0260 0.0107 0.0071 0.0114 0.0202 0.0311 0.0424 0.0529 0.0616 0.0691
3.8944 3.5462 0.4609 1.9157 3.5296 0.1682 3.7763 0.1194 3.4486 0.4318 2.0889 2.2978 0.0848 2.0433 2.1708 0.2684 0.5799 1.9072 1.6844 0.5116 0.0480 0.5645 1.2316 1.3896 1.0103 0.4759 0.1097 0.0286 0.1667 0.3934 0.5911 0.7006 0.7100 0.6403 0.5316 0.4029 0.2822 0.1822 0.1060 0.0543 0.0239 0.0101 0.0081 0.0140 0.0242 0.0364 0.0486 0.0598 0.0689 0.0767
2.0990 4.3971 2.1481 0.5298 4.2192 0.4046 3.5592 0.5198 3.5992 0.1264 2.9303 1.7263 0.2833 2.6198 1.9014 0.1135 0.9802 2.2003 1.5859 0.3526 0.1050 0.7827 1.4239 1.4550 0.9704 0.4074 0.0743 0.0480 0.2306 0.4797 0.6776 0.7733 0.7628 0.6736 0.5492 0.4091 0.2816 0.1782 0.1011 0.0502 0.0214 0.0096 0.0096 0.0173 0.0291 0.0425 0.0557 0.0675 0.0770 0.0850
0.2757 3.0921 4.1902 0.2699 3.5882 1.7368 2.4578 1.6558 3.0925 0.3543 3.5608 1.0313 0.8098 3.0510 1.4599 0.0924 1.4836 2.4210 1.4049 0.2098 0.2317 1.0461 1.6130 1.4906 0.9040 0.3299 0.0468 0.0837 0.3106 0.5772 0.7690 0.8453 0.8113 0.7008 0.5604 0.4097 0.2764 0.1710 0.0943 0.0451 0.0187 0.0094 0.0118 0.0215 0.0349 0.0496 0.0637 0.0760 0.0858 0.0939
0.9906 0.8591 4.6682 1.7797 1.8729 3.6048 1.0501 3.2106 1.9696 1.1904 3.7382 0.4327 1.6378 3.2169 0.9291 0.2770 2.0355 2.4945 1.1209 0.0969 0.4387 1.3519 1.7917 1.4936 0.8143 0.2504 0.0336 0.1394 0.4079 0.6851 0.8634 0.9148 0.8540 0.7211 0.5651 0.4048 0.2673 0.1612 0.0860 0.0395 0.0162 0.0099 0.0149 0.0266 0.0417 0.0577 0.0725 0.0853 0.0952 0.1034
4.0349 0.3434 2.8567 4.1863 0.3168 4.8440 0.1628 4.4392 0.7515 2.5204 3.2332 0.1088 2.5879 3.0158 0.4333 0.6924 2.5447 2.3853 0.7822 0.0586 0.7120 1.6424 1.8989 1.4248 0.6867 0.1677 0.0366 0.2148 0.5189 0.7980 0.9547 0.9760 0.8866 0.7318 0.5615 0.3939 0.2541 0.1489 0.0766 0.0338 0.0141 0.0111 0.0189 0.0328 0.0496 0.0668 0.0823 0.0955 0.1055 0.1137
5.3924 3.0431 0.4701 5.3044 0.6467 4.3855 0.7767 4.6004 0.1392 3.9455 2.1700 0.4208 3.5183 2.4382 0.1224 1.3672 2.9711 2.1076 0.4485 0.1493 1.0863 1.9434 1.9600 1.3085 0.5410 0.0973 0.0686 0.3213 0.6541 0.9252 1.0511 1.0358 0.9142 0.7362 0.5521 0.3783 0.2376 0.1347 0.0664 0.0281 0.0127 0.0134 0.0242 0.0405 0.0589 0.0772 0.0933 0.1068 0.1167 0.1248
2.4862 5.7382 0.8605 3.5501 3.1474 2.2622 2.8909 3.3072 0.7761 4.7114 0.9329 1.4250 4.0476 1.5815 0.1733 2.2020 3.1745 1.6627 0.1859 0.3891 1.5221 2.2008 1.9421 1.1395 0.3877 0.0512 0.1354 0.4572 0.8062 1.0572 1.1431 1.0863 0.9313 0.7310 0.5348 0.3571 0.2176 0.1188 0.0559 0.0229 0.0124 0.0171 0.0311 0.0496 0.0697 0.0890 0.1056 0.1191 0.1288 0.1367
0.1446 4.2245 4.2884 0.7317 5.6478 0.3442 5.1378 1.3014 2.6284 4.2778 0.1746 2.8920 3.9089 0.7052 0.6896 3.0388 3.0713 1.1162 0.0723 0.7870 1.9818 2.3791 1.8345 0.9271 0.2429 0.0423 0.2431 0.6227 0.9720 1.1894 1.2267 1.1246 0.9360 0.7153 0.5096 0.3307 0.1947 0.1018 0.0454 0.0187 0.0135 0.0225 0.0397 0.0605 0.0821 0.1023 0.1191 0.1325 0.1419 0.1494
3.4217 0.6151 6.2696 0.7133 5.2974 0.8780 5.5782 0.1776 4.7411 2.7174 0.4873 4.2804 3.0480 0.1628 1.6457 3.6678 2.6351 0.5790 0.1777 1.3242 2.4120 2.4442 1.6352 0.6886 0.1259 0.0832 0.3959 0.8156 1.1467 1.3166 1.2976 1.1479 0.9269 0.6886 0.4767 0.2995 0.1695 0.0842 0.0357 0.0160 0.0165 0.0300 0.0503 0.0733 0.0963 0.1171 0.1339 0.1471 0.1560 0.1629
6.7663 1.5426 3.5132 4.2854 2.1674 3.9260 3.5311 1.2253 5.6518 0.9112 1.9907 4.9190 1.7349 0.2786 2.8448 3.8820 1.9273 0.1934 0.5440 1.9502 2.7517 2.3729 1.3566 0.4499 0.0586 0.1847 0.5946 1.0309 1.3228 1.4321 1.3513 1.1540 0.9033 0.6513 0.4368 0.2645 0.1429 0.0670 0.0274 0.0154 0.0219 0.0399 0.0633 0.0883 0.1124 0.1336 0.1503 0.1630 0.1712 0.1774
3.1883 6.2314 0.2861 6.8008 0.2238 6.4720 0.8313 4.0279 4.4886 0.1811 4.0683 4.3692 0.5491 1.1826 3.9387 3.5551 1.1082 0.1029 1.1650 2.5817 2.9376 2.1546 1.0230 0.2424 0.0622 0.3545 0.8360 1.2601 1.4916 1.5289 1.3834 1.1406 0.8647 0.6038 0.3909 0.2268 0.1161 0.0511 0.0214 0.0175 0.0302 0.0527 0.0789 0.1056 0.1305 0.1519 0.1681 0.1802 0.1875 0.1929
0.3035 5.9238 2.7023 4.2524 2.6686 5.3947 0.5275 6.3038 1.9792 1.3716 5.5501 2.7858 0.1606 2.6782 4.5292 2.7189 0.4171 0.4092 1.9707 3.1096 2.9158 1.7986 0.6727 0.1018 0.1554 0.5945 1.1122 1.4928 1.6437 1.6001 1.3895 1.1055 0.8102 0.5462 0.3397 0.1874 0.0900 0.0375 0.0186 0.0230 0.0418 0.0686 0.0975 0.1254 0.1507 0.1719 0.1875 0.1987 0.2049 0.2092
5.4874 0.9409 7.2314 0.4739 6.7231 1.7329 3.5357 5.7653 0.2670 3.9835 5.3916 1.0020 0.9729 4.2350 4.3255 1.6013 0.1149 1.1278 2.8264 3.4210 2.6619 1.3438 0.3586 0.0645 0.3507 0.8995 1.4101 1.7149 1.7682 1.6388 1.3664 1.0479 0.7407 0.4801 0.2850 0.1481 0.0662 0.0275 0.0197 0.0325 0.0574 0.0882 0.1192 0.1479 0.1733 0.1939 0.2085 0.2186 0.2234 0.2265
7.1465 2.2044 5.3962 2.2912 6.4559 0.4006 6.8507 2.6901 1.2276 6.1957 3.5182 0.1823 2.8023 5.1635 3.3147 0.5953 0.3953 2.1550 3.5512 3.4254 2.1934 0.8567 0.1408 0.1609 0.6505 1.2559 1.7115 1.9107 1.8545 1.6392 1.3119 0.9681 0.6577 0.4077 0.2290 0.1109 0.0464 0.0222 0.0259 0.0469 0.0774 0.1117 0.1443 0.1732 0.1982 0.2179 0.2312 0.2398 0.2431 0.2448
1.0224 7.8032 0.5560 7.3070 1.9561 3.8657 6.4213 0.3244 4.4434 6.1278 1.1699 1.1005 4.8290 4.9577 1.8539 0.1415 1.2931 3.2699 3.9594 3.0855 1.5776 0.4254 0.0772 0.4090 1.0443 1.6433 2.0001 2.0711 1.8991 1.6004 1.2279 0.8694 0.5650 0.3321 0.1745 0.0780 0.0322 0.0231 0.0380 0.0668 0.1022 0.1393 0.1729 0.2019 0.2258 0.2441 0.2561 0.2630 0.2644 0.2645
3.0999 5.0459 3.1407 6.4943 0.6623 7.6899 2.5155 1.7125 7.0393 3.6272 0.2324 3.4678 5.9220 3.5883 0.5798 0.5468 2.6248 4.1710 3.9096 2.4396 0.9284 0.1464 0.2126 0.8074 1.5064 2.0295 2.2459 2.1730 1.8875 1.5166 1.1133 0.7533 0.4650 0.2566 0.1243 0.0516 0.0255 0.0315 0.0571 0.0929 0.1324 0.1714 0.2053 0.2337 0.2561 0.2724 0.2827 0.2876 0.2869 0.2851
8.6253 0.3630 8.3831 1.1244 5.4591 6.1007 0.3101 5.7864 6.2730 0.8354 1.7792 5.8677 5.3222 1.6931 0.1819 1.8110 4.0036 4.5655 3.3660 1.6136 0.3919 0.1068 0.5659 1.3312 1.9967 2.3775 2.4228 2.2018 1.8145 1.3887 0.9722 0.6249 0.3628 0.1852 0.0819 0.0345 0.0282 0.0486 0.0840 0.1257 0.1681 0.2082 0.2415 0.2687 0.2888 0.3027 0.3110 0.3137 0.3105 0.3067
2.6223 5.8578 4.7377 2.0884 8.3942 1.2970 3.3577 7.8437 2.7167 0.5693 4.9137 6.5854 3.2574 0.3446 1.0352 3.5476 4.9472 4.2767 2.4353 0.8062 0.1166 0.3620 1.1207 1.9312 2.4638 2.6485 2.5077 2.1478 1.6795 1.2213 0.8111 0.4907 0.2643 0.1227 0.0508 0.0291 0.0419 0.0757 0.1194 0.1656 0.2098 0.2498 0.2816 0.3069 0.3242 0.3350 0.3410 0.3411 0.3352 0.3293
2.0446 8.1177 0.3990 8.1441 3.9319 1.2518 7.8508 5.1025 0.2979 3.5218 7.1326 4.9194 1.0130 0.4812 2.9171 5.0857 5.0660 3.3417 1.3666 0.2485 0.2171 0.9181 1.8260 2.5476 2.8649 2.8185 2.4892 2.0103 1.4893 1.0259 0.6408 0.3599 0.1764 0.0743 0.0348 0.0382 0.0687 0.1142 0.1646 0.2137 0.2582 0.2972 0.3266 0.3491 0.3631 0.3707 0.3736 0.3707 0.3618 0.3536
9.1514 1.1369 6.1301 6.6863 0.3635 6.6905 7.1835 0.9368 2.1721 7.0694 6.3870 2.0264 0.2305 2.2655 5.0005 5.7216 4.2335 2.0290 0.4880 0.1402 0.7374 1.7167 2.5867 3.0896 3.1316 2.8470 2.3535 1.7912 1.2522 0.8106 0.4700 0.2402 0.1053 0.0446 0.0372 0.0638 0.1100 0.1649 0.2198 0.2698 0.3130 0.3497 0.3757 0.3945 0.4045 0.4084 0.4079 0.4016 0.3896 0.3788
3.1377 3.8530 8.5224 0.6464 5.1322 8.5468 2.0937 1.1962 6.5997 7.5412 3.1590 0.2567 1.7136 4.8176 6.2089 5.0817 2.7174 0.8013 0.1285 0.5907 1.6245 2.6361 3.2827 3.4704 3.2167 2.7182 2.1047 1.5046 0.9850 0.5914 0.3117 0.1415 0.0583 0.0385 0.0612 0.1083 0.1668 0.2284 0.2852 0.3339 0.3741 0.4071 0.4286 0.4429 0.4484 0.4480 0.4436 0.4337 0.4183 0.4049
2.2150 9.3738 1.4831 3.8227 9.2496 3.2933 0.6579 6.0753 8.3433 4.2199 0.4487 1.3263 4.6757 6.6312 5.8193 3.3849 1.1317 0.1613 0.4951 1.5644 2.7264 3.5135 3.7922 3.6203 3.0946 2.4367 1.7640 1.1762 0.7114 0.3874 0.1804 0.0742 0.0424 0.0606 0.1099 0.1733 0.2406 0.3056 0.3617 0.4071 0.4425 0.4705 0.4863 0.4950 0.4953 0.4902 0.4817 0.4679 0.4488 0.4325
9.7585 2.2214 3.0801 9.6023 4.1685 0.4440 5.7776 8.9363 5.0138 0.6574 1.1301 4.6854 7.0972 6.4936 3.9422 1.4209 0.2063 0.4553 1.5819 2.8705 3.8178 4.1746 4.0131 3.4989 2.7674 2.0275 1.3638 0.8367 0.4567 0.2180 0.0900 0.0476 0.0636 0.1149 0.1858 0.2608 0.3328 0.3980 0.4506 0.4905 0.5198 0.5414 0.5500 0.5516 0.5461 0.5358 0.5228 0.5049 0.4819 0.4623
2.3247 3.0014 9.8606 4.4421 0.4151 5.9174 9.4003 5.3997 0.7305 1.1465 4.9453 7.6258 7.0766 4.3349 1.5814 0.2298 0.4762 1.7099 3.1292 4.1800 4.6283 4.4521 3.8731 3.1010 2.2658 1.5321 0.9424 0.5180 0.2455 0.1021 0.0532 0.0702 0.1273 0.2044 0.2902 0.3709 0.4428 0.5045 0.5503 0.5824 0.6037 0.6173 0.6176 0.6110 0.5990 0.5832 0.5654 0.5431 0.5161 0.4930
3.7540 10.1114 3.9326 0.5817 6.6660 9.7586 5.2184 0.5900 1.4430 5.6033 8.2651 7.4765 4.4679 1.5500 0.2102 0.5895 1.9908 3.5593 4.6739 5.1178 4.9316 4.2557 3.3738 2.4766 1.6562 1.0144 0.5529 0.2603 0.1065 0.0586 0.0819 0.1488 0.2371 0.3305 0.4235 0.5035 0.5701 0.6242 0.6602 0.6820 0.6935 0.6978 0.6885 0.6728 0.6538 0.6321 0.6092 0.5824 0.5511 0.5244
10.0747 2.6096 1.2819 8.1220 9.8242 4.3430 0.3212 2.2325 6.7729 9.0715 7.6155 4.2128 1.2790 0.1748 0.8657 2.5283 4.2215 5.3604 5.7144 5.3969 4.6282 3.6119 2.6042 1.7329 1.0367 0.5532 0.2532 0.1035 0.0653 0.1034 0.1858 0.2895 0.3970 0.4967 0.5891 0.6614 0.7172 0.7594 0.7818 0.7906 0.7908 0.7859 0.7674 0.7430 0.7168 0.6887 0.6594 0.6272 0.5911 0.5606
0.8051 3.2446 9.9758 8.9056 2.6811 0.3345 3.8458 8.4422 9.6990 7.2437 3.4495 0.7882 0.2450 1.4490 3.4073 5.1926 6.2107 6.3835 5.8377 4.8710 3.7448 2.6307 1.6967 0.9918 0.5041 0.2201 0.0931 0.0803 0.1420 0.2479 0.3705 0.4940 0.6066 0.7011 0.7840 0.8415 0.8810 0.9070 0.9124 0.9061 0.8933 0.8786 0.8505 0.8170 0.7831 0.7482 0.7119 0.6739 0.6328 0.5984
7.0856 10.9735 6.2515 0.7972 1.5328 6.5619 10.2028 9.5898 5.9442 2.1678 0.2991 0.7073 2.5723 4.7608 6.4319 7.2012 6.9997 6.1500 4.9368 3.6560 2.4947 1.5375 0.8472 0.4052 0.1662 0.0867 0.1173 0.2163 0.3494 0.4970 0.6364 0.7605 0.8630 0.9403 1.0050 1.0405 1.0585 1.0647 1.0501 1.0265 0.9997 0.9746 0.9364 0.8932 0.8515 0.8094 0.7659 0.7219 0.6756 0.6372
8.7485 2.2237 0.5822 4.9686 9.9299 10.9308 7.8953 3.5978 0.7408 0.3906 2.0421 4.5012 6.6535 7.8766 8.0618 7.3949 6.1341 4.6911 3.2960 2.1210 1.2304 0.6193 0.2669 0.1175 0.1134 0.2062 0.3539 0.5239 0.6910 0.8498 0.9813 1.0872 1.1651 1.2149 1.2544 1.2626 1.2549 1.2381 1.2019 1.1599 1.1179 1.0806 1.0309 0.9778 0.9277 0.8781 0.8268 0.7765 0.7246 0.6819
0.4530 4.6367 10.0511 11.6683 8.8415 4.2831 1.0023 0.3691 2.0292 4.7462 7.2516 8.8077 9.1614 8.4797 7.1613 5.5691 3.9650 2.5904 1.5218 0.7864 0.3489 0.1504 0.1313 0.2324 0.4009 0.6028 0.8083 0.9991 1.1587 1.2967 1.3965 1.4670 1.5071 1.5205 1.5292 1.5058 1.4688 1.4264 1.3674 1.3060 1.2478 1.1962 1.1338 1.0707 1.0118 0.9541 0.8946 0.8377 0.7800 0.7325
11.3652 11.8422 8.2263 3.5600 0.6849 0.6683 2.8819 5.9479 8.6009 10.1109 10.2792 9.4005 7.8359 5.9851 4.2163 2.7177 1.5677 0.7923 0.3454 0.1659 0.1814 0.3239 0.5400 0.7909 1.0342 1.2626 1.4572 1.6166 1.7282 1.8153 1.8626 1.8827 1.8742 1.8441 1.8173 1.7587 1.6899 1.6199 1.5371 1.4555 1.3808 1.3144 1.2390 1.1659 1.0982 1.0323 0.9645 0.9008 0.8371 0.7848
5.1182 1.3831 0.4502 2.2381 5.4804 8.6994 10.8757 11.6177 11.0523 9.5600 7.5743 5.5430 3.7136 2.2398 1.1979 0.5576 0.2526 0.2063 0.3382 0.5801 0.8785 1.1837 1.4766 1.7456 1.9547 2.1260 2.2461 2.3289 2.3591 2.3719 2.3529 2.3138 2.2503 2.1725 2.1076 2.0128 1.9123 1.8154 1.7102 1.6092 1.5181 1.4371 1.3491 1.2664 1.1899 1.1158 1.0396 0.9691 0.8993 0.8421
3.6857 7.3185 10.5573 12.5271 12.9425 11.9921 10.1321 7.8520 5.6132 3.6723 2.1612 1.1235 0.5195 0.2789 0.3147 0.5380 0.8703 1.2545 1.6389 2.0018 2.3269 2.5812 2.7849 2.9475 3.0338 3.0868 3.0912 3.0661 2.9945 2.9207 2.8326 2.7343 2.6157 2.4889 2.3852 2.2572 2.1291 2.0099 1.8876 1.7700 1.6632 1.5686 1.4691 1.3782 1.2926 1.2101 1.1260 1.0487 0.9725 0.9101
13.7666 12.2711 10.0662 7.6322 5.3179 3.3655 1.8995 0.9459 0.4681 0.3718 0.5580 0.9335 1.4133 1.9253 2.4281 2.8887 3.2800 3.6078 3.8518 4.0396 4.1731 4.2159 4.2185 4.2001 4.1193 4.0273 3.9013 3.7606 3.5853 3.4258 3.2742 3.1226 2.9539 2.7823 2.6435 2.4864 2.3344 2.1962 2.0600 1.9279 1.8067 1.6996 1.5894 1.4914 1.3973 1.3066 1.2149 1.1308 1.0484 0.9809
1.2378 0.6498 0.5016 0.7113 1.1821 1.8210 2.5412 3.2540 3.9434 4.5762 5.1357 5.6011 5.9482 6.1733 6.3134 6.3742 6.3513 6.2901 6.1702 6.0427 5.9004 5.6858 5.4661 5.2617 5.0240 4.8021 4.5640 4.3241 4.0623 3.8331 3.6326 3.4403 3.2328 3.0261 2.8598 2.6803 2.5101 2.3578 2.2116 2.0684 1.9354 1.8179 1.6991 1.5955 1.4945 1.3968 1.2980 1.2079 1.1198 1.0478
10.2112 10.6437 10.9711 11.2351 11.4210 11.5210 11.5074 11.3399 11.1452 10.9145 10.6370 10.3428 9.9975 9.6047 9.2082 8.8057 8.3737 7.9707 7.5603 7.1956 6.8582 6.4771 6.1099 5.7810 5.4421 5.1456 4.8514 4.5516 4.2445 3.9868 3.7538 3.5358 3.3127 3.0936 2.9171 2.7246 2.5456 2.3873 2.2334 2.0855 1.9504 1.8309 1.7103 1.6051 1.5060 1.4089 1.3047 1.2125 1.1236 1.0511
