0.2184 0.2177 0.2177 0.1860 0.1751 0.1652 0.1539 0.1451 0.1407 0.1517 0.1127 0.1078 0.1198 0.1201 0.1139 0.1025 0.0830 0.0612 0.0521 0.0600 0.0729 0.0782 0.0704 0.0556 0.0403 0.0290 0.0226 0.0198 0.0190 0.0185 0.0177 0.0165 0.0148 0.0132 0.0115 0.0099 0.0085 0.0073 0.0062 0.0054 0.0046 0.0041 0.0036 0.0032 0.0028 0.0025 0.0022 0.0020 0.0018 0.0016
0.6546 0.6507 0.6507 0.5584 0.5255 0.4949 0.4607 0.4341 0.4213 0.4538 0.3381 0.3234 0.3609 0.3623 0.3431 0.3082 0.2499 0.1842 0.1558 0.1783 0.2166 0.2334 0.2114 0.1678 0.1219 0.0879 0.0680 0.0592 0.0565 0.0551 0.0527 0.0492 0.0444 0.0394 0.0344 0.0297 0.0255 0.0219 0.0188 0.0162 0.0140 0.0122 0.0108 0.0096 0.0085 0.0075 0.0067 0.0060 0.0054 0.0048
1.0896 1.0771 1.0770 0.9316 0.8773 0.8227 0.7648 0.7201 0.6998 0.7526 0.5637 0.5392 0.6065 0.6103 0.5762 0.5164 0.4191 0.3090 0.2583 0.2916 0.3542 0.3848 0.3525 0.2828 0.2071 0.1492 0.1145 0.0984 0.0930 0.0904 0.0867 0.0812 0.0736 0.0656 0.0574 0.0496 0.0427 0.0367 0.0315 0.0272 0.0234 0.0205 0.0181 0.0160 0.0142 0.0126 0.0112 0.0100 0.0089 0.0080
1.5246 1.4962 1.4928 1.3048 1.2326 1.1481 1.0644 1.0023 0.9740 1.0470 0.7898 0.7556 0.8601 0.8682 0.8153 0.7280 0.5923 0.4372 0.3592 0.3968 0.4816 0.5296 0.4932 0.4022 0.2981 0.2152 0.1631 0.1375 0.1281 0.1239 0.1190 0.1120 0.1021 0.0915 0.0805 0.0698 0.0602 0.0518 0.0445 0.0384 0.0331 0.0289 0.0254 0.0225 0.0199 0.0177 0.0157 0.0140 0.0125 0.0112
1.9630 1.9118 1.8975 1.6755 1.5955 1.4717 1.3579 1.2811 1.2411 1.3377 1.0161 0.9734 1.1266 1.1396 1.0612 0.9429 0.7704 0.5710 0.4593 0.4916 0.5945 0.6642 0.6325 0.5274 0.3977 0.2884 0.2156 0.1773 0.1617 0.1548 0.1489 0.1409 0.1295 0.1168 0.1035 0.0902 0.0781 0.0674 0.0580 0.0499 0.0430 0.0375 0.0329 0.0291 0.0257 0.0228 0.0202 0.0180 0.0161 0.0144
2.4093 2.3317 2.2969 2.0394 1.9709 1.7962 1.6453 1.5583 1.4985 1.6278 1.2420 1.1946 1.4119 1.4275 1.3132 1.1597 0.9544 0.7133 0.5608 0.5750 0.6889 0.7844 0.7681 0.6590 0.5082 0.3719 0.2747 0.2194 0.1944 0.1833 0.1758 0.1673 0.1549 0.1411 0.1260 0.1106 0.0962 0.0833 0.0718 0.0619 0.0532 0.0464 0.0407 0.0359 0.0316 0.0280 0.0248 0.0221 0.0197 0.0176
2.8671 2.7629 2.7073 2.3933 2.3627 2.1281 1.9286 1.8362 1.7442 1.9225 1.4657 1.4232 1.7232 1.7327 1.5675 1.3751 1.1445 0.8684 0.6684 0.6483 0.7621 0.8852 0.8966 0.7963 0.6320 0.4694 0.3442 0.2668 0.2280 0.2097 0.1995 0.1904 0.1778 0.1636 0.1475 0.1306 0.1144 0.0995 0.0860 0.0743 0.0639 0.0557 0.0488 0.0429 0.0377 0.0333 0.0295 0.0262 0.0233 0.0208
3.3367 3.2047 3.1527 2.7428 2.7677 2.4803 2.2125 2.1162 1.9800 2.2281 1.6837 1.6662 2.0674 2.0525 1.8169 1.5836 1.3408 1.0419 0.7897 0.7161 0.8131 0.9621 1.0127 0.9367 0.7699 0.5846 0.4285 0.3236 0.2654 0.2358 0.2206 0.2100 0.1974 0.1834 0.1672 0.1495 0.1320 0.1156 0.1004 0.0869 0.0750 0.0653 0.0572 0.0502 0.0441 0.0389 0.0344 0.0304 0.0271 0.0241
3.8081 3.6451 3.6503 3.1151 3.1685 2.8752 2.5032 2.3973 2.2133 2.5477 1.8914 1.9345 2.4493 2.3785 2.0501 1.7783 1.5434 1.2414 0.9363 0.7882 0.8450 1.0109 1.1094 1.0747 0.9203 0.7197 0.5326 0.3953 0.3114 0.2648 0.2405 0.2265 0.2132 0.1997 0.1840 0.1663 0.1483 0.1309 0.1145 0.0996 0.0861 0.0751 0.0658 0.0578 0.0507 0.0446 0.0394 0.0348 0.0309 0.0275
4.2500 4.0698 4.1835 3.5666 3.5301 3.3443 2.8035 2.6774 2.4581 2.8757 2.0848 2.2423 2.8666 2.6942 2.2528 1.9520 1.7527 1.4756 1.1238 0.8804 0.8663 1.0300 1.1781 1.2004 1.0770 0.8739 0.6601 0.4879 0.3722 0.3017 0.2628 0.2416 0.2256 0.2119 0.1969 0.1798 0.1621 0.1445 0.1273 0.1115 0.0969 0.0848 0.0744 0.0655 0.0574 0.0505 0.0445 0.0393 0.0349 0.0309
4.6096 4.4794 4.6835 4.1643 3.8163 3.9185 3.1105 2.9611 2.7331 3.1937 2.2688 2.6066 3.3069 2.9774 2.4128 2.1018 1.9712 1.7545 1.3722 1.0180 0.8961 1.0249 1.2110 1.3001 1.2281 1.0416 0.8120 0.6072 0.4561 0.3550 0.2943 0.2602 0.2376 0.2216 0.2064 0.1899 0.1728 0.1557 0.1385 0.1222 0.1070 0.0942 0.0830 0.0732 0.0642 0.0566 0.0499 0.0440 0.0390 0.0346
4.8888 4.8774 5.0658 4.9129 4.0283 4.5903 3.4107 3.2620 3.0454 3.4666 2.4575 3.0345 3.7388 3.2015 2.5235 2.2295 2.1985 2.0803 1.6965 1.2286 0.9619 1.0089 1.2029 1.3556 1.3523 1.2065 0.9810 0.7542 0.5694 0.4334 0.3439 0.2899 0.2551 0.2327 0.2148 0.1976 0.1807 0.1641 0.1473 0.1312 0.1159 0.1027 0.0910 0.0807 0.0711 0.0628 0.0554 0.0490 0.0434 0.0385
5.2937 5.2201 5.3230 5.6611 4.2471 5.2592 3.6877 3.5931 3.3641 3.6449 2.6669 3.5026 4.1078 3.3412 2.5868 2.3379 2.4227 2.4330 2.0893 1.5275 1.0907 1.0004 1.1505 1.3430 1.4154 1.3355 1.1426 0.9156 0.7089 0.5405 0.4185 0.3383 0.2845 0.2500 0.2251 0.2044 0.1862 0.1694 0.1530 0.1373 0.1223 0.1092 0.0975 0.0869 0.0770 0.0683 0.0605 0.0536 0.0476 0.0423
6.1456 5.4474 5.5514 6.1198 4.6185 5.7266 3.9671 3.9607 3.6282 3.7065 2.9233 3.9533 4.3557 3.3978 2.6279 2.4358 2.6179 2.7640 2.5137 1.9150 1.3149 1.0374 1.0710 1.2496 1.3818 1.3843 1.2574 1.0635 0.8599 0.6732 0.5229 0.4144 0.3363 0.2834 0.2458 0.2168 0.1940 0.1747 0.1574 0.1415 0.1266 0.1137 0.1021 0.0916 0.0816 0.0728 0.0648 0.0576 0.0514 0.0457
7.2128 5.7109 5.7902 6.1301 5.1679 5.8071 4.3098 4.3288 3.7887 3.6936 3.2316 4.2854 4.4481 3.4168 2.6900 2.5252 2.7326 2.9792 2.8785 2.3509 1.6580 1.1798 1.0189 1.0967 1.2341 1.3085 1.2710 1.1487 0.9864 0.8108 0.6502 0.5210 0.4190 0.3442 0.2885 0.2456 0.2130 0.1873 0.1660 0.1479 0.1317 0.1181 0.1062 0.0956 0.0854 0.0764 0.0683 0.0609 0.0545 0.0486
7.4665 6.2633 5.9784 5.9632 5.5932 5.5814 4.7073 4.6462 3.9178 3.7218 3.5346 4.3823 4.4221 3.4965 2.8152 2.5893 2.6958 2.9478 3.0291 2.7284 2.1118 1.5092 1.1126 0.9835 1.0202 1.1012 1.1383 1.1088 1.0263 0.9031 0.7665 0.6398 0.5268 0.4352 0.3612 0.3010 0.2541 0.2173 0.1878 0.1639 0.1437 0.1272 0.1133 0.1015 0.0904 0.0808 0.0721 0.0644 0.0577 0.0515
6.9624 6.5958 6.4177 6.0047 5.6035 5.4822 4.9525 5.0217 4.2674 3.8894 3.7035 4.1873 4.4162 3.7630 3.0116 2.5989 2.4814 2.5832 2.7860 2.8504 2.5800 2.0886 1.5419 1.1442 0.9383 0.8819 0.8933 0.9128 0.9108 0.8684 0.7951 0.7085 0.6146 0.5271 0.4476 0.3765 0.3173 0.2686 0.2287 0.1962 0.1692 0.1471 0.1289 0.1138 0.1002 0.0887 0.0786 0.0698 0.0623 0.0554
7.1218 6.5378 7.2049 6.5134 5.9913 5.7653 4.9248 5.8432 4.9831 4.1358 3.7331 3.8045 4.5470 4.2613 3.2331 2.5747 2.2944 2.1115 2.1432 2.4386 2.7137 2.7398 2.4151 1.9251 1.4375 1.0698 0.8412 0.7273 0.6841 0.6632 0.6428 0.6141 0.5708 0.5214 0.4671 0.4102 0.3572 0.3095 0.2677 0.2315 0.2002 0.1736 0.1513 0.1326 0.1157 0.1015 0.0892 0.0786 0.0696 0.0615
7.9512 7.4757 8.1146 7.0105 6.6783 6.5883 5.7409 5.6748 5.2170 4.5494 4.8180 3.8934 3.6702 3.8898 3.2655 2.6730 2.8123 2.9810 2.6195 2.0122 1.6465 1.7305 2.0541 2.3659 2.4786 2.3711 2.0929 1.7460 1.4094 1.1086 0.8660 0.6855 0.5505 0.4543 0.3833 0.3276 0.2848 0.2506 0.2224 0.1984 0.1773 0.1585 0.1422 0.1277 0.1139 0.1017 0.0907 0.0809 0.0724 0.0644
9.2681 7.8806 8.1067 7.9806 6.7422 7.2535 5.8942 6.2718 5.2944 5.0511 5.0514 4.0397 4.0567 4.1200 3.3529 2.8747 3.0884 3.1667 2.7005 2.0814 1.7678 1.9008 2.2356 2.5287 2.6126 2.4806 2.1853 1.8268 1.4822 1.1739 0.9236 0.7356 0.5934 0.4911 0.4146 0.3543 0.3076 0.2700 0.2391 0.2130 0.1902 0.1700 0.1524 0.1367 0.1218 0.1087 0.0969 0.0865 0.0774 0.0690
9.9906 9.0136 8.0127 8.6677 7.1639 7.6101 6.2932 6.7097 5.4370 5.5963 5.1860 4.2599 4.4624 4.2940 3.4466 3.1168 3.3688 3.3286 2.7671 2.1571 1.9052 2.0835 2.4204 2.6876 2.7393 2.5828 2.2719 1.9039 1.5533 1.2392 0.9821 0.7873 0.6381 0.5297 0.4478 0.3827 0.3318 0.2907 0.2568 0.2284 0.2038 0.1822 0.1631 0.1461 0.1300 0.1160 0.1035 0.0923 0.0826 0.0736
9.7215 10.0777 8.5110 8.7883 8.0056 7.6506 6.9654 6.9150 5.7471 6.0931 5.2563 4.5792 4.8495 4.4121 3.5675 3.3983 3.6411 3.4625 2.8236 2.2445 2.0601 2.2768 2.6058 2.8403 2.8576 2.6770 2.3525 1.9774 1.6228 1.3044 1.0416 0.8404 0.6846 0.5702 0.4828 0.4129 0.3576 0.3128 0.2757 0.2449 0.2183 0.1950 0.1745 0.1560 0.1386 0.1236 0.1103 0.0984 0.0880 0.0785
9.6993 10.2366 9.6248 8.6607 8.9209 7.6451 7.7391 6.9525 6.2572 6.4529 5.3331 4.9934 5.1779 4.4902 3.7356 3.7109 3.8918 3.5673 2.8769 2.3487 2.2329 2.4781 2.7888 2.9850 2.9665 2.7632 2.4274 2.0474 1.6907 1.3695 1.1019 0.8950 0.7329 0.6126 0.5197 0.4448 0.3850 0.3363 0.2958 0.2623 0.2338 0.2087 0.1865 0.1664 0.1477 0.1315 0.1174 0.1047 0.0937 0.0836
10.8427 9.9604 10.5145 8.9329 9.4165 7.9346 8.3205 7.0025 6.8788 6.6356 5.4946 5.4621 5.4192 4.5571 3.9613 4.0385 4.1102 3.6479 2.9363 2.4747 2.4231 2.6849 2.9673 3.1209 3.0665 2.8420 2.4968 2.1143 1.7574 1.4347 1.1636 0.9519 0.7838 0.6574 0.5588 0.4787 0.4144 0.3617 0.3175 0.2812 0.2502 0.2231 0.1991 0.1774 0.1574 0.1401 0.1250 0.1115 0.0998 0.0890
11.9507 10.4467 10.5920 9.8019 9.4105 8.6156 8.5458 7.2610 7.4500 6.6926 5.7933 5.9196 5.5718 4.6499 4.2450 4.3606 4.2899 3.7126 3.0108 2.6252 2.6284 2.8937 3.1391 3.2476 3.1581 2.9140 2.5615 2.1787 1.8230 1.5002 1.2269 1.0112 0.8374 0.7047 0.5998 0.5146 0.4457 0.3891 0.3411 0.3015 0.2677 0.2382 0.2124 0.1890 0.1678 0.1496 0.1334 0.1189 0.1063 0.0949
11.8911 11.6059 10.4529 10.6954 9.3840 9.4079 8.5505 7.7881 7.8364 6.7517 6.2253 6.3020 5.6653 4.8040 4.5755 4.6578 4.4308 3.7721 3.1077 2.7998 2.8444 3.1004 3.3019 3.3644 3.2417 2.9805 2.6227 2.2411 1.8878 1.5658 1.2910 1.0718 0.8927 0.7538 0.6428 0.5523 0.4788 0.4182 0.3662 0.3232 0.2865 0.2544 0.2264 0.2013 0.1789 0.1596 0.1422 0.1267 0.1132 0.1010
11.8482 12.2042 10.9678 11.0241 9.8067 9.9133 8.6480 8.4308 8.0168 6.9351 6.7209 6.5764 5.7521 5.0361 4.9279 4.9159 4.5415 3.8399 3.2324 2.9964 3.0671 3.3021 3.4554 3.4724 3.3187 3.0428 2.6815 2.3021 1.9518 1.6313 1.3557 1.1335 0.9494 0.8045 0.6874 0.5918 0.5137 0.4490 0.3930 0.3463 0.3064 0.2716 0.2413 0.2144 0.1907 0.1702 0.1516 0.1350 0.1205 0.1075
12.7714 12.1709 11.8945 11.0363 10.5678 10.0743 9.0406 8.9630 8.1112 7.2867 7.1857 6.7594 5.8857 5.3396 5.2747 5.1313 4.6370 3.9281 3.3871 3.2114 3.2927 3.4974 3.6004 3.5733 3.3912 3.1025 2.7390 2.3622 2.0155 1.6968 1.4209 1.1961 1.0074 0.8568 0.7336 0.6330 0.5504 0.4817 0.4214 0.3710 0.3276 0.2899 0.2572 0.2283 0.2032 0.1815 0.1616 0.1438 0.1282 0.1144
13.4101 12.4076 12.3418 11.2653 11.1204 10.1496 9.5845 9.2559 8.2532 7.7253 7.5330 6.8853 6.0801 5.6822 5.5929 5.3118 4.7349 4.0473 3.5745 3.4465 3.5256 3.6928 3.7426 3.6709 3.4611 3.1621 2.7992 2.4266 2.0842 1.7666 1.4892 1.2618 1.0689 0.9132 0.7847 0.6783 0.5906 0.5174 0.4536 0.3996 0.3526 0.3113 0.2757 0.2445 0.2175 0.1943 0.1731 0.1540 0.1374 0.1225
13.5593 13.0167 12.4979 11.8001 11.4009 10.4408 10.0916 9.4487 8.5387 8.1733 7.7972 7.0364 6.3484 6.0384 5.8786 5.4747 4.8495 4.1986 3.7866 3.6916 3.7578 3.8838 3.8811 3.7668 3.5307 3.2220 2.8599 2.4913 2.1529 1.8363 1.5577 1.3281 1.1312 0.9710 0.8372 0.7251 0.6325 0.5550 0.4876 0.4300 0.3792 0.3341 0.2954 0.2618 0.2328 0.2079 0.1854 0.1650 0.1472 0.1311
13.8562 13.4952 12.7920 12.2960 11.6606 10.8639 10.4937 9.6821 8.9153 8.5786 8.0322 7.2419 6.6650 6.3890 6.1417 5.6379 4.9891 4.3797 4.0187 3.9444 3.9905 4.0733 4.0190 3.8633 3.6015 3.2830 2.9213 2.5562 2.2215 1.9055 1.6260 1.3946 1.1941 1.0297 0.8911 0.7734 0.6759 0.5942 0.5235 0.4621 0.4074 0.3583 0.3164 0.2803 0.2490 0.2224 0.1985 0.1767 0.1576 0.1403
14.1230 14.0237 13.0966 12.8058 11.9549 11.3067 10.8858 9.9660 9.3195 8.9655 8.2789 7.4917 7.0070 6.7358 6.3994 5.8129 5.1542 4.5866 4.2680 4.2059 4.2268 4.2650 4.1592 3.9624 3.6747 3.3458 2.9837 2.6213 2.2897 1.9739 1.6940 1.4613 1.2576 1.0893 0.9461 0.8232 0.7210 0.6351 0.5611 0.4960 0.4373 0.3840 0.3387 0.2999 0.2664 0.2379 0.2125 0.1893 0.1688 0.1502
14.8272 14.2474 13.5634 13.2910 12.1843 11.8644 11.2448 10.2417 9.7733 9.3647 8.5328 7.7736 7.3779 7.1032 6.6742 6.0111 5.3516 4.8270 4.5461 4.4897 4.4800 4.4691 4.3123 4.0777 3.7673 3.4256 3.0571 2.6925 2.3618 2.0474 1.7676 1.5333 1.3269 1.1553 1.0082 0.8804 0.7728 0.6814 0.6022 0.5330 0.4711 0.4151 0.3668 0.3248 0.2884 0.2573 0.2296 0.2044 0.1822 0.1621
15.6247 14.2487 14.4600 13.3816 12.6619 12.5013 11.4433 10.6029 10.3313 9.7331 8.7608 8.0959 7.7985 7.4889 6.9493 6.2146 5.5677 5.0925 4.8470 4.7901 4.7435 4.6791 4.4692 4.1956 3.8615 3.5060 3.1304 2.7634 2.4337 2.1210 1.8413 1.6057 1.3970 1.2226 1.0718 0.9394 0.8265 0.7297 0.6451 0.5718 0.5067 0.4482 0.3970 0.3514 0.3119 0.2781 0.2479 0.2206 0.1967 0.1750
15.2044 15.2840 14.7922 13.4889 13.5847 12.8129 11.5977 11.2228 10.9029 9.9809 8.9908 8.5117 8.2806 7.8741 7.2056 6.4171 5.8067 5.3907 5.1767 5.1097 5.0170 4.8931 4.6275 4.3139 3.9556 3.5859 3.2031 2.8339 2.5055 2.1951 1.9154 1.6785 1.4680 1.2912 1.1372 1.0004 0.8822 0.7798 0.6898 0.6124 0.5443 0.4833 0.4291 0.3798 0.3371 0.3005 0.2675 0.2380 0.2122 0.1887
15.9417 16.2518 14.5029 14.5443 14.2478 12.7797 12.1614 12.0479 11.2885 10.1430 9.3565 9.0810 8.8087 8.2287 7.4371 6.6385 6.0944 5.7415 5.5466 5.4536 5.3028 5.1137 4.7898 4.4354 4.0521 3.6688 3.2795 2.9094 2.5831 2.2750 1.9950 1.7569 1.5445 1.3653 1.2080 1.0667 0.9432 0.8353 0.7397 0.6579 0.5862 0.5217 0.4641 0.4111 0.3649 0.3253 0.2896 0.2577 0.2297 0.2043
17.7021 15.7368 15.5186 15.7148 14.1382 13.1940 13.2356 12.6752 11.4340 10.4386 9.9869 9.7774 9.3175 8.5251 7.6612 6.9173 6.4618 6.1611 5.9611 5.8207 5.5992 5.3410 4.9579 4.5628 4.1552 3.7599 3.3659 2.9965 2.6726 2.3660 2.0856 1.8465 1.6314 1.4493 1.2884 1.1422 1.0133 0.8997 0.7985 0.7115 0.6350 0.5651 0.5028 0.4462 0.3964 0.3537 0.3155 0.2809 0.2505 0.2228
16.9548 16.5285 17.1298 15.5420 14.3040 14.4330 14.0922 12.7865 11.5904 11.0639 10.8043 10.4179 9.6857 8.7428 7.9028 7.2693 6.9052 6.6300 6.3943 6.1856 5.8834 5.5547 5.1154 4.6841 4.2572 3.8533 3.4563 3.0882 2.7667 2.4614 2.1808 1.9406 1.7228 1.5379 1.3732 1.2220 1.0875 0.9682 0.8611 0.7687 0.6872 0.6114 0.5443 0.4839 0.4303 0.3844 0.3435 0.3060 0.2729 0.2428
17.6246 18.5086 16.8473 15.4797 15.7050 15.5025 14.1524 12.7911 12.1897 12.0015 11.5740 10.8447 9.9041 8.9494 8.2275 7.7242 7.4215 7.1287 6.8243 6.5301 6.1437 5.7484 5.2600 4.7994 4.3599 3.9513 3.5534 3.1867 2.8676 2.5633 2.2822 2.0407 1.8199 1.6319 1.4635 1.3070 1.1666 1.0412 0.9279 0.8298 0.7430 0.6609 0.5886 0.5243 0.4668 0.4174 0.3737 0.3331 0.2971 0.2645
20.0079 18.0658 16.7936 17.2356 17.0213 15.5449 14.0985 13.4721 13.3176 12.9588 12.1062 11.0898 10.1130 9.2925 8.7287 8.3202 8.0196 7.6614 7.2637 6.8755 6.4066 5.9520 5.4245 4.9432 4.4935 4.0819 3.6837 3.3185 3.0004 2.6943 2.4117 2.1678 1.9423 1.7483 1.5729 1.4086 1.2621 1.1315 1.0122 0.9076 0.8137 0.7256 0.6478 0.5781 0.5149 0.4607 0.4134 0.3691 0.3295 0.2935
18.9939 18.2292 18.9422 18.5198 16.8276 15.4181 14.9105 14.7686 14.3634 13.4922 12.3202 11.2797 10.4557 9.8242 9.3758 8.9853 8.6212 8.1601 7.6593 7.1832 6.6462 6.1470 5.5930 5.1001 4.6451 4.2329 3.8351 3.4713 3.1533 2.8438 2.5583 2.3107 2.0795 1.8779 1.6939 1.5205 1.3675 1.2316 1.1061 0.9944 0.8927 0.7982 0.7143 0.6387 0.5690 0.5094 0.4582 0.4097 0.3662 0.3264
19.9798 20.7237 19.7729 17.9452 16.7804 16.5166 16.3841 15.7989 14.7860 13.6090 12.4868 11.6613 11.0417 10.5306 10.0944 9.6376 9.1633 8.5874 7.9941 7.4504 6.8668 6.3404 5.7724 5.2757 4.8193 4.4078 4.0102 3.6468 3.3275 3.0126 2.7225 2.4698 2.2313 2.0206 1.8267 1.6428 1.4827 1.3412 1.2092 1.0898 0.9794 0.8781 0.7877 0.7056 0.6288 0.5632 0.5078 0.4547 0.4068 0.3628
22.2939 20.6080 18.9879 18.4039 18.3734 18.1050 17.2473 16.0001 14.7703 13.7475 12.9117 12.3241 11.8164 11.2997 10.7765 10.1959 9.6085 8.9367 8.2740 7.6899 7.0838 6.5481 5.9772 5.4830 5.0290 4.6186 4.2190 3.8564 3.5362 3.2164 2.9195 2.6595 2.4119 2.1913 1.9870 1.7923 1.6228 1.4728 1.3329 1.2047 1.0846 0.9740 0.8757 0.7869 0.7035 0.6317 0.5700 0.5113 0.4583 0.4095
21.1659 20.4045 20.4698 20.4187 19.7266 18.5279 17.1672 15.9440 15.0235 14.3244 13.6798 13.1539 12.6028 11.9808 11.3280 10.6208 9.9547 9.2261 8.5226 7.9248 7.3163 6.7860 6.2199 5.7315 5.2809 4.8700 4.4651 4.1034 3.7828 3.4588 3.1529 2.8833 2.6242 2.3931 2.1781 1.9724 1.7909 1.6291 1.4800 1.3417 1.2108 1.0883 0.9805 0.8849 0.7956 0.7175 0.6472 0.5814 0.5225 0.4680
22.7405 22.7731 22.1314 20.9110 19.5157 18.2942 17.3207 16.5349 15.8946 15.2745 14.5547 13.8998 13.2107 12.4704 11.7195 10.9356 10.2410 9.4972 8.7805 8.1883 7.5892 7.0713 6.5116 6.0279 5.5773 5.1620 4.7479 4.3852 4.0627 3.7326 3.4152 3.1340 2.8615 2.6183 2.3914 2.1734 1.9787 1.8037 1.6445 1.4952 1.3524 1.2163 1.0980 0.9953 0.8998 0.8150 0.7348 0.6612 0.5957 0.5350
24.4105 23.0461 21.7107 20.5991 19.7394 19.0607 18.4076 17.6788 16.9142 16.0872 15.1583 14.3482 13.5627 12.7624 11.9799 11.1809 10.4984 9.7665 9.0537 8.4760 7.8896 7.3852 6.8309 6.3502 5.8959 5.4731 5.0469 4.6793 4.3527 4.0164 3.6890 3.3974 3.1123 2.8578 2.6197 2.3904 2.1829 1.9948 1.8236 1.6631 1.5094 1.3619 1.2337 1.1228 1.0196 0.9269 0.8366 0.7545 0.6818 0.6141
24.1537 23.3192 22.6401 21.9801 21.2688 20.4668 19.5442 18.5120 17.4748 16.4394 15.3953 14.5406 13.7600 12.9449 12.1682 11.3858 10.7227 10.0066 9.3086 8.7452 8.1681 7.6738 7.1251 6.6487 6.1903 5.7600 5.3220 4.9421 4.6086 4.2691 3.9398 3.6454 3.3536 3.0927 2.8478 2.6118 2.3955 2.1974 2.0099 1.8394 1.6800 1.5305 1.3967 1.2752 1.1601 1.0571 0.9591 0.8686 0.7877 0.7121
26.3387 25.4519 24.4523 23.3701 22.2626 21.1338 19.9767 18.7994 17.6738 16.5945 15.5657 14.7596 14.0422 13.2340 12.4649 11.6889 11.0338 10.3215 9.6280 9.0688 8.4917 8.0005 7.4524 6.9772 6.5119 6.0714 5.6191 5.2245 4.8830 4.5403 4.2095 3.9129 3.6147 3.3477 3.0962 2.8540 2.6290 2.4204 2.2151 2.0340 1.8696 1.7199 1.5811 1.4480 1.3196 1.2052 1.0991 0.9996 0.9099 0.8256
27.4008 26.1487 24.9033 23.6898 22.5430 21.4099 20.2677 19.1174 17.9967 16.9139 15.9082 15.1408 14.4649 13.6360 12.8463 12.0505 11.3857 10.6633 9.9636 9.3988 8.8143 8.3212 7.7704 7.2945 6.8227 6.3727 5.9070 5.4971 5.1476 4.8021 4.4700 4.1718 3.8686 3.5970 3.3404 3.0930 2.8602 2.6419 2.4190 2.2281 2.0599 1.9114 1.7688 1.6244 1.4825 1.3570 1.2435 1.1352 1.0369 0.9439
27.1551 25.9966 24.8502 23.6998 22.5743 21.4585 20.3385 19.2372 18.1404 17.0661 16.0433 15.2585 14.5632 13.7200 12.9137 12.0994 11.4390 10.7166 10.0068 9.4274 8.8296 8.3296 7.7708 7.2890 6.8289 6.3890 5.9319 5.5163 5.1612 4.8097 4.4705 4.1684 3.8674 3.6003 3.3473 3.0986 2.8639 2.6438 2.4219 2.2319 2.0641 1.9118 1.7664 1.6211 1.4799 1.3556 1.2442 1.1364 1.0380 0.9447
