0.0000 0.0000 0.0000 0.0000 0.0000 0.0000 0.0000 0.0000 0.0000 0.0000 0.0000 0.0000 0.0000 0.0000 0.0000 0.0000 0.0000 0.0008 0.0003 0.0005 0.0036 0.0065 0.0058 0.0024 0.0012 0.0045 0.0107 0.0162 0.0183 0.0164 0.0118 0.0066 0.0026 0.0005 0.0004 0.0020 0.0045 0.0074 0.0101 0.0123 0.0138 0.0147 0.0149 0.0147 0.0139 0.0129 0.0117 0.0105 0.0093 0.0081
0.0000 0.0000 0.0000 0.0000 0.0000 0.0000 0.0000 0.0000 0.0000 0.0000 0.0000 0.0000 0.0000 0.0000 0.0000 0.0000 0.0000 0.0024 0.0008 0.0015 0.0109 0.0197 0.0173 0.0074 0.0036 0.0137 0.0324 0.0489 0.0550 0.0491 0.0353 0.0197 0.0076 0.0014 0.0013 0.0060 0.0137 0.0223 0.0303 0.0369 0.0416 0.0441 0.0448 0.0439 0.0417 0.0386 0.0351 0.0315 0.0278 0.0242
0.0000 0.0000 0.0000 0.0000 0.0000 0.0000 0.0000 0.0000 0.0000 0.0000 0.0000 0.0000 0.0000 0.0000 0.0000 0.0000 0.0000 0.0036 0.0010 0.0029 0.0190 0.0333 0.0288 0.0123 0.0065 0.0238 0.0551 0.0823 0.0917 0.0815 0.0582 0.0324 0.0123 0.0022 0.0022 0.0103 0.0232 0.0375 0.0508 0.0617 0.0694 0.0735 0.0746 0.0731 0.0694 0.0642 0.0583 0.0523 0.0462 0.0402
0.0000 0.0000 0.0000 0.0000 0.0000 0.0000 0.0000 0.0000 0.0000 0.0000 0.0000 0.0000 0.0000 0.0000 0.0000 0.0000 0.0000 0.0045 0.0009 0.0050 0.0285 0.0479 0.0406 0.0173 0.0102 0.0354 0.0793 0.1165 0.1286 0.1134 0.0803 0.0442 0.0165 0.0028 0.0033 0.0150 0.0331 0.0531 0.0717 0.0868 0.0974 0.1030 0.1044 0.1022 0.0969 0.0897 0.0814 0.0729 0.0643 0.0560
0.0000 0.0000 0.0000 0.0000 0.0000 0.0000 0.0000 0.0000 0.0000 0.0000 0.0000 0.0000 0.0000 0.0000 0.0000 0.0000 0.0000 0.0049 0.0006 0.0083 0.0399 0.0638 0.0527 0.0227 0.0150 0.0488 0.1053 0.1518 0.1654 0.1443 0.1011 0.0548 0.0200 0.0032 0.0047 0.0201 0.0437 0.0694 0.0931 0.1123 0.1256 0.1326 0.1341 0.1311 0.1242 0.1148 0.1041 0.0932 0.0822 0.0715
0.0000 0.0000 0.0000 0.0000 0.0000 0.0000 0.0000 0.0000 0.0000 0.0000 0.0000 0.0000 0.0000 0.0000 0.0000 0.0000 0.0000 0.0047 0.0004 0.0136 0.0543 0.0817 0.0655 0.0285 0.0213 0.0644 0.1332 0.1878 0.2015 0.1736 0.1200 0.0638 0.0224 0.0034 0.0063 0.0260 0.0551 0.0865 0.1151 0.1382 0.1540 0.1621 0.1636 0.1597 0.1511 0.1395 0.1264 0.1131 0.0997 0.0867
0.0000 0.0000 0.0000 0.0000 0.0000 0.0000 0.0000 0.0000 0.0000 0.0000 0.0000 0.0000 0.0000 0.0000 0.0000 0.0000 0.0000 0.0041 0.0008 0.0220 0.0725 0.1020 0.0790 0.0349 0.0290 0.0821 0.1626 0.2237 0.2361 0.2002 0.1361 0.0707 0.0237 0.0032 0.0083 0.0327 0.0675 0.1045 0.1379 0.1646 0.1827 0.1917 0.1930 0.1880 0.1776 0.1637 0.1482 0.1324 0.1166 0.1014
0.0000 0.0000 0.0000 0.0000 0.0000 0.0000 0.0000 0.0000 0.0000 0.0000 0.0000 0.0000 0.0000 0.0000 0.0000 0.0000 0.0000 0.0033 0.0027 0.0346 0.0952 0.1249 0.0933 0.0417 0.0378 0.1012 0.1924 0.2583 0.2676 0.2230 0.1486 0.0749 0.0234 0.0027 0.0110 0.0405 0.0812 0.1237 0.1616 0.1916 0.2116 0.2212 0.2220 0.2158 0.2035 0.1873 0.1693 0.1512 0.1330 0.1156
0.0000 0.0000 0.0000 0.0000 0.0000 0.0000 0.0000 0.0000 0.0000 0.0000 0.0000 0.0000 0.0000 0.0000 0.0000 0.0000 0.0000 0.0029 0.0074 0.0523 0.1225 0.1497 0.1073 0.0481 0.0470 0.1204 0.2209 0.2894 0.2940 0.2403 0.1562 0.0756 0.0215 0.0020 0.0144 0.0497 0.0965 0.1444 0.1865 0.2194 0.2409 0.2507 0.2508 0.2432 0.2287 0.2101 0.1897 0.1692 0.1487 0.1291
0.0000 0.0000 0.0000 0.0000 0.0000 0.0000 0.0000 0.0000 0.0000 0.0000 0.0000 0.0000 0.0000 0.0000 0.0000 0.0000 0.0000 0.0036 0.0158 0.0755 0.1532 0.1744 0.1191 0.0525 0.0551 0.1381 0.2458 0.3147 0.3131 0.2502 0.1579 0.0725 0.0179 0.0015 0.0193 0.0610 0.1140 0.1670 0.2128 0.2481 0.2706 0.2803 0.2793 0.2700 0.2533 0.2323 0.2093 0.1864 0.1637 0.1420
0.0000 0.0000 0.0000 0.0000 0.0000 0.0000 0.0000 0.0000 0.0000 0.0000 0.0000 0.0000 0.0000 0.0000 0.0000 0.0000 0.0000 0.0062 0.0288 0.1029 0.1841 0.1951 0.1255 0.0527 0.0602 0.1525 0.2654 0.3322 0.3231 0.2515 0.1529 0.0655 0.0129 0.0017 0.0263 0.0751 0.1344 0.1923 0.2415 0.2786 0.3015 0.3106 0.3081 0.2968 0.2776 0.2540 0.2285 0.2032 0.1782 0.1544
0.0000 0.0000 0.0000 0.0000 0.0000 0.0000 0.0000 0.0000 0.0000 0.0000 0.0000 0.0000 0.0000 0.0000 0.0000 0.0000 0.0000 0.0115 0.0456 0.1308 0.2092 0.2056 0.1217 0.0461 0.0617 0.1634 0.2794 0.3417 0.3238 0.2443 0.1416 0.0551 0.0075 0.0038 0.0368 0.0934 0.1591 0.2215 0.2734 0.3117 0.3345 0.3423 0.3379 0.3241 0.3021 0.2756 0.2475 0.2197 0.1924 0.1665
0.0000 0.0000 0.0000 0.0000 0.0000 0.0000 0.0000 0.0000 0.0000 0.0000 0.0000 0.0000 0.0000 0.0000 0.0000 0.0000 0.0000 0.0192 0.0634 0.1521 0.2195 0.1979 0.1032 0.0319 0.0610 0.1735 0.2906 0.3455 0.3175 0.2304 0.1260 0.0433 0.0034 0.0093 0.0519 0.1169 0.1889 0.2551 0.3090 0.3476 0.3693 0.3752 0.3683 0.3515 0.3264 0.2968 0.2659 0.2356 0.2060 0.1780
0.0000 0.0000 0.0000 0.0000 0.0000 0.0000 0.0000 0.0000 0.0000 0.0000 0.0000 0.0000 0.0000 0.0000 0.0000 0.0000 0.0000 0.0281 0.0764 0.1574 0.2055 0.1659 0.0691 0.0143 0.0662 0.1922 0.3084 0.3522 0.3113 0.2158 0.1104 0.0332 0.0029 0.0198 0.0728 0.1462 0.2239 0.2932 0.3481 0.3861 0.4060 0.4093 0.3992 0.3791 0.3504 0.3175 0.2838 0.2510 0.2190 0.1889
0.0000 0.0000 0.0000 0.0000 0.0000 0.0000 0.0000 0.0000 0.0000 0.0000 0.0000 0.0000 0.0000 0.0000 0.0000 0.0000 0.0000 0.0350 0.0771 0.1382 0.1629 0.1117 0.0282 0.0076 0.0940 0.2369 0.3490 0.3760 0.3167 0.2093 0.1010 0.0286 0.0077 0.0356 0.0987 0.1800 0.2627 0.3343 0.3894 0.4261 0.4434 0.4435 0.4300 0.4062 0.3737 0.3374 0.3009 0.2654 0.2312 0.1991
0.0000 0.0000 0.0000 0.0000 0.0000 0.0000 0.0000 0.0000 0.0000 0.0000 0.0000 0.0000 0.0000 0.0000 0.0000 0.0000 0.0000 0.0354 0.0595 0.0954 0.1029 0.0553 0.0051 0.0367 0.1672 0.3269 0.4284 0.4298 0.3436 0.2173 0.1011 0.0301 0.0164 0.0536 0.1257 0.2138 0.3008 0.3741 0.4289 0.4639 0.4785 0.4755 0.4584 0.4310 0.3949 0.3553 0.3162 0.2784 0.2421 0.2082
0.0000 0.0000 0.0000 0.0000 0.0000 0.0000 0.0000 0.0000 0.0000 0.0000 0.0000 0.0000 0.0000 0.0000 0.0000 0.0000 0.0000 0.0258 0.0283 0.0536 0.0667 0.0432 0.0396 0.1262 0.2944 0.4590 0.5375 0.5026 0.3817 0.2310 0.1031 0.0308 0.0221 0.0671 0.1470 0.2413 0.3321 0.4070 0.4618 0.4954 0.5077 0.5020 0.4820 0.4515 0.4124 0.3700 0.3288 0.2890 0.2510 0.2156
0.0000 0.0000 0.0000 0.0000 0.0000 0.0000 0.0000 0.0000 0.0000 0.0000 0.0000 0.0000 0.0000 0.0000 0.0000 0.0000 0.0000 0.0086 0.0115 0.0773 0.1337 0.1398 0.1553 0.2485 0.4044 0.5391 0.5793 0.5092 0.3644 0.2038 0.0778 0.0149 0.0187 0.0758 0.1655 0.2665 0.3611 0.4371 0.4914 0.5233 0.5331 0.5248 0.5020 0.4686 0.4267 0.3819 0.3389 0.2975 0.2580 0.2214
0.0000 0.0000 0.0000 0.0000 0.0000 0.0000 0.0000 0.0000 0.0000 0.0000 0.0000 0.0000 0.0000 0.0000 0.0000 0.0000 0.0000 0.0034 0.0708 0.2387 0.3164 0.2485 0.1317 0.0856 0.1395 0.2286 0.2760 0.2514 0.1740 0.0867 0.0288 0.0211 0.0646 0.1468 0.2492 0.3535 0.4446 0.5132 0.5583 0.5808 0.5816 0.5649 0.5347 0.4950 0.4480 0.3990 0.3526 0.3085 0.2668 0.2283
0.0000 0.0000 0.0000 0.0000 0.0000 0.0000 0.0000 0.0000 0.0000 0.0000 0.0000 0.0000 0.0000 0.0000 0.0000 0.0000 0.0000 0.0073 0.1039 0.2688 0.3029 0.2045 0.0962 0.0825 0.1620 0.2542 0.2875 0.2458 0.1589 0.0734 0.0264 0.0342 0.0930 0.1874 0.2978 0.4055 0.4962 0.5614 0.6016 0.6188 0.6142 0.5921 0.5571 0.5132 0.4628 0.4112 0.3623 0.3162 0.2730 0.2333
0.0000 0.0000 0.0000 0.0000 0.0000 0.0000 0.0000 0.0000 0.0000 0.0000 0.0000 0.0000 0.0000 0.0000 0.0000 0.0000 0.0000 0.0168 0.1389 0.2851 0.2716 0.1537 0.0674 0.0917 0.1935 0.2819 0.2965 0.2367 0.1424 0.0621 0.0291 0.0541 0.1286 0.2347 0.3518 0.4614 0.5501 0.6106 0.6447 0.6557 0.6451 0.6175 0.5774 0.5292 0.4757 0.4214 0.3702 0.3225 0.2778 0.2370
0.0000 0.0000 0.0000 0.0000 0.0000 0.0000 0.0000 0.0000 0.0000 0.0000 0.0000 0.0000 0.0000 0.0000 0.0000 0.0000 0.0000 0.0316 0.1706 0.2827 0.2240 0.1022 0.0513 0.1158 0.2333 0.3102 0.3017 0.2241 0.1257 0.0543 0.0383 0.0818 0.1721 0.2888 0.4109 0.5207 0.6057 0.6601 0.6870 0.6909 0.6741 0.6404 0.5953 0.5428 0.4863 0.4297 0.3764 0.3271 0.2813 0.2396
0.0000 0.0000 0.0000 0.0000 0.0000 0.0000 0.0000 0.0000 0.0000 0.0000 0.0000 0.0000 0.0000 0.0000 0.0000 0.0000 0.0000 0.0500 0.1925 0.2587 0.1652 0.0584 0.0536 0.1561 0.2797 0.3365 0.3017 0.2082 0.1098 0.0516 0.0552 0.1184 0.2237 0.3494 0.4748 0.5827 0.6622 0.7091 0.7277 0.7240 0.7004 0.6606 0.6103 0.5538 0.4945 0.4357 0.3806 0.3300 0.2832 0.2408
0.0000 0.0000 0.0000 0.0000 0.0000 0.0000 0.0000 0.0000 0.0000 0.0000 0.0000 0.0000 0.0000 0.0000 0.0000 0.0000 0.0000 0.0686 0.1988 0.2143 0.1035 0.0310 0.0785 0.2113 0.3289 0.3576 0.2954 0.1895 0.0963 0.0557 0.0814 0.1644 0.2836 0.4165 0.5427 0.6467 0.7191 0.7573 0.7670 0.7551 0.7243 0.6785 0.6232 0.5626 0.5005 0.4396 0.3829 0.3312 0.2838 0.2408
0.0000 0.0000 0.0000 0.0000 0.0000 0.0000 0.0000 0.0000 0.0000 0.0000 0.0000 0.0000 0.0000 0.0000 0.0000 0.0000 0.0000 0.0831 0.1857 0.1550 0.0501 0.0283 0.1273 0.2777 0.3760 0.3702 0.2819 0.1691 0.0872 0.0685 0.1179 0.2204 0.3518 0.4893 0.6138 0.7116 0.7753 0.8039 0.8043 0.7838 0.7454 0.6937 0.6336 0.5691 0.5041 0.4413 0.3833 0.3308 0.2828 0.2396
0.0000 0.0000 0.0000 0.0000 0.0000 0.0000 0.0000 0.0000 0.0000 0.0000 0.0000 0.0000 0.0000 0.0000 0.0000 0.0000 0.0000 0.0892 0.1532 0.0912 0.0170 0.0558 0.1977 0.3488 0.4149 0.3713 0.2611 0.1487 0.0846 0.0916 0.1658 0.2865 0.4275 0.5667 0.6866 0.7760 0.8294 0.8473 0.8377 0.8084 0.7625 0.7050 0.6405 0.5724 0.5049 0.4405 0.3815 0.3284 0.2802 0.2370
0.0000 0.0000 0.0000 0.0000 0.0000 0.0000 0.0000 0.0000 0.0000 0.0000 0.0000 0.0000 0.0000 0.0000 0.0000 0.0000 0.0000 0.0841 0.1069 0.0367 0.0147 0.1146 0.2830 0.4158 0.4394 0.3587 0.2341 0.1309 0.0911 0.1268 0.2257 0.3624 0.5098 0.6473 0.7598 0.8385 0.8800 0.8865 0.8665 0.8283 0.7750 0.7121 0.6434 0.5722 0.5027 0.4370 0.3775 0.3242 0.2761 0.2331
0.0000 0.0000 0.0000 0.0000 0.0000 0.0000 0.0000 0.0000 0.0000 0.0000 0.0000 0.0000 0.0000 0.0000 0.0000 0.0000 0.0000 0.0678 0.0569 0.0063 0.0495 0.1996 0.3724 0.4686 0.4440 0.3318 0.2034 0.1190 0.1095 0.1757 0.2977 0.4472 0.5972 0.7295 0.8316 0.8976 0.9260 0.9203 0.8898 0.8427 0.7823 0.7145 0.6421 0.5684 0.4973 0.4309 0.3713 0.3181 0.2703 0.2279
0.0000 0.0000 0.0000 0.0000 0.0000 0.0000 0.0000 0.0000 0.0000 0.0000 0.0000 0.0000 0.0000 0.0000 0.0000 0.0000 0.0000 0.0439 0.0170 0.0118 0.1204 0.3000 0.4523 0.4977 0.4256 0.2927 0.1732 0.1175 0.1430 0.2399 0.3823 0.5400 0.6882 0.8116 0.9010 0.9528 0.9669 0.9482 0.9062 0.8503 0.7831 0.7103 0.6351 0.5600 0.4885 0.4222 0.3631 0.3105 0.2634 0.2217
0.0000 0.0000 0.0000 0.0000 0.0000 0.0000 0.0000 0.0000 0.0000 0.0000 0.0000 0.0000 0.0000 0.0000 0.0000 0.0000 0.0000 0.0194 0.0007 0.0580 0.2181 0.3992 0.5081 0.4957 0.3843 0.2458 0.1491 0.1306 0.1939 0.3199 0.4782 0.6387 0.7805 0.8914 0.9654 1.0014 1.0006 0.9687 0.9157 0.8513 0.7781 0.7011 0.6236 0.5478 0.4765 0.4109 0.3527 0.3011 0.2550 0.2143
0.0000 0.0000 0.0000 0.0000 0.0000 0.0000 0.0000 0.0000 0.0000 0.0000 0.0000 0.0000 0.0000 0.0000 0.0000 0.0000 0.0000 0.0030 0.0171 0.1398 0.3252 0.4778 0.5273 0.4600 0.3249 0.1986 0.1380 0.1630 0.2642 0.4154 0.5837 0.7411 0.8715 0.9664 1.0227 1.0419 1.0258 0.9810 0.9175 0.8454 0.7670 0.6867 0.6076 0.5320 0.4614 0.3970 0.3402 0.2898 0.2450 0.2057
0.0000 0.0000 0.0000 0.0000 0.0000 0.0000 0.0000 0.0000 0.0000 0.0000 0.0000 0.0000 0.0000 0.0000 0.0000 0.0000 0.0000 0.0020 0.0667 0.2413 0.4190 0.5183 0.5033 0.3942 0.2565 0.1610 0.1474 0.2188 0.3549 0.5253 0.6962 0.8441 0.9584 1.0341 1.0710 1.0727 1.0414 0.9844 0.9113 0.8326 0.7499 0.6673 0.5875 0.5126 0.4434 0.3807 0.3256 0.2770 0.2338 0.1960
0.0000 0.0000 0.0000 0.0000 0.0000 0.0000 0.0000 0.0000 0.0000 0.0000 0.0000 0.0000 0.0000 0.0000 0.0000 0.0000 0.0000 0.0195 0.1394 0.3391 0.4774 0.5098 0.4389 0.3103 0.1935 0.1450 0.1850 0.3014 0.4660 0.6467 0.8133 0.9467 1.0405 1.0942 1.1102 1.0933 1.0471 0.9789 0.8988 0.8153 0.7299 0.6460 0.5662 0.4918 0.4240 0.3631 0.3098 0.2630 0.2217 0.1856
0.0000 0.0000 0.0000 0.0000 0.0000 0.0000 0.0000 0.0000 0.0000 0.0000 0.0000 0.0000 0.0000 0.0000 0.0000 0.0000 0.0000 0.0521 0.2160 0.4065 0.4830 0.4504 0.3442 0.2235 0.1503 0.1608 0.2557 0.4111 0.5945 0.7755 0.9296 1.0427 1.1123 1.1420 1.1364 1.1015 1.0414 0.9634 0.8776 0.7908 0.7037 0.6197 0.5406 0.4676 0.4019 0.3432 0.2921 0.2476 0.2084 0.1743
0.0000 0.0000 0.0000 0.0000 0.0000 0.0000 0.0000 0.0000 0.0000 0.0000 0.0000 0.0000 0.0000 0.0000 0.0000 0.0000 0.0000 0.0897 0.2727 0.4222 0.4312 0.3515 0.2398 0.1552 0.1432 0.2174 0.3619 0.5455 0.7355 0.9058 1.0397 1.1274 1.1700 1.1748 1.1480 1.0961 1.0237 0.9376 0.8477 0.7589 0.6716 0.5885 0.5112 0.4403 0.3773 0.3214 0.2729 0.2309 0.1941 0.1622
0.0000 0.0000 0.0000 0.0000 0.0000 0.0000 0.0000 0.0000 0.0000 0.0000 0.0000 0.0000 0.0000 0.0000 0.0000 0.0000 0.0000 0.1192 0.2899 0.3792 0.3337 0.2373 0.1524 0.1272 0.1854 0.3194 0.5020 0.6996 0.8831 1.0329 1.1396 1.1977 1.2119 1.1920 1.1451 1.0781 0.9954 0.9032 0.8106 0.7211 0.6347 0.5535 0.4788 0.4109 0.3509 0.2981 0.2527 0.2134 0.1791 0.1495
0.0000 0.0000 0.0000 0.0000 0.0000 0.0000 0.0000 0.0000 0.0000 0.0000 0.0000 0.0000 0.0000 0.0000 0.0000 0.0000 0.0000 0.1289 0.2599 0.2882 0.2168 0.1391 0.1092 0.1571 0.2838 0.4652 0.6691 0.8649 1.0299 1.1516 1.2252 1.2507 1.2366 1.1931 1.1280 1.0483 0.9577 0.8614 0.7673 0.6784 0.5940 0.5156 0.4443 0.3801 0.3235 0.2740 0.2318 0.1954 0.1638 0.1366
0.0000 0.0000 0.0000 0.0000 0.0000 0.0000 0.0000 0.0000 0.0000 0.0000 0.0000 0.0000 0.0000 0.0000 0.0000 0.0000 0.0000 0.1137 0.1909 0.1769 0.1158 0.0885 0.1313 0.2529 0.4354 0.6445 0.8495 1.0271 1.1620 1.2485 1.2856 1.2781 1.2372 1.1728 1.0925 1.0032 0.9073 0.8094 0.7160 0.6293 0.5483 0.4738 0.4068 0.3470 0.2943 0.2485 0.2099 0.1767 0.1480 0.1232
0.0000 0.0000 0.0000 0.0000 0.0000 0.0000 0.0000 0.0000 0.0000 0.0000 0.0000 0.0000 0.0000 0.0000 0.0000 0.0000 0.0000 0.0790 0.1078 0.0841 0.0671 0.1099 0.2277 0.4105 0.6267 0.8398 1.0255 1.1707 1.2667 1.3143 1.3143 1.2758 1.2115 1.1299 1.0383 0.9427 0.8449 0.7480 0.6572 0.5745 0.4982 0.4288 0.3668 0.3121 0.2638 0.2221 0.1873 0.1575 0.1317 0.1095
0.0000 0.0000 0.0000 0.0000 0.0000 0.0000 0.0000 0.0000 0.0000 0.0000 0.0000 0.0000 0.0000 0.0000 0.0000 0.0000 0.0000 0.0395 0.0441 0.0475 0.0960 0.2119 0.3924 0.6137 0.8376 1.0320 1.1821 1.2844 1.3363 1.3433 1.3096 1.2450 1.1618 1.0682 0.9701 0.8720 0.7749 0.6813 0.5947 0.5167 0.4457 0.3822 0.3261 0.2767 0.2334 0.1962 0.1651 0.1386 0.1158 0.0962
0.0000 0.0000 0.0000 0.0000 0.0000 0.0000 0.0000 0.0000 0.0000 0.0000 0.0000 0.0000 0.0000 0.0000 0.0000 0.0000 0.0000 0.0133 0.0289 0.0889 0.2062 0.3809 0.5993 0.8304 1.0355 1.1916 1.2945 1.3490 1.3569 1.3266 1.2649 1.1806 1.0846 0.9846 0.8848 0.7880 0.6950 0.6072 0.5268 0.4551 0.3905 0.3338 0.2840 0.2404 0.2024 0.1699 0.1428 0.1197 0.0998 0.0829
0.0000 0.0000 0.0000 0.0000 0.0000 0.0000 0.0000 0.0000 0.0000 0.0000 0.0000 0.0000 0.0000 0.0000 0.0000 0.0000 0.0000 0.0146 0.0753 0.2048 0.3759 0.5826 0.8082 1.0207 1.1860 1.2916 1.3432 1.3514 1.3207 1.2605 1.1788 1.0826 0.9808 0.8804 0.7837 0.6923 0.6065 0.5268 0.4545 0.3907 0.3336 0.2843 0.2413 0.2038 0.1714 0.1436 0.1205 0.1009 0.0840 0.0697
0.0000 0.0000 0.0000 0.0000 0.0000 0.0000 0.0000 0.0000 0.0000 0.0000 0.0000 0.0000 0.0000 0.0000 0.0000 0.0000 0.0000 0.0466 0.1726 0.3646 0.5621 0.7693 0.9734 1.1462 1.2609 1.3143 1.3188 1.2886 1.2291 1.1497 1.0576 0.9580 0.8580 0.7627 0.6733 0.5904 0.5139 0.4438 0.3809 0.3261 0.2776 0.2362 0.2001 0.1686 0.1415 0.1184 0.0992 0.0829 0.0690 0.0572
0.0000 0.0000 0.0000 0.0000 0.0000 0.0000 0.0000 0.0000 0.0000 0.0000 0.0000 0.0000 0.0000 0.0000 0.0000 0.0000 0.0000 0.0976 0.2873 0.5175 0.7106 0.8909 1.0535 1.1759 1.2400 1.2483 1.2169 1.1605 1.0850 0.9982 0.9055 0.8108 0.7194 0.6343 0.5560 0.4844 0.4190 0.3598 0.3073 0.2623 0.2231 0.1897 0.1605 0.1349 0.1130 0.0944 0.0789 0.0659 0.0548 0.0455
0.0000 0.0000 0.0000 0.0000 0.0000 0.0000 0.0000 0.0000 0.0000 0.0000 0.0000 0.0000 0.0000 0.0000 0.0000 0.0000 0.0000 0.1457 0.3743 0.6088 0.7720 0.9086 1.0215 1.0945 1.1169 1.0938 1.0416 0.9739 0.8956 0.8128 0.7288 0.6464 0.5692 0.4984 0.4343 0.3762 0.3237 0.2766 0.2352 0.2003 0.1703 0.1447 0.1223 0.1026 0.0857 0.0715 0.0597 0.0499 0.0415 0.0343
0.0000 0.0000 0.0000 0.0000 0.0000 0.0000 0.0000 0.0000 0.0000 0.0000 0.0000 0.0000 0.0000 0.0000 0.0000 0.0000 0.0000 0.1678 0.3952 0.6000 0.7197 0.8093 0.8764 0.9103 0.9054 0.8677 0.8113 0.7469 0.6778 0.6082 0.5406 0.4759 0.4165 0.3627 0.3145 0.2714 0.2326 0.1980 0.1678 0.1427 0.1213 0.1030 0.0870 0.0729 0.0608 0.0507 0.0423 0.0353 0.0293 0.0243
0.0000 0.0000 0.0000 0.0000 0.0000 0.0000 0.0000 0.0000 0.0000 0.0000 0.0000 0.0000 0.0000 0.0000 0.0000 0.0000 0.0000 0.1514 0.3363 0.4871 0.5622 0.6127 0.6459 0.6558 0.6391 0.6024 0.5556 0.5057 0.4542 0.4037 0.3568 0.3127 0.2723 0.2361 0.2040 0.1759 0.1504 0.1278 0.1082 0.0920 0.0782 0.0663 0.0559 0.0469 0.0391 0.0326 0.0272 0.0227 0.0188 0.0156
0.0000 0.0000 0.0000 0.0000 0.0000 0.0000 0.0000 0.0000 0.0000 0.0000 0.0000 0.0000 0.0000 0.0000 0.0000 0.0000 0.0000 0.1030 0.2201 0.3089 0.3474 0.3706 0.3835 0.3831 0.3679 0.3426 0.3130 0.2826 0.2520 0.2223 0.1958 0.1711 0.1485 0.1284 0.1107 0.0954 0.0815 0.0691 0.0585 0.0497 0.0424 0.0358 0.0302 0.0253 0.0212 0.0176 0.0147 0.0122 0.0102 0.0084
0.0000 0.0000 0.0000 0.0000 0.0000 0.0000 0.0000 0.0000 0.0000 0.0000 0.0000 0.0000 0.0000 0.0000 0.0000 0.0000 0.0000 0.0448 0.0935 0.1287 0.1424 0.1500 0.1534 0.1517 0.1443 0.1334 0.1211 0.1088 0.0965 0.0848 0.0745 0.0650 0.0563 0.0486 0.0418 0.0361 0.0308 0.0261 0.0221 0.0188 0.0160 0.0135 0.0114 0.0096 0.0080 0.0067 0.0056 0.0046 0.0039 0.0032
0.0000 0.0000 0.0000 0.0000 0.0000 0.0000 0.0000 0.0000 0.0000 0.0000 0.0000 0.0000 0.0000 0.0000 0.0000 0.0000 0.0000 0.0054 0.0112 0.0152 0.0167 0.0175 0.0178 0.0174 0.0165 0.0152 0.0138 0.0123 0.0109 0.0096 0.0084 0.0073 0.0063 0.0055 0.0047 0.0040 0.0035 0.0029 0.0025 0.0021 0.0018 0.0015 0.0013 0.0011 0.0009 0.0007 0.0006 0.0005 0.0004 0.0004
