0.0000 0.0000 0.0000 0.0000 0.0000 0.0000 0.0000 0.0000 0.0000 0.0000 0.0000 0.0000 0.0000 0.0000 0.0000 0.0000 0.0000 0.0008 0.0003 0.0005 0.0036 0.0065 0.0058 0.0025 0.0012 0.0045 0.0107 0.0163 0.0183 0.0164 0.0118 0.0066 0.0026 0.0005 0.0004 0.0020 0.0045 0.0074 0.0101 0.0123 0.0138 0.0147 0.0149 0.0146 0.0139 0.0129 0.0117 0.0105 0.0093 0.0081
0.0000 0.0000 0.0000 0.0000 0.0000 0.0000 0.0000 0.0000 0.0000 0.0000 0.0000 0.0000 0.0000 0.0000 0.0000 0.0000 0.0000 0.0023 0.0008 0.0015 0.0110 0.0198 0.0174 0.0075 0.0037 0.0137 0.0325 0.0490 0.0550 0.0492 0.0353 0.0198 0.0076 0.0014 0.0013 0.0060 0.0137 0.0223 0.0303 0.0369 0.0416 0.0441 0.0448 0.0439 0.0417 0.0386 0.0351 0.0315 0.0278 0.0242
0.0000 0.0000 0.0000 0.0000 0.0000 0.0000 0.0000 0.0000 0.0000 0.0000 0.0000 0.0000 0.0000 0.0000 0.0000 0.0000 0.0000 0.0036 0.0010 0.0029 0.0192 0.0335 0.0291 0.0125 0.0067 0.0239 0.0552 0.0823 0.0918 0.0816 0.0583 0.0324 0.0124 0.0022 0.0022 0.0103 0.0232 0.0374 0.0508 0.0617 0.0694 0.0735 0.0746 0.0731 0.0694 0.0642 0.0583 0.0523 0.0462 0.0402
0.0000 0.0000 0.0000 0.0000 0.0000 0.0000 0.0000 0.0000 0.0000 0.0000 0.0000 0.0000 0.0000 0.0000 0.0000 0.0000 0.0000 0.0045 0.0009 0.0050 0.0287 0.0482 0.0410 0.0177 0.0104 0.0354 0.0793 0.1166 0.1287 0.1135 0.0805 0.0443 0.0166 0.0028 0.0033 0.0149 0.0331 0.0531 0.0716 0.0868 0.0974 0.1030 0.1044 0.1022 0.0969 0.0896 0.0814 0.0729 0.0643 0.0560
0.0000 0.0000 0.0000 0.0000 0.0000 0.0000 0.0000 0.0000 0.0000 0.0000 0.0000 0.0000 0.0000 0.0000 0.0000 0.0000 0.0000 0.0049 0.0006 0.0084 0.0403 0.0643 0.0533 0.0231 0.0153 0.0489 0.1053 0.1518 0.1655 0.1444 0.1012 0.0549 0.0200 0.0033 0.0046 0.0201 0.0436 0.0693 0.0930 0.1122 0.1255 0.1325 0.1340 0.1311 0.1242 0.1147 0.1041 0.0932 0.0822 0.0715
0.0000 0.0000 0.0000 0.0000 0.0000 0.0000 0.0000 0.0000 0.0000 0.0000 0.0000 0.0000 0.0000 0.0000 0.0000 0.0000 0.0000 0.0047 0.0004 0.0138 0.0548 0.0824 0.0662 0.0290 0.0215 0.0644 0.1331 0.1877 0.2016 0.1737 0.1201 0.0639 0.0225 0.0034 0.0063 0.0259 0.0550 0.0864 0.1150 0.1381 0.1539 0.1621 0.1636 0.1597 0.1511 0.1394 0.1264 0.1131 0.0997 0.0867
0.0000 0.0000 0.0000 0.0000 0.0000 0.0000 0.0000 0.0000 0.0000 0.0000 0.0000 0.0000 0.0000 0.0000 0.0000 0.0000 0.0000 0.0041 0.0009 0.0223 0.0731 0.1030 0.0800 0.0355 0.0291 0.0819 0.1623 0.2235 0.2360 0.2003 0.1362 0.0708 0.0237 0.0032 0.0083 0.0326 0.0674 0.1044 0.1378 0.1645 0.1826 0.1916 0.1929 0.1880 0.1775 0.1636 0.1481 0.1324 0.1166 0.1014
0.0000 0.0000 0.0000 0.0000 0.0000 0.0000 0.0000 0.0000 0.0000 0.0000 0.0000 0.0000 0.0000 0.0000 0.0000 0.0000 0.0000 0.0034 0.0029 0.0349 0.0960 0.1260 0.0943 0.0424 0.0379 0.1008 0.1919 0.2579 0.2673 0.2229 0.1486 0.0749 0.0234 0.0027 0.0109 0.0404 0.0811 0.1236 0.1615 0.1915 0.2115 0.2211 0.2220 0.2158 0.2034 0.1872 0.1693 0.1511 0.1330 0.1155
0.0000 0.0000 0.0000 0.0000 0.0000 0.0000 0.0000 0.0000 0.0000 0.0000 0.0000 0.0000 0.0000 0.0000 0.0000 0.0000 0.0000 0.0030 0.0076 0.0527 0.1233 0.1510 0.1084 0.0487 0.0469 0.1198 0.2200 0.2887 0.2934 0.2400 0.1561 0.0756 0.0215 0.0020 0.0144 0.0496 0.0964 0.1442 0.1864 0.2192 0.2407 0.2506 0.2507 0.2431 0.2287 0.2101 0.1897 0.1692 0.1487 0.1291
0.0000 0.0000 0.0000 0.0000 0.0000 0.0000 0.0000 0.0000 0.0000 0.0000 0.0000 0.0000 0.0000 0.0000 0.0000 0.0000 0.0000 0.0038 0.0161 0.0759 0.1540 0.1756 0.1202 0.0529 0.0546 0.1370 0.2445 0.3135 0.3122 0.2497 0.1576 0.0724 0.0178 0.0014 0.0192 0.0609 0.1138 0.1668 0.2127 0.2480 0.2705 0.2802 0.2792 0.2699 0.2533 0.2322 0.2093 0.1864 0.1637 0.1420
0.0000 0.0000 0.0000 0.0000 0.0000 0.0000 0.0000 0.0000 0.0000 0.0000 0.0000 0.0000 0.0000 0.0000 0.0000 0.0000 0.0000 0.0064 0.0291 0.1031 0.1846 0.1960 0.1262 0.0528 0.0594 0.1510 0.2637 0.3306 0.3219 0.2507 0.1524 0.0653 0.0128 0.0016 0.0263 0.0751 0.1344 0.1922 0.2414 0.2785 0.3014 0.3105 0.3080 0.2967 0.2776 0.2539 0.2285 0.2032 0.1782 0.1544
0.0000 0.0000 0.0000 0.0000 0.0000 0.0000 0.0000 0.0000 0.0000 0.0000 0.0000 0.0000 0.0000 0.0000 0.0000 0.0000 0.0000 0.0117 0.0457 0.1306 0.2092 0.2060 0.1220 0.0457 0.0604 0.1615 0.2774 0.3398 0.3224 0.2433 0.1411 0.0549 0.0074 0.0038 0.0368 0.0935 0.1592 0.2215 0.2734 0.3117 0.3344 0.3422 0.3378 0.3240 0.3021 0.2755 0.2474 0.2197 0.1924 0.1665
0.0000 0.0000 0.0000 0.0000 0.0000 0.0000 0.0000 0.0000 0.0000 0.0000 0.0000 0.0000 0.0000 0.0000 0.0000 0.0000 0.0000 0.0194 0.0631 0.1512 0.2187 0.1975 0.1028 0.0311 0.0596 0.1716 0.2887 0.3438 0.3162 0.2295 0.1255 0.0431 0.0034 0.0094 0.0521 0.1171 0.1890 0.2552 0.3090 0.3476 0.3693 0.3752 0.3683 0.3515 0.3264 0.2968 0.2659 0.2356 0.2060 0.1780
0.0000 0.0000 0.0000 0.0000 0.0000 0.0000 0.0000 0.0000 0.0000 0.0000 0.0000 0.0000 0.0000 0.0000 0.0000 0.0000 0.0000 0.0281 0.0756 0.1557 0.2038 0.1647 0.0682 0.0135 0.0652 0.1911 0.3073 0.3513 0.3106 0.2154 0.1103 0.0333 0.0031 0.0200 0.0731 0.1465 0.2241 0.2934 0.3483 0.3863 0.4061 0.4094 0.3993 0.3792 0.3505 0.3175 0.2839 0.2510 0.2190 0.1889
0.0000 0.0000 0.0000 0.0000 0.0000 0.0000 0.0000 0.0000 0.0000 0.0000 0.0000 0.0000 0.0000 0.0000 0.0000 0.0000 0.0000 0.0347 0.0756 0.1358 0.1607 0.1102 0.0274 0.0073 0.0941 0.2372 0.3495 0.3766 0.3173 0.2098 0.1014 0.0290 0.0080 0.0358 0.0990 0.1802 0.2629 0.3345 0.3895 0.4262 0.4435 0.4436 0.4300 0.4062 0.3738 0.3374 0.3009 0.2655 0.2312 0.1991
0.0000 0.0000 0.0000 0.0000 0.0000 0.0000 0.0000 0.0000 0.0000 0.0000 0.0000 0.0000 0.0000 0.0000 0.0000 0.0000 0.0000 0.0348 0.0577 0.0932 0.1015 0.0548 0.0055 0.0377 0.1689 0.3290 0.4307 0.4320 0.3456 0.2188 0.1022 0.0308 0.0167 0.0537 0.1256 0.2137 0.3006 0.3739 0.4288 0.4638 0.4784 0.4754 0.4584 0.4309 0.3949 0.3553 0.3162 0.2784 0.2421 0.2082
0.0000 0.0000 0.0000 0.0000 0.0000 0.0000 0.0000 0.0000 0.0000 0.0000 0.0000 0.0000 0.0000 0.0000 0.0000 0.0000 0.0000 0.0250 0.0271 0.0534 0.0680 0.0452 0.0417 0.1282 0.2964 0.4613 0.5400 0.5050 0.3838 0.2326 0.1041 0.0312 0.0221 0.0667 0.1464 0.2406 0.3314 0.4063 0.4612 0.4949 0.5073 0.5017 0.4817 0.4513 0.4122 0.3699 0.3287 0.2890 0.2509 0.2155
0.0000 0.0000 0.0000 0.0000 0.0000 0.0000 0.0000 0.0000 0.0000 0.0000 0.0000 0.0000 0.0000 0.0000 0.0000 0.0000 0.0000 0.0082 0.0119 0.0804 0.1385 0.1440 0.1573 0.2478 0.4020 0.5362 0.5769 0.5075 0.3635 0.2033 0.0775 0.0146 0.0182 0.0752 0.1648 0.2658 0.3603 0.4364 0.4908 0.5228 0.5327 0.5244 0.5017 0.4684 0.4264 0.3818 0.3388 0.2974 0.2580 0.2213
0.0000 0.0000 0.0000 0.0000 0.0000 0.0000 0.0000 0.0000 0.0000 0.0000 0.0000 0.0000 0.0000 0.0000 0.0000 0.0000 0.0000 0.0033 0.0710 0.2386 0.3147 0.2446 0.1259 0.0792 0.1340 0.2248 0.2741 0.2511 0.1748 0.0881 0.0304 0.0226 0.0660 0.1479 0.2501 0.3542 0.4451 0.5135 0.5585 0.5810 0.5817 0.5650 0.5348 0.4951 0.4480 0.3991 0.3526 0.3085 0.2668 0.2284
0.0000 0.0000 0.0000 0.0000 0.0000 0.0000 0.0000 0.0000 0.0000 0.0000 0.0000 0.0000 0.0000 0.0000 0.0000 0.0000 0.0000 0.0072 0.1039 0.2682 0.3004 0.1999 0.0903 0.0769 0.1579 0.2521 0.2873 0.2468 0.1606 0.0754 0.0283 0.0358 0.0943 0.1884 0.2985 0.4060 0.4965 0.5617 0.6018 0.6189 0.6142 0.5922 0.5572 0.5132 0.4628 0.4112 0.3623 0.3162 0.2730 0.2333
0.0000 0.0000 0.0000 0.0000 0.0000 0.0000 0.0000 0.0000 0.0000 0.0000 0.0000 0.0000 0.0000 0.0000 0.0000 0.0000 0.0000 0.0168 0.1388 0.2839 0.2683 0.1487 0.0620 0.0874 0.1912 0.2818 0.2979 0.2390 0.1450 0.0646 0.0312 0.0557 0.1298 0.2355 0.3523 0.4617 0.5503 0.6108 0.6448 0.6557 0.6451 0.6175 0.5774 0.5292 0.4757 0.4214 0.3702 0.3225 0.2778 0.2370
0.0000 0.0000 0.0000 0.0000 0.0000 0.0000 0.0000 0.0000 0.0000 0.0000 0.0000 0.0000 0.0000 0.0000 0.0000 0.0000 0.0000 0.0317 0.1703 0.2808 0.2202 0.0973 0.0469 0.1133 0.2331 0.3120 0.3047 0.2275 0.1289 0.0570 0.0403 0.0833 0.1730 0.2893 0.4112 0.5208 0.6057 0.6601 0.6869 0.6909 0.6740 0.6404 0.5952 0.5428 0.4863 0.4296 0.3764 0.3271 0.2813 0.2396
0.0000 0.0000 0.0000 0.0000 0.0000 0.0000 0.0000 0.0000 0.0000 0.0000 0.0000 0.0000 0.0000 0.0000 0.0000 0.0000 0.0000 0.0500 0.1919 0.2563 0.1611 0.0541 0.0507 0.1555 0.2816 0.3401 0.3061 0.2124 0.1134 0.0544 0.0571 0.1195 0.2243 0.3497 0.4747 0.5826 0.6620 0.7089 0.7275 0.7238 0.7002 0.6605 0.6102 0.5537 0.4944 0.4357 0.3805 0.3299 0.2832 0.2408
0.0000 0.0000 0.0000 0.0000 0.0000 0.0000 0.0000 0.0000 0.0000 0.0000 0.0000 0.0000 0.0000 0.0000 0.0000 0.0000 0.0000 0.0685 0.1978 0.2115 0.0997 0.0278 0.0774 0.2129 0.3329 0.3628 0.3008 0.1942 0.1000 0.0583 0.0829 0.1651 0.2838 0.4163 0.5423 0.6462 0.7186 0.7569 0.7667 0.7548 0.7241 0.6783 0.6231 0.5625 0.5004 0.4396 0.3828 0.3312 0.2837 0.2408
0.0000 0.0000 0.0000 0.0000 0.0000 0.0000 0.0000 0.0000 0.0000 0.0000 0.0000 0.0000 0.0000 0.0000 0.0000 0.0000 0.0000 0.0830 0.1843 0.1521 0.0470 0.0266 0.1283 0.2815 0.3817 0.3767 0.2879 0.1739 0.0907 0.0706 0.1190 0.2207 0.3516 0.4888 0.6131 0.7109 0.7746 0.8033 0.8038 0.7834 0.7451 0.6934 0.6334 0.5690 0.5040 0.4412 0.3832 0.3307 0.2828 0.2396
0.0000 0.0000 0.0000 0.0000 0.0000 0.0000 0.0000 0.0000 0.0000 0.0000 0.0000 0.0000 0.0000 0.0000 0.0000 0.0000 0.0000 0.0890 0.1517 0.0885 0.0150 0.0560 0.2008 0.3545 0.4220 0.3784 0.2672 0.1532 0.0876 0.0931 0.1662 0.2862 0.4268 0.5657 0.6856 0.7750 0.8285 0.8466 0.8371 0.8079 0.7621 0.7047 0.6402 0.5722 0.5048 0.4403 0.3815 0.3284 0.2802 0.2370
0.0000 0.0000 0.0000 0.0000 0.0000 0.0000 0.0000 0.0000 0.0000 0.0000 0.0000 0.0000 0.0000 0.0000 0.0000 0.0000 0.0000 0.0837 0.1054 0.0348 0.0141 0.1166 0.2880 0.4229 0.4471 0.3658 0.2398 0.1348 0.0933 0.1276 0.2254 0.3615 0.5085 0.6459 0.7585 0.8373 0.8790 0.8856 0.8658 0.8277 0.7745 0.7117 0.6431 0.5720 0.5025 0.4369 0.3774 0.3242 0.2760 0.2331
0.0000 0.0000 0.0000 0.0000 0.0000 0.0000 0.0000 0.0000 0.0000 0.0000 0.0000 0.0000 0.0000 0.0000 0.0000 0.0000 0.0000 0.0673 0.0556 0.0054 0.0505 0.2034 0.3788 0.4764 0.4518 0.3384 0.2082 0.1219 0.1107 0.1756 0.2968 0.4457 0.5955 0.7278 0.8300 0.8962 0.9248 0.9193 0.8889 0.8421 0.7818 0.7140 0.6418 0.5682 0.4971 0.4307 0.3712 0.3181 0.2703 0.2278
0.0000 0.0000 0.0000 0.0000 0.0000 0.0000 0.0000 0.0000 0.0000 0.0000 0.0000 0.0000 0.0000 0.0000 0.0000 0.0000 0.0000 0.0434 0.0162 0.0121 0.1230 0.3052 0.4595 0.5056 0.4328 0.2983 0.1769 0.1192 0.1432 0.2389 0.3807 0.5380 0.6861 0.8097 0.8992 0.9512 0.9656 0.9471 0.9054 0.8496 0.7825 0.7099 0.6347 0.5597 0.4883 0.4221 0.3630 0.3104 0.2633 0.2217
0.0000 0.0000 0.0000 0.0000 0.0000 0.0000 0.0000 0.0000 0.0000 0.0000 0.0000 0.0000 0.0000 0.0000 0.0000 0.0000 0.0000 0.0191 0.0006 0.0595 0.2220 0.4051 0.5153 0.5030 0.3903 0.2500 0.1513 0.1310 0.1930 0.3181 0.4759 0.6363 0.7781 0.8892 0.9635 0.9998 0.9992 0.9676 0.9148 0.8506 0.7775 0.7007 0.6232 0.5476 0.4763 0.4108 0.3526 0.3010 0.2549 0.2143
0.0000 0.0000 0.0000 0.0000 0.0000 0.0000 0.0000 0.0000 0.0000 0.0000 0.0000 0.0000 0.0000 0.0000 0.0000 0.0000 0.0000 0.0029 0.0178 0.1423 0.3298 0.4839 0.5339 0.4659 0.3292 0.2011 0.1387 0.1622 0.2624 0.4130 0.5810 0.7384 0.8690 0.9641 1.0208 1.0403 1.0244 0.9799 0.9166 0.8447 0.7664 0.6863 0.6073 0.5317 0.4612 0.3969 0.3401 0.2898 0.2450 0.2057
0.0000 0.0000 0.0000 0.0000 0.0000 0.0000 0.0000 0.0000 0.0000 0.0000 0.0000 0.0000 0.0000 0.0000 0.0000 0.0000 0.0000 0.0022 0.0679 0.2444 0.4237 0.5238 0.5086 0.3985 0.2591 0.1619 0.1468 0.2170 0.3524 0.5225 0.6933 0.8414 0.9559 1.0319 1.0691 1.0711 1.0401 0.9834 0.9105 0.8319 0.7494 0.6669 0.5872 0.5124 0.4433 0.3806 0.3255 0.2769 0.2337 0.1960
0.0000 0.0000 0.0000 0.0000 0.0000 0.0000 0.0000 0.0000 0.0000 0.0000 0.0000 0.0000 0.0000 0.0000 0.0000 0.0000 0.0000 0.0199 0.1411 0.3424 0.4816 0.5142 0.4426 0.3126 0.1943 0.1444 0.1832 0.2988 0.4630 0.6437 0.8104 0.9440 1.0382 1.0922 1.1084 1.0919 1.0459 0.9780 0.8980 0.8148 0.7294 0.6457 0.5659 0.4916 0.4239 0.3629 0.3097 0.2629 0.2216 0.1856
0.0000 0.0000 0.0000 0.0000 0.0000 0.0000 0.0000 0.0000 0.0000 0.0000 0.0000 0.0000 0.0000 0.0000 0.0000 0.0000 0.0000 0.0526 0.2178 0.4094 0.4863 0.4532 0.3461 0.2241 0.1496 0.1590 0.2531 0.4081 0.5914 0.7725 0.9269 1.0402 1.1102 1.1402 1.1349 1.1003 1.0404 0.9627 0.8770 0.7903 0.7033 0.6194 0.5404 0.4674 0.4018 0.3431 0.2921 0.2475 0.2083 0.1743
0.0000 0.0000 0.0000 0.0000 0.0000 0.0000 0.0000 0.0000 0.0000 0.0000 0.0000 0.0000 0.0000 0.0000 0.0000 0.0000 0.0000 0.0903 0.2743 0.4244 0.4332 0.3528 0.2401 0.1544 0.1414 0.2149 0.3591 0.5425 0.7325 0.9031 1.0373 1.1252 1.1682 1.1733 1.1467 1.0951 1.0229 0.9370 0.8472 0.7585 0.6713 0.5883 0.5110 0.4402 0.3772 0.3213 0.2729 0.2308 0.1940 0.1621
0.0000 0.0000 0.0000 0.0000 0.0000 0.0000 0.0000 0.0000 0.0000 0.0000 0.0000 0.0000 0.0000 0.0000 0.0000 0.0000 0.0000 0.1197 0.2910 0.3804 0.3344 0.2372 0.1515 0.1255 0.1830 0.3166 0.4992 0.6968 0.8806 1.0306 1.1377 1.1961 1.2105 1.1909 1.1442 1.0773 0.9948 0.9027 0.8102 0.7209 0.6345 0.5534 0.4787 0.4108 0.3509 0.2981 0.2526 0.2134 0.1791 0.1495
0.0000 0.0000 0.0000 0.0000 0.0000 0.0000 0.0000 0.0000 0.0000 0.0000 0.0000 0.0000 0.0000 0.0000 0.0000 0.0000 0.0000 0.1292 0.2604 0.2885 0.2164 0.1380 0.1075 0.1548 0.2812 0.4626 0.6666 0.8626 1.0279 1.1498 1.2237 1.2494 1.2355 1.1923 1.1274 1.0478 0.9573 0.8611 0.7671 0.6782 0.5938 0.5155 0.4442 0.3800 0.3234 0.2739 0.2317 0.1954 0.1638 0.1366
0.0000 0.0000 0.0000 0.0000 0.0000 0.0000 0.0000 0.0000 0.0000 0.0000 0.0000 0.0000 0.0000 0.0000 0.0000 0.0000 0.0000 0.1138 0.1908 0.1763 0.1147 0.0869 0.1293 0.2507 0.4331 0.6424 0.8475 1.0254 1.1605 1.2473 1.2846 1.2773 1.2366 1.1723 1.0922 1.0029 0.9071 0.8093 0.7158 0.6292 0.5482 0.4738 0.4068 0.3470 0.2943 0.2485 0.2099 0.1767 0.1480 0.1232
0.0000 0.0000 0.0000 0.0000 0.0000 0.0000 0.0000 0.0000 0.0000 0.0000 0.0000 0.0000 0.0000 0.0000 0.0000 0.0000 0.0000 0.0789 0.1073 0.0832 0.0658 0.1083 0.2260 0.4087 0.6249 0.8382 1.0241 1.1696 1.2658 1.3135 1.3137 1.2754 1.2112 1.1296 1.0381 0.9426 0.8448 0.7479 0.6572 0.5744 0.4982 0.4288 0.3668 0.3121 0.2638 0.2221 0.1873 0.1575 0.1317 0.1095
0.0000 0.0000 0.0000 0.0000 0.0000 0.0000 0.0000 0.0000 0.0000 0.0000 0.0000 0.0000 0.0000 0.0000 0.0000 0.0000 0.0000 0.0393 0.0435 0.0465 0.0948 0.2106 0.3911 0.6125 0.8365 1.0310 1.1814 1.2838 1.3359 1.3429 1.3094 1.2449 1.1617 1.0682 0.9701 0.8720 0.7749 0.6813 0.5947 0.5168 0.4457 0.3823 0.3261 0.2767 0.2334 0.1962 0.1651 0.1386 0.1158 0.0962
0.0000 0.0000 0.0000 0.0000 0.0000 0.0000 0.0000 0.0000 0.0000 0.0000 0.0000 0.0000 0.0000 0.0000 0.0000 0.0000 0.0000 0.0130 0.0283 0.0880 0.2053 0.3801 0.5985 0.8297 1.0350 1.1912 1.2943 1.3488 1.3568 1.3265 1.2649 1.1806 1.0846 0.9846 0.8848 0.7881 0.6951 0.6072 0.5268 0.4552 0.3906 0.3339 0.2840 0.2404 0.2025 0.1699 0.1428 0.1197 0.0998 0.0829
0.0000 0.0000 0.0000 0.0000 0.0000 0.0000 0.0000 0.0000 0.0000 0.0000 0.0000 0.0000 0.0000 0.0000 0.0000 0.0000 0.0000 0.0145 0.0749 0.2044 0.3755 0.5822 0.8079 1.0205 1.1859 1.2916 1.3433 1.3515 1.3208 1.2606 1.1789 1.0827 0.9810 0.8805 0.7838 0.6924 0.6066 0.5269 0.4546 0.3907 0.3336 0.2843 0.2413 0.2038 0.1714 0.1436 0.1205 0.1009 0.0840 0.0697
0.0000 0.0000 0.0000 0.0000 0.0000 0.0000 0.0000 0.0000 0.0000 0.0000 0.0000 0.0000 0.0000 0.0000 0.0000 0.0000 0.0000 0.0465 0.1724 0.3645 0.5620 0.7692 0.9735 1.1464 1.2611 1.3145 1.3191 1.2888 1.2294 1.1499 1.0578 0.9581 0.8581 0.7628 0.6734 0.5905 0.5140 0.4438 0.3809 0.3261 0.2777 0.2362 0.2001 0.1686 0.1415 0.1184 0.0992 0.0829 0.0690 0.0572
0.0000 0.0000 0.0000 0.0000 0.0000 0.0000 0.0000 0.0000 0.0000 0.0000 0.0000 0.0000 0.0000 0.0000 0.0000 0.0000 0.0000 0.0976 0.2873 0.5176 0.7107 0.8910 1.0537 1.1762 1.2403 1.2486 1.2171 1.1608 1.0852 0.9984 0.9057 0.8110 0.7196 0.6344 0.5561 0.4845 0.4191 0.3598 0.3073 0.2623 0.2231 0.1897 0.1605 0.1349 0.1130 0.0944 0.0789 0.0659 0.0549 0.0455
0.0000 0.0000 0.0000 0.0000 0.0000 0.0000 0.0000 0.0000 0.0000 0.0000 0.0000 0.0000 0.0000 0.0000 0.0000 0.0000 0.0000 0.1458 0.3744 0.6089 0.7722 0.9088 1.0217 1.0947 1.1171 1.0940 1.0418 0.9741 0.8958 0.8129 0.7290 0.6465 0.5693 0.4985 0.4343 0.3763 0.3238 0.2766 0.2352 0.2003 0.1703 0.1448 0.1223 0.1026 0.0858 0.0715 0.0597 0.0499 0.0415 0.0344
0.0000 0.0000 0.0000 0.0000 0.0000 0.0000 0.0000 0.0000 0.0000 0.0000 0.0000 0.0000 0.0000 0.0000 0.0000 0.0000 0.0000 0.1678 0.3953 0.6001 0.7198 0.8095 0.8765 0.9105 0.9056 0.8679 0.8115 0.7470 0.6779 0.6083 0.5406 0.4760 0.4166 0.3627 0.3145 0.2715 0.2326 0.1980 0.1679 0.1427 0.1213 0.1030 0.0870 0.0729 0.0608 0.0507 0.0423 0.0353 0.0293 0.0243
0.0000 0.0000 0.0000 0.0000 0.0000 0.0000 0.0000 0.0000 0.0000 0.0000 0.0000 0.0000 0.0000 0.0000 0.0000 0.0000 0.0000 0.1514 0.3363 0.4871 0.5623 0.6128 0.6460 0.6558 0.6392 0.6025 0.5557 0.5057 0.4543 0.4037 0.3568 0.3127 0.2723 0.2361 0.2040 0.1759 0.1505 0.1278 0.1082 0.0920 0.0782 0.0663 0.0559 0.0469 0.0391 0.0326 0.0272 0.0227 0.0188 0.0156
0.0000 0.0000 0.0000 0.0000 0.0000 0.0000 0.0000 0.0000 0.0000 0.0000 0.0000 0.0000 0.0000 0.0000 0.0000 0.0000 0.0000 0.1030 0.2201 0.3089 0.3474 0.3706 0.3835 0.3831 0.3679 0.3427 0.3130 0.2826 0.2520 0.2223 0.1958 0.1711 0.1485 0.1284 0.1107 0.0954 0.0815 0.0691 0.0585 0.0497 0.0424 0.0358 0.0302 0.0253 0.0212 0.0176 0.0147 0.0122 0.0102 0.0084
0.0000 0.0000 0.0000 0.0000 0.0000 0.0000 0.0000 0.0000 0.0000 0.0000 0.0000 0.0000 0.0000 0.0000 0.0000 0.0000 0.0000 0.0448 0.0935 0.1287 0.1424 0.1500 0.1534 0.1517 0.1443 0.1334 0.1211 0.1088 0.0965 0.0848 0.0745 0.0650 0.0563 0.0486 0.0418 0.0361 0.0308 0.0261 0.0221 0.0188 0.0160 0.0135 0.0114 0.0096 0.0080 0.0067 0.0056 0.0046 0.0039 0.0032
0.0000 0.0000 0.0000 0.0000 0.0000 0.0000 0.0000 0.0000 0.0000 0.0000 0.0000 0.0000 0.0000 0.0000 0.0000 0.0000 0.0000 0.0054 0.0112 0.0152 0.0167 0.0175 0.0178 0.0174 0.0165 0.0152 0.0138 0.0123 0.0109 0.0096 0.0084 0.0073 0.0063 0.0055 0.0047 0.0040 0.0035 0.0029 0.0025 0.0021 0.0018 0.0015 0.0013 0.0011 0.0009 0.0007 0.0006 0.0005 0.0004 0.0004
