0.1260 0.0672 0.0065 0.0635 0.1420 0.0223 0.0838 0.0755 0.0512 0.0673 0.0725 0.0186 0.1013 0.0192 0.0316 0.0845 0.0316 0.0041 0.0460 0.0642 0.0328 0.0035 0.0082 0.0310 0.0441 0.0387 0.0224 0.0076 0.0010 0.0028 0.0092 0.0161 0.0209 0.0224 0.0214 0.0183 0.0144 0.0105 0.0070 0.0043 0.0023 0.0011 0.0005 0.0002 0.0003 0.0006 0.0010 0.0014 0.0017 0.0020
0.3904 0.2168 0.0227 0.1781 0.4277 0.0743 0.2422 0.2349 0.1464 0.2084 0.2117 0.0596 0.3037 0.0548 0.0981 0.2534 0.0921 0.0130 0.1398 0.1923 0.0968 0.0099 0.0255 0.0939 0.1325 0.1155 0.0666 0.0222 0.0029 0.0086 0.0279 0.0487 0.0628 0.0673 0.0641 0.0548 0.0431 0.0314 0.0210 0.0128 0.0069 0.0033 0.0013 0.0007 0.0010 0.0018 0.0029 0.0041 0.0051 0.0061
0.6870 0.4121 0.0526 0.2567 0.7149 0.1498 0.3725 0.4187 0.2200 0.3689 0.3335 0.1121 0.5045 0.0821 0.1745 0.4216 0.1451 0.0246 0.2391 0.3190 0.1562 0.0150 0.0451 0.1595 0.2215 0.1910 0.1088 0.0357 0.0047 0.0149 0.0475 0.0821 0.1052 0.1123 0.1067 0.0910 0.0714 0.0519 0.0346 0.0210 0.0114 0.0053 0.0022 0.0012 0.0017 0.0031 0.0049 0.0069 0.0086 0.0103
1.0205 0.6814 0.1188 0.2799 0.9943 0.2698 0.4558 0.6413 0.2597 0.5607 0.4260 0.1855 0.7006 0.0969 0.2679 0.5874 0.1860 0.0413 0.3472 0.4431 0.2079 0.0181 0.0689 0.2296 0.3114 0.2640 0.1478 0.0470 0.0062 0.0224 0.0688 0.1169 0.1485 0.1576 0.1490 0.1267 0.0990 0.0717 0.0476 0.0288 0.0155 0.0072 0.0030 0.0017 0.0025 0.0044 0.0070 0.0097 0.0122 0.0145
1.3645 1.0419 0.2603 0.2406 1.2409 0.4603 0.4758 0.9125 0.2574 0.7930 0.4775 0.2911 0.8851 0.0974 0.3854 0.7475 0.2106 0.0665 0.4671 0.5624 0.2491 0.0192 0.0987 0.3057 0.4021 0.3335 0.1823 0.0556 0.0074 0.0315 0.0922 0.1536 0.1930 0.2032 0.1910 0.1615 0.1257 0.0906 0.0599 0.0360 0.0193 0.0089 0.0036 0.0022 0.0033 0.0059 0.0092 0.0127 0.0159 0.0188
1.6474 1.4788 0.5290 0.1558 1.4123 0.7475 0.4243 1.2318 0.2135 1.0692 0.4784 0.4416 1.0471 0.0851 0.5340 0.8960 0.2164 0.1051 0.6009 0.6739 0.2769 0.0189 0.1370 0.3892 0.4932 0.3980 0.2109 0.0609 0.0087 0.0428 0.1186 0.1927 0.2387 0.2490 0.2323 0.1953 0.1511 0.1084 0.0712 0.0425 0.0225 0.0103 0.0042 0.0027 0.0042 0.0075 0.0116 0.0159 0.0198 0.0233
1.7528 1.9192 0.9707 0.0813 1.4522 1.1469 0.3114 1.5819 0.1428 1.3820 0.4250 0.6493 1.1708 0.0667 0.7193 1.0243 0.2024 0.1633 0.7494 0.7735 0.2893 0.0187 0.1862 0.4811 0.5838 0.4558 0.2326 0.0627 0.0103 0.0570 0.1485 0.2346 0.2859 0.2948 0.2728 0.2277 0.1750 0.1246 0.0813 0.0481 0.0252 0.0114 0.0047 0.0032 0.0053 0.0093 0.0142 0.0193 0.0238 0.0280
1.5608 2.2168 1.5842 0.1195 1.3098 1.6444 0.1765 1.9209 0.0799 1.7087 0.3241 0.9227 1.2370 0.0549 0.9431 1.1209 0.1707 0.2484 0.9114 0.8560 0.2846 0.0213 0.2491 0.5818 0.6725 0.5053 0.2462 0.0608 0.0129 0.0749 0.1825 0.2795 0.3344 0.3406 0.3120 0.2582 0.1969 0.1392 0.0900 0.0527 0.0273 0.0121 0.0050 0.0038 0.0065 0.0113 0.0171 0.0229 0.0281 0.0328
1.0462 2.1831 2.2675 0.4034 0.9746 2.1744 0.0960 2.1802 0.0822 2.0059 0.1994 1.2608 1.2263 0.0697 1.2015 1.1720 0.1273 0.3682 1.0833 0.9152 0.2629 0.0305 0.3285 0.6910 0.7573 0.5445 0.2511 0.0556 0.0174 0.0973 0.2213 0.3278 0.3843 0.3858 0.3496 0.2866 0.2167 0.1518 0.0972 0.0561 0.0286 0.0125 0.0053 0.0045 0.0079 0.0136 0.0202 0.0268 0.0327 0.0380
0.4061 1.6978 2.7852 1.0386 0.5237 2.6069 0.1794 2.2718 0.2237 2.2100 0.0961 1.6477 1.1246 0.1372 1.4813 1.1633 0.0833 0.5298 1.2580 0.9444 0.2255 0.0515 0.4269 0.8076 0.8353 0.5714 0.2466 0.0478 0.0247 0.1253 0.2653 0.3794 0.4353 0.4303 0.3852 0.3125 0.2339 0.1621 0.1026 0.0585 0.0292 0.0126 0.0055 0.0054 0.0096 0.0162 0.0237 0.0311 0.0376 0.0434
0.1079 0.8782 2.8240 1.9949 0.1573 2.7636 0.5404 2.1135 0.5762 2.2485 0.0810 2.0472 0.9318 0.2871 1.7611 1.0854 0.0557 0.7383 1.4258 0.9383 0.1767 0.0906 0.5470 0.9306 0.9046 0.5849 0.2332 0.0385 0.0365 0.1600 0.3156 0.4352 0.4879 0.4744 0.4191 0.3361 0.2488 0.1705 0.1065 0.0597 0.0292 0.0124 0.0057 0.0064 0.0116 0.0192 0.0276 0.0358 0.0429 0.0491
0.6881 0.1954 2.1916 2.9973 0.1759 2.4859 1.2395 1.6717 1.1760 2.0609 0.2332 2.3978 0.6680 0.5477 2.0104 0.9373 0.0665 0.9936 1.5721 0.8918 0.1231 0.1551 0.6907 1.0578 0.9625 0.5838 0.2114 0.0295 0.0546 0.2032 0.3733 0.4958 0.5427 0.5185 0.4516 0.3577 0.2616 0.1770 0.1089 0.0599 0.0287 0.0119 0.0060 0.0077 0.0140 0.0226 0.0320 0.0410 0.0486 0.0554
2.2178 0.3344 1.0827 3.5502 0.8402 1.7535 2.2072 1.0212 1.9786 1.6306 0.6199 2.6110 0.3805 0.9373 2.1888 0.7296 0.1411 1.2850 1.6743 0.8003 0.0741 0.2522 0.8562 1.1820 1.0026 0.5655 0.1819 0.0229 0.0808 0.2558 0.4384 0.5606 0.5985 0.5613 0.4816 0.3763 0.2716 0.1812 0.1097 0.0591 0.0276 0.0114 0.0065 0.0093 0.0168 0.0266 0.0369 0.0467 0.0549 0.0620
3.7828 1.6630 0.1988 3.1913 2.1222 0.8077 3.1908 0.3888 2.8229 1.0261 1.2610 2.5969 0.1511 1.4515 2.2559 0.4917 0.3049 1.5957 1.7143 0.6683 0.0436 0.3880 1.0394 1.2957 1.0200 0.5292 0.1469 0.0215 0.1175 0.3190 0.5112 0.6292 0.6546 0.6023 0.5085 0.3915 0.2786 0.1830 0.1087 0.0572 0.0259 0.0107 0.0071 0.0114 0.0202 0.0312 0.0424 0.0529 0.0616 0.0691
3.8939 3.5466 0.4599 1.9142 3.5304 0.1667 3.7760 0.1182 3.4487 0.4310 2.0901 2.2963 0.0846 2.0441 2.1696 0.2673 0.5803 1.9077 1.6840 0.5111 0.0481 0.5650 1.2319 1.3895 1.0099 0.4755 0.1095 0.0287 0.1668 0.3936 0.5913 0.7007 0.7100 0.6402 0.5315 0.4028 0.2821 0.1821 0.1059 0.0542 0.0239 0.0101 0.0081 0.0140 0.0242 0.0364 0.0486 0.0598 0.0689 0.0767
2.0960 4.3964 2.1478 0.5266 4.2179 0.4045 3.5569 0.5187 3.5974 0.1249 2.9301 1.7239 0.2836 2.6202 1.8995 0.1123 0.9803 2.1998 1.5846 0.3517 0.1050 0.7829 1.4238 1.4544 0.9698 0.4069 0.0741 0.0481 0.2308 0.4799 0.6778 0.7733 0.7628 0.6735 0.5491 0.4090 0.2815 0.1781 0.1010 0.0501 0.0214 0.0096 0.0096 0.0173 0.0291 0.0425 0.0557 0.0675 0.0770 0.0850
0.2720 3.0880 4.1909 0.2679 3.5844 1.7371 2.4536 1.6573 3.0894 0.3532 3.5590 1.0287 0.8104 3.0501 1.4576 0.0921 1.4841 2.4204 1.4036 0.2090 0.2315 1.0458 1.6123 1.4896 0.9032 0.3295 0.0467 0.0838 0.3108 0.5773 0.7690 0.8453 0.8112 0.7007 0.5604 0.4097 0.2764 0.1710 0.0942 0.0451 0.0187 0.0094 0.0118 0.0215 0.0349 0.0496 0.0637 0.0760 0.0858 0.0939
0.9919 0.8565 4.6653 1.7819 1.8699 3.6059 1.0479 3.2115 1.9667 1.1928 3.7380 0.4320 1.6384 3.2153 0.9277 0.2780 2.0369 2.4947 1.1205 0.0969 0.4390 1.3521 1.7916 1.4933 0.8141 0.2503 0.0336 0.1395 0.4080 0.6852 0.8634 0.9147 0.8539 0.7211 0.5650 0.4048 0.2672 0.1611 0.0859 0.0395 0.0162 0.0099 0.0149 0.0266 0.0417 0.0577 0.0725 0.0853 0.0952 0.1035
4.0377 0.3455 2.8553 4.1895 0.3167 4.8456 0.1632 4.4414 0.7500 2.5242 3.2318 0.1092 2.5910 3.0150 0.4322 0.6944 2.5467 2.3848 0.7809 0.0588 0.7135 1.6437 1.8993 1.4243 0.6860 0.1673 0.0368 0.2153 0.5195 0.7985 0.9551 0.9762 0.8866 0.7317 0.5614 0.3938 0.2540 0.1488 0.0766 0.0337 0.0141 0.0111 0.0189 0.0328 0.0497 0.0668 0.0823 0.0955 0.1055 0.1137
5.3925 3.0462 0.4694 5.3046 0.6489 4.3840 0.7792 4.5997 0.1392 3.9481 2.1674 0.4224 3.5203 2.4361 0.1219 1.3696 2.9720 2.1061 0.4473 0.1499 1.0878 1.9444 1.9599 1.3077 0.5402 0.0970 0.0688 0.3219 0.6547 0.9257 1.0514 1.0359 0.9142 0.7361 0.5519 0.3781 0.2374 0.1346 0.0664 0.0281 0.0127 0.0134 0.0242 0.0405 0.0590 0.0772 0.0934 0.1068 0.1167 0.1248
2.4841 5.7391 0.8621 3.5473 3.1505 2.2590 2.8941 3.3040 0.7781 4.7115 0.9302 1.4275 4.0477 1.5787 0.1738 2.2042 3.1742 1.6606 0.1850 0.3901 1.5235 2.2013 1.9415 1.1384 0.3870 0.0510 0.1357 0.4578 0.8068 1.0575 1.1433 1.0862 0.9311 0.7308 0.5346 0.3569 0.2175 0.1187 0.0558 0.0229 0.0124 0.0172 0.0311 0.0497 0.0698 0.0890 0.1056 0.1191 0.1289 0.1367
0.1436 4.2217 4.2906 0.7288 5.6487 0.3420 5.1392 1.2977 2.6311 4.2749 0.1732 2.8943 3.9068 0.7027 0.6909 3.0401 3.0696 1.1139 0.0720 0.7882 1.9828 2.3789 1.8333 0.9258 0.2422 0.0423 0.2435 0.6232 0.9725 1.1896 1.2267 1.1244 0.9357 0.7150 0.5094 0.3305 0.1946 0.1017 0.0453 0.0187 0.0135 0.0226 0.0397 0.0606 0.0822 0.1023 0.1191 0.1326 0.1419 0.1494
3.4230 0.6118 6.2683 0.7133 5.2939 0.8786 5.5757 0.1758 4.7423 2.7128 0.4877 4.2812 3.0442 0.1612 1.6473 3.6677 2.6323 0.5769 0.1779 1.3254 2.4123 2.4434 1.6337 0.6873 0.1254 0.0833 0.3964 0.8161 1.1470 1.3167 1.2975 1.1476 0.9265 0.6883 0.4764 0.2993 0.1694 0.0841 0.0356 0.0160 0.0165 0.0300 0.0503 0.0734 0.0964 0.1171 0.1340 0.1472 0.1560 0.1629
6.7652 1.5425 3.5079 4.2868 2.1617 3.9276 3.5254 1.2260 5.6496 0.9069 1.9922 4.9171 1.7306 0.2784 2.8460 3.8801 1.9240 0.1920 0.5446 1.9510 2.7513 2.3714 1.3549 0.4488 0.0582 0.1849 0.5950 1.0312 1.3229 1.4320 1.3510 1.1536 0.9029 0.6510 0.4366 0.2643 0.1428 0.0669 0.0274 0.0154 0.0219 0.0399 0.0633 0.0883 0.1124 0.1336 0.1503 0.1630 0.1712 0.1774
3.1824 6.2315 0.2819 6.7987 0.2205 6.4706 0.8261 4.0291 4.4831 0.1791 4.0690 4.3649 0.5457 1.1833 3.9385 3.5519 1.1051 0.1022 1.1658 2.5818 2.9364 2.1527 1.0213 0.2415 0.0620 0.3548 0.8363 1.2603 1.4916 1.5286 1.3830 1.1402 0.8643 0.6034 0.3906 0.2266 0.1159 0.0510 0.0214 0.0175 0.0302 0.0527 0.0790 0.1056 0.1305 0.1519 0.1681 0.1802 0.1875 0.1929
0.3000 5.9185 2.7024 4.2455 2.6691 5.3887 0.5259 6.3021 1.9730 1.3718 5.5484 2.7804 0.1589 2.6789 4.5273 2.7150 0.4148 0.4093 1.9712 3.1089 2.9140 1.7966 0.6712 0.1012 0.1555 0.5948 1.1124 1.4928 1.6435 1.5996 1.3890 1.1050 0.8098 0.5459 0.3394 0.1873 0.0899 0.0375 0.0186 0.0230 0.0419 0.0687 0.0975 0.1254 0.1508 0.1720 0.1875 0.1987 0.2049 0.2092
5.4879 0.9343 7.2302 0.4683 6.7224 1.7259 3.5365 5.7596 0.2633 3.9842 5.3872 0.9975 0.9729 4.2347 4.3221 1.5976 0.1137 1.1282 2.8264 3.4196 2.6598 1.3420 0.3575 0.0642 0.3509 0.8997 1.4102 1.7147 1.7678 1.6383 1.3658 1.0474 0.7403 0.4798 0.2848 0.1480 0.0662 0.0274 0.0197 0.0326 0.0574 0.0882 0.1192 0.1479 0.1733 0.1939 0.2085 0.2186 0.2234 0.2265
7.1415 2.2041 5.3891 2.2913 6.4499 0.3981 6.8495 2.6832 1.2275 6.1943 3.5124 0.1801 2.8030 5.1616 3.3106 0.5927 0.3950 2.1554 3.5505 3.4236 2.1913 0.8552 0.1400 0.1609 0.6507 1.2560 1.7114 1.9103 1.8540 1.6387 1.3114 0.9677 0.6574 0.4074 0.2288 0.1108 0.0463 0.0222 0.0259 0.0470 0.0774 0.1117 0.1443 0.1732 0.1982 0.2179 0.2312 0.2398 0.2431 0.2448
1.0159 7.8024 0.5507 7.3067 1.9491 3.8670 6.4157 0.3208 4.4444 6.1234 1.1654 1.1007 4.8289 4.9544 1.8503 0.1402 1.2935 3.2699 3.9581 3.0835 1.5757 0.4243 0.0769 0.4091 1.0444 1.6433 1.9999 2.0707 1.8987 1.5999 1.2274 0.8691 0.5647 0.3320 0.1744 0.0779 0.0322 0.0231 0.0380 0.0669 0.1023 0.1393 0.1730 0.2019 0.2258 0.2441 0.2561 0.2630 0.2644 0.2645
3.1014 5.0390 3.1424 6.4883 0.6615 7.6889 2.5094 1.7135 7.0382 3.6218 0.2310 3.4691 5.9204 3.5846 0.5776 0.5469 2.6254 4.1706 3.9080 2.4378 0.9271 0.1458 0.2126 0.8076 1.5066 2.0294 2.2457 2.1726 1.8871 1.5162 1.1130 0.7531 0.4648 0.2564 0.1242 0.0516 0.0255 0.0315 0.0571 0.0929 0.1324 0.1715 0.2053 0.2337 0.2561 0.2724 0.2827 0.2876 0.2869 0.2851
8.6235 0.3612 8.3823 1.1199 5.4617 6.0953 0.3090 5.7883 6.2689 0.8323 1.7808 5.8682 5.3193 1.6902 0.1815 1.8121 4.0041 4.5647 3.3645 1.6121 0.3911 0.1067 0.5661 1.3315 1.9969 2.3775 2.4226 2.2015 1.8142 1.3884 0.9719 0.6247 0.3627 0.1851 0.0819 0.0345 0.0282 0.0486 0.0840 0.1257 0.1681 0.2082 0.2415 0.2687 0.2888 0.3027 0.3110 0.3137 0.3105 0.3067
2.6175 5.8612 4.7323 2.0914 8.3924 1.2937 3.3611 7.8425 2.7128 0.5704 4.9160 6.5842 3.2546 0.3436 1.0365 3.5490 4.9473 4.2757 2.4340 0.8053 0.1164 0.3623 1.1212 1.9316 2.4641 2.6485 2.5076 2.1476 1.6793 1.2211 0.8109 0.4906 0.2642 0.1226 0.0508 0.0291 0.0420 0.0757 0.1195 0.1656 0.2098 0.2498 0.2816 0.3069 0.3242 0.3350 0.3410 0.3411 0.3352 0.3293
2.0484 8.1150 0.4001 8.1463 3.9280 1.2549 7.8527 5.0991 0.2981 3.5254 7.1334 4.9172 1.0117 0.4825 2.9193 5.0870 5.0658 3.3407 1.3658 0.2482 0.2175 0.9188 1.8268 2.5482 2.8653 2.8187 2.4893 2.0102 1.4892 1.0258 0.6407 0.3599 0.1763 0.0743 0.0348 0.0382 0.0688 0.1143 0.1647 0.2137 0.2583 0.2972 0.3266 0.3491 0.3631 0.3707 0.3736 0.3707 0.3618 0.3536
9.1521 1.1364 6.1347 6.6836 0.3656 6.6947 7.1816 0.9363 2.1762 7.0721 6.3859 2.0251 0.2317 2.2684 5.0028 5.7223 4.2330 2.0283 0.4878 0.1407 0.7383 1.7178 2.5877 3.0904 3.1321 2.8473 2.3536 1.7912 1.2521 0.8106 0.4699 0.2402 0.1053 0.0446 0.0372 0.0639 0.1100 0.1650 0.2198 0.2698 0.3131 0.3497 0.3757 0.3945 0.4045 0.4084 0.4079 0.4016 0.3896 0.3788
3.1365 3.8583 8.5215 0.6476 5.1376 8.5466 2.0930 1.2004 6.6038 7.5414 3.1580 0.2579 1.7169 4.8208 6.2105 5.0817 2.7169 0.8012 0.1291 0.5920 1.6259 2.6375 3.2838 3.4713 3.2172 2.7185 2.1048 1.5046 0.9850 0.5914 0.3117 0.1415 0.0584 0.0385 0.0613 0.1083 0.1669 0.2284 0.2852 0.3340 0.3741 0.4071 0.4286 0.4429 0.4484 0.4480 0.4437 0.4338 0.4183 0.4049
2.2200 9.3744 1.4840 3.8283 9.2508 3.2928 0.6619 6.0802 8.3445 4.2191 0.4499 1.3299 4.6796 6.6335 5.8198 3.3846 1.1317 0.1621 0.4965 1.5662 2.7282 3.5150 3.7933 3.6211 3.0950 2.4369 1.7641 1.1762 0.7114 0.3874 0.1804 0.0742 0.0424 0.0607 0.1099 0.1734 0.2407 0.3057 0.3617 0.4071 0.4425 0.4706 0.4864 0.4951 0.4954 0.4902 0.4817 0.4679 0.4488 0.4325
9.7596 2.2221 3.0852 9.6040 4.1681 0.4477 5.7826 8.9378 5.0133 0.6586 1.1338 4.6896 7.0999 6.4944 3.9420 1.4209 0.2072 0.4570 1.5840 2.8726 3.8196 4.1760 4.0140 3.4995 2.7677 2.0276 1.3638 0.8367 0.4566 0.2180 0.0900 0.0477 0.0637 0.1151 0.1859 0.2609 0.3329 0.3982 0.4507 0.4906 0.5199 0.5415 0.5501 0.5517 0.5461 0.5359 0.5228 0.5049 0.4820 0.4623
2.3255 3.0055 9.8621 4.4418 0.4184 5.9219 9.4017 5.3992 0.7317 1.1502 4.9495 7.6285 7.0773 4.3347 1.5813 0.2306 0.4780 1.7122 3.1315 4.1821 4.6298 4.4531 3.8736 3.1012 2.2659 1.5320 0.9423 0.5179 0.2455 0.1022 0.0533 0.0703 0.1275 0.2045 0.2903 0.3711 0.4430 0.5046 0.5505 0.5825 0.6038 0.6174 0.6176 0.6111 0.5990 0.5833 0.5654 0.5431 0.5161 0.4930
3.7568 10.1122 3.9324 0.5843 6.6694 9.7594 5.2177 0.5909 1.4463 5.6070 8.2672 7.4768 4.4673 1.5498 0.2110 0.5913 1.9932 3.5617 4.6759 5.1192 4.9324 4.2561 3.3739 2.4765 1.6560 1.0142 0.5528 0.2602 0.1066 0.0587 0.0820 0.1490 0.2373 0.3307 0.4237 0.5037 0.5702 0.6243 0.6603 0.6821 0.6936 0.6979 0.6885 0.6729 0.6538 0.6322 0.6093 0.5824 0.5512 0.5244
10.0745 2.6090 1.2836 8.1241 9.8240 4.3419 0.3219 2.2352 6.7757 9.0728 7.6151 4.2118 1.2786 0.1755 0.8675 2.5305 4.2236 5.3621 5.7156 5.3974 4.6283 3.6117 2.6039 1.7326 1.0365 0.5531 0.2532 0.1035 0.0655 0.1036 0.1860 0.2897 0.3972 0.4969 0.5893 0.6616 0.7174 0.7596 0.7819 0.7908 0.7909 0.7860 0.7675 0.7431 0.7168 0.6887 0.6594 0.6272 0.5911 0.5606
0.8040 3.2452 9.9764 8.9044 2.6796 0.3349 3.8476 8.4438 9.6990 7.2424 3.4480 0.7875 0.2455 1.4505 3.4092 5.1944 6.2120 6.3842 5.8379 4.8707 3.7444 2.6301 1.6962 0.9914 0.5039 0.2200 0.0931 0.0804 0.1422 0.2481 0.3707 0.4942 0.6068 0.7013 0.7843 0.8417 0.8811 0.9072 0.9126 0.9062 0.8934 0.8787 0.8506 0.8170 0.7832 0.7482 0.7120 0.6740 0.6328 0.5984
7.0854 10.9727 6.2492 0.7953 1.5327 6.5628 10.2030 9.5885 5.9421 2.1659 0.2983 0.7077 2.5734 4.7622 6.4330 7.2017 6.9997 6.1495 4.9360 3.6551 2.4938 1.5368 0.8467 0.4049 0.1660 0.0867 0.1174 0.2164 0.3496 0.4973 0.6366 0.7607 0.8632 0.9405 1.0052 1.0407 1.0586 1.0648 1.0502 1.0266 0.9997 0.9747 0.9364 0.8933 0.8515 0.8095 0.7659 0.7219 0.6756 0.6372
8.7462 2.2206 0.5803 4.9683 9.9297 10.9295 7.8927 3.5950 0.7388 0.3898 2.0423 4.5019 6.6542 7.8769 8.0616 7.3942 6.1331 4.6899 3.2948 2.1199 1.2295 0.6187 0.2665 0.1173 0.1133 0.2063 0.3541 0.5241 0.6912 0.8501 0.9815 1.0874 1.1653 1.2151 1.2546 1.2628 1.2550 1.2382 1.2020 1.1600 1.1179 1.0806 1.0309 0.9779 0.9278 0.8781 0.8268 0.7765 0.7246 0.6819
0.4500 4.6354 10.0504 11.6667 8.8387 4.2798 0.9995 0.3674 2.0286 4.7462 7.2518 8.8076 9.1608 8.4786 7.1599 5.5675 3.9634 2.5890 1.5206 0.7854 0.3482 0.1500 0.1310 0.2323 0.4009 0.6029 0.8085 0.9993 1.1588 1.2968 1.3967 1.4671 1.5072 1.5207 1.5293 1.5059 1.4689 1.4265 1.3675 1.3060 1.2478 1.1962 1.1338 1.0707 1.0118 0.9541 0.8947 0.8377 0.7800 0.7325
11.3644 11.8404 8.2232 3.5565 0.6819 0.6663 2.8810 5.9475 8.6006 10.1104 10.2782 9.3991 7.8341 5.9832 4.2145 2.7160 1.5662 0.7911 0.3444 0.1652 0.1809 0.3236 0.5399 0.7908 1.0343 1.2627 1.4573 1.6168 1.7283 1.8154 1.8627 1.8828 1.8742 1.8442 1.8174 1.7587 1.6900 1.6199 1.5371 1.4555 1.3809 1.3144 1.2391 1.1659 1.0982 1.0323 0.9645 0.9008 0.8371 0.7848
5.1147 1.3797 0.4477 2.2366 5.4797 8.6989 10.8752 11.6168 11.0508 9.5582 7.5722 5.5408 3.7115 2.2379 1.1963 0.5562 0.2516 0.2055 0.3376 0.5797 0.8782 1.1836 1.4765 1.7456 1.9547 2.1261 2.2462 2.3289 2.3591 2.3720 2.3530 2.3139 2.2504 2.1726 2.1076 2.0129 1.9123 1.8154 1.7102 1.6092 1.5181 1.4371 1.3491 1.2665 1.1899 1.1158 1.0396 0.9691 0.8993 0.8421
3.6847 7.3181 10.5570 12.5266 12.9416 11.9906 10.1303 7.8499 5.6110 3.6701 2.1593 1.1218 0.5180 0.2778 0.3138 0.5373 0.8698 1.2541 1.6386 2.0017 2.3267 2.5812 2.7848 2.9475 3.0338 3.0869 3.0912 3.0661 2.9945 2.9207 2.8326 2.7343 2.6157 2.4889 2.3852 2.2572 2.1291 2.0099 1.8876 1.7700 1.6632 1.5686 1.4691 1.3782 1.2926 1.2101 1.1260 1.0487 0.9725 0.9101
13.7657 12.2698 10.0646 7.6303 5.3159 3.3635 1.8977 0.9442 0.4667 0.3707 0.5570 0.9327 1.4127 1.9248 2.4277 2.8885 3.2798 3.6076 3.8517 4.0395 4.1731 4.2159 4.2185 4.2001 4.1193 4.0273 3.9013 3.7606 3.5853 3.4258 3.2742 3.1226 2.9539 2.7823 2.6435 2.4864 2.3344 2.1962 2.0600 1.9279 1.8067 1.6996 1.5894 1.4914 1.3973 1.3066 1.2149 1.1308 1.0484 0.9809
1.2365 0.6486 0.5006 0.7104 1.1814 1.8204 2.5408 3.2536 3.9431 4.5760 5.1355 5.6010 5.9481 6.1732 6.3134 6.3741 6.3512 6.2901 6.1702 6.0427 5.9004 5.6858 5.4661 5.2617 5.0240 4.8021 4.5640 4.3241 4.0623 3.8331 3.6326 3.4403 3.2328 3.0261 2.8598 2.6803 2.5101 2.3578 2.2116 2.0684 1.9354 1.8179 1.6991 1.5955 1.4945 1.3968 1.2980 1.2079 1.1198 1.0478
10.2111 10.6437 10.9711 11.2350 11.4210 11.5210 11.5074 11.3399 11.1452 10.9145 10.6370 10.3428 9.9975 9.6047 9.2082 8.8057 8.3737 7.9707 7.5603 7.1956 6.8582 6.4771 6.1099 5.7810 5.4421 5.1456 4.8514 4.5516 4.2445 3.9868 3.7538 3.5358 3.3127 3.0936 2.9171 2.7246 2.5456 2.3873 2.2334 2.0855 1.9504 1.8309 1.7103 1.6051 1.5060 1.4089 1.3047 1.2125 1.1236 1.0511
