0.2186 0.2177 0.2169 0.1857 0.1754 0.1650 0.1534 0.1450 0.1400 0.1516 0.1131 0.1073 0.1200 0.1211 0.1151 0.1035 0.0838 0.0616 0.0519 0.0594 0.0722 0.0778 0.0705 0.0560 0.0406 0.0293 0.0227 0.0198 0.0189 0.0184 0.0176 0.0165 0.0149 0.0132 0.0115 0.0099 0.0085 0.0073 0.0063 0.0054 0.0047 0.0041 0.0036 0.0032 0.0028 0.0025 0.0022 0.0020 0.0018 0.0016
0.6551 0.6506 0.6486 0.5574 0.5267 0.4943 0.4594 0.4341 0.4193 0.4537 0.3395 0.3221 0.3615 0.3653 0.3466 0.3113 0.2522 0.1853 0.1553 0.1764 0.2146 0.2323 0.2116 0.1688 0.1231 0.0886 0.0683 0.0592 0.0563 0.0548 0.0525 0.0491 0.0444 0.0395 0.0345 0.0298 0.0256 0.0220 0.0189 0.0163 0.0140 0.0123 0.0108 0.0096 0.0085 0.0075 0.0067 0.0060 0.0054 0.0048
1.0906 1.0772 1.0736 0.9300 0.8795 0.8218 0.7628 0.7201 0.6963 0.7525 0.5661 0.5370 0.6074 0.6155 0.5821 0.5214 0.4230 0.3110 0.2576 0.2885 0.3508 0.3829 0.3527 0.2844 0.2090 0.1506 0.1151 0.0983 0.0927 0.0900 0.0864 0.0811 0.0736 0.0657 0.0576 0.0498 0.0428 0.0368 0.0316 0.0273 0.0235 0.0205 0.0181 0.0160 0.0142 0.0126 0.0112 0.0100 0.0089 0.0080
1.5263 1.4970 1.4886 1.3025 1.2362 1.1470 1.0618 1.0024 0.9691 1.0471 0.7931 0.7524 0.8617 0.8756 0.8235 0.7349 0.5977 0.4403 0.3586 0.3926 0.4767 0.5267 0.4933 0.4044 0.3009 0.2173 0.1641 0.1375 0.1276 0.1232 0.1185 0.1117 0.1021 0.0916 0.0807 0.0701 0.0604 0.0520 0.0447 0.0385 0.0332 0.0289 0.0255 0.0225 0.0199 0.0177 0.0157 0.0140 0.0125 0.0112
1.9658 1.9137 1.8930 1.6724 1.6010 1.4706 1.3552 1.2815 1.2349 1.3384 1.0205 0.9692 1.1289 1.1495 1.0717 0.9516 0.7774 0.5754 0.4591 0.4867 0.5880 0.6600 0.6322 0.5301 0.4013 0.2913 0.2172 0.1776 0.1612 0.1541 0.1482 0.1405 0.1293 0.1169 0.1037 0.0905 0.0783 0.0676 0.0582 0.0501 0.0431 0.0376 0.0330 0.0292 0.0257 0.0228 0.0203 0.0180 0.0161 0.0144
2.4138 2.3352 2.2932 2.0354 1.9791 1.7953 1.6430 1.5591 1.4909 1.6294 1.2476 1.1895 1.4153 1.4399 1.3258 1.1699 0.9628 0.7192 0.5615 0.5697 0.6811 0.7787 0.7671 0.6619 0.5127 0.3758 0.2771 0.2202 0.1941 0.1825 0.1750 0.1667 0.1547 0.1411 0.1262 0.1109 0.0965 0.0836 0.0721 0.0621 0.0534 0.0465 0.0408 0.0360 0.0317 0.0280 0.0249 0.0221 0.0197 0.0176
2.8746 2.7686 2.7055 2.3882 2.3744 2.1277 1.9273 1.8375 1.7355 1.9256 1.4723 1.4170 1.7278 1.7477 1.5819 1.3863 1.1542 0.8761 0.6706 0.6432 0.7531 0.8779 0.8944 0.7990 0.6372 0.4745 0.3476 0.2683 0.2281 0.2090 0.1986 0.1897 0.1774 0.1635 0.1476 0.1308 0.1147 0.0998 0.0863 0.0745 0.0642 0.0558 0.0489 0.0430 0.0378 0.0334 0.0296 0.0262 0.0234 0.0208
3.3485 3.2132 3.1545 2.7366 2.7836 2.4810 2.2130 2.1181 1.9706 2.2330 1.6913 1.6591 2.0736 2.0701 1.8326 1.5954 1.3518 1.0520 0.7944 0.7123 0.8034 0.9529 1.0089 0.9389 0.7756 0.5908 0.4332 0.3261 0.2662 0.2354 0.2197 0.2092 0.1968 0.1831 0.1672 0.1496 0.1323 0.1159 0.1007 0.0872 0.0752 0.0655 0.0573 0.0504 0.0442 0.0390 0.0344 0.0305 0.0271 0.0241
3.8255 3.6570 3.6570 3.1082 3.1885 2.8780 2.5061 2.3998 2.2037 2.5548 1.8996 1.9264 2.4572 2.3981 2.0664 1.7902 1.5554 1.2542 0.9446 0.7868 0.8355 1.0000 1.1035 1.0756 0.9260 0.7269 0.5388 0.3993 0.3132 0.2650 0.2399 0.2257 0.2124 0.1992 0.1837 0.1663 0.1484 0.1312 0.1147 0.0998 0.0864 0.0753 0.0660 0.0580 0.0508 0.0447 0.0394 0.0349 0.0309 0.0275
4.2717 4.0863 4.1956 3.5599 3.5527 3.3508 2.8087 2.6806 2.4488 2.8848 2.0929 2.2331 2.8761 2.7150 2.2687 1.9633 1.7656 1.4915 1.1367 0.8830 0.8582 1.0180 1.1697 1.1992 1.0819 0.8817 0.6676 0.4934 0.3754 0.3029 0.2627 0.2409 0.2247 0.2112 0.1964 0.1796 0.1620 0.1446 0.1275 0.1117 0.0972 0.0850 0.0746 0.0656 0.0575 0.0506 0.0446 0.0394 0.0349 0.0310
4.6301 4.5010 4.6998 4.1592 3.8381 3.9304 3.1165 2.9653 2.7245 3.2038 2.2758 2.5961 3.3171 2.9983 2.4275 2.1123 1.9846 1.7735 1.3905 1.0262 0.8913 1.0127 1.2001 1.2959 1.2310 1.0489 0.8204 0.6143 0.4609 0.3575 0.2951 0.2599 0.2370 0.2209 0.2058 0.1895 0.1726 0.1556 0.1385 0.1224 0.1072 0.0943 0.0831 0.0733 0.0644 0.0567 0.0500 0.0441 0.0391 0.0346
4.8987 4.9019 5.0844 4.9100 4.0445 4.6084 3.4145 3.2676 3.0371 3.4757 2.4623 3.0223 3.7485 3.2211 2.5364 2.2390 2.2123 2.1019 1.7204 1.2439 0.9624 0.9981 1.1898 1.3474 1.3517 1.2118 0.9891 0.7623 0.5759 0.4376 0.3461 0.2906 0.2550 0.2321 0.2141 0.1970 0.1803 0.1638 0.1471 0.1312 0.1159 0.1028 0.0911 0.0808 0.0712 0.0629 0.0555 0.0491 0.0435 0.0385
5.2866 5.2400 5.3420 5.6582 4.2536 5.2812 3.6862 3.6005 3.3546 3.6506 2.6684 3.4875 4.1151 3.3583 2.5982 2.3469 2.4362 2.4554 2.1172 1.5500 1.0985 0.9935 1.1365 1.3306 1.4095 1.3367 1.1486 0.9235 0.7163 0.5463 0.4223 0.3404 0.2854 0.2501 0.2248 0.2039 0.1857 0.1689 0.1526 0.1371 0.1222 0.1091 0.0975 0.0870 0.0770 0.0683 0.0605 0.0537 0.0477 0.0423
6.1232 5.4524 5.5690 6.1122 4.6130 5.7468 3.9584 3.9692 3.6159 3.7070 2.9207 3.9335 4.3586 3.4127 2.6392 2.4452 2.6302 2.7838 2.5417 1.9428 1.3310 1.0372 1.0589 1.2342 1.3700 1.3793 1.2586 1.0688 0.8668 0.6798 0.5283 0.4182 0.3387 0.2847 0.2464 0.2169 0.1938 0.1744 0.1570 0.1412 0.1264 0.1135 0.1020 0.0915 0.0816 0.0727 0.0647 0.0576 0.0514 0.0457
7.1791 5.6985 5.8023 6.1163 5.1503 5.8190 4.2948 4.3360 3.7751 3.6896 3.2247 4.2588 4.4456 3.4318 2.7036 2.5358 2.7417 2.9916 2.9000 2.3789 1.6815 1.1896 1.0137 1.0822 1.2181 1.2965 1.2653 1.1487 0.9902 0.8164 0.6561 0.5261 0.4230 0.3472 0.2905 0.2468 0.2136 0.1875 0.1660 0.1478 0.1316 0.1179 0.1060 0.0954 0.0853 0.0763 0.0682 0.0609 0.0545 0.0486
7.4253 6.2416 5.9866 5.9488 5.5663 5.5851 4.6885 4.6503 3.9117 3.7175 3.5236 4.3474 4.4156 3.5166 2.8344 2.6012 2.7002 2.9482 3.0357 2.7475 2.1379 1.5308 1.1211 0.9784 1.0066 1.0858 1.1258 1.1015 1.0241 0.9047 0.7703 0.6446 0.5316 0.4395 0.3646 0.3036 0.2560 0.2186 0.1887 0.1645 0.1441 0.1274 0.1134 0.1015 0.0904 0.0807 0.0721 0.0644 0.0577 0.0515
6.9345 6.5706 6.4448 5.9937 5.5857 5.4875 4.9316 5.0283 4.2859 3.8890 3.6907 4.1466 4.4105 3.7955 3.0394 2.6110 2.4817 2.5726 2.7734 2.8501 2.5979 2.1177 1.5690 1.1600 0.9407 0.8744 0.8814 0.9011 0.9019 0.8633 0.7936 0.7095 0.6172 0.5305 0.4511 0.3797 0.3201 0.2709 0.2306 0.1977 0.1702 0.1479 0.1295 0.1142 0.1005 0.0889 0.0788 0.0699 0.0624 0.0555
7.1114 6.5410 7.2615 6.5078 6.0270 5.7752 4.9090 5.8641 5.0350 4.1369 3.7293 3.7701 4.5431 4.3083 3.2711 2.5843 2.2944 2.1053 2.1254 2.4171 2.7054 2.7539 2.4469 1.9625 1.4691 1.0899 0.8495 0.7268 0.6786 0.6561 0.6362 0.6091 0.5676 0.5198 0.4668 0.4107 0.3582 0.3108 0.2689 0.2327 0.2013 0.1745 0.1521 0.1332 0.1162 0.1019 0.0895 0.0789 0.0698 0.0617
7.9217 7.4972 8.1245 6.9823 6.7063 6.5630 5.7647 5.6499 5.2411 4.5320 4.8169 3.9121 3.6489 3.8822 3.2871 2.6723 2.7839 2.9652 2.6331 2.0325 1.6456 1.7016 2.0111 2.3274 2.4570 2.3692 2.1066 1.7685 1.4347 1.1322 0.8856 0.7005 0.5612 0.4616 0.3879 0.3303 0.2862 0.2512 0.2225 0.1983 0.1771 0.1583 0.1419 0.1275 0.1137 0.1016 0.0906 0.0808 0.0723 0.0644
9.2306 7.8652 8.1326 7.9498 6.7553 7.2391 5.9031 6.2522 5.3152 5.0251 5.0591 4.0501 4.0304 4.1187 3.3732 2.8665 3.0578 3.1547 2.7165 2.0996 1.7623 1.8679 2.1903 2.4894 2.5907 2.4784 2.1985 1.8488 1.5071 1.1974 0.9433 0.7509 0.6045 0.4987 0.4196 0.3574 0.3093 0.2709 0.2394 0.2130 0.1901 0.1699 0.1522 0.1365 0.1216 0.1086 0.0968 0.0864 0.0773 0.0689
9.9848 8.9705 8.0263 8.6555 7.1499 7.6137 6.2808 6.7025 5.4465 5.5678 5.2007 4.2591 4.4344 4.2992 3.4633 3.1008 3.3377 3.3210 2.7849 2.1724 1.8947 2.0466 2.3732 2.6479 2.7174 2.5802 2.2845 1.9253 1.5777 1.2624 1.0017 0.8027 0.6495 0.5377 0.4531 0.3861 0.3338 0.2918 0.2573 0.2286 0.2038 0.1821 0.1630 0.1459 0.1299 0.1158 0.1034 0.0923 0.0825 0.0736
9.7411 10.0455 8.4893 8.7993 7.9688 7.6668 6.9344 6.9217 5.7400 6.0690 5.2739 4.5659 4.8236 4.4230 3.5783 3.3751 3.6110 3.4595 2.8425 2.2560 2.0444 2.2362 2.5572 2.8006 2.8358 2.6743 2.3646 1.9980 1.6465 1.3271 1.0610 0.8559 0.6963 0.5785 0.4885 0.4166 0.3599 0.3141 0.2764 0.2452 0.2184 0.1950 0.1744 0.1559 0.1385 0.1235 0.1102 0.0983 0.0880 0.0785
9.6936 10.2387 9.5769 8.6750 8.8815 7.6579 7.7016 6.9671 6.2330 6.4391 5.3477 4.9690 5.1577 4.5049 3.7385 3.6818 3.8646 3.5692 2.8959 2.3557 2.2118 2.4341 2.7394 2.9457 2.9453 2.7605 2.4390 2.0672 1.7136 1.3916 1.1210 0.9105 0.7447 0.6212 0.5258 0.4489 0.3876 0.3379 0.2967 0.2628 0.2340 0.2087 0.1865 0.1663 0.1476 0.1314 0.1173 0.1047 0.0936 0.0835
10.7903 9.9712 10.4768 8.9228 9.3964 7.9270 8.2923 7.0136 6.8436 6.6345 5.5001 5.4302 5.4076 4.5727 3.9551 4.0054 4.0876 3.6545 2.9543 2.4765 2.3968 2.6382 2.9177 3.0826 3.0462 2.8394 2.5079 2.1333 1.7794 1.4561 1.1823 0.9672 0.7956 0.6662 0.5650 0.4830 0.4172 0.3635 0.3186 0.2818 0.2506 0.2232 0.1992 0.1774 0.1573 0.1401 0.1250 0.1115 0.0997 0.0890
11.9007 10.4222 10.5879 9.7602 9.4144 8.5828 8.5369 7.2570 7.4145 6.7016 5.7856 5.8860 5.5698 4.6631 4.2294 4.3262 4.2733 3.7234 3.0267 2.6214 2.5973 2.8451 3.0899 3.2107 3.1390 2.9119 2.5722 2.1968 1.8440 1.5208 1.2451 1.0261 0.8491 0.7136 0.6063 0.5191 0.4488 0.3911 0.3424 0.3023 0.2682 0.2385 0.2125 0.1890 0.1678 0.1495 0.1333 0.1189 0.1063 0.0948
11.8884 11.5495 10.4621 10.6474 9.3930 9.3635 8.5582 7.7644 7.8119 6.7638 6.2039 6.2732 5.6719 4.8113 4.5515 4.6250 4.4213 3.7861 3.1204 2.7901 2.8092 3.0507 3.2541 3.3295 3.2241 2.9789 2.6330 2.2584 1.9078 1.5854 1.3084 1.0863 0.9042 0.7626 0.6493 0.5570 0.4821 0.4204 0.3677 0.3242 0.2871 0.2548 0.2266 0.2014 0.1789 0.1596 0.1422 0.1267 0.1132 0.1010
11.8534 12.1689 10.9498 11.0035 9.7949 9.8813 8.6572 8.3935 8.0097 6.9412 6.6897 6.5578 5.7642 5.0350 4.8981 4.8878 4.5395 3.8557 3.2410 2.9810 3.0285 3.2523 3.4097 3.4401 3.3030 3.0420 2.6915 2.3184 1.9707 1.6498 1.3723 1.1474 0.9606 0.8133 0.6940 0.5966 0.5172 0.4515 0.3946 0.3475 0.3071 0.2721 0.2416 0.2146 0.1908 0.1702 0.1516 0.1350 0.1205 0.1075
12.7297 12.1796 11.8463 11.0462 10.5299 10.0696 9.0342 8.9275 8.1195 7.2800 7.1524 6.7540 5.8986 5.3290 5.2425 5.1105 4.6421 3.9442 3.3907 3.1907 3.2518 3.4488 3.5576 3.5442 3.3777 3.1026 2.7488 2.3777 2.0332 1.7142 1.4365 1.2094 1.0182 0.8652 0.7401 0.6378 0.5540 0.4842 0.4231 0.3722 0.3285 0.2905 0.2576 0.2285 0.2033 0.1816 0.1616 0.1438 0.1283 0.1144
13.3639 12.4118 12.3092 11.2719 11.0814 10.1639 9.5577 9.2381 8.2667 7.7046 7.5069 6.8922 6.0891 5.6631 5.5626 5.3001 4.7459 4.0620 3.5727 3.4214 3.4838 3.6465 3.7037 3.6454 3.4500 3.1631 2.8088 2.4411 2.1007 1.7828 1.5038 1.2743 1.0790 0.9213 0.7910 0.6830 0.5941 0.5200 0.4554 0.4009 0.3535 0.3120 0.2762 0.2448 0.2177 0.1944 0.1732 0.1541 0.1374 0.1225
13.5713 12.9810 12.5100 11.7765 11.3918 10.4490 10.0581 9.4542 8.5446 8.1448 7.7855 7.0512 6.3496 6.0138 5.8543 5.4727 4.8647 4.2104 3.7795 3.6631 3.7165 3.8409 3.8467 3.7451 3.5220 3.2240 2.8693 2.5048 2.1681 1.8512 1.5711 1.3396 1.1407 0.9786 0.8432 0.7297 0.6359 0.5576 0.4895 0.4313 0.3802 0.3348 0.2959 0.2622 0.2330 0.2081 0.1855 0.1651 0.1472 0.1311
13.8765 13.4686 12.8126 12.2629 11.6820 10.8494 10.4762 9.7016 8.9063 8.5538 8.0372 7.2576 6.6570 6.3635 6.1267 5.6450 5.0061 4.3873 4.0065 3.9139 3.9510 4.0348 3.9894 3.8456 3.5952 3.2858 2.9303 2.5686 2.2352 1.9189 1.6381 1.4050 1.2028 1.0367 0.8967 0.7778 0.6793 0.5967 0.5254 0.4635 0.4085 0.3591 0.3169 0.2807 0.2493 0.2226 0.1986 0.1768 0.1577 0.1404
14.0957 14.0505 13.0827 12.8064 11.9739 11.2811 10.8965 9.9815 9.2993 8.9555 8.2965 7.5016 6.9915 6.7147 6.3953 5.8268 5.1704 4.5892 4.2516 4.1749 4.1903 4.2314 4.1346 3.9485 3.6706 3.3493 2.9922 2.6325 2.3019 1.9859 1.7047 1.4705 1.2653 1.0956 0.9513 0.8272 0.7241 0.6375 0.5630 0.4974 0.4384 0.3848 0.3393 0.3004 0.2667 0.2381 0.2127 0.1894 0.1689 0.1503
14.8231 14.2750 13.5433 13.3251 12.1766 11.8573 11.2726 10.2405 9.7555 9.3740 8.5538 7.7738 7.3597 7.0908 6.6807 6.0290 5.3648 4.8244 4.5267 4.4596 4.4475 4.4409 4.2927 4.0673 3.7651 3.4295 3.0649 2.7024 2.3725 2.0578 1.7769 1.5414 1.3337 1.1609 1.0127 0.8840 0.7756 0.6837 0.6039 0.5343 0.4721 0.4158 0.3674 0.3252 0.2887 0.2576 0.2298 0.2045 0.1823 0.1622
15.6734 14.2352 14.4838 13.4029 12.6464 12.5254 11.4635 10.5895 10.3298 9.7561 8.7757 8.0873 7.7836 7.4876 6.9639 6.2328 5.5761 5.0851 4.8261 4.7622 4.7157 4.6563 4.4542 4.1883 3.8608 3.5101 3.1375 2.7720 2.4428 2.1298 1.8492 1.6126 1.4028 1.2275 1.0758 0.9426 0.8290 0.7317 0.6466 0.5730 0.5077 0.4489 0.3975 0.3518 0.3122 0.2784 0.2481 0.2208 0.1968 0.1751
15.2176 15.2893 14.8342 13.4803 13.5971 12.8469 11.5974 11.2149 10.9212 10.0053 8.9944 8.4997 8.2741 7.8834 7.2243 6.4325 5.8096 5.3795 5.1557 5.0849 4.9941 4.8754 4.6165 4.3092 3.9559 3.5899 3.2093 2.8412 2.5131 2.2023 1.9219 1.6842 1.4729 1.2953 1.1405 1.0031 0.8844 0.7816 0.6912 0.6135 0.5452 0.4839 0.4296 0.3802 0.3374 0.3007 0.2677 0.2382 0.2123 0.1888
15.9350 16.2998 14.5095 14.5462 14.2859 12.7942 12.1531 12.0596 11.3166 10.1574 9.3509 9.0727 8.8129 8.2452 7.4556 6.6488 6.0919 5.7279 5.5269 5.4327 5.2849 5.1005 4.7822 4.4326 4.0531 3.6724 3.2846 2.9153 2.5891 2.2807 2.0002 1.7615 1.5484 1.3686 1.2107 1.0689 0.9450 0.8367 0.7409 0.6588 0.5869 0.5223 0.4645 0.4114 0.3652 0.3255 0.2898 0.2578 0.2298 0.2044
17.7472 15.7578 15.5151 15.7506 14.1640 13.1889 13.2416 12.7028 11.4558 10.4399 9.9794 9.7781 9.3309 8.5440 7.6757 6.9214 6.4550 6.1468 5.9438 5.8040 5.5857 5.3316 4.9528 4.5613 4.1565 3.7630 3.3700 3.0011 2.6773 2.3704 2.0896 1.8500 1.6345 1.4519 1.2905 1.1440 1.0148 0.9010 0.7995 0.7123 0.6356 0.5656 0.5032 0.4465 0.3967 0.3539 0.3157 0.2810 0.2506 0.2229
16.9839 16.5228 17.1613 15.5737 14.3026 14.4353 14.1176 12.8119 11.5969 11.0583 10.8030 10.4283 9.7035 8.7590 7.9111 7.2678 6.8957 6.6164 6.3800 6.1729 5.8737 5.5483 5.1122 4.6834 4.2584 3.8557 3.4594 3.0916 2.7701 2.4647 2.1838 1.9432 1.7251 1.5398 1.3749 1.2234 1.0887 0.9692 0.8619 0.7694 0.6877 0.6118 0.5446 0.4842 0.4305 0.3845 0.3437 0.3061 0.2730 0.2429
17.6171 18.5367 16.8796 15.4797 15.7052 15.5254 14.1784 12.8000 12.1854 11.9991 11.5820 10.8606 9.9202 8.9594 8.2291 7.7185 7.4112 7.1170 6.8132 6.5210 6.1370 5.7442 5.2581 4.7992 4.3608 3.9531 3.5556 3.1891 2.8700 2.5655 2.2843 2.0426 1.8215 1.6333 1.4647 1.3080 1.1675 1.0419 0.9285 0.8303 0.7434 0.6612 0.5889 0.5246 0.4669 0.4175 0.3738 0.3332 0.2972 0.2645
20.0355 18.0943 16.7912 17.2348 17.0424 15.5691 14.1068 13.4678 13.3147 12.9652 12.1201 11.1045 10.1230 9.2954 8.7252 8.3125 8.0100 7.6520 7.2558 6.8693 6.4023 5.9494 5.4233 4.9431 4.4942 4.0830 3.6851 3.3200 3.0019 2.6958 2.4131 2.1690 1.9434 1.7493 1.5737 1.4093 1.2627 1.1320 1.0126 0.9079 0.8140 0.7258 0.6480 0.5783 0.5150 0.4608 0.4135 0.3691 0.3296 0.2935
19.0135 18.2217 18.9422 18.5400 16.8478 15.4229 14.9048 14.7654 14.3690 13.5044 12.3328 11.2881 10.4582 9.8213 9.3695 8.9775 8.6134 8.1533 7.6540 7.1793 6.6436 6.1455 5.5923 5.1000 4.6454 4.2335 3.8359 3.4721 3.1542 2.8447 2.5591 2.3115 2.0801 1.8785 1.6944 1.5209 1.3679 1.2319 1.1064 0.9947 0.8929 0.7984 0.7145 0.6388 0.5691 0.5095 0.4583 0.4098 0.3662 0.3264
19.9676 20.7273 19.7920 17.9586 16.7791 16.5090 16.3812 15.8045 14.7965 13.6190 12.4926 11.6622 11.0385 10.5249 10.0879 9.6312 9.1577 8.5829 7.9909 7.4481 6.8653 6.3395 5.7719 5.2756 4.8194 4.4081 4.0106 3.6472 3.3279 3.0131 2.7229 2.4702 2.2317 2.0210 1.8270 1.6431 1.4829 1.3414 1.2094 1.0900 0.9795 0.8782 0.7878 0.7057 0.6288 0.5632 0.5078 0.4547 0.4069 0.3628
22.3036 20.6228 18.9913 18.3962 18.3652 18.1038 17.2532 16.0087 14.7770 13.7502 12.9103 12.3198 11.8108 11.2939 10.7712 10.1915 9.6050 8.9340 8.2721 7.6886 7.0830 6.5475 5.9769 5.4829 5.0290 4.6187 4.2191 3.8565 3.5363 3.2166 2.9197 2.6597 2.4121 2.1915 1.9872 1.7925 1.6229 1.4729 1.3330 1.2048 1.0846 0.9741 0.8758 0.7870 0.7035 0.6318 0.5701 0.5113 0.4584 0.4095
21.1699 20.3969 20.4590 20.4131 19.7284 18.5339 17.1729 15.9467 15.0224 14.3205 13.6744 13.1481 12.5975 11.9764 11.3246 10.6183 9.9528 9.2247 8.5216 7.9241 7.3158 6.7856 6.2197 5.7314 5.2808 4.8699 4.4651 4.1034 3.7829 3.4589 3.1529 2.8834 2.6243 2.3932 2.1782 1.9725 1.7910 1.6292 1.4800 1.3417 1.2109 1.0883 0.9805 0.8850 0.7956 0.7175 0.6472 0.5814 0.5225 0.4681
22.7284 22.7660 22.1311 20.9147 19.5195 18.2954 17.3188 16.5306 15.8890 15.2687 14.5494 13.8955 13.2075 12.4680 11.7178 10.9345 10.2402 9.4966 8.7801 8.1880 7.5889 7.0711 6.5115 6.0278 5.5772 5.1619 4.7478 4.3852 4.0627 3.7326 3.4153 3.1340 2.8615 2.6183 2.3914 2.1735 1.9787 1.8037 1.6445 1.4952 1.3525 1.2164 1.0980 0.9953 0.8999 0.8150 0.7348 0.6612 0.5957 0.5350
24.4108 23.0484 21.7120 20.5979 19.7358 19.0555 18.4018 17.6734 16.9095 16.0833 15.1553 14.3461 13.5613 12.7615 11.9794 11.1805 10.4981 9.7662 9.0535 8.4758 7.8894 7.3851 6.8308 6.3501 5.8958 5.4731 5.0468 4.6793 4.3526 4.0164 3.6890 3.3974 3.1123 2.8578 2.6197 2.3904 2.1829 1.9948 1.8236 1.6631 1.5094 1.3619 1.2337 1.1228 1.0196 0.9269 0.8366 0.7545 0.6818 0.6141
24.1516 23.3152 22.6348 21.9745 21.2636 20.4624 19.5408 18.5095 17.4729 16.4381 15.3943 14.5401 13.7597 12.9447 12.1681 11.3857 10.7226 10.0065 9.3085 8.7452 8.1681 7.6738 7.1250 6.6486 6.1902 5.7600 5.3220 4.9421 4.6086 4.2691 3.9398 3.6454 3.3536 3.0927 2.8477 2.6118 2.3955 2.1974 2.0099 1.8394 1.6800 1.5305 1.3967 1.2752 1.1601 1.0571 0.9591 0.8686 0.7877 0.7121
26.3342 25.4483 24.4495 23.3680 22.2612 21.1329 19.9761 18.7991 17.6737 16.5944 15.5656 14.7596 14.0422 13.2340 12.4649 11.6889 11.0338 10.3215 9.6280 9.0687 8.4917 8.0005 7.4524 6.9772 6.5119 6.0714 5.6191 5.2244 4.8830 4.5403 4.2095 3.9129 3.6147 3.3477 3.0962 2.8540 2.6290 2.4204 2.2151 2.0340 1.8696 1.7199 1.5811 1.4480 1.3196 1.2052 1.0991 0.9996 0.9099 0.8256
27.4007 26.1487 24.9033 23.6898 22.5431 21.4099 20.2678 19.1175 17.9967 16.9140 15.9083 15.1408 14.4649 13.6360 12.8463 12.0505 11.3857 10.6633 9.9636 9.3988 8.8143 8.3212 7.7704 7.2945 6.8227 6.3727 5.9070 5.4971 5.1476 4.8021 4.4700 4.1718 3.8686 3.5970 3.3404 3.0930 2.8602 2.6419 2.4190 2.2281 2.0599 1.9114 1.7688 1.6244 1.4825 1.3570 1.2435 1.1352 1.0369 0.9439
27.1552 25.9966 24.8502 23.6998 22.5743 21.4585 20.3385 19.2372 18.1404 17.0661 16.0433 15.2585 14.5632 13.7200 12.9137 12.0994 11.4390 10.7166 10.0068 9.4274 8.8296 8.3296 7.7708 7.2890 6.8289 6.3890 5.9319 5.5163 5.1612 4.8097 4.4705 4.1684 3.8674 3.6003 3.3473 3.0986 2.8639 2.6438 2.4219 2.2319 2.0641 1.9118 1.7664 1.6211 1.4799 1.3556 1.2442 1.1364 1.0380 0.9447
