0.1260 0.0672 0.0065 0.0634 0.1420 0.0223 0.0838 0.0755 0.0512 0.0673 0.0724 0.0186 0.1013 0.0192 0.0316 0.0845 0.0315 0.0041 0.0460 0.0642 0.0328 0.0035 0.0082 0.0310 0.0441 0.0386 0.0224 0.0076 0.0010 0.0028 0.0092 0.0161 0.0209 0.0224 0.0214 0.0183 0.0144 0.0105 0.0070 0.0043 0.0023 0.0011 0.0005 0.0002 0.0003 0.0006 0.0010 0.0014 0.0017 0.0020
0.3904 0.2169 0.0226 0.1779 0.4276 0.0742 0.2421 0.2349 0.1463 0.2084 0.2116 0.0595 0.3036 0.0547 0.0980 0.2534 0.0920 0.0130 0.1398 0.1922 0.0967 0.0099 0.0255 0.0939 0.1325 0.1155 0.0666 0.0222 0.0029 0.0086 0.0279 0.0487 0.0628 0.0673 0.0641 0.0548 0.0431 0.0314 0.0210 0.0128 0.0069 0.0033 0.0013 0.0007 0.0010 0.0018 0.0029 0.0041 0.0051 0.0061
0.6870 0.4122 0.0524 0.2564 0.7148 0.1497 0.3723 0.4187 0.2198 0.3690 0.3333 0.1120 0.5044 0.0820 0.1745 0.4215 0.1450 0.0246 0.2391 0.3189 0.1561 0.0150 0.0451 0.1595 0.2216 0.1910 0.1088 0.0356 0.0047 0.0149 0.0475 0.0821 0.1052 0.1123 0.1067 0.0910 0.0714 0.0519 0.0346 0.0210 0.0114 0.0053 0.0022 0.0012 0.0017 0.0031 0.0049 0.0069 0.0086 0.0103
1.0205 0.6816 0.1186 0.2795 0.9941 0.2697 0.4555 0.6414 0.2594 0.5608 0.4258 0.1854 0.7004 0.0968 0.2678 0.5873 0.1858 0.0413 0.3472 0.4430 0.2078 0.0181 0.0689 0.2296 0.3114 0.2640 0.1478 0.0470 0.0061 0.0224 0.0688 0.1169 0.1485 0.1576 0.1490 0.1267 0.0990 0.0717 0.0476 0.0288 0.0155 0.0072 0.0030 0.0017 0.0025 0.0044 0.0070 0.0097 0.0122 0.0145
1.3644 1.0421 0.2602 0.2401 1.2407 0.4602 0.4754 0.9125 0.2570 0.7932 0.4772 0.2910 0.8850 0.0972 0.3853 0.7473 0.2105 0.0665 0.4671 0.5623 0.2490 0.0192 0.0988 0.3057 0.4021 0.3335 0.1822 0.0556 0.0074 0.0315 0.0922 0.1536 0.1929 0.2032 0.1910 0.1615 0.1257 0.0906 0.0599 0.0360 0.0193 0.0089 0.0036 0.0022 0.0033 0.0059 0.0092 0.0127 0.0159 0.0188
1.6471 1.4790 0.5292 0.1553 1.4119 0.7474 0.4238 1.2319 0.2132 1.0694 0.4781 0.4416 1.0469 0.0849 0.5340 0.8957 0.2162 0.1051 0.6009 0.6737 0.2768 0.0189 0.1370 0.3893 0.4932 0.3979 0.2109 0.0609 0.0087 0.0428 0.1186 0.1927 0.2387 0.2490 0.2323 0.1953 0.1511 0.1084 0.0712 0.0425 0.0225 0.0103 0.0042 0.0027 0.0042 0.0075 0.0116 0.0159 0.0198 0.0233
1.7523 1.9192 0.9711 0.0809 1.4518 1.1469 0.3110 1.5818 0.1425 1.3823 0.4246 0.6495 1.1706 0.0665 0.7192 1.0241 0.2022 0.1633 0.7493 0.7733 0.2891 0.0187 0.1863 0.4811 0.5839 0.4558 0.2325 0.0627 0.0103 0.0570 0.1485 0.2346 0.2859 0.2948 0.2728 0.2277 0.1750 0.1246 0.0813 0.0481 0.0252 0.0114 0.0047 0.0032 0.0053 0.0093 0.0142 0.0193 0.0238 0.0280
1.5600 2.2165 1.5847 0.1194 1.3093 1.6445 0.1761 1.9207 0.0798 1.7089 0.3238 0.9230 1.2369 0.0548 0.9431 1.1207 0.1706 0.2484 0.9113 0.8558 0.2845 0.0213 0.2492 0.5819 0.6726 0.5053 0.2462 0.0608 0.0129 0.0749 0.1825 0.2796 0.3345 0.3406 0.3120 0.2582 0.1970 0.1392 0.0900 0.0527 0.0273 0.0121 0.0050 0.0038 0.0065 0.0113 0.0171 0.0229 0.0281 0.0328
1.0454 2.1824 2.2679 0.4039 0.9741 2.1746 0.0959 2.1799 0.0823 2.0060 0.1993 1.2614 1.2262 0.0697 1.2016 1.1719 0.1273 0.3682 1.0833 0.9150 0.2627 0.0306 0.3286 0.6911 0.7573 0.5445 0.2510 0.0556 0.0174 0.0973 0.2213 0.3278 0.3844 0.3859 0.3496 0.2867 0.2167 0.1518 0.0972 0.0561 0.0286 0.0125 0.0053 0.0045 0.0079 0.0136 0.0202 0.0268 0.0327 0.0380
0.4057 1.6971 2.7852 1.0395 0.5234 2.6072 0.1796 2.2715 0.2240 2.2099 0.0961 1.6484 1.1246 0.1374 1.4816 1.1633 0.0833 0.5299 1.2580 0.9443 0.2254 0.0516 0.4270 0.8077 0.8353 0.5714 0.2466 0.0478 0.0248 0.1253 0.2654 0.3795 0.4354 0.4304 0.3852 0.3125 0.2339 0.1622 0.1026 0.0585 0.0292 0.0126 0.0055 0.0054 0.0096 0.0162 0.0237 0.0311 0.0376 0.0434
0.1082 0.8779 2.8236 1.9958 0.1575 2.7638 0.5410 2.1132 0.5768 2.2482 0.0813 2.0479 0.9317 0.2875 1.7616 1.0855 0.0558 0.7385 1.4258 0.9382 0.1767 0.0907 0.5471 0.9307 0.9046 0.5848 0.2331 0.0385 0.0366 0.1601 0.3157 0.4353 0.4880 0.4745 0.4191 0.3361 0.2488 0.1705 0.1065 0.0597 0.0292 0.0124 0.0057 0.0064 0.0116 0.0192 0.0276 0.0358 0.0429 0.0491
0.6889 0.1957 2.1912 2.9978 0.1766 2.4860 1.2404 1.6717 1.1767 2.0605 0.2337 2.3983 0.6678 0.5484 2.0111 0.9374 0.0667 0.9939 1.5722 0.8918 0.1231 0.1552 0.6909 1.0579 0.9625 0.5837 0.2113 0.0295 0.0546 0.2033 0.3734 0.4960 0.5428 0.5186 0.4517 0.3577 0.2616 0.1770 0.1090 0.0599 0.0287 0.0119 0.0060 0.0077 0.0140 0.0226 0.0320 0.0410 0.0486 0.0554
2.2184 0.3349 1.0827 3.5503 0.8409 1.7532 2.2082 1.0213 1.9793 1.6303 0.6206 2.6111 0.3803 0.9381 2.1894 0.7296 0.1415 1.2855 1.6746 0.8003 0.0741 0.2525 0.8564 1.1821 1.0026 0.5654 0.1819 0.0229 0.0809 0.2559 0.4385 0.5608 0.5986 0.5614 0.4816 0.3763 0.2716 0.1812 0.1097 0.0591 0.0276 0.0114 0.0065 0.0093 0.0168 0.0266 0.0369 0.0467 0.0549 0.0620
3.7831 1.6632 0.1989 3.1910 2.1229 0.8070 3.1914 0.3887 2.8236 1.0259 1.2618 2.5966 0.1509 1.4522 2.2560 0.4914 0.3053 1.5963 1.7145 0.6683 0.0436 0.3883 1.0396 1.2958 1.0198 0.5291 0.1468 0.0215 0.1176 0.3191 0.5113 0.6294 0.6547 0.6023 0.5085 0.3915 0.2786 0.1830 0.1087 0.0572 0.0259 0.0107 0.0071 0.0114 0.0202 0.0312 0.0424 0.0529 0.0616 0.0691
3.8936 3.5468 0.4594 1.9135 3.5309 0.1659 3.7759 0.1177 3.4488 0.4306 2.0907 2.2956 0.0844 2.0446 2.1690 0.2667 0.5806 1.9080 1.6838 0.5108 0.0482 0.5653 1.2321 1.3894 1.0097 0.4753 0.1094 0.0287 0.1670 0.3938 0.5914 0.7008 0.7100 0.6402 0.5314 0.4027 0.2820 0.1821 0.1059 0.0542 0.0238 0.0101 0.0081 0.0140 0.0242 0.0364 0.0486 0.0598 0.0689 0.0767
2.0944 4.3960 2.1476 0.5249 4.2172 0.4045 3.5557 0.5182 3.5964 0.1241 2.9301 1.7226 0.2838 2.6204 1.8984 0.1117 0.9804 2.1995 1.5839 0.3513 0.1050 0.7831 1.4238 1.4542 0.9694 0.4066 0.0740 0.0482 0.2309 0.4800 0.6778 0.7734 0.7628 0.6734 0.5490 0.4090 0.2814 0.1781 0.1010 0.0501 0.0214 0.0096 0.0096 0.0173 0.0291 0.0425 0.0557 0.0675 0.0770 0.0850
0.2699 3.0858 4.1912 0.2668 3.5823 1.7372 2.4514 1.6580 3.0877 0.3525 3.5580 1.0273 0.8107 3.0496 1.4564 0.0919 1.4843 2.4201 1.4029 0.2086 0.2314 1.0457 1.6120 1.4891 0.9027 0.3292 0.0466 0.0838 0.3109 0.5774 0.7691 0.8453 0.8112 0.7007 0.5603 0.4096 0.2764 0.1709 0.0942 0.0451 0.0187 0.0094 0.0118 0.0215 0.0349 0.0496 0.0637 0.0760 0.0858 0.0939
0.9926 0.8549 4.6637 1.7831 1.8682 3.6064 1.0466 3.2119 1.9650 1.1940 3.7378 0.4316 1.6386 3.2143 0.9269 0.2785 2.0376 2.4948 1.1203 0.0968 0.4391 1.3522 1.7915 1.4932 0.8139 0.2502 0.0337 0.1395 0.4081 0.6852 0.8634 0.9147 0.8538 0.7210 0.5650 0.4047 0.2672 0.1611 0.0859 0.0395 0.0162 0.0099 0.0149 0.0266 0.0418 0.0577 0.0725 0.0854 0.0953 0.1035
4.0394 0.3468 2.8547 4.1914 0.3168 4.8466 0.1635 4.4427 0.7494 2.5263 3.2312 0.1094 2.5928 3.0146 0.4317 0.6956 2.5478 2.3845 0.7803 0.0589 0.7143 1.6445 1.8995 1.4241 0.6856 0.1671 0.0368 0.2155 0.5198 0.7988 0.9553 0.9763 0.8866 0.7317 0.5613 0.3937 0.2539 0.1488 0.0765 0.0337 0.0141 0.0111 0.0189 0.0329 0.0497 0.0668 0.0824 0.0955 0.1055 0.1137
5.3926 3.0480 0.4691 5.3049 0.6502 4.3833 0.7806 4.5995 0.1394 3.9496 2.1661 0.4234 3.5215 2.4351 0.1217 1.3709 2.9726 2.1054 0.4467 0.1502 1.0887 1.9450 1.9598 1.3073 0.5398 0.0968 0.0689 0.3222 0.6550 0.9260 1.0516 1.0359 0.9142 0.7360 0.5518 0.3780 0.2374 0.1346 0.0663 0.0280 0.0127 0.0134 0.0242 0.0405 0.0590 0.0772 0.0934 0.1068 0.1167 0.1248
2.4831 5.7396 0.8631 3.5460 3.1523 2.2574 2.8960 3.3025 0.7792 4.7116 0.9289 1.4290 4.0479 1.5773 0.1741 2.2054 3.1741 1.6596 0.1846 0.3906 1.5243 2.2016 1.9412 1.1378 0.3866 0.0509 0.1359 0.4581 0.8071 1.0578 1.1434 1.0862 0.9310 0.7307 0.5345 0.3568 0.2174 0.1187 0.0558 0.0229 0.0124 0.0172 0.0311 0.0497 0.0698 0.0890 0.1056 0.1191 0.1289 0.1367
0.1433 4.2203 4.2919 0.7274 5.6493 0.3410 5.1400 1.2958 2.6327 4.2735 0.1726 2.8957 3.9057 0.7014 0.6917 3.0409 3.0688 1.1127 0.0718 0.7889 1.9834 2.3788 1.8328 0.9252 0.2418 0.0423 0.2438 0.6235 0.9728 1.1898 1.2268 1.1244 0.9356 0.7149 0.5092 0.3304 0.1945 0.1016 0.0453 0.0187 0.0135 0.0226 0.0397 0.0606 0.0822 0.1023 0.1191 0.1326 0.1419 0.1494
3.4238 0.6101 6.2678 0.7134 5.2922 0.8790 5.5744 0.1749 4.7430 2.7104 0.4880 4.2817 3.0422 0.1605 1.6483 3.6677 2.6309 0.5759 0.1780 1.3261 2.4126 2.4429 1.6329 0.6867 0.1251 0.0834 0.3966 0.8164 1.1472 1.3167 1.2974 1.1475 0.9264 0.6881 0.4763 0.2992 0.1693 0.0841 0.0356 0.0160 0.0165 0.0300 0.0504 0.0734 0.0964 0.1172 0.1340 0.1472 0.1560 0.1629
6.7646 1.5425 3.5052 4.2876 2.1588 3.9286 3.5225 1.2264 5.6485 0.9046 1.9931 4.9162 1.7284 0.2783 2.8466 3.8792 1.9223 0.1913 0.5450 1.9515 2.7511 2.3707 1.3541 0.4482 0.0581 0.1851 0.5953 1.0314 1.3230 1.4320 1.3509 1.1534 0.9027 0.6508 0.4364 0.2642 0.1427 0.0669 0.0274 0.0154 0.0219 0.0399 0.0633 0.0883 0.1124 0.1337 0.1503 0.1630 0.1712 0.1774
3.1794 6.2317 0.2797 6.7976 0.2189 6.4699 0.8234 4.0298 4.4802 0.1780 4.0695 4.3626 0.5440 1.1838 3.9385 3.5502 1.1035 0.1019 1.1662 2.5819 2.9358 2.1517 1.0205 0.2410 0.0620 0.3549 0.8365 1.2604 1.4915 1.5284 1.3827 1.1399 0.8641 0.6032 0.3905 0.2265 0.1159 0.0510 0.0214 0.0175 0.0302 0.0527 0.0790 0.1056 0.1305 0.1519 0.1681 0.1802 0.1875 0.1929
0.2981 5.9157 2.7025 4.2419 2.6694 5.3855 0.5250 6.3013 1.9697 1.3720 5.5476 2.7775 0.1581 2.6794 4.5263 2.7129 0.4136 0.4093 1.9715 3.1086 2.9130 1.7955 0.6705 0.1009 0.1555 0.5949 1.1125 1.4928 1.6433 1.5994 1.3887 1.1048 0.8096 0.5457 0.3393 0.1872 0.0899 0.0375 0.0185 0.0230 0.0419 0.0687 0.0975 0.1254 0.1508 0.1720 0.1875 0.1987 0.2049 0.2092
5.4882 0.9307 7.2296 0.4654 6.7221 1.7222 3.5370 5.7566 0.2613 3.9845 5.3848 0.9950 0.9730 4.2345 4.3202 1.5956 0.1130 1.1285 2.8264 3.4189 2.6586 1.3409 0.3569 0.0640 0.3510 0.8998 1.4102 1.7146 1.7676 1.6380 1.3655 1.0471 0.7401 0.4797 0.2847 0.1479 0.0661 0.0274 0.0197 0.0326 0.0574 0.0882 0.1192 0.1479 0.1733 0.1939 0.2085 0.2186 0.2234 0.2265
7.1388 2.2039 5.3852 2.2914 6.4466 0.3967 6.8488 2.6795 1.2273 6.1935 3.5093 0.1789 2.8033 5.1606 3.3084 0.5913 0.3949 2.1556 3.5501 3.4226 2.1901 0.8543 0.1397 0.1608 0.6508 1.2561 1.7113 1.9102 1.8537 1.6384 1.3111 0.9674 0.6572 0.4073 0.2287 0.1107 0.0463 0.0222 0.0259 0.0470 0.0774 0.1117 0.1443 0.1732 0.1982 0.2179 0.2312 0.2398 0.2431 0.2448
1.0123 7.8019 0.5477 7.3065 1.9453 3.8677 6.4127 0.3188 4.4449 6.1210 1.1629 1.1008 4.8289 4.9526 1.8483 0.1395 1.2937 3.2699 3.9574 3.0824 1.5747 0.4238 0.0767 0.4091 1.0445 1.6433 1.9998 2.0705 1.8984 1.5997 1.2272 0.8689 0.5645 0.3319 0.1743 0.0779 0.0322 0.0231 0.0380 0.0669 0.1023 0.1393 0.1730 0.2019 0.2259 0.2441 0.2561 0.2630 0.2644 0.2645
3.1021 5.0351 3.1432 6.4849 0.6609 7.6883 2.5060 1.7140 7.0375 3.6188 0.2302 3.4697 5.9194 3.5825 0.5764 0.5470 2.6258 4.1703 3.9071 2.4367 0.9263 0.1455 0.2126 0.8077 1.5066 2.0294 2.2455 2.1724 1.8869 1.5160 1.1128 0.7529 0.4647 0.2564 0.1242 0.0516 0.0255 0.0315 0.0571 0.0929 0.1324 0.1715 0.2053 0.2337 0.2561 0.2724 0.2827 0.2876 0.2869 0.2851
8.6225 0.3601 8.3819 1.1174 5.4630 6.0923 0.3083 5.7893 6.2666 0.8306 1.7816 5.8684 5.3177 1.6886 0.1812 1.8126 4.0043 4.5642 3.3636 1.6113 0.3907 0.1066 0.5663 1.3317 1.9970 2.3774 2.4225 2.2013 1.8140 1.3882 0.9718 0.6246 0.3626 0.1851 0.0818 0.0345 0.0282 0.0486 0.0840 0.1257 0.1682 0.2082 0.2415 0.2687 0.2888 0.3027 0.3110 0.3137 0.3105 0.3067
2.6148 5.8629 4.7294 2.0929 8.3913 1.2918 3.3628 7.8417 2.7107 0.5709 4.9172 6.5835 3.2530 0.3431 1.0371 3.5497 4.9474 4.2751 2.4333 0.8048 0.1163 0.3625 1.1214 1.9318 2.4642 2.6485 2.5075 2.1475 1.6791 1.2209 0.8108 0.4905 0.2642 0.1226 0.0508 0.0291 0.0420 0.0757 0.1195 0.1656 0.2098 0.2498 0.2816 0.3069 0.3242 0.3350 0.3410 0.3411 0.3352 0.3293
2.0504 8.1134 0.4006 8.1474 3.9258 1.2565 7.8536 5.0972 0.2981 3.5272 7.1338 4.9160 1.0110 0.4831 2.9205 5.0876 5.0656 3.3401 1.3653 0.2481 0.2177 0.9192 1.8272 2.5485 2.8654 2.8187 2.4892 2.0102 1.4891 1.0257 0.6407 0.3598 0.1763 0.0743 0.0348 0.0382 0.0688 0.1143 0.1647 0.2137 0.2583 0.2972 0.3266 0.3491 0.3631 0.3707 0.3736 0.3707 0.3618 0.3536
9.1525 1.1359 6.1372 6.6820 0.3667 6.6969 7.1805 0.9359 2.1783 7.0735 6.3853 2.0243 0.2323 2.2699 5.0040 5.7227 4.2327 2.0279 0.4876 0.1410 0.7388 1.7184 2.5883 3.0908 3.1323 2.8474 2.3536 1.7912 1.2521 0.8105 0.4699 0.2401 0.1053 0.0446 0.0372 0.0639 0.1100 0.1650 0.2198 0.2698 0.3131 0.3497 0.3757 0.3945 0.4046 0.4084 0.4079 0.4016 0.3896 0.3788
3.1358 3.8612 8.5210 0.6482 5.1405 8.5465 2.0926 1.2026 6.6060 7.5414 3.1573 0.2585 1.7187 4.8225 6.2113 5.0817 2.7167 0.8011 0.1294 0.5926 1.6267 2.6383 3.2844 3.4717 3.2174 2.7186 2.1048 1.5046 0.9850 0.5913 0.3116 0.1415 0.0584 0.0385 0.0613 0.1084 0.1669 0.2285 0.2853 0.3340 0.3741 0.4072 0.4287 0.4429 0.4484 0.4480 0.4437 0.4338 0.4183 0.4049
2.2228 9.3746 1.4843 3.8312 9.2513 3.2924 0.6640 6.0828 8.3450 4.2187 0.4505 1.3318 4.6816 6.6347 5.8201 3.3845 1.1316 0.1624 0.4973 1.5672 2.7292 3.5159 3.7939 3.6214 3.0952 2.4370 1.7641 1.1762 0.7114 0.3874 0.1804 0.0743 0.0425 0.0607 0.1100 0.1734 0.2408 0.3057 0.3618 0.4072 0.4426 0.4706 0.4864 0.4951 0.4954 0.4903 0.4817 0.4679 0.4488 0.4325
9.7602 2.2225 3.0879 9.6049 4.1679 0.4496 5.7853 8.9387 5.0130 0.6592 1.1358 4.6919 7.1013 6.4948 3.9419 1.4209 0.2076 0.4579 1.5851 2.8738 3.8206 4.1767 4.0145 3.4997 2.7678 2.0277 1.3638 0.8367 0.4566 0.2181 0.0900 0.0478 0.0638 0.1151 0.1859 0.2610 0.3330 0.3982 0.4508 0.4907 0.5199 0.5415 0.5501 0.5517 0.5461 0.5359 0.5229 0.5049 0.4820 0.4623
2.3259 3.0078 9.8629 4.4417 0.4202 5.9243 9.4025 5.3990 0.7323 1.1521 4.9517 7.6299 7.0777 4.3345 1.5813 0.2311 0.4789 1.7134 3.1328 4.1832 4.6307 4.4536 3.8739 3.1013 2.2659 1.5320 0.9423 0.5179 0.2456 0.1022 0.0533 0.0704 0.1276 0.2046 0.2904 0.3712 0.4430 0.5047 0.5505 0.5826 0.6038 0.6174 0.6177 0.6111 0.5991 0.5833 0.5654 0.5432 0.5161 0.4930
3.7583 10.1126 3.9323 0.5858 6.6713 9.7599 5.2174 0.5915 1.4481 5.6090 8.2684 7.4770 4.4670 1.5498 0.2114 0.5923 1.9945 3.5629 4.6769 5.1200 4.9329 4.2563 3.3739 2.4765 1.6560 1.0142 0.5528 0.2602 0.1066 0.0588 0.0821 0.1491 0.2374 0.3308 0.4238 0.5038 0.5703 0.6244 0.6604 0.6821 0.6937 0.6979 0.6886 0.6729 0.6538 0.6322 0.6093 0.5824 0.5512 0.5244
10.0744 2.6088 1.2846 8.1252 9.8239 4.3414 0.3223 2.2367 6.7772 9.0735 7.6149 4.2113 1.2784 0.1759 0.8684 2.5317 4.2248 5.3631 5.7162 5.3978 4.6284 3.6117 2.6038 1.7325 1.0363 0.5530 0.2531 0.1035 0.0655 0.1037 0.1861 0.2898 0.3973 0.4970 0.5894 0.6617 0.7175 0.7597 0.7820 0.7908 0.7910 0.7860 0.7675 0.7431 0.7169 0.6888 0.6595 0.6272 0.5911 0.5606
0.8035 3.2456 9.9767 8.9037 2.6789 0.3351 3.8487 8.4447 9.6991 7.2418 3.4473 0.7872 0.2458 1.4513 3.4102 5.1954 6.2127 6.3845 5.8379 4.8706 3.7441 2.6299 1.6960 0.9912 0.5038 0.2200 0.0931 0.0805 0.1423 0.2482 0.3708 0.4944 0.6070 0.7014 0.7844 0.8418 0.8812 0.9073 0.9126 0.9062 0.8935 0.8788 0.8506 0.8170 0.7832 0.7482 0.7120 0.6740 0.6328 0.5984
7.0853 10.9723 6.2480 0.7943 1.5328 6.5633 10.2031 9.5878 5.9410 2.1649 0.2979 0.7079 2.5741 4.7629 6.4336 7.2021 6.9997 6.1493 4.9357 3.6547 2.4934 1.5365 0.8464 0.4047 0.1659 0.0867 0.1174 0.2165 0.3497 0.4974 0.6367 0.7609 0.8633 0.9406 1.0053 1.0408 1.0587 1.0649 1.0503 1.0267 0.9998 0.9747 0.9365 0.8933 0.8515 0.8095 0.7660 0.7219 0.6756 0.6372
8.7450 2.2189 0.5793 4.9681 9.9296 10.9288 7.8914 3.5936 0.7378 0.3894 2.0424 4.5023 6.6545 7.8770 8.0614 7.3938 6.1325 4.6893 3.2942 2.1194 1.2290 0.6184 0.2663 0.1171 0.1133 0.2063 0.3541 0.5242 0.6913 0.8502 0.9816 1.0875 1.1654 1.2152 1.2547 1.2629 1.2551 1.2383 1.2021 1.1600 1.1180 1.0806 1.0310 0.9779 0.9278 0.8781 0.8268 0.7765 0.7247 0.6819
0.4485 4.6347 10.0501 11.6659 8.8372 4.2780 0.9980 0.3665 2.0283 4.7462 7.2519 8.8075 9.1604 8.4781 7.1591 5.5667 3.9626 2.5883 1.5199 0.7849 0.3478 0.1497 0.1309 0.2322 0.4009 0.6030 0.8085 0.9994 1.1589 1.2969 1.3968 1.4672 1.5073 1.5207 1.5294 1.5059 1.4690 1.4265 1.3675 1.3060 1.2479 1.1962 1.1338 1.0707 1.0118 0.9541 0.8947 0.8377 0.7800 0.7325
11.3639 11.8394 8.2215 3.5545 0.6802 0.6653 2.8804 5.9473 8.6005 10.1101 10.2777 9.3983 7.8332 5.9821 4.2135 2.7151 1.5654 0.7905 0.3440 0.1648 0.1807 0.3234 0.5398 0.7908 1.0343 1.2627 1.4573 1.6168 1.7284 1.8155 1.8628 1.8829 1.8743 1.8443 1.8174 1.7588 1.6900 1.6199 1.5372 1.4555 1.3809 1.3145 1.2391 1.1659 1.0982 1.0323 0.9645 0.9008 0.8371 0.7848
5.1129 1.3779 0.4463 2.2358 5.4793 8.6987 10.8749 11.6163 11.0501 9.5572 7.5711 5.5397 3.7104 2.2370 1.1955 0.5555 0.2510 0.2051 0.3373 0.5795 0.8781 1.1835 1.4765 1.7456 1.9548 2.1261 2.2462 2.3290 2.3592 2.3720 2.3530 2.3139 2.2504 2.1726 2.1076 2.0129 1.9124 1.8154 1.7102 1.6092 1.5181 1.4371 1.3491 1.2665 1.1899 1.1158 1.0396 0.9691 0.8993 0.8421
3.6841 7.3179 10.5569 12.5263 12.9410 11.9898 10.1293 7.8487 5.6098 3.6690 2.1582 1.1209 0.5172 0.2771 0.3133 0.5369 0.8695 1.2539 1.6385 2.0016 2.3267 2.5811 2.7848 2.9475 3.0338 3.0869 3.0913 3.0661 2.9946 2.9207 2.8326 2.7343 2.6157 2.4890 2.3852 2.2572 2.1291 2.0100 1.8876 1.7700 1.6632 1.5687 1.4691 1.3782 1.2926 1.2101 1.1260 1.0487 0.9725 0.9101
13.7653 12.2691 10.0637 7.6293 5.3148 3.3625 1.8967 0.9434 0.4659 0.3700 0.5565 0.9323 1.4123 1.9246 2.4275 2.8883 3.2797 3.6076 3.8516 4.0395 4.1730 4.2159 4.2185 4.2001 4.1193 4.0273 3.9013 3.7606 3.5853 3.4258 3.2742 3.1226 2.9539 2.7823 2.6435 2.4864 2.3344 2.1962 2.0600 1.9279 1.8067 1.6996 1.5894 1.4914 1.3973 1.3066 1.2149 1.1308 1.0484 0.9809
1.2358 0.6480 0.5001 0.7099 1.1810 1.8201 2.5405 3.2534 3.9429 4.5758 5.1354 5.6009 5.9480 6.1731 6.3133 6.3741 6.3512 6.2901 6.1702 6.0427 5.9004 5.6858 5.4661 5.2617 5.0240 4.8021 4.5640 4.3241 4.0623 3.8331 3.6326 3.4403 3.2328 3.0261 2.8598 2.6803 2.5101 2.3578 2.2116 2.0684 1.9354 1.8179 1.6991 1.5955 1.4945 1.3968 1.2980 1.2079 1.1198 1.0478
10.2111 10.6437 10.9711 11.2350 11.4210 11.5210 11.5074 11.3399 11.1452 10.9145 10.6370 10.3428 9.9975 9.6047 9.2082 8.8057 8.3737 7.9707 7.5603 7.1956 6.8582 6.4771 6.1099 5.7810 5.4421 5.1456 4.8514 4.5516 4.2445 3.9868 3.7538 3.5358 3.3127 3.0936 2.9171 2.7246 2.5456 2.3873 2.2334 2.0855 1.9504 1.8309 1.7103 1.6051 1.5060 1.4089 1.3047 1.2125 1.1236 1.0511
