0.0000 0.0000 0.0000 0.0000 0.0000 0.0000 0.0000 0.0000 0.0000 0.0000 0.0000 0.0000 0.0000 0.0000 0.0000 0.0000 0.0000 0.0008 0.0003 0.0005 0.0036 0.0066 0.0058 0.0025 0.0012 0.0045 0.0107 0.0163 0.0183 0.0164 0.0118 0.0067 0.0026 0.0005 0.0004 0.0020 0.0045 0.0074 0.0101 0.0123 0.0138 0.0147 0.0149 0.0146 0.0139 0.0129 0.0117 0.0105 0.0093 0.0081
0.0000 0.0000 0.0000 0.0000 0.0000 0.0000 0.0000 0.0000 0.0000 0.0000 0.0000 0.0000 0.0000 0.0000 0.0000 0.0000 0.0000 0.0023 0.0007 0.0015 0.0111 0.0199 0.0176 0.0076 0.0038 0.0138 0.0325 0.0490 0.0551 0.0492 0.0354 0.0198 0.0077 0.0014 0.0013 0.0060 0.0137 0.0223 0.0303 0.0369 0.0415 0.0441 0.0448 0.0439 0.0417 0.0386 0.0351 0.0315 0.0278 0.0242
0.0000 0.0000 0.0000 0.0000 0.0000 0.0000 0.0000 0.0000 0.0000 0.0000 0.0000 0.0000 0.0000 0.0000 0.0000 0.0000 0.0000 0.0036 0.0010 0.0029 0.0193 0.0338 0.0294 0.0127 0.0068 0.0239 0.0552 0.0824 0.0919 0.0817 0.0584 0.0325 0.0124 0.0022 0.0022 0.0103 0.0231 0.0374 0.0507 0.0617 0.0694 0.0735 0.0746 0.0731 0.0694 0.0642 0.0583 0.0523 0.0462 0.0402
0.0000 0.0000 0.0000 0.0000 0.0000 0.0000 0.0000 0.0000 0.0000 0.0000 0.0000 0.0000 0.0000 0.0000 0.0000 0.0000 0.0000 0.0045 0.0009 0.0051 0.0289 0.0486 0.0414 0.0180 0.0106 0.0355 0.0794 0.1166 0.1288 0.1137 0.0806 0.0444 0.0166 0.0029 0.0033 0.0149 0.0330 0.0530 0.0716 0.0867 0.0973 0.1030 0.1043 0.1022 0.0969 0.0896 0.0814 0.0729 0.0643 0.0560
0.0000 0.0000 0.0000 0.0000 0.0000 0.0000 0.0000 0.0000 0.0000 0.0000 0.0000 0.0000 0.0000 0.0000 0.0000 0.0000 0.0000 0.0048 0.0006 0.0085 0.0406 0.0648 0.0539 0.0235 0.0155 0.0489 0.1053 0.1518 0.1656 0.1445 0.1014 0.0550 0.0201 0.0033 0.0046 0.0201 0.0436 0.0693 0.0929 0.1122 0.1255 0.1325 0.1340 0.1311 0.1242 0.1147 0.1041 0.0932 0.0822 0.0715
0.0000 0.0000 0.0000 0.0000 0.0000 0.0000 0.0000 0.0000 0.0000 0.0000 0.0000 0.0000 0.0000 0.0000 0.0000 0.0000 0.0000 0.0047 0.0004 0.0140 0.0552 0.0831 0.0670 0.0296 0.0217 0.0644 0.1330 0.1876 0.2016 0.1737 0.1202 0.0640 0.0226 0.0034 0.0062 0.0259 0.0549 0.0863 0.1149 0.1380 0.1539 0.1620 0.1635 0.1597 0.1510 0.1394 0.1263 0.1130 0.0996 0.0867
0.0000 0.0000 0.0000 0.0000 0.0000 0.0000 0.0000 0.0000 0.0000 0.0000 0.0000 0.0000 0.0000 0.0000 0.0000 0.0000 0.0000 0.0041 0.0009 0.0225 0.0737 0.1039 0.0809 0.0362 0.0293 0.0818 0.1621 0.2233 0.2359 0.2003 0.1363 0.0709 0.0238 0.0032 0.0082 0.0325 0.0673 0.1043 0.1377 0.1644 0.1825 0.1915 0.1928 0.1879 0.1775 0.1636 0.1481 0.1324 0.1166 0.1014
0.0000 0.0000 0.0000 0.0000 0.0000 0.0000 0.0000 0.0000 0.0000 0.0000 0.0000 0.0000 0.0000 0.0000 0.0000 0.0000 0.0000 0.0034 0.0030 0.0353 0.0967 0.1271 0.0954 0.0430 0.0380 0.1004 0.1913 0.2574 0.2670 0.2228 0.1486 0.0749 0.0235 0.0027 0.0108 0.0403 0.0810 0.1235 0.1614 0.1914 0.2114 0.2210 0.2219 0.2157 0.2034 0.1872 0.1692 0.1511 0.1330 0.1155
0.0000 0.0000 0.0000 0.0000 0.0000 0.0000 0.0000 0.0000 0.0000 0.0000 0.0000 0.0000 0.0000 0.0000 0.0000 0.0000 0.0000 0.0031 0.0078 0.0532 0.1242 0.1522 0.1096 0.0493 0.0467 0.1190 0.2191 0.2879 0.2929 0.2397 0.1560 0.0756 0.0215 0.0020 0.0143 0.0495 0.0963 0.1441 0.1862 0.2191 0.2406 0.2505 0.2506 0.2430 0.2286 0.2100 0.1896 0.1691 0.1487 0.1291
0.0000 0.0000 0.0000 0.0000 0.0000 0.0000 0.0000 0.0000 0.0000 0.0000 0.0000 0.0000 0.0000 0.0000 0.0000 0.0000 0.0000 0.0039 0.0164 0.0763 0.1548 0.1767 0.1212 0.0533 0.0541 0.1359 0.2432 0.3123 0.3113 0.2491 0.1573 0.0723 0.0177 0.0014 0.0192 0.0608 0.1137 0.1667 0.2126 0.2478 0.2704 0.2801 0.2791 0.2698 0.2532 0.2322 0.2093 0.1864 0.1637 0.1419
0.0000 0.0000 0.0000 0.0000 0.0000 0.0000 0.0000 0.0000 0.0000 0.0000 0.0000 0.0000 0.0000 0.0000 0.0000 0.0000 0.0000 0.0067 0.0293 0.1033 0.1851 0.1969 0.1270 0.0528 0.0585 0.1494 0.2619 0.3290 0.3207 0.2499 0.1520 0.0650 0.0127 0.0016 0.0263 0.0751 0.1343 0.1921 0.2413 0.2784 0.3014 0.3104 0.3080 0.2966 0.2775 0.2539 0.2284 0.2031 0.1782 0.1543
0.0000 0.0000 0.0000 0.0000 0.0000 0.0000 0.0000 0.0000 0.0000 0.0000 0.0000 0.0000 0.0000 0.0000 0.0000 0.0000 0.0000 0.0119 0.0458 0.1304 0.2092 0.2062 0.1222 0.0453 0.0592 0.1597 0.2753 0.3380 0.3210 0.2423 0.1405 0.0546 0.0073 0.0038 0.0369 0.0935 0.1592 0.2215 0.2734 0.3116 0.3344 0.3422 0.3378 0.3240 0.3020 0.2755 0.2474 0.2197 0.1924 0.1664
0.0000 0.0000 0.0000 0.0000 0.0000 0.0000 0.0000 0.0000 0.0000 0.0000 0.0000 0.0000 0.0000 0.0000 0.0000 0.0000 0.0000 0.0196 0.0628 0.1503 0.2178 0.1969 0.1024 0.0303 0.0583 0.1699 0.2868 0.3421 0.3149 0.2287 0.1250 0.0429 0.0034 0.0095 0.0523 0.1173 0.1891 0.2553 0.3091 0.3477 0.3694 0.3753 0.3683 0.3516 0.3264 0.2968 0.2659 0.2356 0.2060 0.1780
0.0000 0.0000 0.0000 0.0000 0.0000 0.0000 0.0000 0.0000 0.0000 0.0000 0.0000 0.0000 0.0000 0.0000 0.0000 0.0000 0.0000 0.0282 0.0747 0.1539 0.2021 0.1634 0.0673 0.0127 0.0642 0.1900 0.3063 0.3504 0.3100 0.2151 0.1102 0.0333 0.0033 0.0203 0.0733 0.1467 0.2243 0.2936 0.3485 0.3864 0.4062 0.4095 0.3994 0.3792 0.3505 0.3176 0.2839 0.2510 0.2190 0.1890
0.0000 0.0000 0.0000 0.0000 0.0000 0.0000 0.0000 0.0000 0.0000 0.0000 0.0000 0.0000 0.0000 0.0000 0.0000 0.0000 0.0000 0.0345 0.0742 0.1334 0.1585 0.1088 0.0266 0.0071 0.0943 0.2377 0.3501 0.3772 0.3180 0.2104 0.1019 0.0294 0.0084 0.0361 0.0992 0.1804 0.2630 0.3346 0.3896 0.4263 0.4436 0.4437 0.4301 0.4063 0.3738 0.3374 0.3009 0.2655 0.2312 0.1991
0.0000 0.0000 0.0000 0.0000 0.0000 0.0000 0.0000 0.0000 0.0000 0.0000 0.0000 0.0000 0.0000 0.0000 0.0000 0.0000 0.0000 0.0342 0.0560 0.0912 0.1002 0.0544 0.0059 0.0388 0.1706 0.3312 0.4331 0.4343 0.3476 0.2204 0.1033 0.0314 0.0170 0.0537 0.1255 0.2135 0.3004 0.3737 0.4286 0.4637 0.4783 0.4753 0.4583 0.4309 0.3949 0.3553 0.3162 0.2784 0.2421 0.2082
0.0000 0.0000 0.0000 0.0000 0.0000 0.0000 0.0000 0.0000 0.0000 0.0000 0.0000 0.0000 0.0000 0.0000 0.0000 0.0000 0.0000 0.0243 0.0260 0.0533 0.0694 0.0473 0.0439 0.1302 0.2984 0.4635 0.5424 0.5075 0.3859 0.2342 0.1051 0.0316 0.0220 0.0663 0.1458 0.2399 0.3307 0.4056 0.4606 0.4944 0.5068 0.5013 0.4814 0.4511 0.4120 0.3698 0.3286 0.2889 0.2508 0.2155
0.0000 0.0000 0.0000 0.0000 0.0000 0.0000 0.0000 0.0000 0.0000 0.0000 0.0000 0.0000 0.0000 0.0000 0.0000 0.0000 0.0000 0.0077 0.0125 0.0836 0.1433 0.1483 0.1592 0.2469 0.3994 0.5331 0.5742 0.5057 0.3624 0.2027 0.0772 0.0143 0.0178 0.0747 0.1642 0.2651 0.3596 0.4357 0.4901 0.5222 0.5322 0.5240 0.5013 0.4681 0.4262 0.3816 0.3387 0.2973 0.2579 0.2213
0.0000 0.0000 0.0000 0.0000 0.0000 0.0000 0.0000 0.0000 0.0000 0.0000 0.0000 0.0000 0.0000 0.0000 0.0000 0.0000 0.0000 0.0032 0.0711 0.2383 0.3129 0.2406 0.1202 0.0731 0.1289 0.2215 0.2727 0.2513 0.1759 0.0897 0.0320 0.0242 0.0673 0.1489 0.2509 0.3548 0.4456 0.5138 0.5587 0.5811 0.5818 0.5650 0.5348 0.4951 0.4480 0.3991 0.3526 0.3085 0.2668 0.2284
0.0000 0.0000 0.0000 0.0000 0.0000 0.0000 0.0000 0.0000 0.0000 0.0000 0.0000 0.0000 0.0000 0.0000 0.0000 0.0000 0.0000 0.0071 0.1040 0.2674 0.2978 0.1953 0.0847 0.0717 0.1543 0.2506 0.2876 0.2483 0.1627 0.0775 0.0303 0.0374 0.0955 0.1893 0.2991 0.4065 0.4968 0.5619 0.6019 0.6189 0.6143 0.5922 0.5572 0.5132 0.4628 0.4112 0.3623 0.3162 0.2730 0.2333
0.0000 0.0000 0.0000 0.0000 0.0000 0.0000 0.0000 0.0000 0.0000 0.0000 0.0000 0.0000 0.0000 0.0000 0.0000 0.0000 0.0000 0.0168 0.1387 0.2825 0.2650 0.1438 0.0568 0.0835 0.1894 0.2822 0.2999 0.2417 0.1479 0.0671 0.0333 0.0572 0.1309 0.2362 0.3527 0.4620 0.5504 0.6108 0.6448 0.6557 0.6451 0.6174 0.5774 0.5292 0.4757 0.4214 0.3702 0.3225 0.2778 0.2370
0.0000 0.0000 0.0000 0.0000 0.0000 0.0000 0.0000 0.0000 0.0000 0.0000 0.0000 0.0000 0.0000 0.0000 0.0000 0.0000 0.0000 0.0317 0.1699 0.2788 0.2163 0.0926 0.0427 0.1111 0.2334 0.3143 0.3081 0.2313 0.1323 0.0598 0.0424 0.0847 0.1739 0.2898 0.4114 0.5208 0.6056 0.6600 0.6868 0.6907 0.6739 0.6403 0.5951 0.5427 0.4862 0.4296 0.3763 0.3270 0.2813 0.2395
0.0000 0.0000 0.0000 0.0000 0.0000 0.0000 0.0000 0.0000 0.0000 0.0000 0.0000 0.0000 0.0000 0.0000 0.0000 0.0000 0.0000 0.0500 0.1912 0.2538 0.1571 0.0499 0.0480 0.1554 0.2840 0.3442 0.3108 0.2170 0.1171 0.0572 0.0590 0.1206 0.2248 0.3498 0.4746 0.5823 0.6617 0.7086 0.7272 0.7236 0.7000 0.6603 0.6101 0.5536 0.4943 0.4356 0.3805 0.3299 0.2832 0.2408
0.0000 0.0000 0.0000 0.0000 0.0000 0.0000 0.0000 0.0000 0.0000 0.0000 0.0000 0.0000 0.0000 0.0000 0.0000 0.0000 0.0000 0.0685 0.1968 0.2087 0.0960 0.0248 0.0766 0.2150 0.3373 0.3685 0.3065 0.1992 0.1038 0.0609 0.0844 0.1658 0.2839 0.4161 0.5419 0.6457 0.7181 0.7564 0.7663 0.7545 0.7238 0.6781 0.6229 0.5623 0.5003 0.4395 0.3828 0.3311 0.2837 0.2408
0.0000 0.0000 0.0000 0.0000 0.0000 0.0000 0.0000 0.0000 0.0000 0.0000 0.0000 0.0000 0.0000 0.0000 0.0000 0.0000 0.0000 0.0828 0.1830 0.1492 0.0439 0.0252 0.1296 0.2856 0.3879 0.3834 0.2941 0.1789 0.0942 0.0727 0.1200 0.2208 0.3512 0.4881 0.6123 0.7101 0.7739 0.8027 0.8032 0.7829 0.7448 0.6932 0.6332 0.5688 0.5039 0.4411 0.3832 0.3307 0.2827 0.2395
0.0000 0.0000 0.0000 0.0000 0.0000 0.0000 0.0000 0.0000 0.0000 0.0000 0.0000 0.0000 0.0000 0.0000 0.0000 0.0000 0.0000 0.0887 0.1503 0.0860 0.0131 0.0563 0.2041 0.3604 0.4293 0.3857 0.2734 0.1579 0.0905 0.0946 0.1666 0.2858 0.4259 0.5646 0.6845 0.7740 0.8275 0.8458 0.8364 0.8074 0.7617 0.7044 0.6399 0.5720 0.5046 0.4402 0.3814 0.3283 0.2801 0.2370
0.0000 0.0000 0.0000 0.0000 0.0000 0.0000 0.0000 0.0000 0.0000 0.0000 0.0000 0.0000 0.0000 0.0000 0.0000 0.0000 0.0000 0.0834 0.1039 0.0329 0.0137 0.1189 0.2932 0.4302 0.4551 0.3731 0.2455 0.1386 0.0954 0.1282 0.2250 0.3604 0.5072 0.6445 0.7571 0.8360 0.8778 0.8847 0.8650 0.8271 0.7740 0.7113 0.6428 0.5718 0.5023 0.4367 0.3773 0.3241 0.2760 0.2330
0.0000 0.0000 0.0000 0.0000 0.0000 0.0000 0.0000 0.0000 0.0000 0.0000 0.0000 0.0000 0.0000 0.0000 0.0000 0.0000 0.0000 0.0669 0.0544 0.0045 0.0516 0.2074 0.3853 0.4844 0.4597 0.3451 0.2130 0.1247 0.1118 0.1754 0.2957 0.4441 0.5937 0.7259 0.8284 0.8947 0.9235 0.9183 0.8881 0.8414 0.7812 0.7136 0.6415 0.5679 0.4969 0.4306 0.3711 0.3180 0.2702 0.2278
0.0000 0.0000 0.0000 0.0000 0.0000 0.0000 0.0000 0.0000 0.0000 0.0000 0.0000 0.0000 0.0000 0.0000 0.0000 0.0000 0.0000 0.0430 0.0155 0.0124 0.1256 0.3105 0.4668 0.5136 0.4400 0.3039 0.1804 0.1208 0.1432 0.2379 0.3789 0.5359 0.6840 0.8076 0.8973 0.9496 0.9642 0.9460 0.9045 0.8488 0.7820 0.7095 0.6344 0.5595 0.4881 0.4219 0.3629 0.3104 0.2633 0.2216
0.0000 0.0000 0.0000 0.0000 0.0000 0.0000 0.0000 0.0000 0.0000 0.0000 0.0000 0.0000 0.0000 0.0000 0.0000 0.0000 0.0000 0.0188 0.0005 0.0610 0.2258 0.4112 0.5225 0.5101 0.3963 0.2540 0.1534 0.1314 0.1920 0.3162 0.4736 0.6339 0.7757 0.8870 0.9615 0.9981 0.9978 0.9665 0.9139 0.8498 0.7769 0.7002 0.6229 0.5473 0.4761 0.4106 0.3525 0.3009 0.2548 0.2142
0.0000 0.0000 0.0000 0.0000 0.0000 0.0000 0.0000 0.0000 0.0000 0.0000 0.0000 0.0000 0.0000 0.0000 0.0000 0.0000 0.0000 0.0028 0.0184 0.1448 0.3344 0.4900 0.5404 0.4718 0.3336 0.2035 0.1393 0.1613 0.2605 0.4105 0.5783 0.7357 0.8664 0.9619 1.0188 1.0386 1.0231 0.9788 0.9157 0.8440 0.7659 0.6858 0.6070 0.5315 0.4610 0.3967 0.3399 0.2897 0.2449 0.2056
0.0000 0.0000 0.0000 0.0000 0.0000 0.0000 0.0000 0.0000 0.0000 0.0000 0.0000 0.0000 0.0000 0.0000 0.0000 0.0000 0.0000 0.0023 0.0692 0.2476 0.4283 0.5292 0.5139 0.4026 0.2615 0.1626 0.1460 0.2151 0.3498 0.5196 0.6904 0.8386 0.9534 1.0297 1.0673 1.0696 1.0388 0.9823 0.9096 0.8313 0.7489 0.6665 0.5869 0.5121 0.4431 0.3804 0.3254 0.2768 0.2337 0.1959
0.0000 0.0000 0.0000 0.0000 0.0000 0.0000 0.0000 0.0000 0.0000 0.0000 0.0000 0.0000 0.0000 0.0000 0.0000 0.0000 0.0000 0.0203 0.1428 0.3457 0.4858 0.5184 0.4462 0.3149 0.1950 0.1437 0.1813 0.2962 0.4600 0.6406 0.8074 0.9413 1.0358 1.0902 1.1067 1.0905 1.0448 0.9771 0.8973 0.8142 0.7290 0.6453 0.5656 0.4914 0.4237 0.3628 0.3096 0.2628 0.2216 0.1856
0.0000 0.0000 0.0000 0.0000 0.0000 0.0000 0.0000 0.0000 0.0000 0.0000 0.0000 0.0000 0.0000 0.0000 0.0000 0.0000 0.0000 0.0532 0.2195 0.4123 0.4894 0.4560 0.3479 0.2247 0.1489 0.1572 0.2506 0.4051 0.5883 0.7695 0.9241 1.0377 1.1081 1.1384 1.1334 1.0990 1.0394 0.9619 0.8763 0.7898 0.7030 0.6191 0.5402 0.4673 0.4016 0.3430 0.2920 0.2475 0.2083 0.1742
0.0000 0.0000 0.0000 0.0000 0.0000 0.0000 0.0000 0.0000 0.0000 0.0000 0.0000 0.0000 0.0000 0.0000 0.0000 0.0000 0.0000 0.0909 0.2758 0.4265 0.4351 0.3540 0.2403 0.1535 0.1396 0.2123 0.3561 0.5395 0.7296 0.9003 1.0349 1.1231 1.1664 1.1718 1.1455 1.0941 1.0221 0.9364 0.8467 0.7582 0.6710 0.5880 0.5108 0.4400 0.3771 0.3212 0.2728 0.2308 0.1940 0.1621
0.0000 0.0000 0.0000 0.0000 0.0000 0.0000 0.0000 0.0000 0.0000 0.0000 0.0000 0.0000 0.0000 0.0000 0.0000 0.0000 0.0000 0.1202 0.2921 0.3815 0.3351 0.2371 0.1505 0.1236 0.1805 0.3139 0.4963 0.6940 0.8780 1.0284 1.1357 1.1944 1.2091 1.1897 1.1432 1.0766 0.9942 0.9022 0.8099 0.7206 0.6343 0.5532 0.4786 0.4107 0.3508 0.2980 0.2526 0.2133 0.1791 0.1495
0.0000 0.0000 0.0000 0.0000 0.0000 0.0000 0.0000 0.0000 0.0000 0.0000 0.0000 0.0000 0.0000 0.0000 0.0000 0.0000 0.0000 0.1295 0.2609 0.2886 0.2160 0.1370 0.1058 0.1526 0.2787 0.4600 0.6641 0.8603 1.0258 1.1481 1.2222 1.2482 1.2346 1.1915 1.1268 1.0473 0.9569 0.8608 0.7668 0.6780 0.5937 0.5154 0.4441 0.3800 0.3234 0.2739 0.2317 0.1954 0.1638 0.1366
0.0000 0.0000 0.0000 0.0000 0.0000 0.0000 0.0000 0.0000 0.0000 0.0000 0.0000 0.0000 0.0000 0.0000 0.0000 0.0000 0.0000 0.1139 0.1907 0.1758 0.1137 0.0854 0.1273 0.2485 0.4309 0.6402 0.8456 1.0237 1.1591 1.2461 1.2836 1.2765 1.2360 1.1718 1.0918 1.0026 0.9069 0.8091 0.7157 0.6291 0.5481 0.4737 0.4067 0.3469 0.2943 0.2485 0.2098 0.1767 0.1480 0.1232
0.0000 0.0000 0.0000 0.0000 0.0000 0.0000 0.0000 0.0000 0.0000 0.0000 0.0000 0.0000 0.0000 0.0000 0.0000 0.0000 0.0000 0.0788 0.1068 0.0822 0.0645 0.1067 0.2242 0.4069 0.6232 0.8367 1.0228 1.1685 1.2649 1.3128 1.3132 1.2750 1.2108 1.1294 1.0379 0.9425 0.8447 0.7478 0.6571 0.5744 0.4981 0.4287 0.3668 0.3120 0.2638 0.2221 0.1873 0.1575 0.1317 0.1095
0.0000 0.0000 0.0000 0.0000 0.0000 0.0000 0.0000 0.0000 0.0000 0.0000 0.0000 0.0000 0.0000 0.0000 0.0000 0.0000 0.0000 0.0390 0.0428 0.0455 0.0936 0.2093 0.3898 0.6112 0.8354 1.0301 1.1807 1.2833 1.3355 1.3427 1.3092 1.2448 1.1616 1.0681 0.9701 0.8720 0.7749 0.6813 0.5947 0.5168 0.4457 0.3823 0.3261 0.2767 0.2334 0.1962 0.1651 0.1386 0.1158 0.0962
0.0000 0.0000 0.0000 0.0000 0.0000 0.0000 0.0000 0.0000 0.0000 0.0000 0.0000 0.0000 0.0000 0.0000 0.0000 0.0000 0.0000 0.0128 0.0277 0.0872 0.2045 0.3792 0.5978 0.8291 1.0345 1.1909 1.2940 1.3487 1.3568 1.3265 1.2649 1.1807 1.0847 0.9847 0.8849 0.7881 0.6952 0.6073 0.5269 0.4552 0.3906 0.3339 0.2840 0.2405 0.2025 0.1699 0.1428 0.1197 0.0998 0.0829
0.0000 0.0000 0.0000 0.0000 0.0000 0.0000 0.0000 0.0000 0.0000 0.0000 0.0000 0.0000 0.0000 0.0000 0.0000 0.0000 0.0000 0.0143 0.0745 0.2039 0.3750 0.5818 0.8076 1.0204 1.1858 1.2917 1.3434 1.3517 1.3210 1.2608 1.1791 1.0829 0.9811 0.8807 0.7840 0.6925 0.6067 0.5269 0.4546 0.3908 0.3337 0.2844 0.2413 0.2039 0.1714 0.1436 0.1205 0.1009 0.0840 0.0697
0.0000 0.0000 0.0000 0.0000 0.0000 0.0000 0.0000 0.0000 0.0000 0.0000 0.0000 0.0000 0.0000 0.0000 0.0000 0.0000 0.0000 0.0464 0.1723 0.3643 0.5619 0.7692 0.9735 1.1465 1.2613 1.3147 1.3193 1.2891 1.2296 1.1501 1.0580 0.9583 0.8583 0.7630 0.6736 0.5906 0.5140 0.4439 0.3810 0.3262 0.2777 0.2363 0.2001 0.1687 0.1415 0.1184 0.0992 0.0829 0.0690 0.0572
0.0000 0.0000 0.0000 0.0000 0.0000 0.0000 0.0000 0.0000 0.0000 0.0000 0.0000 0.0000 0.0000 0.0000 0.0000 0.0000 0.0000 0.0976 0.2873 0.5176 0.7108 0.8912 1.0539 1.1764 1.2405 1.2489 1.2174 1.1610 1.0854 0.9986 0.9058 0.8111 0.7197 0.6345 0.5562 0.4846 0.4191 0.3599 0.3074 0.2624 0.2232 0.1898 0.1605 0.1349 0.1130 0.0944 0.0789 0.0659 0.0549 0.0455
0.0000 0.0000 0.0000 0.0000 0.0000 0.0000 0.0000 0.0000 0.0000 0.0000 0.0000 0.0000 0.0000 0.0000 0.0000 0.0000 0.0000 0.1458 0.3745 0.6090 0.7724 0.9090 1.0219 1.0950 1.1173 1.0943 1.0420 0.9743 0.8960 0.8131 0.7291 0.6466 0.5694 0.4986 0.4344 0.3763 0.3238 0.2767 0.2353 0.2004 0.1703 0.1448 0.1224 0.1026 0.0858 0.0715 0.0597 0.0499 0.0415 0.0344
0.0000 0.0000 0.0000 0.0000 0.0000 0.0000 0.0000 0.0000 0.0000 0.0000 0.0000 0.0000 0.0000 0.0000 0.0000 0.0000 0.0000 0.1679 0.3954 0.6002 0.7200 0.8096 0.8767 0.9106 0.9057 0.8680 0.8116 0.7471 0.6780 0.6084 0.5407 0.4761 0.4166 0.3628 0.3146 0.2715 0.2327 0.1980 0.1679 0.1427 0.1213 0.1031 0.0870 0.0729 0.0609 0.0507 0.0423 0.0353 0.0293 0.0243
0.0000 0.0000 0.0000 0.0000 0.0000 0.0000 0.0000 0.0000 0.0000 0.0000 0.0000 0.0000 0.0000 0.0000 0.0000 0.0000 0.0000 0.1514 0.3364 0.4872 0.5624 0.6129 0.6461 0.6559 0.6393 0.6025 0.5557 0.5058 0.4543 0.4038 0.3569 0.3128 0.2724 0.2361 0.2041 0.1759 0.1505 0.1278 0.1082 0.0920 0.0782 0.0663 0.0559 0.0469 0.0391 0.0326 0.0272 0.0227 0.0189 0.0156
0.0000 0.0000 0.0000 0.0000 0.0000 0.0000 0.0000 0.0000 0.0000 0.0000 0.0000 0.0000 0.0000 0.0000 0.0000 0.0000 0.0000 0.1030 0.2201 0.3089 0.3474 0.3706 0.3835 0.3831 0.3679 0.3427 0.3130 0.2826 0.2520 0.2224 0.1958 0.1711 0.1485 0.1284 0.1107 0.0954 0.0815 0.0691 0.0585 0.0497 0.0424 0.0358 0.0302 0.0254 0.0212 0.0176 0.0147 0.0122 0.0102 0.0084
0.0000 0.0000 0.0000 0.0000 0.0000 0.0000 0.0000 0.0000 0.0000 0.0000 0.0000 0.0000 0.0000 0.0000 0.0000 0.0000 0.0000 0.0448 0.0935 0.1287 0.1424 0.1500 0.1534 0.1517 0.1443 0.1334 0.1211 0.1088 0.0965 0.0848 0.0745 0.0650 0.0563 0.0486 0.0418 0.0361 0.0308 0.0261 0.0221 0.0188 0.0160 0.0135 0.0114 0.0096 0.0080 0.0067 0.0056 0.0046 0.0039 0.0032
0.0000 0.0000 0.0000 0.0000 0.0000 0.0000 0.0000 0.0000 0.0000 0.0000 0.0000 0.0000 0.0000 0.0000 0.0000 0.0000 0.0000 0.0054 0.0112 0.0152 0.0167 0.0175 0.0178 0.0174 0.0165 0.0152 0.0138 0.0123 0.0109 0.0096 0.0084 0.0073 0.0063 0.0055 0.0047 0.0040 0.0035 0.0029 0.0025 0.0021 0.0018 0.0015 0.0013 0.0011 0.0009 0.0007 0.0006 0.0005 0.0004 0.0004
