0.1568 0.0318 0.1063 0.3904 0.2690 0.0325 0.3714 0.0308 0.3138 0.0419 0.2876 0.0676 0.0842 0.1839 0.0804 0.0209 0.0439 0.1129 0.1706 0.1469 0.0695 0.0235 0.0405 0.0810 0.0969 0.0777 0.0414 0.0123 0.0022 0.0100 0.0269 0.0438 0.0548 0.0579 0.0548 0.0467 0.0367 0.0266 0.0177 0.0107 0.0058 0.0027 0.0011 0.0007 0.0010 0.0018 0.0029 0.0039 0.0049 0.0058
0.5195 0.1114 0.2880 1.1473 0.8379 0.0856 1.1106 0.1024 0.9341 0.1296 0.8633 0.1926 0.2610 0.5473 0.2322 0.0631 0.1382 0.3457 0.5151 0.4397 0.2061 0.0694 0.1210 0.2419 0.2884 0.2301 0.1219 0.0356 0.0065 0.0306 0.0816 0.1321 0.1649 0.1739 0.1642 0.1397 0.1098 0.0795 0.0528 0.0319 0.0172 0.0080 0.0034 0.0021 0.0031 0.0055 0.0086 0.0118 0.0148 0.0175
1.0348 0.2536 0.3857 1.8244 1.4951 0.1108 1.8324 0.2083 1.5288 0.2321 1.4374 0.2883 0.4629 0.8963 0.3580 0.1077 0.2530 0.5993 0.8683 0.7285 0.3355 0.1117 0.2002 0.3991 0.4726 0.3740 0.1956 0.0557 0.0109 0.0535 0.1390 0.2227 0.2762 0.2902 0.2731 0.2318 0.1817 0.1312 0.0869 0.0524 0.0282 0.0131 0.0055 0.0035 0.0053 0.0094 0.0145 0.0199 0.0249 0.0294
1.8140 0.5454 0.3767 2.3449 2.2825 0.1161 2.5026 0.3863 2.0687 0.3675 2.0000 0.3408 0.7057 1.2165 0.4438 0.1622 0.4037 0.8852 1.2322 1.0074 0.4511 0.1475 0.2768 0.5501 0.6445 0.5033 0.2579 0.0704 0.0158 0.0804 0.2014 0.3174 0.3898 0.4070 0.3812 0.3223 0.2517 0.1811 0.1196 0.0718 0.0383 0.0177 0.0074 0.0049 0.0076 0.0134 0.0207 0.0283 0.0352 0.0415
2.9438 1.1240 0.2993 2.6115 3.2058 0.1504 3.0563 0.6930 2.5081 0.5656 2.5283 0.3451 1.0027 1.4876 0.4827 0.2416 0.6067 1.2102 1.6019 1.2657 0.5445 0.1735 0.3497 0.6919 0.7991 0.6126 0.3050 0.0786 0.0222 0.1135 0.2711 0.4179 0.5069 0.5247 0.4883 0.4107 0.3193 0.2286 0.1502 0.0896 0.0475 0.0217 0.0091 0.0064 0.0101 0.0178 0.0272 0.0370 0.0458 0.0539
4.4060 2.1505 0.2864 2.5292 4.2041 0.3162 3.3958 1.2024 2.7850 0.8691 2.9830 0.3102 1.3609 1.6835 0.4789 0.3707 0.8775 1.5728 1.9628 1.4858 0.6047 0.1866 0.4185 0.8226 0.9318 0.6971 0.3339 0.0797 0.0316 0.1555 0.3510 0.5266 0.6288 0.6439 0.5945 0.4966 0.3838 0.2732 0.1783 0.1056 0.0554 0.0251 0.0106 0.0079 0.0130 0.0226 0.0342 0.0462 0.0570 0.0667
5.9545 3.7180 0.5833 2.0617 5.1194 0.7662 3.4057 1.9912 2.8294 1.3296 3.3082 0.2637 1.7754 1.7765 0.4544 0.5827 1.2251 1.9580 2.2873 1.6431 0.6195 0.1854 0.4853 0.9423 1.0403 0.7539 0.3434 0.0748 0.0468 0.2099 0.4441 0.6458 0.7569 0.7653 0.6998 0.5799 0.4449 0.3144 0.2035 0.1194 0.0619 0.0277 0.0118 0.0096 0.0161 0.0279 0.0418 0.0560 0.0686 0.0801
7.0320 5.6872 1.5028 1.3168 5.6908 1.6643 2.9970 3.1051 2.5851 1.9971 3.4369 0.2544 2.2236 1.7451 0.4540 0.9145 1.6441 2.3314 2.5336 1.7072 0.5781 0.1736 0.5577 1.0560 1.1265 0.7839 0.3349 0.0668 0.0717 0.2806 0.5538 0.7780 0.8929 0.8897 0.8044 0.6604 0.5023 0.3520 0.2258 0.1310 0.0669 0.0295 0.0129 0.0114 0.0198 0.0338 0.0501 0.0664 0.0809 0.0940
6.8933 7.5129 3.2714 0.6260 5.6113 3.0967 2.1850 4.5033 2.0493 2.8983 3.3056 0.3505 2.6611 1.5877 0.5471 1.3942 2.1035 2.6362 2.6479 1.6475 0.4772 0.1644 0.6524 1.1770 1.1991 0.7931 0.3137 0.0607 0.1108 0.3713 0.6828 0.9248 1.0374 1.0172 0.9083 0.7379 0.5559 0.3858 0.2448 0.1402 0.0705 0.0305 0.0137 0.0135 0.0240 0.0404 0.0591 0.0776 0.0939 0.1085
5.1115 8.2510 5.7577 0.5416 4.6793 4.9416 1.1836 5.9937 1.3249 4.0051 2.8792 0.6300 3.0235 1.3398 0.8204 2.0224 2.5366 2.7952 2.5751 1.4451 0.3303 0.1875 0.8000 1.3299 1.2758 0.7942 0.2892 0.0630 0.1682 0.4843 0.8319 1.0860 1.1898 1.1470 1.0106 0.8117 0.6050 0.4154 0.2604 0.1470 0.0725 0.0309 0.0145 0.0160 0.0289 0.0478 0.0690 0.0896 0.1077 0.1237
2.3479 7.0097 8.1940 1.6545 3.0211 6.7581 0.4612 7.1929 0.6697 5.1997 2.1854 1.1641 3.2422 1.0902 1.3588 2.7501 2.8410 2.7294 2.2827 1.1126 0.1794 0.2940 1.0476 1.5527 1.3850 0.8075 0.2740 0.0805 0.2462 0.6188 0.9988 1.2590 1.3479 1.2774 1.1101 0.8809 0.6491 0.4405 0.2726 0.1514 0.0732 0.0307 0.0154 0.0191 0.0345 0.0562 0.0799 0.1027 0.1225 0.1399
0.6792 3.9434 9.2168 4.1899 1.2772 7.8250 0.6629 7.5806 0.5036 6.2464 1.3495 1.9921 3.2652 0.9791 2.2047 3.4561 2.8910 2.3898 1.7933 0.7158 0.1042 0.5557 1.4516 1.8878 1.5575 0.8535 0.2796 0.1166 0.3418 0.7677 1.1749 1.4355 1.5044 1.4027 1.2025 0.9426 0.6865 0.4601 0.2807 0.1531 0.0724 0.0301 0.0165 0.0229 0.0413 0.0659 0.0922 0.1172 0.1385 0.1572
2.3822 1.0812 7.6308 7.5236 0.5337 7.4494 2.3126 6.7180 1.3132 6.7974 0.6207 3.0906 3.0797 1.1686 3.3031 3.9381 2.5759 1.8083 1.2247 0.3935 0.2199 1.0465 2.0519 2.3559 1.8050 0.9391 0.3070 0.1652 0.4426 0.9142 1.3415 1.5971 1.6429 1.5091 1.2772 0.9891 0.7116 0.4707 0.2827 0.1511 0.0697 0.0290 0.0181 0.0277 0.0495 0.0770 0.1059 0.1330 0.1559 0.1758
7.3869 1.5206 3.8241 9.9905 1.8528 5.4829 5.3469 4.6138 3.4029 6.4749 0.3703 4.3545 2.7444 1.7894 4.4638 3.9651 1.8942 1.1784 0.8314 0.3556 0.6437 1.7962 2.8276 2.9210 2.0969 1.0421 0.3385 0.2084 0.5280 1.0355 1.4755 1.7222 1.7447 1.5819 1.3229 1.0122 0.7192 0.4689 0.2766 0.1445 0.0650 0.0275 0.0205 0.0341 0.0594 0.0901 0.1216 0.1507 0.1749 0.1958
11.9573 6.4100 0.7675 9.5394 5.4999 2.7420 8.7814 2.0749 6.5001 5.0585 1.0346 5.5779 2.3732 2.8492 5.3619 3.3790 1.0537 0.8952 0.9807 0.8152 1.4063 2.6999 3.6161 3.4279 2.3184 1.0904 0.3328 0.2219 0.5810 1.1162 1.5621 1.7967 1.7972 1.6104 1.3311 1.0059 0.7049 0.4520 0.2610 0.1326 0.0581 0.0260 0.0243 0.0426 0.0720 0.1059 0.1399 0.1708 0.1961 0.2177
11.2577 12.3517 2.2924 5.6103 10.1881 0.8544 10.9842 0.6101 9.4146 2.8010 2.9673 6.4281 2.0748 4.1580 5.6267 2.2483 0.5324 1.4880 2.0069 1.8226 2.3010 3.4001 4.0318 3.5526 2.2507 0.9650 0.2458 0.2065 0.6237 1.1849 1.6275 1.8416 1.8157 1.6051 1.3088 0.9747 0.6717 0.4220 0.2374 0.1166 0.0499 0.0252 0.0301 0.0539 0.0875 0.1246 0.1611 0.1935 0.2196 0.2417
4.8247 13.6864 8.3589 1.2813 12.7846 1.5061 10.6617 1.4781 10.2489 0.7765 6.1262 6.3954 1.8789 5.3447 5.0321 0.9900 0.9593 3.3090 3.8512 2.9806 2.7257 3.2433 3.4962 2.8711 1.6523 0.5836 0.1098 0.2622 0.7845 1.3724 1.7888 1.9537 1.8758 1.6221 1.2966 0.9464 0.6383 0.3908 0.2128 0.1004 0.0425 0.0260 0.0380 0.0676 0.1056 0.1459 0.1846 0.2184 0.2450 0.2673
0.8887 7.8051 13.5385 1.6491 9.5855 5.6865 7.5641 4.3634 7.7889 0.8308 9.4202 4.7512 1.8498 6.0987 3.7197 0.2821 2.6195 5.8000 5.4059 3.1294 1.7825 1.6900 1.7803 1.3811 0.6695 0.1803 0.2015 0.6756 1.3350 1.9225 2.2526 2.3010 2.1084 1.7592 1.3651 0.9700 0.6371 0.3789 0.1992 0.0904 0.0383 0.0284 0.0466 0.0817 0.1239 0.1673 0.2084 0.2436 0.2707 0.2933
7.9357 0.7569 11.4758 8.4126 2.9187 11.5673 1.6156 9.6776 4.1040 3.8380 9.1909 0.9151 4.1351 7.8458 2.4728 0.5546 4.3997 5.8811 3.1571 0.4975 0.5031 2.0566 3.1303 2.9744 2.0522 1.2252 0.9313 1.1620 1.6401 2.0958 2.3291 2.3096 2.0730 1.7008 1.2986 0.9066 0.5830 0.3375 0.1714 0.0755 0.0350 0.0346 0.0603 0.1012 0.1474 0.1936 0.2364 0.2724 0.2996 0.3219
16.1331 4.9951 4.0946 14.4048 0.7014 13.1905 0.7663 12.1956 1.1685 7.7066 7.4900 0.3959 6.7807 7.3016 1.1315 1.6031 5.8685 5.8205 2.3182 0.2357 1.0660 2.8650 3.6714 3.1486 2.0296 1.2040 1.0088 1.3343 1.8511 2.2894 2.4683 2.3843 2.0910 1.6792 1.2551 0.8562 0.5357 0.2996 0.1459 0.0627 0.0337 0.0431 0.0767 0.1234 0.1738 0.2228 0.2671 0.3037 0.3307 0.3525
11.9077 14.8754 0.9314 13.0774 5.2481 9.2671 4.6196 10.8813 0.7633 11.0549 4.4416 1.6846 9.0660 5.7039 0.3666 3.3476 7.0628 5.2464 1.4310 0.2849 1.9086 3.7399 4.1276 3.2114 1.9435 1.1747 1.1084 1.5314 2.0737 2.4777 2.5890 2.4340 2.0832 1.6351 1.1939 0.7936 0.4813 0.2588 0.1203 0.0518 0.0358 0.0557 0.0973 0.1498 0.2041 0.2555 0.3009 0.3377 0.3641 0.3851
1.5809 15.7559 8.4137 5.0760 13.3792 2.9086 11.2097 6.1216 4.0432 11.9132 1.5030 4.7695 10.0708 3.4587 0.6450 5.5372 7.6695 4.2001 0.6939 0.7460 2.9961 4.5974 4.4386 3.1437 1.8015 1.1514 1.2392 1.7550 2.3041 2.6548 2.6860 2.4550 2.0477 1.5681 1.1160 0.7204 0.4214 0.2165 0.0962 0.0444 0.0422 0.0731 0.1228 0.1808 0.2386 0.2920 0.3381 0.3747 0.4000 0.4198
5.8944 5.0972 17.6696 0.8900 16.3439 0.9999 15.2182 1.4630 9.7099 9.3607 0.5575 8.6885 9.1743 1.3787 2.2075 7.6979 7.4480 2.8604 0.3358 1.6684 4.2397 5.3330 4.5499 2.9408 1.6217 1.1529 1.4109 2.0053 2.5371 2.8142 2.7539 2.4441 1.9837 1.4789 1.0228 0.6385 0.3582 0.1748 0.0754 0.0416 0.0541 0.0961 0.1536 0.2168 0.2777 0.3326 0.3788 0.4146 0.4385 0.4567
19.5593 1.9381 14.2622 8.2862 9.7474 7.2294 12.4065 1.4693 14.1200 4.6465 2.8235 11.7171 6.5009 0.4627 4.8808 9.2227 6.3386 1.5424 0.5654 3.0192 5.4960 5.8360 4.4256 2.6175 1.4335 1.2011 1.6322 2.2803 2.7659 2.9486 2.7881 2.3999 1.8921 1.3698 0.9171 0.5509 0.2944 0.1361 0.0597 0.0452 0.0727 0.1259 0.1909 0.2587 0.3220 0.3776 0.4234 0.4579 0.4797 0.4959
14.8029 14.9944 2.8362 18.5668 1.5949 16.1038 4.9058 7.4789 13.6572 1.0301 7.7456 12.1513 3.1395 1.4781 7.9989 9.5576 4.5445 0.6464 1.5078 4.6638 6.5813 6.0076 4.0581 2.2109 1.2764 1.3194 1.9086 2.5745 2.9816 3.0502 2.7840 2.3210 1.7739 1.2429 0.8018 0.4604 0.2328 0.1028 0.0512 0.0566 0.0993 0.1633 0.2353 0.3070 0.3718 0.4274 0.4720 0.5046 0.5237 0.5374
1.1806 20.6912 4.3222 16.0281 4.2626 17.2194 0.8831 15.0383 8.1310 1.7993 12.7657 9.4185 0.8555 4.4891 10.5279 8.4406 2.5503 0.5629 3.1404 6.3657 7.3004 5.7837 3.4777 1.7813 1.1976 1.5284 2.2401 2.8783 3.1728 3.1105 2.7366 2.2055 1.6296 1.1007 0.6803 0.3707 0.1765 0.0774 0.0518 0.0775 0.1349 0.2091 0.2872 0.3619 0.4272 0.4819 0.5246 0.5546 0.5705 0.5812
11.9373 6.6678 18.8353 3.8571 16.1836 8.3500 6.2790 16.9113 2.0894 7.4410 14.5955 4.8326 1.2628 8.5869 11.4243 6.1023 1.0370 1.5407 5.2520 7.8162 7.4866 5.1607 2.7607 1.4081 1.2439 1.8418 2.6196 3.1775 3.3267 3.1214 2.6428 2.0542 1.4624 0.9476 0.5573 0.2858 0.1288 0.0627 0.0636 0.1094 0.1808 0.2641 0.3471 0.4236 0.4883 0.5411 0.5812 0.6078 0.6199 0.6272
24.3649 3.3065 19.7772 3.5351 20.3992 1.1404 16.4134 10.5415 1.6698 14.3232 11.5860 1.2690 4.7819 12.0768 10.1325 3.3186 0.6819 3.5581 7.4486 8.6942 7.0498 4.2121 2.0247 1.1797 1.4543 2.2614 3.0313 3.4533 3.4293 3.0758 2.5015 1.8698 1.2772 0.7890 0.4379 0.2102 0.0936 0.0615 0.0889 0.1538 0.2379 0.3290 0.4155 0.4924 0.5554 0.6053 0.6418 0.6644 0.6720 0.6753
7.5214 20.8633 4.4219 18.0822 9.4903 7.1276 19.2394 2.4407 8.5452 16.8322 5.5519 1.5341 10.0061 13.1820 6.9961 1.2253 1.8904 6.2496 9.2226 8.7545 6.0238 3.0949 1.4182 1.1814 1.8518 2.7745 3.4530 3.6888 3.4735 2.9755 2.3164 1.6575 1.0804 0.6317 0.3282 0.1490 0.0746 0.0767 0.1296 0.2119 0.3067 0.4034 0.4915 0.5676 0.6280 0.6744 0.7070 0.7249 0.7276 0.7267
5.1722 19.8953 5.4271 21.6891 1.2664 19.3980 10.4979 2.5305 16.8782 12.3560 1.2099 6.2302 14.1410 11.1075 3.3525 0.8981 4.5563 8.9427 10.0758 7.8985 4.5684 2.0213 1.0876 1.4697 2.4297 3.3465 3.8461 3.8526 3.4385 2.8090 2.0873 1.4233 0.8794 0.4826 0.2341 0.1068 0.0755 0.1111 0.1876 0.2851 0.3882 0.4884 0.5762 0.6499 0.7065 0.7483 0.7761 0.7887 0.7858 0.7802
25.7180 2.2471 22.8081 6.7436 11.3695 19.7015 1.5848 12.1121 18.1062 4.5634 2.6824 12.7146 14.5492 6.7191 1.0382 2.8308 7.9727 10.8232 9.6867 6.2552 2.9817 1.2391 1.1561 2.0625 3.1498 3.9257 4.1681 3.9185 3.3136 2.5763 1.8206 1.1763 0.6835 0.3495 0.1620 0.0884 0.0999 0.1670 0.2645 0.3742 0.4830 0.5841 0.6694 0.7392 0.7906 0.8268 0.8490 0.8556 0.8465 0.8357
13.4356 12.7651 18.3986 3.2849 23.4077 6.8311 5.9055 20.2998 10.3364 1.0824 9.6304 16.4512 10.6461 2.4138 1.5156 6.5534 10.9864 11.2066 8.0569 4.1895 1.6438 0.9733 1.6871 2.9227 3.9404 4.4458 4.3741 3.8640 3.0933 2.2824 1.5267 0.9281 0.5031 0.2413 0.1187 0.0988 0.1512 0.2468 0.3615 0.4800 0.5912 0.6906 0.7711 0.8354 0.8802 0.9099 0.9255 0.9254 0.9096 0.8932
3.1191 26.0036 1.8733 20.1092 15.0329 1.9209 18.5841 16.3723 2.0189 6.2097 16.5704 14.3271 4.7784 0.9258 4.9672 10.6549 12.4148 9.8448 5.5913 2.2468 0.9331 1.3687 2.6628 3.9671 4.7222 4.8547 4.4375 3.6820 2.7830 1.9394 1.2220 0.6944 0.3510 0.1675 0.1111 0.1430 0.2327 0.3526 0.4809 0.6050 0.7161 0.8117 0.8856 0.9418 0.9782 0.9997 1.0073 0.9996 0.9765 0.9540
25.7353 7.0307 13.3656 22.0005 1.6857 14.5573 20.9423 4.9474 3.4279 15.5215 17.1922 7.6392 1.0691 3.5932 9.9150 13.2828 11.5264 7.0611 2.9969 1.0023 1.1156 2.4313 3.9563 5.0378 5.3608 5.0603 4.3114 3.3600 2.3913 1.5655 0.9223 0.4881 0.2380 0.1364 0.1452 0.2248 0.3466 0.4855 0.6226 0.7482 0.8554 0.9443 1.0092 1.0551 1.0817 1.0937 1.0924 1.0764 1.0455 1.0166
14.3922 7.3708 25.7184 4.2608 10.3336 23.4508 8.7026 1.8291 13.8058 19.3157 10.4676 1.7398 2.5814 9.1852 13.7776 13.0411 8.5090 3.7955 1.1500 0.9166 2.2592 4.0057 5.3517 5.9510 5.7373 5.0049 3.9821 2.9104 1.9416 1.1863 0.6501 0.3269 0.1771 0.1570 0.2269 0.3477 0.4950 0.6466 0.7869 0.9093 1.0089 1.0880 1.1412 1.1750 1.1901 1.1917 1.1805 1.1557 1.1165 1.0807
3.7984 26.8673 7.6702 7.2575 24.5157 12.1601 1.2514 12.3577 20.6725 13.0165 2.6036 1.9487 8.7260 14.3180 14.2688 9.8370 4.5476 1.3092 0.7820 2.1513 4.1749 5.7915 6.5835 6.5300 5.7630 4.6649 3.4656 2.3679 1.4722 0.8353 0.4317 0.2303 0.1817 0.2381 0.3617 0.5151 0.6802 0.8374 0.9752 1.0895 1.1776 1.2438 1.2830 1.3029 1.3049 1.2946 1.2729 1.2384 1.1904 1.1474
27.4657 10.2642 5.7595 25.1358 14.6001 1.2075 11.7298 21.9182 14.8609 3.3218 1.6688 8.6978 15.1804 15.5055 10.8526 5.1291 1.4086 0.7012 2.1849 4.4700 6.4344 7.3981 7.3863 6.6368 5.3956 4.0573 2.8068 1.7836 1.0285 0.5484 0.2936 0.2172 0.2646 0.3879 0.5549 0.7308 0.9048 1.0605 1.1891 1.2901 1.3627 1.4130 1.4359 1.4408 1.4275 1.4036 1.3707 1.3262 1.2687 1.2179
10.7732 5.8363 26.1397 15.4317 1.2493 12.3032 23.3025 15.8607 3.4939 1.7436 9.3266 16.3767 16.7917 11.5932 5.3316 1.3678 0.6856 2.4200 5.0281 7.2425 8.4364 8.4018 7.5272 6.1869 4.6462 3.2384 2.0742 1.2188 0.6588 0.3612 0.2616 0.3044 0.4358 0.6117 0.8085 0.9942 1.1669 1.3125 1.4251 1.5076 1.5607 1.5918 1.5961 1.5843 1.5542 1.5155 1.4709 1.4157 1.3485 1.2896
7.8931 27.8177 14.1829 1.3704 14.5683 24.8289 15.6197 2.9415 2.3114 11.0214 18.0676 17.8453 11.9010 5.0954 1.1308 0.7981 2.9857 5.9637 8.3925 9.6107 9.5875 8.4969 6.9160 5.2200 3.6139 2.3208 1.3688 0.7538 0.4218 0.3144 0.3613 0.5069 0.7034 0.9127 1.1229 1.3044 1.4647 1.5916 1.6814 1.7401 1.7699 1.7789 1.7624 1.7324 1.6842 1.6298 1.5729 1.5067 1.4295 1.3622
29.4798 10.4785 2.5357 19.0663 26.1089 13.6239 1.8049 3.9422 14.0339 20.5063 18.4820 11.3553 4.3056 0.7796 1.2033 4.0973 7.4942 10.0170 11.1115 10.8106 9.5271 7.6216 5.6622 3.9166 2.4836 1.4633 0.8129 0.4763 0.3767 0.4460 0.6154 0.8381 1.0749 1.2961 1.5030 1.6663 1.8038 1.9040 1.9639 1.9926 1.9934 1.9782 1.9395 1.8900 1.8241 1.7545 1.6843 1.6060 1.5177 1.4419
4.5578 7.1098 25.4366 25.2075 9.3253 1.0325 7.6684 18.6441 22.7989 18.2007 9.6085 2.8857 0.5730 2.2633 5.9855 9.7716 12.1720 12.8551 12.0804 10.3289 8.1627 5.9172 3.9974 2.5144 1.4582 0.8217 0.5162 0.4592 0.5679 0.7802 1.0351 1.3007 1.5480 1.7567 1.9417 2.0719 2.1757 2.2411 2.2643 2.2579 2.2254 2.1840 2.1218 2.0516 1.9677 1.8825 1.7985 1.7077 1.6080 1.5236
17.8940 30.5588 19.4109 3.6644 3.0996 14.6358 24.1527 23.7297 15.6558 6.5460 1.3003 1.1754 4.5839 9.0659 12.7606 14.7479 14.6745 13.1410 10.8140 8.2373 5.8471 3.8157 2.3239 1.3408 0.7778 0.5593 0.5819 0.7625 1.0258 1.3288 1.6212 1.8899 2.1151 2.2861 2.4306 2.5134 2.5734 2.5966 2.5773 2.5314 2.4626 2.3935 2.3065 2.2150 2.1126 2.0116 1.9136 1.8101 1.6988 1.6058
26.9830 8.3597 1.5824 11.5422 24.3876 27.8029 20.9198 10.3304 2.7390 0.8868 3.8051 8.8923 13.6249 16.4807 17.1969 16.1026 13.6202 10.6389 7.7370 5.2331 3.3019 1.9310 1.1106 0.7267 0.6564 0.8051 1.0800 1.4191 1.7616 2.0920 2.3692 2.6005 2.7735 2.8840 2.9716 2.9942 3.0002 2.9730 2.9059 2.8191 2.7157 2.6197 2.5077 2.3926 2.2698 2.1515 2.0385 1.9221 1.7992 1.6971
1.5648 11.6018 26.1922 31.1645 24.3264 12.5479 3.5910 1.0409 4.1429 10.0017 15.5458 19.1620 20.1536 18.8774 16.1985 12.8810 9.4327 6.4253 4.0803 2.4250 1.4054 0.8910 0.7734 0.9269 1.2339 1.6249 2.0316 2.4245 2.7586 3.0492 3.2586 3.4141 3.5084 3.5383 3.5546 3.5061 3.4493 3.3646 3.2452 3.1173 2.9827 2.8613 2.7242 2.5831 2.4383 2.3015 2.1726 2.0430 1.9086 1.7969
32.0725 33.8813 24.0747 11.1009 2.7104 1.7222 6.5073 13.5251 19.6860 23.2815 23.6444 21.7228 18.2285 14.1622 10.2636 6.9364 4.3305 2.5382 1.4731 0.9906 0.9400 1.1657 1.5647 2.0529 2.5364 2.9974 3.3917 3.7247 3.9623 4.1491 4.2440 4.2911 4.2846 4.2182 4.1531 4.0261 3.9015 3.7558 3.5823 3.4131 3.2482 3.1026 2.9408 2.7736 2.6069 2.4515 2.3068 2.1645 2.0187 1.8977
16.5340 5.0749 1.5861 5.6234 13.5756 21.4999 26.7757 28.4024 26.9215 23.3295 18.4786 13.6856 9.4016 6.0066 3.5898 2.0700 1.2872 1.0817 1.2782 1.7250 2.3060 2.8983 3.4797 4.0221 4.4487 4.7998 5.0450 5.2183 5.2871 5.3192 5.2684 5.1876 5.0672 4.8964 4.7454 4.5405 4.3489 4.1433 3.9178 3.7096 3.5164 3.3450 3.1587 2.9683 2.7808 2.6075 2.4471 2.2921 2.1351 2.0047
10.3604 20.2458 28.7860 33.6276 34.2458 31.3854 26.3342 20.3627 14.6565 9.8165 6.0367 3.4968 2.0015 1.3497 1.3313 1.7413 2.3910 3.1523 3.9299 4.6614 5.3209 5.8171 6.2245 6.5532 6.7147 6.8118 6.8116 6.7627 6.6196 6.4653 6.2624 6.0536 5.8163 5.5412 5.3076 5.0368 4.7870 4.5288 4.2590 4.0168 3.7978 3.5938 3.3819 3.1761 2.9704 2.7803 2.6038 2.4360 2.2676 2.1273
41.1800 36.0494 29.0965 21.7970 15.1425 9.7283 5.7664 3.2180 1.9065 1.5559 1.8771 2.6487 3.6452 4.7006 5.7497 6.7346 7.5385 8.1755 8.6508 8.9972 9.2439 9.2873 9.2717 9.2170 8.9980 8.7730 8.4914 8.2043 7.8443 7.5041 7.1605 6.8357 6.4924 6.1233 5.8167 5.4904 5.1905 4.8863 4.5781 4.3072 4.0672 3.8327 3.5975 3.3791 3.1572 2.9514 2.7597 2.5800 2.4008 2.2510
4.4937 2.6089 2.0567 2.5152 3.6463 5.1623 6.8304 8.4463 9.9416 11.2697 12.2755 13.1295 13.7142 14.0339 14.2532 14.3945 14.2816 14.0300 13.6758 13.3059 12.9406 12.4266 11.9365 11.4822 10.8939 10.3732 9.8458 9.3564 8.8166 8.3240 7.8728 7.4602 7.0348 6.5924 6.2296 5.8633 5.5263 5.1872 4.8497 4.5564 4.2995 4.0396 3.7860 3.5595 3.3247 3.1059 2.9010 2.7110 2.5226 2.3647
30.7466 31.1528 31.2778 31.1537 30.7590 30.2048 29.4631 28.4788 27.4602 26.4538 25.2078 24.1344 22.9875 21.7720 20.7254 19.8249 18.7817 17.7409 16.7260 15.8202 15.0199 14.1290 13.3202 12.6029 11.8052 11.1162 10.4487 9.8358 9.2007 8.6438 8.1393 7.6824 7.2163 6.7368 6.3444 5.9558 5.6073 5.2620 4.9115 4.5979 4.3143 4.0510 3.7986 3.5774 3.3420 3.1212 2.9135 2.7210 2.5306 2.3719
