0.1567 0.0319 0.1060 0.3907 0.2693 0.0328 0.3707 0.0308 0.3126 0.0421 0.2889 0.0680 0.0853 0.1866 0.0817 0.0201 0.0429 0.1124 0.1699 0.1459 0.0688 0.0238 0.0415 0.0823 0.0979 0.0783 0.0417 0.0124 0.0022 0.0100 0.0269 0.0438 0.0549 0.0580 0.0549 0.0467 0.0368 0.0266 0.0177 0.0107 0.0058 0.0027 0.0011 0.0007 0.0010 0.0018 0.0029 0.0039 0.0049 0.0058
0.5189 0.1119 0.2870 1.1483 0.8390 0.0864 1.1087 0.1022 0.9306 0.1305 0.8673 0.1938 0.2643 0.5555 0.2360 0.0604 0.1354 0.3446 0.5132 0.4368 0.2044 0.0704 0.1242 0.2456 0.2914 0.2320 0.1228 0.0359 0.0065 0.0306 0.0816 0.1322 0.1650 0.1741 0.1644 0.1399 0.1099 0.0795 0.0528 0.0320 0.0172 0.0080 0.0034 0.0021 0.0031 0.0055 0.0086 0.0118 0.0148 0.0175
1.0340 0.2545 0.3844 1.8262 1.4977 0.1118 1.8300 0.2078 1.5235 0.2340 1.4444 0.2903 0.4687 0.9099 0.3634 0.1027 0.2485 0.5980 0.8659 0.7242 0.3330 0.1136 0.2055 0.4054 0.4777 0.3772 0.1971 0.0561 0.0110 0.0535 0.1391 0.2229 0.2764 0.2904 0.2734 0.2320 0.1819 0.1313 0.0870 0.0525 0.0282 0.0131 0.0055 0.0035 0.0053 0.0094 0.0145 0.0199 0.0249 0.0294
1.8132 0.5467 0.3757 2.3478 2.2878 0.1168 2.5009 0.3852 2.0623 0.3712 2.0103 0.3436 0.7147 1.2353 0.4498 0.1540 0.3978 0.8845 1.2301 1.0027 0.4486 0.1505 0.2844 0.5589 0.6517 0.5078 0.2600 0.0711 0.0158 0.0803 0.2014 0.3175 0.3901 0.4073 0.3815 0.3225 0.2519 0.1813 0.1197 0.0719 0.0384 0.0177 0.0074 0.0049 0.0076 0.0134 0.0207 0.0282 0.0352 0.0415
2.9442 1.1260 0.2992 2.6157 3.2157 0.1501 3.0570 0.6909 2.5017 0.5719 2.5423 0.3488 1.0156 1.5110 0.4872 0.2294 0.6001 1.2117 1.6017 1.2617 0.5427 0.1781 0.3595 0.7032 0.8081 0.6183 0.3077 0.0794 0.0220 0.1131 0.2709 0.4179 0.5070 0.5249 0.4886 0.4109 0.3195 0.2288 0.1503 0.0897 0.0475 0.0218 0.0092 0.0064 0.0101 0.0178 0.0272 0.0370 0.0458 0.0539
4.4100 2.1534 0.2882 2.5343 4.2208 0.3142 3.4007 1.1988 2.7803 0.8787 3.0010 0.3148 1.3783 1.7104 0.4795 0.3538 0.8717 1.5787 1.9665 1.4843 0.6046 0.1929 0.4303 0.8357 0.9424 0.7038 0.3371 0.0806 0.0313 0.1548 0.3504 0.5263 0.6287 0.6440 0.5946 0.4968 0.3839 0.2733 0.1784 0.1057 0.0554 0.0251 0.0106 0.0079 0.0130 0.0226 0.0342 0.0462 0.0570 0.0667
5.9660 3.7231 0.5879 2.0671 5.1451 0.7622 3.4162 1.9858 2.8281 1.3432 3.3301 0.2693 1.7977 1.8043 0.4481 0.5612 1.2226 1.9711 2.2976 1.6459 0.6220 0.1934 0.4984 0.9563 1.0516 0.7610 0.3467 0.0756 0.0463 0.2088 0.4431 0.6451 0.7565 0.7651 0.6997 0.5799 0.4449 0.3145 0.2036 0.1195 0.0619 0.0277 0.0119 0.0096 0.0161 0.0279 0.0418 0.0559 0.0686 0.0801
7.0551 5.6971 1.5112 1.3217 5.7263 1.6594 3.0133 3.0981 2.5891 2.0147 3.4623 0.2611 2.2502 1.7698 0.4378 0.8899 1.6488 2.3554 2.5530 1.7159 0.5837 0.1826 0.5704 1.0693 1.1371 0.7905 0.3378 0.0672 0.0707 0.2790 0.5522 0.7767 0.8919 0.8890 0.8040 0.6602 0.5022 0.3520 0.2258 0.1310 0.0669 0.0295 0.0129 0.0114 0.0198 0.0338 0.0501 0.0664 0.0809 0.0940
6.9286 7.5321 3.2842 0.6295 5.6546 3.0940 2.2043 4.4961 2.0595 2.9186 3.3337 0.3578 2.6897 1.6043 0.5190 1.3702 2.1205 2.6746 2.6784 1.6631 0.4857 0.1729 0.6624 1.1869 1.2067 0.7976 0.3155 0.0604 0.1093 0.3693 0.6807 0.9229 1.0359 1.0160 0.9075 0.7373 0.5555 0.3856 0.2447 0.1401 0.0704 0.0305 0.0137 0.0135 0.0240 0.0404 0.0591 0.0776 0.0940 0.1085
5.1506 8.2841 5.7755 0.5431 4.7243 4.9460 1.1992 5.9899 1.3398 4.0258 2.9085 0.6367 3.0497 1.3421 0.7809 2.0054 2.5718 2.8503 2.6167 1.4666 0.3398 0.1925 0.8037 1.3327 1.2776 0.7949 0.2888 0.0618 0.1663 0.4821 0.8296 1.0838 1.1879 1.1455 1.0094 0.8108 0.6043 0.4150 0.2602 0.1468 0.0724 0.0309 0.0145 0.0161 0.0289 0.0479 0.0690 0.0897 0.1077 0.1237
2.3716 7.0553 8.2188 1.6529 3.0583 6.7745 0.4634 7.1978 0.6839 5.2174 2.2140 1.1670 3.2590 1.0728 1.3120 2.7492 2.8991 2.8000 2.3316 1.1362 0.1866 0.2920 1.0410 1.5447 1.3779 0.8023 0.2706 0.0783 0.2445 0.6172 0.9970 1.2572 1.3461 1.2758 1.1087 0.8798 0.6484 0.4400 0.2722 0.1512 0.0731 0.0307 0.0154 0.0191 0.0346 0.0563 0.0799 0.1028 0.1225 0.1399
0.6678 3.9860 9.2519 4.1825 1.2967 7.8529 0.6428 7.5992 0.5072 6.2585 1.3746 1.9856 3.2637 0.9402 2.1605 3.4818 2.9730 2.4684 1.8400 0.7342 0.1041 0.5431 1.4316 1.8661 1.5392 0.8411 0.2729 0.1139 0.3413 0.7680 1.1750 1.4353 1.5038 1.4018 1.2016 0.9417 0.6858 0.4596 0.2803 0.1529 0.0723 0.0301 0.0165 0.0229 0.0414 0.0660 0.0922 0.1172 0.1386 0.1573
2.3336 1.0927 7.6761 7.5070 0.5285 7.4792 2.2687 6.7502 1.2945 6.8044 0.6380 3.0662 3.0524 1.1133 3.2766 3.9984 2.6746 1.8786 1.2534 0.3966 0.2082 1.0225 2.0191 2.3211 1.7761 0.9200 0.2978 0.1634 0.4449 0.9181 1.3453 1.6000 1.6447 1.5101 1.2776 0.9890 0.7115 0.4705 0.2825 0.1510 0.0697 0.0289 0.0181 0.0278 0.0495 0.0771 0.1060 0.1331 0.1560 0.1759
7.3187 1.4842 3.8651 9.9681 1.8199 5.4985 5.2899 4.6487 3.3572 6.4822 0.3729 4.3032 2.6901 1.7327 4.4726 4.0599 1.9903 1.2151 0.8225 0.3342 0.6209 1.7674 2.7903 2.8809 2.0633 1.0204 0.3296 0.2095 0.5350 1.0448 1.4846 1.7298 1.7504 1.5858 1.3254 1.0137 0.7200 0.4693 0.2768 0.1445 0.0650 0.0275 0.0205 0.0341 0.0595 0.0902 0.1217 0.1508 0.1750 0.1959
11.8851 6.3468 0.7771 9.5266 5.4384 2.7354 8.7293 2.0935 6.4435 5.0743 1.0124 5.4963 2.3036 2.8159 5.4190 3.4939 1.1169 0.8706 0.9195 0.7696 1.3846 2.6850 3.5947 3.4002 2.2928 1.0739 0.3282 0.2274 0.5929 1.1307 1.5763 1.8089 1.8068 1.6174 1.3360 1.0091 0.7069 0.4531 0.2617 0.1329 0.0582 0.0260 0.0243 0.0426 0.0719 0.1058 0.1399 0.1708 0.1960 0.2177
11.1981 12.2975 2.2771 5.6161 10.1115 0.8403 10.9478 0.6052 9.3919 2.8262 2.9119 6.3292 2.0187 4.1760 5.7309 2.3532 0.5316 1.3899 1.9011 1.7738 2.3090 3.4307 4.0564 3.5622 2.2502 0.9630 0.2481 0.2145 0.6362 1.1995 1.6419 1.8544 1.8261 1.6130 1.3146 0.9787 0.6743 0.4236 0.2383 0.1170 0.0501 0.0252 0.0300 0.0538 0.0874 0.1245 0.1610 0.1934 0.2195 0.2416
4.8033 13.6533 8.3917 1.2807 12.7549 1.5047 10.6414 1.4829 10.3097 0.7904 6.0476 6.3202 1.8741 5.4297 5.1620 1.0500 0.8881 3.1702 3.7526 2.9766 2.7992 3.3445 3.5850 2.9309 1.6839 0.5966 0.1138 0.2635 0.7861 1.3752 1.7925 1.9577 1.8795 1.6253 1.2991 0.9483 0.6396 0.3916 0.2133 0.1007 0.0427 0.0260 0.0379 0.0675 0.1055 0.1458 0.1845 0.2184 0.2450 0.2673
0.8553 7.8394 13.6367 1.6448 9.6758 5.6742 7.5849 4.4235 7.9166 0.7989 9.3798 4.7608 1.8997 6.2228 3.8370 0.2836 2.5257 5.7192 5.4113 3.2181 1.9095 1.8095 1.8687 1.4337 0.6915 0.1812 0.1902 0.6587 1.3169 1.9055 2.2382 2.2895 2.0996 1.7528 1.3606 0.9670 0.6351 0.3777 0.1986 0.0901 0.0383 0.0285 0.0468 0.0819 0.1241 0.1675 0.2085 0.2437 0.2709 0.2934
7.8397 0.7677 11.4914 8.3189 2.9596 11.4904 1.6461 9.5974 4.1471 3.7640 9.1809 0.9389 4.0542 7.8184 2.5132 0.5218 4.3014 5.8316 3.1838 0.5227 0.4490 1.9149 2.9486 2.8105 1.9449 1.1817 0.9397 1.2028 1.6945 2.1511 2.3775 2.3482 2.1017 1.7209 1.3121 0.9151 0.5881 0.3403 0.1729 0.0761 0.0351 0.0344 0.0601 0.1009 0.1472 0.1934 0.2362 0.2723 0.2995 0.3219
16.0462 4.9178 4.1312 14.3245 0.6884 13.1532 0.7444 12.1405 1.1882 7.6136 7.5036 0.3833 6.6880 7.2941 1.1565 1.5377 5.7654 5.7853 2.3455 0.2376 0.9800 2.7021 3.4869 2.9971 1.9417 1.1802 1.0334 1.3865 1.9128 2.3488 2.5186 2.4237 2.1198 1.6992 1.2683 0.8645 0.5406 0.3023 0.1472 0.0631 0.0337 0.0429 0.0764 0.1231 0.1735 0.2225 0.2669 0.3035 0.3305 0.3524
11.9006 14.7638 0.9136 13.0552 5.1659 9.2744 4.5398 10.8657 0.7368 10.9689 4.4651 1.6303 8.9783 5.7125 0.3653 3.2543 6.9653 5.2267 1.4523 0.2588 1.7932 3.5640 3.9498 3.0799 1.8798 1.1726 1.1491 1.5940 2.1410 2.5396 2.6400 2.4732 2.1114 1.6544 1.2066 0.8014 0.4859 0.2612 0.1214 0.0522 0.0357 0.0554 0.0970 0.1495 0.2038 0.2552 0.3007 0.3376 0.3640 0.3850
1.5952 15.7003 8.3172 5.0906 13.2679 2.9239 11.1021 6.1325 3.9668 11.8564 1.5145 4.6803 10.0032 3.4731 0.6105 5.4264 7.5873 4.1937 0.7021 0.6901 2.8575 4.4188 4.2775 3.0392 1.7650 1.1713 1.2948 1.8260 2.3751 2.7175 2.7364 2.4929 2.0747 1.5863 1.1277 0.7276 0.4255 0.2186 0.0971 0.0445 0.0420 0.0727 0.1223 0.1804 0.2382 0.2917 0.3378 0.3745 0.3999 0.4197
5.8290 5.0999 17.5588 0.8730 16.2658 0.9736 15.1298 1.4655 9.6052 9.3389 0.5367 8.5835 9.1347 1.3846 2.1398 7.5841 7.3876 2.8618 0.3245 1.5846 4.0874 5.1635 4.4150 2.8685 1.6139 1.1935 1.4788 2.0819 2.6093 2.8757 2.8020 2.4796 2.0086 1.4955 1.0334 0.6448 0.3618 0.1765 0.0760 0.0416 0.0538 0.0957 0.1532 0.2164 0.2773 0.3323 0.3785 0.4144 0.4383 0.4566
19.4409 1.9109 14.2098 8.2033 9.7241 7.1466 12.3648 1.4316 14.0236 4.6445 2.7631 11.6208 6.4860 0.4469 4.7883 9.1213 6.3020 1.5437 0.5311 2.9137 5.3425 5.6878 4.3247 2.5801 1.4533 1.2595 1.7089 2.3592 2.8366 3.0069 2.8326 2.4322 1.9144 1.3843 0.9262 0.5562 0.2973 0.1374 0.0601 0.0450 0.0723 0.1254 0.1904 0.2582 0.3215 0.3773 0.4231 0.4577 0.4795 0.4957
14.7385 14.9015 2.8266 18.4629 1.5859 16.0020 4.8958 7.3993 13.5973 1.0209 7.6578 12.0838 3.1357 1.4344 7.8978 9.4811 4.5279 0.6397 1.4511 4.5471 6.4406 5.8915 3.9960 2.2081 1.3205 1.3910 1.9897 2.6520 3.0479 3.1032 2.8235 2.3491 1.7929 1.2550 0.8092 0.4646 0.2349 0.1036 0.0512 0.0563 0.0988 0.1627 0.2347 0.3065 0.3713 0.4270 0.4717 0.5043 0.5235 0.5373
1.1697 20.6032 4.2868 15.9668 4.2197 17.1501 0.8647 14.9488 8.1084 1.7630 12.6773 9.3852 0.8456 4.4224 10.4374 8.3947 2.5454 0.5423 3.0671 6.2516 7.1859 5.7073 3.4556 1.8097 1.2604 1.6075 2.3206 2.9507 3.2323 3.1565 2.7701 2.2288 1.6450 1.1103 0.6860 0.3737 0.1778 0.0777 0.0515 0.0770 0.1343 0.2085 0.2866 0.3614 0.4267 0.4815 0.5243 0.5543 0.5703 0.5811
11.9006 6.6354 18.7652 3.8383 16.1131 8.3246 6.2312 16.8501 2.0797 7.3809 14.5334 4.8226 1.2354 8.5130 11.3605 6.0843 1.0338 1.5053 5.1730 7.7196 7.4091 5.1274 2.7756 1.4611 1.3181 1.9220 2.6946 3.2414 3.3771 3.1591 2.6695 2.0723 1.4740 0.9546 0.5612 0.2877 0.1295 0.0626 0.0632 0.1087 0.1801 0.2635 0.3465 0.4231 0.4879 0.5408 0.5810 0.6076 0.6197 0.6270
24.3023 3.2949 19.7232 3.5160 20.3464 1.1275 16.3573 10.5189 1.6487 14.2643 11.5601 1.2632 4.7394 12.0164 10.1025 3.3186 0.6723 3.5132 7.3781 8.6284 7.0153 4.2197 2.0694 1.2484 1.5316 2.3362 3.0963 3.5059 3.4691 3.1046 2.5211 1.8827 1.2851 0.7935 0.4402 0.2111 0.0937 0.0611 0.0883 0.1531 0.2372 0.3284 0.4150 0.4920 0.5550 0.6050 0.6416 0.6642 0.6718 0.6752
7.4851 20.8436 4.4019 18.0560 9.4714 7.1063 19.2090 2.4351 8.5135 16.8012 5.5506 1.5193 9.9644 13.1517 6.9956 1.2307 1.8723 6.2060 9.1750 8.7280 6.0320 3.1363 1.4824 1.2556 1.9242 2.8382 3.5047 3.7284 3.5021 2.9952 2.3292 1.6653 1.0848 0.6340 0.3291 0.1491 0.0742 0.0761 0.1289 0.2112 0.3061 0.4029 0.4911 0.5673 0.6277 0.6741 0.7068 0.7248 0.7275 0.7266
5.1796 19.8758 5.4268 21.6781 1.2603 19.3861 10.4961 2.5217 16.8602 12.3579 1.2124 6.2102 14.1208 11.1111 3.3679 0.8994 4.5352 8.9144 10.0623 7.9134 4.6124 2.0849 1.1591 1.5392 2.4899 3.3949 3.8825 3.8786 3.4559 2.8201 2.0938 1.4268 0.8810 0.4829 0.2338 0.1062 0.0748 0.1103 0.1869 0.2845 0.3877 0.4880 0.5758 0.6496 0.7062 0.7481 0.7759 0.7886 0.7857 0.7801
25.7494 2.2365 22.8300 6.7423 11.3755 19.7154 1.5882 12.1098 18.1198 4.5793 2.6791 12.7076 14.5623 6.7457 1.0545 2.8267 7.9602 10.8228 9.7115 6.3055 3.0489 1.3108 1.2227 2.1185 3.1927 3.9564 4.1886 3.9313 3.3208 2.5799 1.8219 1.1762 0.6828 0.3485 0.1610 0.0874 0.0990 0.1663 0.2639 0.3737 0.4826 0.5837 0.6691 0.7390 0.7904 0.8267 0.8489 0.8555 0.8465 0.8357
13.4396 12.7943 18.4251 3.2897 23.4445 6.8501 5.9103 20.3276 10.3695 1.0921 9.6329 16.4747 10.6864 2.4447 1.5244 6.5517 10.9956 11.2405 8.1153 4.2623 1.7183 1.0387 1.7385 2.9593 3.9636 4.4588 4.3800 3.8654 3.0922 2.2802 1.5240 0.9255 0.5009 0.2395 0.1172 0.0977 0.1504 0.2462 0.3611 0.4797 0.5910 0.6904 0.7710 0.8353 0.8801 0.9098 0.9255 0.9254 0.9096 0.8932
3.1228 26.0694 1.8771 20.1535 15.0788 1.9283 18.6176 16.4257 2.0432 6.2165 16.5997 14.3806 4.8251 0.9462 4.9718 10.6687 12.4544 9.9103 5.6707 2.3251 0.9990 1.4163 2.6923 3.9817 4.7260 4.8518 4.4313 3.6745 2.7758 1.9330 1.2168 0.6904 0.3480 0.1654 0.1096 0.1420 0.2320 0.3521 0.4806 0.6049 0.7160 0.8117 0.8856 0.9418 0.9782 0.9997 1.0073 0.9996 0.9765 0.9541
25.8161 7.0544 13.3960 22.0741 1.7013 14.5848 21.0115 4.9899 3.4368 15.5498 17.2544 7.7008 1.1008 3.6016 9.9283 13.3230 11.5953 7.1453 3.0789 1.0684 1.1599 2.4537 3.9614 5.0314 5.3479 5.0450 4.2964 3.3467 2.3804 1.5570 0.9160 0.4836 0.2349 0.1344 0.1439 0.2241 0.3463 0.4854 0.6226 0.7482 0.8555 0.9445 1.0093 1.0553 1.0818 1.0939 1.0925 1.0765 1.0456 1.0167
14.4501 7.3793 25.8059 4.2927 10.3486 23.5253 8.7634 1.8408 13.8272 19.3802 10.5405 1.7816 2.5921 9.1946 13.8129 13.1087 8.5946 3.8790 1.2155 0.9568 2.2745 4.0014 5.3346 5.9276 5.7126 4.9818 3.9623 2.8944 1.9294 1.1773 0.6439 0.3228 0.1744 0.1555 0.2261 0.3474 0.4950 0.6467 0.7872 0.9096 1.0092 1.0883 1.1415 1.1752 1.1903 1.1919 1.1807 1.1558 1.1166 1.0808
3.7896 26.9520 7.7198 7.2595 24.5850 12.2345 1.2662 12.3692 20.7321 13.0959 2.6525 1.9596 8.7293 14.3454 14.3300 9.9199 4.6294 1.3718 0.8171 2.1589 4.1609 5.7642 6.5501 6.4959 5.7320 4.6387 3.4447 2.3520 1.4608 0.8274 0.4264 0.2271 0.1799 0.2373 0.3614 0.5153 0.6805 0.8379 0.9757 1.0900 1.1780 1.2443 1.2834 1.3032 1.3051 1.2948 1.2731 1.2386 1.1906 1.1475
27.5389 10.3251 5.7502 25.1938 14.6805 1.2230 11.7304 21.9693 14.9401 3.3733 1.6773 8.6933 15.1983 15.5579 10.9280 5.2054 1.4653 0.7289 2.1840 4.4466 6.3971 7.3554 7.3442 6.5989 5.3640 4.0322 2.7880 1.7700 1.0192 0.5423 0.2900 0.2152 0.2637 0.3878 0.5553 0.7314 0.9055 1.0612 1.1898 1.2907 1.3633 1.4135 1.4363 1.4411 1.4278 1.4038 1.3709 1.3263 1.2689 1.2180
10.8347 5.8160 26.1860 15.5096 1.2598 12.2928 23.3441 15.9349 3.5413 1.7458 9.3132 16.3846 16.8347 11.6590 5.3978 1.4149 0.7034 2.4092 4.9954 7.1969 8.3860 8.3535 7.4845 6.1515 4.6186 3.2177 2.0594 1.2087 0.6524 0.3575 0.2597 0.3037 0.4359 0.6123 0.8093 0.9951 1.1678 1.3134 1.4259 1.5083 1.5614 1.5923 1.5965 1.5847 1.5545 1.5158 1.4711 1.4159 1.3487 1.2897
7.8600 27.8572 14.2510 1.3686 14.5479 24.8630 15.6855 2.9783 2.3029 10.9985 18.0670 17.8791 11.9565 5.1492 1.1646 0.8034 2.9638 5.9221 8.3401 9.5556 9.5355 8.4520 6.8795 5.1917 3.5931 2.3062 1.3591 0.7477 0.4184 0.3129 0.3610 0.5074 0.7043 0.9138 1.1241 1.3055 1.4657 1.5925 1.6822 1.7409 1.7706 1.7794 1.7629 1.7328 1.6845 1.6300 1.5731 1.5069 1.4296 1.3623
29.5209 10.5295 2.5145 19.0399 26.1399 13.6784 1.8248 3.9193 14.0026 20.5003 18.5088 11.3997 4.3453 0.7979 1.1943 4.0638 7.4444 9.9599 11.0545 10.7588 9.4830 7.5866 5.6358 3.8975 2.4706 1.4550 0.8080 0.4739 0.3759 0.4463 0.6164 0.8394 1.0763 1.2975 1.5043 1.6675 1.8049 1.9050 1.9647 1.9933 1.9939 1.9787 1.9399 1.8903 1.8244 1.7547 1.6845 1.6062 1.5178 1.4420
4.5798 7.0674 25.4129 25.2395 9.3637 1.0294 7.6303 18.6085 22.7925 18.2233 9.6416 2.9091 0.5739 2.2395 5.9419 9.7160 12.1133 12.7997 12.0323 10.2896 8.1322 5.8949 3.9820 2.5044 1.4523 0.8187 0.5152 0.4596 0.5690 0.7817 1.0368 1.3024 1.5497 1.7582 1.9430 2.0730 2.1767 2.2420 2.2650 2.2585 2.2259 2.1845 2.1221 2.0519 1.9679 1.8827 1.7986 1.7078 1.6081 1.5236
17.8407 30.5508 19.4426 3.6784 3.0707 14.5877 24.1205 23.7282 15.6754 6.5667 1.3056 1.1585 4.5464 9.0150 12.7040 14.6923 14.6251 13.1002 10.7824 8.2142 5.8311 3.8055 2.3180 1.3380 0.7772 0.5601 0.5834 0.7645 1.0280 1.3309 1.6231 1.8917 2.1167 2.2875 2.4318 2.5144 2.5742 2.5973 2.5779 2.5319 2.4630 2.3938 2.3068 2.2153 2.1128 2.0117 1.9137 1.8102 1.6989 1.6058
26.9971 8.3778 1.5636 11.4935 24.3422 27.7839 20.9260 10.3450 2.7443 0.8732 3.7722 8.8455 13.5717 16.4284 17.1501 16.0637 13.5902 10.6174 7.7227 5.2245 3.2976 1.9296 1.1112 0.7285 0.6588 0.8078 1.0827 1.4217 1.7640 2.0941 2.3711 2.6020 2.7749 2.8851 2.9725 2.9950 3.0009 2.9736 2.9063 2.8194 2.7161 2.6200 2.5079 2.3927 2.2699 2.1517 2.0386 1.9221 1.7993 1.6971
1.5482 11.5551 26.1444 31.1392 24.3253 12.5569 3.5936 1.0272 4.1118 9.9580 15.4970 19.1144 20.1119 18.8439 16.1736 12.8640 9.4223 6.4201 4.0788 2.4260 1.4079 0.8942 0.7769 0.9305 1.2373 1.6279 2.0343 2.4269 2.7606 3.0509 3.2601 3.4153 3.5094 3.5391 3.5553 3.5067 3.4498 3.3650 3.2456 3.1176 2.9829 2.8615 2.7243 2.5832 2.4384 2.3015 2.1726 2.0431 1.9086 1.7969
32.0308 33.8613 24.0745 11.1068 2.7085 1.7054 6.4761 13.4847 19.6431 23.2413 23.6110 21.6975 18.2114 14.1522 10.2591 6.9360 4.3328 2.5420 1.4778 0.9955 0.9448 1.1701 1.5686 2.0564 2.5394 2.9999 3.3938 3.7264 3.9638 4.1503 4.2449 4.2919 4.2852 4.2188 4.1535 4.0265 3.9018 3.7560 3.5825 3.4133 3.2483 3.1027 2.9408 2.7737 2.6069 2.4516 2.3069 2.1645 2.0187 1.8977
16.5388 5.0767 1.5767 5.6011 13.5439 21.4647 26.7422 28.3744 26.9006 23.3158 18.4714 13.6836 9.4035 6.0110 3.5955 2.0763 1.2935 1.0876 1.2835 1.7297 2.3100 2.9017 3.4825 4.0245 4.4506 4.8014 5.0463 5.2193 5.2879 5.3199 5.2689 5.1881 5.0675 4.8966 4.7456 4.5407 4.3490 4.1435 3.9179 3.7097 3.5165 3.3450 3.1587 2.9684 2.7808 2.6076 2.4472 2.2921 2.1351 2.0047
10.3406 20.2203 28.7593 33.6040 34.2276 31.3737 26.3285 20.3620 14.6595 9.8219 6.0434 3.5041 2.0088 1.3566 1.3375 1.7467 2.3957 3.1562 3.9331 4.6641 5.3231 5.8189 6.2260 6.5544 6.7157 6.8126 6.8121 6.7631 6.6199 6.4656 6.2627 6.0537 5.8165 5.5413 5.3077 5.0369 4.7870 4.5288 4.2590 4.0168 3.7979 3.5938 3.3819 3.1761 2.9705 2.7803 2.6038 2.4360 2.2676 2.1273
41.1715 36.0458 29.0972 21.8011 15.1489 9.7359 5.7744 3.2258 1.9138 1.5625 1.8827 2.6536 3.6494 4.7041 5.7525 6.7369 7.5403 8.1770 8.6520 8.9981 9.2446 9.2878 9.2721 9.2174 8.9983 8.7732 8.4916 8.2044 7.8445 7.5042 7.1606 6.8357 6.4924 6.1233 5.8168 5.4904 5.1906 4.8863 4.5781 4.3072 4.0672 3.8327 3.5975 3.3791 3.1572 2.9514 2.7597 2.5800 2.4008 2.2510
4.5008 2.6155 2.0626 2.5204 3.6508 5.1661 6.8335 8.4488 9.9436 11.2713 12.2768 13.1305 13.7150 14.0346 14.2537 14.3949 14.2820 14.0303 13.6759 13.3060 12.9408 12.4267 11.9366 11.4823 10.8940 10.3732 9.8459 9.3565 8.8166 8.3241 7.8728 7.4602 7.0348 6.5924 6.2297 5.8633 5.5263 5.1872 4.8497 4.5564 4.2996 4.0396 3.7860 3.5595 3.3247 3.1059 2.9010 2.7110 2.5226 2.3647
30.7469 31.1530 31.2779 31.1538 30.7591 30.2049 29.4631 28.4788 27.4602 26.4538 25.2079 24.1344 22.9875 21.7720 20.7254 19.8249 18.7817 17.7409 16.7260 15.8202 15.0199 14.1290 13.3202 12.6029 11.8052 11.1162 10.4487 9.8358 9.2007 8.6438 8.1393 7.6824 7.2163 6.7368 6.3444 5.9558 5.6073 5.2620 4.9115 4.5979 4.3143 4.0510 3.7986 3.5774 3.3420 3.1212 2.9135 2.7210 2.5306 2.3719
