0.1260 0.0672 0.0066 0.0636 0.1421 0.0224 0.0839 0.0755 0.0513 0.0673 0.0725 0.0187 0.1013 0.0193 0.0316 0.0845 0.0316 0.0041 0.0460 0.0642 0.0328 0.0035 0.0082 0.0310 0.0441 0.0387 0.0224 0.0076 0.0010 0.0028 0.0092 0.0161 0.0209 0.0224 0.0214 0.0183 0.0144 0.0105 0.0070 0.0043 0.0023 0.0011 0.0005 0.0002 0.0003 0.0006 0.0010 0.0014 0.0017 0.0020
0.3903 0.2168 0.0229 0.1784 0.4278 0.0743 0.2425 0.2348 0.1466 0.2083 0.2118 0.0596 0.3037 0.0549 0.0981 0.2535 0.0922 0.0130 0.1398 0.1923 0.0968 0.0100 0.0255 0.0939 0.1325 0.1155 0.0666 0.0223 0.0029 0.0086 0.0279 0.0487 0.0628 0.0673 0.0641 0.0548 0.0431 0.0314 0.0210 0.0128 0.0069 0.0033 0.0013 0.0007 0.0010 0.0018 0.0029 0.0041 0.0051 0.0061
0.6870 0.4119 0.0529 0.2571 0.7151 0.1499 0.3729 0.4186 0.2204 0.3688 0.3337 0.1122 0.5047 0.0823 0.1745 0.4218 0.1453 0.0246 0.2391 0.3191 0.1563 0.0151 0.0451 0.1595 0.2215 0.1910 0.1089 0.0357 0.0047 0.0149 0.0475 0.0821 0.1052 0.1123 0.1067 0.0910 0.0714 0.0519 0.0346 0.0210 0.0114 0.0053 0.0022 0.0012 0.0017 0.0031 0.0049 0.0068 0.0086 0.0103
1.0205 0.6812 0.1190 0.2806 0.9945 0.2699 0.4564 0.6412 0.2601 0.5606 0.4263 0.1856 0.7008 0.0972 0.2679 0.5876 0.1862 0.0413 0.3472 0.4432 0.2081 0.0182 0.0688 0.2295 0.3114 0.2641 0.1478 0.0470 0.0062 0.0224 0.0688 0.1169 0.1485 0.1576 0.1491 0.1267 0.0990 0.0717 0.0476 0.0288 0.0155 0.0072 0.0030 0.0017 0.0025 0.0044 0.0070 0.0097 0.0122 0.0145
1.3646 1.0415 0.2603 0.2414 1.2413 0.4604 0.4764 0.9123 0.2579 0.7928 0.4779 0.2911 0.8853 0.0977 0.3855 0.7478 0.2109 0.0665 0.4672 0.5625 0.2493 0.0193 0.0987 0.3056 0.4021 0.3335 0.1823 0.0556 0.0074 0.0315 0.0922 0.1536 0.1930 0.2032 0.1910 0.1616 0.1257 0.0906 0.0599 0.0360 0.0193 0.0089 0.0036 0.0022 0.0033 0.0059 0.0092 0.0127 0.0159 0.0188
1.6477 1.4784 0.5287 0.1567 1.4128 0.7475 0.4251 1.2317 0.2140 1.0688 0.4789 0.4415 1.0473 0.0854 0.5342 0.8963 0.2166 0.1051 0.6010 0.6741 0.2772 0.0189 0.1369 0.3891 0.4932 0.3980 0.2109 0.0610 0.0087 0.0428 0.1186 0.1927 0.2387 0.2489 0.2323 0.1953 0.1511 0.1084 0.0712 0.0425 0.0225 0.0103 0.0042 0.0027 0.0042 0.0075 0.0116 0.0159 0.0198 0.0233
1.7535 1.9191 0.9700 0.0820 1.4529 1.1468 0.3121 1.5819 0.1432 1.3816 0.4255 0.6491 1.1710 0.0669 0.7194 1.0246 0.2026 0.1633 0.7494 0.7737 0.2895 0.0187 0.1861 0.4810 0.5838 0.4558 0.2326 0.0627 0.0103 0.0570 0.1485 0.2345 0.2858 0.2948 0.2728 0.2277 0.1750 0.1246 0.0813 0.0481 0.0252 0.0114 0.0047 0.0032 0.0053 0.0093 0.0142 0.0193 0.0238 0.0280
1.5619 2.2173 1.5832 0.1195 1.3107 1.6442 0.1770 1.9211 0.0801 1.7083 0.3246 0.9221 1.2371 0.0551 0.9431 1.1212 0.1709 0.2483 0.9115 0.8562 0.2848 0.0213 0.2490 0.5816 0.6725 0.5053 0.2463 0.0608 0.0129 0.0748 0.1825 0.2795 0.3344 0.3405 0.3119 0.2582 0.1969 0.1392 0.0900 0.0527 0.0272 0.0121 0.0050 0.0038 0.0065 0.0113 0.0171 0.0229 0.0282 0.0329
1.0473 2.1841 2.2669 0.4026 0.9754 2.1741 0.0962 2.1806 0.0820 2.0057 0.1997 1.2600 1.2263 0.0697 1.2013 1.1721 0.1274 0.3681 1.0834 0.9155 0.2630 0.0305 0.3283 0.6909 0.7572 0.5445 0.2511 0.0556 0.0173 0.0972 0.2212 0.3277 0.3842 0.3858 0.3495 0.2866 0.2166 0.1517 0.0972 0.0561 0.0286 0.0125 0.0053 0.0045 0.0079 0.0136 0.0202 0.0268 0.0327 0.0380
0.4066 1.6988 2.7853 1.0372 0.5241 2.6066 0.1790 2.2724 0.2230 2.2101 0.0960 1.6466 1.1246 0.1370 1.4809 1.1632 0.0833 0.5297 1.2581 0.9447 0.2256 0.0514 0.4267 0.8074 0.8352 0.5714 0.2467 0.0478 0.0247 0.1252 0.2652 0.3793 0.4352 0.4302 0.3851 0.3124 0.2338 0.1621 0.1026 0.0584 0.0292 0.0126 0.0055 0.0054 0.0096 0.0162 0.0237 0.0311 0.0376 0.0434
0.1074 0.8786 2.8246 1.9934 0.1571 2.7633 0.5395 2.1139 0.5752 2.2489 0.0805 2.0461 0.9319 0.2865 1.7602 1.0852 0.0555 0.7380 1.4257 0.9384 0.1768 0.0904 0.5467 0.9304 0.9046 0.5850 0.2333 0.0386 0.0365 0.1599 0.3154 0.4350 0.4877 0.4743 0.4189 0.3360 0.2488 0.1705 0.1065 0.0597 0.0292 0.0123 0.0057 0.0064 0.0116 0.0192 0.0276 0.0358 0.0429 0.0491
0.6870 0.1949 2.1922 2.9966 0.1750 2.4858 1.2381 1.6719 1.1748 2.0614 0.2323 2.3971 0.6682 0.5467 2.0093 0.9370 0.0662 0.9931 1.5718 0.8919 0.1230 0.1548 0.6904 1.0577 0.9626 0.5839 0.2115 0.0296 0.0545 0.2030 0.3730 0.4956 0.5425 0.5184 0.4515 0.3576 0.2616 0.1770 0.1089 0.0599 0.0287 0.0119 0.0060 0.0077 0.0140 0.0226 0.0320 0.0410 0.0486 0.0554
2.2170 0.3336 1.0827 3.5502 0.8390 1.7539 2.2058 1.0210 1.9774 1.6310 0.6187 2.6108 0.3809 0.9361 2.1879 0.7295 0.1407 1.2842 1.6739 0.8004 0.0740 0.2519 0.8558 1.1819 1.0027 0.5657 0.1821 0.0229 0.0807 0.2555 0.4381 0.5604 0.5983 0.5612 0.4815 0.3762 0.2716 0.1812 0.1097 0.0591 0.0276 0.0114 0.0065 0.0093 0.0168 0.0266 0.0369 0.0466 0.0549 0.0620
3.7824 1.6627 0.1988 3.1917 2.1211 0.8087 3.1899 0.3890 2.8220 1.0265 1.2597 2.5974 0.1515 1.4504 2.2558 0.4921 0.3043 1.5948 1.7140 0.6685 0.0434 0.3876 1.0390 1.2957 1.0201 0.5295 0.1471 0.0215 0.1174 0.3188 0.5110 0.6291 0.6545 0.6023 0.5085 0.3916 0.2787 0.1831 0.1088 0.0572 0.0260 0.0107 0.0071 0.0114 0.0202 0.0311 0.0424 0.0529 0.0616 0.0691
3.8943 3.5463 0.4608 1.9155 3.5297 0.1679 3.7763 0.1192 3.4486 0.4317 2.0891 2.2976 0.0848 2.0434 2.1706 0.2682 0.5799 1.9073 1.6843 0.5115 0.0480 0.5646 1.2317 1.3896 1.0102 0.4759 0.1097 0.0286 0.1667 0.3934 0.5912 0.7006 0.7100 0.6402 0.5315 0.4029 0.2822 0.1822 0.1059 0.0542 0.0239 0.0101 0.0081 0.0140 0.0242 0.0364 0.0486 0.0598 0.0689 0.0767
2.0985 4.3970 2.1481 0.5293 4.2190 0.4046 3.5588 0.5196 3.5989 0.1261 2.9302 1.7259 0.2833 2.6199 1.9011 0.1133 0.9802 2.2002 1.5857 0.3525 0.1050 0.7827 1.4239 1.4549 0.9703 0.4073 0.0743 0.0480 0.2306 0.4797 0.6777 0.7733 0.7628 0.6736 0.5492 0.4091 0.2815 0.1782 0.1011 0.0502 0.0214 0.0096 0.0096 0.0173 0.0291 0.0425 0.0557 0.0675 0.0770 0.0850
0.2751 3.0914 4.1903 0.2696 3.5876 1.7368 2.4571 1.6561 3.0920 0.3541 3.5605 1.0309 0.8099 3.0508 1.4595 0.0924 1.4836 2.4210 1.4047 0.2097 0.2317 1.0460 1.6129 1.4904 0.9038 0.3299 0.0468 0.0837 0.3106 0.5772 0.7690 0.8453 0.8113 0.7008 0.5604 0.4097 0.2764 0.1710 0.0943 0.0451 0.0187 0.0094 0.0118 0.0215 0.0349 0.0496 0.0637 0.0760 0.0858 0.0939
0.9908 0.8587 4.6677 1.7800 1.8725 3.6050 1.0497 3.2107 1.9692 1.1908 3.7382 0.4326 1.6379 3.2167 0.9289 0.2772 2.0357 2.4945 1.1208 0.0969 0.4388 1.3519 1.7917 1.4936 0.8143 0.2504 0.0336 0.1394 0.4079 0.6851 0.8634 0.9148 0.8540 0.7211 0.5651 0.4048 0.2673 0.1611 0.0860 0.0395 0.0162 0.0099 0.0149 0.0266 0.0417 0.0577 0.0725 0.0853 0.0952 0.1034
4.0353 0.3437 2.8565 4.1867 0.3168 4.8443 0.1628 4.4395 0.7512 2.5210 3.2330 0.1089 2.5883 3.0157 0.4332 0.6927 2.5450 2.3852 0.7820 0.0587 0.7122 1.6426 1.8990 1.4247 0.6866 0.1676 0.0367 0.2149 0.5190 0.7980 0.9548 0.9760 0.8866 0.7317 0.5615 0.3939 0.2541 0.1489 0.0766 0.0338 0.0141 0.0111 0.0189 0.0328 0.0496 0.0668 0.0823 0.0955 0.1055 0.1137
5.3924 3.0436 0.4699 5.3044 0.6470 4.3852 0.7771 4.6003 0.1392 3.9459 2.1696 0.4210 3.5186 2.4379 0.1223 1.3675 2.9712 2.1073 0.4483 0.1493 1.0865 1.9435 1.9600 1.3084 0.5409 0.0972 0.0686 0.3214 0.6542 0.9253 1.0512 1.0358 0.9142 0.7362 0.5520 0.3783 0.2376 0.1347 0.0664 0.0281 0.0127 0.0134 0.0242 0.0405 0.0590 0.0772 0.0933 0.1068 0.1167 0.1248
2.4858 5.7384 0.8607 3.5496 3.1479 2.2617 2.8914 3.3067 0.7764 4.7114 0.9325 1.4254 4.0476 1.5810 0.1734 2.2023 3.1745 1.6624 0.1858 0.3892 1.5223 2.2009 1.9420 1.1393 0.3876 0.0512 0.1354 0.4573 0.8063 1.0572 1.1431 1.0862 0.9312 0.7309 0.5348 0.3571 0.2176 0.1188 0.0558 0.0229 0.0124 0.0171 0.0311 0.0496 0.0697 0.0890 0.1056 0.1191 0.1288 0.1367
0.1444 4.2241 4.2887 0.7312 5.6479 0.3439 5.1380 1.3008 2.6288 4.2773 0.1744 2.8923 3.9086 0.7048 0.6898 3.0390 3.0710 1.1158 0.0722 0.7871 1.9819 2.3790 1.8343 0.9269 0.2428 0.0423 0.2432 0.6227 0.9721 1.1894 1.2267 1.1246 0.9359 0.7152 0.5096 0.3306 0.1947 0.1017 0.0454 0.0187 0.0135 0.0226 0.0397 0.0605 0.0821 0.1023 0.1191 0.1325 0.1419 0.1494
3.4219 0.6146 6.2694 0.7133 5.2968 0.8781 5.5778 0.1773 4.7412 2.7167 0.4873 4.2805 3.0474 0.1625 1.6459 3.6678 2.6346 0.5786 0.1777 1.3244 2.4120 2.4441 1.6350 0.6884 0.1259 0.0832 0.3960 0.8157 1.1467 1.3166 1.2976 1.1478 0.9268 0.6885 0.4766 0.2995 0.1695 0.0842 0.0357 0.0160 0.0165 0.0300 0.0503 0.0733 0.0963 0.1171 0.1339 0.1471 0.1560 0.1629
6.7661 1.5426 3.5124 4.2856 2.1665 3.9263 3.5302 1.2254 5.6515 0.9105 1.9909 4.9187 1.7343 0.2785 2.8450 3.8817 1.9268 0.1932 0.5441 1.9503 2.7516 2.3727 1.3563 0.4497 0.0585 0.1847 0.5947 1.0309 1.3228 1.4321 1.3513 1.1539 0.9033 0.6513 0.4368 0.2645 0.1429 0.0670 0.0274 0.0154 0.0219 0.0399 0.0633 0.0883 0.1124 0.1336 0.1503 0.1630 0.1712 0.1774
3.1874 6.2314 0.2854 6.8004 0.2233 6.4718 0.8305 4.0281 4.4877 0.1808 4.0684 4.3685 0.5486 1.1827 3.9387 3.5546 1.1077 0.1028 1.1651 2.5817 2.9374 2.1543 1.0227 0.2423 0.0621 0.3545 0.8360 1.2602 1.4916 1.5288 1.3833 1.1405 0.8646 0.6037 0.3908 0.2268 0.1160 0.0511 0.0214 0.0175 0.0302 0.0527 0.0790 0.1056 0.1305 0.1519 0.1681 0.1802 0.1875 0.1929
0.3029 5.9230 2.7023 4.2513 2.6687 5.3938 0.5273 6.3035 1.9782 1.3716 5.5498 2.7850 0.1603 2.6783 4.5289 2.7183 0.4168 0.4092 1.9708 3.1095 2.9155 1.7983 0.6724 0.1017 0.1554 0.5945 1.1122 1.4928 1.6437 1.6000 1.3894 1.1054 0.8102 0.5462 0.3396 0.1874 0.0900 0.0375 0.0186 0.0230 0.0418 0.0686 0.0975 0.1254 0.1507 0.1719 0.1875 0.1987 0.2049 0.2092
5.4875 0.9399 7.2312 0.4730 6.7230 1.7318 3.5358 5.7644 0.2664 3.9836 5.3910 1.0013 0.9729 4.2349 4.3250 1.6007 0.1147 1.1279 2.8264 3.4208 2.6616 1.3436 0.3584 0.0644 0.3508 0.8996 1.4101 1.7148 1.7682 1.6387 1.3663 1.0478 0.7406 0.4801 0.2849 0.1481 0.0662 0.0275 0.0197 0.0326 0.0574 0.0882 0.1192 0.1479 0.1733 0.1939 0.2085 0.2186 0.2234 0.2265
7.1458 2.2044 5.3951 2.2913 6.4550 0.4002 6.8505 2.6891 1.2276 6.1955 3.5174 0.1820 2.8024 5.1633 3.3141 0.5949 0.3953 2.1551 3.5511 3.4251 2.1931 0.8565 0.1406 0.1609 0.6505 1.2560 1.7115 1.9106 1.8544 1.6391 1.3118 0.9680 0.6577 0.4076 0.2289 0.1108 0.0464 0.0222 0.0259 0.0469 0.0774 0.1117 0.1443 0.1732 0.1982 0.2179 0.2312 0.2398 0.2431 0.2448
1.0214 7.8031 0.5552 7.3069 1.9550 3.8659 6.4205 0.3239 4.4435 6.1271 1.1692 1.1006 4.8290 4.9572 1.8533 0.1413 1.2931 3.2699 3.9592 3.0852 1.5773 0.4253 0.0772 0.4090 1.0443 1.6433 2.0001 2.0711 1.8991 1.6004 1.2278 0.8694 0.5649 0.3321 0.1744 0.0779 0.0322 0.0231 0.0380 0.0668 0.1022 0.1393 0.1729 0.2019 0.2258 0.2441 0.2561 0.2630 0.2644 0.2645
3.1002 5.0449 3.1410 6.4934 0.6622 7.6898 2.5146 1.7127 7.0392 3.6264 0.2322 3.4680 5.9217 3.5877 0.5795 0.5468 2.6249 4.1710 3.9093 2.4393 0.9282 0.1463 0.2126 0.8074 1.5064 2.0295 2.2459 2.1729 1.8875 1.5166 1.1133 0.7533 0.4650 0.2566 0.1243 0.0516 0.0255 0.0315 0.0571 0.0929 0.1324 0.1714 0.2053 0.2337 0.2561 0.2724 0.2827 0.2876 0.2869 0.2851
8.6251 0.3628 8.3830 1.1237 5.4595 6.0999 0.3100 5.7867 6.2723 0.8349 1.7795 5.8678 5.3217 1.6926 0.1818 1.8112 4.0037 4.5654 3.3658 1.6134 0.3918 0.1068 0.5659 1.3313 1.9968 2.3775 2.4228 2.2018 1.8145 1.3886 0.9722 0.6248 0.3628 0.1852 0.0819 0.0345 0.0282 0.0486 0.0840 0.1257 0.1681 0.2082 0.2415 0.2687 0.2888 0.3027 0.3110 0.3137 0.3105 0.3067
2.6216 5.8583 4.7369 2.0889 8.3939 1.2965 3.3582 7.8435 2.7161 0.5695 4.9141 6.5853 3.2570 0.3444 1.0354 3.5478 4.9472 4.2765 2.4351 0.8060 0.1166 0.3621 1.1208 1.9312 2.4639 2.6485 2.5077 2.1478 1.6795 1.2212 0.8110 0.4907 0.2643 0.1227 0.0508 0.0291 0.0419 0.0757 0.1194 0.1656 0.2098 0.2498 0.2816 0.3069 0.3242 0.3350 0.3410 0.3411 0.3352 0.3293
2.0452 8.1173 0.3992 8.1445 3.9313 1.2523 7.8511 5.1020 0.2980 3.5224 7.1328 4.9191 1.0128 0.4814 2.9174 5.0859 5.0660 3.3416 1.3665 0.2484 0.2171 0.9182 1.8261 2.5477 2.8650 2.8185 2.4893 2.0103 1.4893 1.0259 0.6408 0.3599 0.1764 0.0743 0.0348 0.0382 0.0687 0.1142 0.1646 0.2137 0.2582 0.2972 0.3266 0.3491 0.3631 0.3707 0.3736 0.3707 0.3618 0.3536
9.1515 1.1368 6.1308 6.6859 0.3639 6.6911 7.1832 0.9367 2.1727 7.0699 6.3868 2.0262 0.2307 2.2660 5.0009 5.7217 4.2334 2.0289 0.4879 0.1403 0.7375 1.7169 2.5869 3.0897 3.1317 2.8471 2.3535 1.7912 1.2522 0.8106 0.4700 0.2402 0.1053 0.0446 0.0372 0.0639 0.1100 0.1649 0.2198 0.2698 0.3130 0.3497 0.3757 0.3945 0.4045 0.4084 0.4079 0.4016 0.3896 0.3788
3.1375 3.8538 8.5223 0.6466 5.1331 8.5468 2.0936 1.1969 6.6004 7.5413 3.1589 0.2568 1.7141 4.8181 6.2091 5.0817 2.7174 0.8013 0.1286 0.5909 1.6247 2.6363 3.2829 3.4706 3.2167 2.7182 2.1047 1.5046 0.9850 0.5914 0.3117 0.1415 0.0583 0.0385 0.0612 0.1083 0.1668 0.2284 0.2852 0.3339 0.3741 0.4071 0.4286 0.4429 0.4484 0.4480 0.4436 0.4337 0.4183 0.4049
2.2158 9.3739 1.4833 3.8235 9.2498 3.2933 0.6585 6.0760 8.3435 4.2197 0.4489 1.3268 4.6763 6.6316 5.8194 3.3849 1.1317 0.1614 0.4953 1.5647 2.7267 3.5137 3.7923 3.6204 3.0947 2.4368 1.7640 1.1762 0.7114 0.3874 0.1804 0.0742 0.0424 0.0606 0.1099 0.1733 0.2406 0.3056 0.3617 0.4071 0.4425 0.4705 0.4863 0.4950 0.4953 0.4902 0.4817 0.4679 0.4488 0.4325
9.7587 2.2215 3.0809 9.6026 4.1684 0.4445 5.7784 8.9365 5.0137 0.6576 1.1307 4.6860 7.0976 6.4937 3.9422 1.4209 0.2065 0.4556 1.5822 2.8708 3.8180 4.1748 4.0132 3.4990 2.7674 2.0275 1.3638 0.8367 0.4567 0.2180 0.0900 0.0476 0.0637 0.1150 0.1858 0.2608 0.3328 0.3981 0.4506 0.4906 0.5198 0.5414 0.5501 0.5516 0.5461 0.5358 0.5228 0.5049 0.4819 0.4623
2.3248 3.0020 9.8609 4.4420 0.4156 5.9181 9.4005 5.3996 0.7307 1.1471 4.9459 7.6262 7.0767 4.3349 1.5814 0.2299 0.4765 1.7102 3.1295 4.1804 4.6286 4.4522 3.8732 3.1010 2.2658 1.5321 0.9424 0.5180 0.2455 0.1021 0.0532 0.0702 0.1273 0.2044 0.2902 0.3710 0.4428 0.5045 0.5503 0.5824 0.6037 0.6173 0.6176 0.6110 0.5990 0.5832 0.5654 0.5431 0.5161 0.4930
3.7544 10.1115 3.9326 0.5821 6.6665 9.7587 5.2183 0.5901 1.4435 5.6038 8.2654 7.4765 4.4678 1.5500 0.2103 0.5898 1.9912 3.5596 4.6742 5.1180 4.9317 4.2558 3.3738 2.4766 1.6562 1.0144 0.5529 0.2603 0.1065 0.0586 0.0819 0.1489 0.2371 0.3305 0.4235 0.5035 0.5701 0.6242 0.6602 0.6820 0.6935 0.6978 0.6885 0.6728 0.6538 0.6321 0.6092 0.5824 0.5512 0.5244
10.0746 2.6095 1.2822 8.1223 9.8241 4.3428 0.3213 2.2329 6.7733 9.0717 7.6154 4.2126 1.2790 0.1749 0.8660 2.5286 4.2218 5.3606 5.7146 5.3969 4.6282 3.6119 2.6042 1.7329 1.0367 0.5532 0.2532 0.1035 0.0654 0.1034 0.1858 0.2895 0.3970 0.4967 0.5891 0.6615 0.7173 0.7594 0.7818 0.7907 0.7908 0.7859 0.7674 0.7431 0.7168 0.6887 0.6594 0.6272 0.5911 0.5606
0.8050 3.2446 9.9759 8.9054 2.6809 0.3346 3.8460 8.4424 9.6990 7.2435 3.4492 0.7881 0.2451 1.4492 3.4076 5.1929 6.2109 6.3836 5.8377 4.8710 3.7448 2.6306 1.6967 0.9917 0.5041 0.2201 0.0931 0.0803 0.1421 0.2479 0.3705 0.4940 0.6066 0.7011 0.7841 0.8415 0.8810 0.9071 0.9125 0.9061 0.8933 0.8786 0.8505 0.8170 0.7831 0.7482 0.7119 0.6739 0.6328 0.5984
7.0855 10.9734 6.2511 0.7969 1.5328 6.5621 10.2029 9.5896 5.9439 2.1675 0.2990 0.7073 2.5725 4.7610 6.4321 7.2012 6.9997 6.1499 4.9367 3.6558 2.4945 1.5374 0.8471 0.4052 0.1661 0.0867 0.1173 0.2163 0.3494 0.4971 0.6364 0.7605 0.8630 0.9403 1.0051 1.0406 1.0585 1.0647 1.0501 1.0265 0.9997 0.9746 0.9364 0.8932 0.8515 0.8094 0.7659 0.7219 0.6756 0.6372
8.7482 2.2232 0.5819 4.9686 9.9299 10.9306 7.8949 3.5973 0.7405 0.3905 2.0421 4.5013 6.6536 7.8766 8.0618 7.3948 6.1339 4.6910 3.2958 2.1208 1.2302 0.6192 0.2669 0.1175 0.1134 0.2062 0.3540 0.5239 0.6910 0.8499 0.9813 1.0872 1.1651 1.2149 1.2545 1.2627 1.2549 1.2381 1.2020 1.1599 1.1179 1.0806 1.0309 0.9778 0.9277 0.8781 0.8268 0.7765 0.7246 0.6819
0.4526 4.6365 10.0510 11.6680 8.8411 4.2825 1.0019 0.3689 2.0291 4.7462 7.2517 8.8077 9.1613 8.4795 7.1611 5.5688 3.9647 2.5902 1.5216 0.7862 0.3488 0.1503 0.1313 0.2324 0.4009 0.6029 0.8083 0.9991 1.1587 1.2967 1.3966 1.4670 1.5071 1.5205 1.5292 1.5058 1.4689 1.4264 1.3675 1.3060 1.2478 1.1962 1.1338 1.0707 1.0118 0.9541 0.8946 0.8377 0.7800 0.7325
11.3651 11.8419 8.2258 3.5595 0.6845 0.6680 2.8818 5.9478 8.6008 10.1108 10.2791 9.4003 7.8356 5.9848 4.2161 2.7174 1.5675 0.7921 0.3452 0.1658 0.1813 0.3238 0.5400 0.7909 1.0342 1.2626 1.4572 1.6167 1.7282 1.8153 1.8626 1.8827 1.8742 1.8441 1.8173 1.7587 1.6899 1.6199 1.5371 1.4555 1.3808 1.3144 1.2390 1.1659 1.0982 1.0323 0.9645 0.9008 0.8371 0.7848
5.1177 1.3826 0.4498 2.2379 5.4803 8.6993 10.8757 11.6176 11.0520 9.5598 7.5740 5.5426 3.7132 2.2395 1.1977 0.5574 0.2525 0.2062 0.3381 0.5801 0.8784 1.1837 1.4766 1.7456 1.9547 2.1260 2.2462 2.3289 2.3591 2.3719 2.3529 2.3138 2.2503 2.1725 2.1076 2.0128 1.9123 1.8154 1.7102 1.6092 1.5181 1.4371 1.3491 1.2664 1.1899 1.1158 1.0396 0.9691 0.8993 0.8421
3.6856 7.3185 10.5573 12.5270 12.9424 11.9919 10.1318 7.8517 5.6128 3.6719 2.1609 1.1233 0.5193 0.2788 0.3146 0.5379 0.8702 1.2544 1.6388 2.0018 2.3268 2.5812 2.7849 2.9475 3.0338 3.0868 3.0912 3.0661 2.9945 2.9207 2.8326 2.7343 2.6157 2.4889 2.3852 2.2572 2.1291 2.0099 1.8876 1.7700 1.6632 1.5686 1.4691 1.3782 1.2926 1.2101 1.1260 1.0487 0.9725 0.9101
13.7665 12.2709 10.0660 7.6319 5.3176 3.3652 1.8992 0.9456 0.4678 0.3717 0.5579 0.9333 1.4132 1.9252 2.4280 2.8887 3.2800 3.6077 3.8518 4.0396 4.1731 4.2159 4.2185 4.2001 4.1193 4.0273 3.9013 3.7606 3.5853 3.4258 3.2742 3.1226 2.9539 2.7823 2.6435 2.4864 2.3344 2.1962 2.0600 1.9279 1.8067 1.6996 1.5894 1.4914 1.3973 1.3066 1.2149 1.1308 1.0484 0.9809
1.2376 0.6496 0.5015 0.7112 1.1820 1.8209 2.5412 3.2540 3.9434 4.5762 5.1357 5.6011 5.9482 6.1733 6.3134 6.3742 6.3512 6.2901 6.1702 6.0427 5.9004 5.6858 5.4661 5.2617 5.0240 4.8021 4.5640 4.3241 4.0623 3.8331 3.6326 3.4403 3.2328 3.0261 2.8598 2.6803 2.5101 2.3578 2.2116 2.0684 1.9354 1.8179 1.6991 1.5955 1.4945 1.3968 1.2980 1.2079 1.1198 1.0478
10.2112 10.6437 10.9711 11.2351 11.4210 11.5210 11.5074 11.3399 11.1452 10.9145 10.6370 10.3428 9.9975 9.6047 9.2082 8.8057 8.3737 7.9707 7.5603 7.1956 6.8582 6.4771 6.1099 5.7810 5.4421 5.1456 4.8514 4.5516 4.2445 3.9868 3.7538 3.5358 3.3127 3.0936 2.9171 2.7246 2.5456 2.3873 2.2334 2.0855 1.9504 1.8309 1.7103 1.6051 1.5060 1.4089 1.3047 1.2125 1.1236 1.0511
