0.1260 0.0672 0.0065 0.0635 0.1420 0.0223 0.0839 0.0755 0.0513 0.0673 0.0725 0.0186 0.1013 0.0192 0.0316 0.0845 0.0316 0.0041 0.0460 0.0642 0.0328 0.0035 0.0082 0.0310 0.0441 0.0387 0.0224 0.0076 0.0010 0.0028 0.0092 0.0161 0.0209 0.0224 0.0214 0.0183 0.0144 0.0105 0.0070 0.0043 0.0023 0.0011 0.0005 0.0002 0.0003 0.0006 0.0010 0.0014 0.0017 0.0020
0.3903 0.2168 0.0228 0.1782 0.4277 0.0743 0.2423 0.2349 0.1465 0.2084 0.2117 0.0596 0.3037 0.0548 0.0981 0.2534 0.0921 0.0130 0.1398 0.1923 0.0968 0.0099 0.0255 0.0939 0.1325 0.1155 0.0666 0.0222 0.0029 0.0086 0.0279 0.0487 0.0628 0.0673 0.0641 0.0548 0.0431 0.0314 0.0210 0.0128 0.0069 0.0033 0.0013 0.0007 0.0010 0.0018 0.0029 0.0041 0.0051 0.0061
0.6870 0.4120 0.0527 0.2568 0.7150 0.1498 0.3726 0.4187 0.2201 0.3689 0.3336 0.1121 0.5046 0.0821 0.1745 0.4216 0.1452 0.0246 0.2391 0.3190 0.1562 0.0150 0.0451 0.1595 0.2215 0.1910 0.1088 0.0357 0.0047 0.0149 0.0475 0.0821 0.1052 0.1123 0.1067 0.0910 0.0714 0.0519 0.0346 0.0210 0.0114 0.0053 0.0022 0.0012 0.0017 0.0031 0.0049 0.0069 0.0086 0.0103
1.0205 0.6814 0.1188 0.2801 0.9943 0.2699 0.4560 0.6413 0.2598 0.5607 0.4261 0.1855 0.7006 0.0970 0.2679 0.5875 0.1860 0.0413 0.3472 0.4431 0.2080 0.0182 0.0688 0.2296 0.3114 0.2640 0.1478 0.0470 0.0062 0.0224 0.0688 0.1169 0.1485 0.1576 0.1490 0.1267 0.0990 0.0717 0.0476 0.0288 0.0155 0.0072 0.0030 0.0017 0.0025 0.0044 0.0070 0.0097 0.0122 0.0145
1.3645 1.0418 0.2603 0.2409 1.2410 0.4603 0.4760 0.9124 0.2575 0.7930 0.4776 0.2911 0.8852 0.0975 0.3854 0.7475 0.2107 0.0665 0.4672 0.5624 0.2491 0.0192 0.0987 0.3057 0.4021 0.3335 0.1823 0.0556 0.0074 0.0315 0.0922 0.1536 0.1930 0.2032 0.1910 0.1616 0.1257 0.0906 0.0599 0.0360 0.0193 0.0089 0.0036 0.0022 0.0033 0.0059 0.0092 0.0127 0.0159 0.0188
1.6475 1.4787 0.5290 0.1561 1.4124 0.7475 0.4245 1.2318 0.2137 1.0691 0.4785 0.4416 1.0472 0.0852 0.5341 0.8960 0.2165 0.1051 0.6009 0.6739 0.2770 0.0189 0.1370 0.3892 0.4932 0.3980 0.2109 0.0610 0.0087 0.0428 0.1186 0.1927 0.2387 0.2490 0.2323 0.1953 0.1511 0.1084 0.0712 0.0425 0.0225 0.0103 0.0042 0.0027 0.0042 0.0075 0.0116 0.0159 0.0198 0.0233
1.7530 1.9192 0.9705 0.0815 1.4524 1.1469 0.3116 1.5819 0.1429 1.3819 0.4251 0.6493 1.1708 0.0667 0.7193 1.0244 0.2025 0.1633 0.7494 0.7735 0.2893 0.0187 0.1862 0.4810 0.5838 0.4558 0.2326 0.0627 0.0103 0.0570 0.1485 0.2346 0.2859 0.2948 0.2728 0.2277 0.1750 0.1246 0.0813 0.0481 0.0252 0.0114 0.0047 0.0032 0.0053 0.0093 0.0142 0.0193 0.0238 0.0280
1.5611 2.2169 1.5839 0.1195 1.3101 1.6443 0.1766 1.9210 0.0800 1.7086 0.3242 0.9225 1.2370 0.0549 0.9431 1.1210 0.1708 0.2484 0.9114 0.8560 0.2847 0.0213 0.2491 0.5817 0.6725 0.5053 0.2462 0.0608 0.0129 0.0749 0.1825 0.2795 0.3344 0.3405 0.3120 0.2582 0.1969 0.1392 0.0900 0.0527 0.0273 0.0121 0.0050 0.0038 0.0065 0.0113 0.0171 0.0229 0.0281 0.0328
1.0465 2.1834 2.2674 0.4032 0.9748 2.1744 0.0961 2.1803 0.0821 2.0058 0.1995 1.2606 1.2263 0.0697 1.2014 1.1720 0.1274 0.3682 1.0834 0.9153 0.2629 0.0305 0.3285 0.6910 0.7572 0.5445 0.2511 0.0556 0.0174 0.0973 0.2212 0.3278 0.3843 0.3858 0.3496 0.2866 0.2167 0.1517 0.0972 0.0561 0.0286 0.0125 0.0053 0.0045 0.0079 0.0136 0.0202 0.0268 0.0327 0.0380
0.4062 1.6981 2.7852 1.0382 0.5238 2.6068 0.1793 2.2720 0.2235 2.2100 0.0961 1.6474 1.1246 0.1372 1.4812 1.1632 0.0833 0.5298 1.2581 0.9445 0.2255 0.0515 0.4268 0.8076 0.8352 0.5714 0.2466 0.0478 0.0247 0.1252 0.2653 0.3794 0.4353 0.4303 0.3851 0.3125 0.2339 0.1621 0.1026 0.0584 0.0292 0.0126 0.0055 0.0054 0.0096 0.0162 0.0237 0.0311 0.0376 0.0434
0.1078 0.8783 2.8242 1.9945 0.1573 2.7635 0.5402 2.1136 0.5760 2.2486 0.0809 2.0469 0.9318 0.2869 1.7609 1.0853 0.0556 0.7382 1.4258 0.9383 0.1767 0.0905 0.5469 0.9305 0.9046 0.5849 0.2332 0.0386 0.0365 0.1600 0.3155 0.4351 0.4879 0.4744 0.4190 0.3361 0.2488 0.1705 0.1065 0.0597 0.0292 0.0123 0.0057 0.0064 0.0116 0.0192 0.0276 0.0358 0.0429 0.0491
0.6878 0.1953 2.1918 2.9971 0.1757 2.4859 1.2391 1.6718 1.1756 2.0610 0.2329 2.3976 0.6680 0.5474 2.0101 0.9372 0.0664 0.9934 1.5720 0.8918 0.1231 0.1550 0.6906 1.0578 0.9625 0.5838 0.2114 0.0295 0.0545 0.2031 0.3732 0.4958 0.5427 0.5185 0.4516 0.3576 0.2616 0.1770 0.1089 0.0599 0.0287 0.0119 0.0060 0.0077 0.0140 0.0226 0.0320 0.0410 0.0486 0.0554
2.2176 0.3342 1.0827 3.5502 0.8398 1.7536 2.2068 1.0211 1.9782 1.6307 0.6195 2.6110 0.3806 0.9370 2.1886 0.7295 0.1410 1.2848 1.6742 0.8003 0.0741 0.2521 0.8561 1.1820 1.0026 0.5655 0.1820 0.0229 0.0808 0.2557 0.4383 0.5606 0.5984 0.5613 0.4816 0.3763 0.2716 0.1812 0.1097 0.0591 0.0276 0.0114 0.0065 0.0093 0.0168 0.0266 0.0369 0.0467 0.0549 0.0620
3.7827 1.6629 0.1988 3.1914 2.1219 0.8079 3.1906 0.3888 2.8227 1.0262 1.2606 2.5970 0.1512 1.4512 2.2559 0.4918 0.3047 1.5955 1.7142 0.6684 0.0435 0.3879 1.0393 1.2957 1.0200 0.5293 0.1470 0.0215 0.1175 0.3189 0.5111 0.6292 0.6546 0.6023 0.5085 0.3916 0.2786 0.1830 0.1087 0.0572 0.0259 0.0107 0.0071 0.0114 0.0202 0.0311 0.0424 0.0529 0.0616 0.0691
3.8940 3.5465 0.4601 1.9146 3.5302 0.1670 3.7761 0.1185 3.4487 0.4312 2.0898 2.2967 0.0846 2.0439 2.1699 0.2675 0.5802 1.9076 1.6841 0.5112 0.0481 0.5649 1.2319 1.3895 1.0100 0.4756 0.1096 0.0287 0.1668 0.3936 0.5913 0.7007 0.7100 0.6402 0.5315 0.4028 0.2821 0.1821 0.1059 0.0542 0.0239 0.0101 0.0081 0.0140 0.0242 0.0364 0.0486 0.0598 0.0689 0.0767
2.0967 4.3966 2.1479 0.5273 4.2182 0.4045 3.5574 0.5190 3.5978 0.1252 2.9301 1.7244 0.2835 2.6201 1.8999 0.1126 0.9802 2.1999 1.5849 0.3519 0.1050 0.7829 1.4238 1.4546 0.9699 0.4070 0.0742 0.0481 0.2307 0.4798 0.6777 0.7733 0.7628 0.6735 0.5491 0.4091 0.2815 0.1781 0.1011 0.0501 0.0214 0.0096 0.0096 0.0173 0.0291 0.0425 0.0557 0.0675 0.0770 0.0850
0.2728 3.0889 4.1907 0.2684 3.5853 1.7370 2.4546 1.6569 3.0901 0.3534 3.5594 1.0293 0.8103 3.0503 1.4581 0.0922 1.4840 2.4206 1.4039 0.2092 0.2315 1.0459 1.6125 1.4899 0.9033 0.3296 0.0467 0.0837 0.3107 0.5773 0.7690 0.8453 0.8112 0.7007 0.5604 0.4097 0.2764 0.1710 0.0942 0.0451 0.0187 0.0094 0.0118 0.0215 0.0349 0.0496 0.0637 0.0760 0.0858 0.0939
0.9916 0.8571 4.6660 1.7814 1.8706 3.6057 1.0484 3.2113 1.9674 1.1922 3.7380 0.4322 1.6382 3.2157 0.9280 0.2778 2.0366 2.4947 1.1206 0.0969 0.4389 1.3520 1.7916 1.4934 0.8141 0.2503 0.0336 0.1395 0.4080 0.6851 0.8634 0.9147 0.8539 0.7211 0.5650 0.4048 0.2672 0.1611 0.0860 0.0395 0.0162 0.0099 0.0149 0.0266 0.0417 0.0577 0.0725 0.0853 0.0952 0.1035
4.0371 0.3450 2.8556 4.1887 0.3167 4.8452 0.1630 4.4408 0.7503 2.5233 3.2321 0.1091 2.5903 3.0151 0.4325 0.6939 2.5462 2.3849 0.7812 0.0588 0.7132 1.6434 1.8992 1.4244 0.6861 0.1674 0.0367 0.2152 0.5194 0.7984 0.9550 0.9761 0.8866 0.7317 0.5614 0.3938 0.2540 0.1489 0.0766 0.0337 0.0141 0.0111 0.0189 0.0328 0.0496 0.0668 0.0823 0.0955 0.1055 0.1137
5.3924 3.0454 0.4695 5.3045 0.6484 4.3843 0.7786 4.5999 0.1392 3.9475 2.1680 0.4220 3.5198 2.4366 0.1220 1.3690 2.9718 2.1064 0.4475 0.1497 1.0875 1.9441 1.9599 1.3079 0.5404 0.0970 0.0687 0.3217 0.6546 0.9256 1.0514 1.0358 0.9142 0.7361 0.5519 0.3782 0.2375 0.1347 0.0664 0.0281 0.0127 0.0134 0.0242 0.0405 0.0590 0.0772 0.0934 0.1068 0.1167 0.1248
2.4845 5.7389 0.8617 3.5479 3.1498 2.2597 2.8934 3.3047 0.7776 4.7114 0.9308 1.4269 4.0477 1.5793 0.1737 2.2037 3.1743 1.6611 0.1852 0.3898 1.5232 2.2012 1.9416 1.1386 0.3871 0.0511 0.1356 0.4576 0.8066 1.0575 1.1432 1.0862 0.9311 0.7308 0.5346 0.3570 0.2175 0.1188 0.0558 0.0229 0.0124 0.0171 0.0311 0.0497 0.0698 0.0890 0.1056 0.1191 0.1289 0.1367
0.1438 4.2223 4.2901 0.7294 5.6484 0.3425 5.1388 1.2985 2.6305 4.2755 0.1735 2.8938 3.9072 0.7032 0.6906 3.0398 3.0700 1.1144 0.0720 0.7879 1.9825 2.3789 1.8336 0.9261 0.2423 0.0423 0.2434 0.6231 0.9724 1.1896 1.2267 1.1245 0.9358 0.7150 0.5094 0.3305 0.1946 0.1017 0.0454 0.0187 0.0135 0.0226 0.0397 0.0605 0.0822 0.1023 0.1191 0.1325 0.1419 0.1494
3.4227 0.6125 6.2686 0.7133 5.2947 0.8784 5.5762 0.1762 4.7420 2.7138 0.4875 4.2810 3.0451 0.1616 1.6469 3.6677 2.6329 0.5774 0.1778 1.3251 2.4122 2.4435 1.6341 0.6876 0.1255 0.0833 0.3963 0.8160 1.1469 1.3167 1.2975 1.1477 0.9266 0.6883 0.4765 0.2994 0.1694 0.0841 0.0356 0.0160 0.0165 0.0300 0.0503 0.0734 0.0963 0.1171 0.1340 0.1471 0.1560 0.1629
6.7654 1.5425 3.5091 4.2864 2.1630 3.9273 3.5267 1.2258 5.6501 0.9078 1.9918 4.9175 1.7316 0.2784 2.8457 3.8806 1.9248 0.1923 0.5445 1.9508 2.7513 2.3718 1.3553 0.4490 0.0583 0.1849 0.5949 1.0311 1.3229 1.4320 1.3511 1.1537 0.9030 0.6511 0.4366 0.2644 0.1428 0.0669 0.0274 0.0154 0.0219 0.0399 0.0633 0.0883 0.1124 0.1336 0.1503 0.1630 0.1712 0.1774
3.1838 6.2315 0.2828 6.7991 0.2213 6.4709 0.8273 4.0288 4.4843 0.1795 4.0689 4.3659 0.5465 1.1831 3.9386 3.5527 1.1058 0.1024 1.1656 2.5818 2.9367 2.1532 1.0217 0.2417 0.0621 0.3547 0.8362 1.2603 1.4916 1.5286 1.3830 1.1403 0.8644 0.6035 0.3907 0.2266 0.1160 0.0511 0.0214 0.0175 0.0302 0.0527 0.0790 0.1056 0.1305 0.1519 0.1681 0.1802 0.1875 0.1929
0.3008 5.9197 2.7024 4.2471 2.6690 5.3901 0.5262 6.3025 1.9744 1.3718 5.5488 2.7817 0.1593 2.6787 4.5277 2.7159 0.4154 0.4093 1.9711 3.1091 2.9144 1.7971 0.6716 0.1013 0.1555 0.5947 1.1124 1.4928 1.6435 1.5997 1.3891 1.1051 0.8099 0.5460 0.3395 0.1873 0.0899 0.0375 0.0186 0.0230 0.0419 0.0686 0.0975 0.1254 0.1507 0.1719 0.1875 0.1987 0.2049 0.2092
5.4878 0.9358 7.2305 0.4696 6.7226 1.7275 3.5363 5.7609 0.2641 3.9840 5.3882 0.9985 0.9729 4.2347 4.3229 1.5985 0.1139 1.1281 2.8264 3.4200 2.6603 1.3424 0.3577 0.0642 0.3509 0.8997 1.4101 1.7147 1.7679 1.6384 1.3660 1.0475 0.7404 0.4799 0.2848 0.1480 0.0662 0.0275 0.0197 0.0326 0.0574 0.0882 0.1192 0.1479 0.1733 0.1939 0.2085 0.2186 0.2234 0.2265
7.1427 2.2042 5.3907 2.2913 6.4513 0.3987 6.8498 2.6848 1.2275 6.1946 3.5138 0.1806 2.8028 5.1621 3.3116 0.5933 0.3951 2.1553 3.5506 3.4240 2.1918 0.8555 0.1402 0.1609 0.6506 1.2560 1.7114 1.9104 1.8541 1.6388 1.3115 0.9678 0.6575 0.4075 0.2288 0.1108 0.0463 0.0222 0.0259 0.0469 0.0774 0.1117 0.1443 0.1732 0.1982 0.2179 0.2312 0.2398 0.2431 0.2448
1.0174 7.8026 0.5519 7.3068 1.9507 3.8667 6.4170 0.3217 4.4442 6.1244 1.1664 1.1007 4.8290 4.9552 1.8511 0.1405 1.2934 3.2699 3.9584 3.0840 1.5762 0.4246 0.0770 0.4091 1.0444 1.6433 2.0000 2.0708 1.8988 1.6001 1.2275 0.8691 0.5648 0.3320 0.1744 0.0779 0.0322 0.0231 0.0380 0.0669 0.1023 0.1393 0.1730 0.2019 0.2258 0.2441 0.2561 0.2630 0.2644 0.2645
3.1011 5.0406 3.1420 6.4897 0.6617 7.6892 2.5108 1.7133 7.0385 3.6231 0.2313 3.4688 5.9207 3.5854 0.5781 0.5469 2.6253 4.1707 3.9084 2.4382 0.9274 0.1460 0.2126 0.8075 1.5065 2.0295 2.2458 2.1727 1.8872 1.5163 1.1131 0.7531 0.4649 0.2565 0.1243 0.0516 0.0255 0.0315 0.0571 0.0929 0.1324 0.1714 0.2053 0.2337 0.2561 0.2724 0.2827 0.2876 0.2869 0.2851
8.6239 0.3617 8.3825 1.1210 5.4611 6.0966 0.3093 5.7879 6.2698 0.8330 1.7805 5.8681 5.3200 1.6909 0.1816 1.8118 4.0040 4.5649 3.3648 1.6125 0.3913 0.1067 0.5661 1.3315 1.9969 2.3775 2.4227 2.2016 1.8143 1.3884 0.9720 0.6247 0.3628 0.1851 0.0819 0.0345 0.0282 0.0486 0.0840 0.1257 0.1681 0.2082 0.2415 0.2687 0.2888 0.3027 0.3110 0.3137 0.3105 0.3067
2.6186 5.8604 4.7336 2.0908 8.3928 1.2945 3.3603 7.8428 2.7137 0.5702 4.9155 6.5845 3.2552 0.3439 1.0362 3.5487 4.9473 4.2759 2.4343 0.8055 0.1165 0.3623 1.1211 1.9315 2.4640 2.6485 2.5076 2.1477 1.6793 1.2211 0.8109 0.4906 0.2642 0.1227 0.0508 0.0291 0.0419 0.0757 0.1195 0.1656 0.2098 0.2498 0.2816 0.3069 0.3242 0.3350 0.3410 0.3411 0.3352 0.3293
2.0476 8.1156 0.3999 8.1458 3.9289 1.2542 7.8523 5.0999 0.2981 3.5246 7.1333 4.9177 1.0120 0.4822 2.9188 5.0867 5.0659 3.3409 1.3660 0.2483 0.2174 0.9186 1.8266 2.5481 2.8652 2.8186 2.4893 2.0103 1.4892 1.0258 0.6408 0.3599 0.1763 0.0743 0.0348 0.0382 0.0688 0.1143 0.1647 0.2137 0.2583 0.2972 0.3266 0.3491 0.3631 0.3707 0.3736 0.3707 0.3618 0.3536
9.1520 1.1365 6.1337 6.6842 0.3652 6.6937 7.1820 0.9364 2.1753 7.0715 6.3862 2.0254 0.2315 2.2678 5.0023 5.7222 4.2331 2.0285 0.4878 0.1406 0.7381 1.7176 2.5875 3.0902 3.1320 2.8472 2.3536 1.7912 1.2521 0.8106 0.4700 0.2402 0.1053 0.0446 0.0372 0.0639 0.1100 0.1649 0.2198 0.2698 0.3131 0.3497 0.3757 0.3945 0.4045 0.4084 0.4079 0.4016 0.3896 0.3788
3.1368 3.8571 8.5218 0.6473 5.1364 8.5467 2.0932 1.1994 6.6029 7.5414 3.1582 0.2576 1.7162 4.8201 6.2101 5.0817 2.7171 0.8012 0.1289 0.5917 1.6256 2.6372 3.2836 3.4711 3.2171 2.7184 2.1048 1.5046 0.9850 0.5914 0.3117 0.1415 0.0584 0.0385 0.0613 0.1083 0.1669 0.2284 0.2852 0.3340 0.3741 0.4071 0.4286 0.4429 0.4484 0.4480 0.4437 0.4337 0.4183 0.4049
2.2189 9.3742 1.4838 3.8270 9.2505 3.2929 0.6610 6.0790 8.3442 4.2193 0.4497 1.3290 4.6787 6.6330 5.8197 3.3847 1.1317 0.1619 0.4962 1.5658 2.7278 3.5147 3.7931 3.6209 3.0949 2.4369 1.7641 1.1762 0.7114 0.3874 0.1804 0.0742 0.0424 0.0606 0.1099 0.1734 0.2407 0.3057 0.3617 0.4071 0.4425 0.4706 0.4864 0.4950 0.4954 0.4902 0.4817 0.4679 0.4488 0.4325
9.7594 2.2220 3.0840 9.6036 4.1682 0.4468 5.7815 8.9375 5.0134 0.6583 1.1330 4.6886 7.0993 6.4942 3.9421 1.4209 0.2070 0.4566 1.5835 2.8721 3.8192 4.1757 4.0138 3.4993 2.7676 2.0276 1.3638 0.8367 0.4566 0.2180 0.0900 0.0477 0.0637 0.1150 0.1859 0.2609 0.3329 0.3981 0.4507 0.4906 0.5199 0.5415 0.5501 0.5517 0.5461 0.5359 0.5228 0.5049 0.4820 0.4623
2.3253 3.0045 9.8617 4.4419 0.4176 5.9208 9.4014 5.3993 0.7314 1.1493 4.9485 7.6279 7.0771 4.3347 1.5813 0.2304 0.4776 1.7117 3.1310 4.1816 4.6295 4.4529 3.8735 3.1011 2.2659 1.5321 0.9424 0.5179 0.2455 0.1022 0.0532 0.0703 0.1274 0.2045 0.2903 0.3711 0.4429 0.5046 0.5504 0.5825 0.6038 0.6174 0.6176 0.6111 0.5990 0.5833 0.5654 0.5431 0.5161 0.4930
3.7561 10.1120 3.9325 0.5837 6.6686 9.7592 5.2179 0.5907 1.4455 5.6061 8.2667 7.4767 4.4674 1.5499 0.2108 0.5909 1.9926 3.5611 4.6754 5.1189 4.9322 4.2560 3.3738 2.4765 1.6561 1.0143 0.5528 0.2603 0.1065 0.0587 0.0820 0.1490 0.2373 0.3307 0.4236 0.5036 0.5702 0.6243 0.6603 0.6820 0.6936 0.6978 0.6885 0.6729 0.6538 0.6322 0.6093 0.5824 0.5512 0.5244
10.0745 2.6091 1.2832 8.1236 9.8240 4.3421 0.3217 2.2346 6.7750 9.0725 7.6152 4.2120 1.2787 0.1753 0.8671 2.5300 4.2231 5.3617 5.7153 5.3973 4.6283 3.6118 2.6040 1.7327 1.0365 0.5531 0.2532 0.1035 0.0654 0.1035 0.1860 0.2896 0.3971 0.4969 0.5892 0.6616 0.7174 0.7595 0.7819 0.7907 0.7909 0.7860 0.7675 0.7431 0.7168 0.6887 0.6594 0.6272 0.5911 0.5606
0.8043 3.2450 9.9762 8.9047 2.6800 0.3348 3.8472 8.4434 9.6990 7.2427 3.4483 0.7877 0.2454 1.4501 3.4088 5.1940 6.2117 6.3840 5.8378 4.8708 3.7445 2.6303 1.6964 0.9915 0.5039 0.2200 0.0931 0.0804 0.1422 0.2481 0.3707 0.4942 0.6068 0.7012 0.7842 0.8417 0.8811 0.9072 0.9125 0.9061 0.8934 0.8787 0.8505 0.8170 0.7831 0.7482 0.7120 0.6739 0.6328 0.5984
7.0854 10.9729 6.2497 0.7957 1.5327 6.5626 10.2029 9.5888 5.9426 2.1663 0.2985 0.7076 2.5732 4.7619 6.4328 7.2016 6.9997 6.1496 4.9362 3.6553 2.4940 1.5370 0.8468 0.4050 0.1660 0.0867 0.1173 0.2164 0.3496 0.4972 0.6366 0.7607 0.8631 0.9404 1.0052 1.0407 1.0586 1.0648 1.0502 1.0266 0.9997 0.9747 0.9364 0.8933 0.8515 0.8095 0.7659 0.7219 0.6756 0.6372
8.7467 2.2213 0.5807 4.9684 9.9298 10.9298 7.8933 3.5956 0.7393 0.3900 2.0422 4.5017 6.6540 7.8768 8.0616 7.3943 6.1333 4.6902 3.2950 2.1202 1.2297 0.6189 0.2666 0.1173 0.1133 0.2063 0.3540 0.5240 0.6911 0.8500 0.9814 1.0874 1.1652 1.2150 1.2546 1.2628 1.2550 1.2382 1.2020 1.1600 1.1179 1.0806 1.0309 0.9779 0.9277 0.8781 0.8268 0.7765 0.7246 0.6819
0.4507 4.6357 10.0505 11.6671 8.8393 4.2805 1.0002 0.3678 2.0287 4.7462 7.2518 8.8076 9.1609 8.4789 7.1602 5.5679 3.9638 2.5893 1.5209 0.7856 0.3483 0.1501 0.1311 0.2323 0.4009 0.6029 0.8084 0.9992 1.1588 1.2968 1.3967 1.4671 1.5072 1.5206 1.5293 1.5058 1.4689 1.4264 1.3675 1.3060 1.2478 1.1962 1.1338 1.0707 1.0118 0.9541 0.8947 0.8377 0.7800 0.7325
11.3646 11.8408 8.2239 3.5573 0.6826 0.6668 2.8812 5.9476 8.6007 10.1105 10.2785 9.3994 7.8345 5.9836 4.2149 2.7164 1.5665 0.7914 0.3447 0.1653 0.1810 0.3237 0.5399 0.7908 1.0343 1.2627 1.4573 1.6167 1.7283 1.8154 1.8627 1.8828 1.8742 1.8442 1.8174 1.7587 1.6900 1.6199 1.5371 1.4555 1.3808 1.3144 1.2391 1.1659 1.0982 1.0323 0.9645 0.9008 0.8371 0.7848
5.1155 1.3805 0.4482 2.2370 5.4798 8.6990 10.8753 11.6170 11.0512 9.5586 7.5727 5.5413 3.7120 2.2384 1.1967 0.5565 0.2518 0.2057 0.3377 0.5798 0.8783 1.1836 1.4766 1.7456 1.9547 2.1261 2.2462 2.3289 2.3591 2.3720 2.3530 2.3139 2.2503 2.1726 2.1076 2.0129 1.9123 1.8154 1.7102 1.6092 1.5181 1.4371 1.3491 1.2665 1.1899 1.1158 1.0396 0.9691 0.8993 0.8421
3.6849 7.3182 10.5571 12.5267 12.9418 11.9910 10.1307 7.8504 5.6115 3.6706 2.1597 1.1222 0.5184 0.2780 0.3140 0.5374 0.8699 1.2542 1.6387 2.0017 2.3268 2.5812 2.7848 2.9475 3.0338 3.0869 3.0912 3.0661 2.9945 2.9207 2.8326 2.7343 2.6157 2.4889 2.3852 2.2572 2.1291 2.0099 1.8876 1.7700 1.6632 1.5686 1.4691 1.3782 1.2926 1.2101 1.1260 1.0487 0.9725 0.9101
13.7659 12.2701 10.0649 7.6308 5.3163 3.3640 1.8981 0.9446 0.4670 0.3709 0.5573 0.9329 1.4128 1.9249 2.4278 2.8885 3.2799 3.6077 3.8517 4.0395 4.1731 4.2159 4.2185 4.2001 4.1193 4.0273 3.9013 3.7606 3.5853 3.4258 3.2742 3.1226 2.9539 2.7823 2.6435 2.4864 2.3344 2.1962 2.0600 1.9279 1.8067 1.6996 1.5894 1.4914 1.3973 1.3066 1.2149 1.1308 1.0484 0.9809
1.2368 0.6489 0.5009 0.7106 1.1815 1.8205 2.5409 3.2537 3.9432 4.5760 5.1356 5.6010 5.9481 6.1732 6.3134 6.3742 6.3512 6.2901 6.1702 6.0427 5.9004 5.6858 5.4661 5.2617 5.0240 4.8021 4.5640 4.3241 4.0623 3.8331 3.6326 3.4403 3.2328 3.0261 2.8598 2.6803 2.5101 2.3578 2.2116 2.0684 1.9354 1.8179 1.6991 1.5955 1.4945 1.3968 1.2980 1.2079 1.1198 1.0478
10.2111 10.6437 10.9711 11.2350 11.4210 11.5210 11.5074 11.3399 11.1452 10.9145 10.6370 10.3428 9.9975 9.6047 9.2082 8.8057 8.3737 7.9707 7.5603 7.1956 6.8582 6.4771 6.1099 5.7810 5.4421 5.1456 4.8514 4.5516 4.2445 3.9868 3.7538 3.5358 3.3127 3.0936 2.9171 2.7246 2.5456 2.3873 2.2334 2.0855 1.9504 1.8309 1.7103 1.6051 1.5060 1.4089 1.3047 1.2125 1.1236 1.0511
