0.1263 0.0675 0.0065 0.0631 0.1419 0.0223 0.0836 0.0757 0.0511 0.0674 0.0723 0.0186 0.1011 0.0190 0.0316 0.0844 0.0314 0.0041 0.0460 0.0642 0.0327 0.0035 0.0082 0.0310 0.0441 0.0386 0.0224 0.0076 0.0010 0.0028 0.0092 0.0161 0.0208 0.0224 0.0214 0.0183 0.0144 0.0105 0.0070 0.0043 0.0023 0.0011 0.0005 0.0002 0.0003 0.0006 0.0010 0.0014 0.0017 0.0020
0.3910 0.2178 0.0228 0.1768 0.4273 0.0743 0.2415 0.2353 0.1459 0.2086 0.2111 0.0594 0.3030 0.0541 0.0979 0.2530 0.0916 0.0130 0.1399 0.1922 0.0967 0.0099 0.0255 0.0939 0.1325 0.1155 0.0666 0.0223 0.0029 0.0085 0.0278 0.0486 0.0627 0.0672 0.0640 0.0548 0.0431 0.0314 0.0210 0.0128 0.0069 0.0033 0.0013 0.0007 0.0010 0.0018 0.0029 0.0041 0.0051 0.0061
0.6879 0.4136 0.0532 0.2547 0.7142 0.1499 0.3712 0.4193 0.2192 0.3694 0.3327 0.1119 0.5034 0.0811 0.1742 0.4208 0.1443 0.0245 0.2392 0.3189 0.1560 0.0150 0.0451 0.1595 0.2215 0.1910 0.1089 0.0357 0.0047 0.0149 0.0474 0.0819 0.1051 0.1122 0.1066 0.0910 0.0713 0.0518 0.0346 0.0210 0.0114 0.0053 0.0022 0.0012 0.0017 0.0031 0.0049 0.0068 0.0086 0.0103
1.0213 0.6834 0.1201 0.2776 0.9929 0.2702 0.4539 0.6422 0.2587 0.5615 0.4250 0.1854 0.6992 0.0957 0.2674 0.5862 0.1849 0.0411 0.3474 0.4430 0.2077 0.0181 0.0688 0.2295 0.3114 0.2641 0.1479 0.0471 0.0062 0.0223 0.0686 0.1167 0.1484 0.1575 0.1490 0.1266 0.0990 0.0717 0.0476 0.0288 0.0155 0.0073 0.0030 0.0017 0.0025 0.0044 0.0070 0.0097 0.0122 0.0145
1.3647 1.0439 0.2628 0.2385 1.2388 0.4611 0.4731 0.9135 0.2563 0.7939 0.4765 0.2914 0.8836 0.0962 0.3848 0.7457 0.2093 0.0663 0.4672 0.5622 0.2488 0.0191 0.0987 0.3057 0.4021 0.3335 0.1824 0.0557 0.0074 0.0314 0.0921 0.1534 0.1928 0.2031 0.1909 0.1615 0.1257 0.0906 0.0600 0.0360 0.0193 0.0089 0.0037 0.0022 0.0033 0.0059 0.0092 0.0127 0.0159 0.0188
1.6462 1.4803 0.5326 0.1549 1.4093 0.7488 0.4210 1.2328 0.2125 1.0701 0.4775 0.4424 1.0458 0.0842 0.5333 0.8938 0.2149 0.1049 0.6009 0.6735 0.2766 0.0188 0.1370 0.3892 0.4932 0.3980 0.2110 0.0610 0.0087 0.0427 0.1185 0.1926 0.2386 0.2489 0.2323 0.1953 0.1512 0.1084 0.0713 0.0425 0.0226 0.0103 0.0042 0.0027 0.0042 0.0075 0.0116 0.0159 0.0198 0.0233
1.7497 1.9197 0.9745 0.0826 1.4488 1.1487 0.3080 1.5826 0.1419 1.3829 0.4245 0.6508 1.1699 0.0663 0.7185 1.0220 0.2009 0.1631 0.7491 0.7730 0.2889 0.0186 0.1862 0.4811 0.5839 0.4559 0.2327 0.0628 0.0103 0.0569 0.1484 0.2345 0.2858 0.2948 0.2728 0.2278 0.1751 0.1247 0.0814 0.0481 0.0253 0.0114 0.0047 0.0032 0.0052 0.0093 0.0142 0.0193 0.0238 0.0280
1.5559 2.2158 1.5871 0.1232 1.3069 1.6463 0.1740 1.9208 0.0794 1.7092 0.3242 0.9247 1.2368 0.0554 0.9427 1.1190 0.1696 0.2481 0.9109 0.8553 0.2842 0.0212 0.2491 0.5818 0.6726 0.5054 0.2463 0.0609 0.0130 0.0749 0.1825 0.2796 0.3345 0.3407 0.3121 0.2584 0.1971 0.1393 0.0901 0.0527 0.0273 0.0122 0.0050 0.0038 0.0065 0.0113 0.0170 0.0229 0.0281 0.0328
1.0421 2.1802 2.2690 0.4083 0.9735 2.1760 0.0957 2.1789 0.0822 2.0059 0.2001 1.2629 1.2267 0.0712 1.2019 1.1710 0.1269 0.3680 1.0826 0.9144 0.2624 0.0304 0.3285 0.6910 0.7573 0.5446 0.2512 0.0557 0.0174 0.0973 0.2213 0.3279 0.3845 0.3860 0.3498 0.2868 0.2169 0.1519 0.0973 0.0562 0.0286 0.0125 0.0053 0.0045 0.0079 0.0136 0.0202 0.0268 0.0327 0.0380
0.4066 1.6935 2.7854 1.0425 0.5253 2.6079 0.1821 2.2695 0.2244 2.2097 0.0970 1.6492 1.1254 0.1397 1.4829 1.1638 0.0838 0.5297 1.2574 0.9438 0.2252 0.0514 0.4268 0.8076 0.8353 0.5715 0.2467 0.0479 0.0248 0.1253 0.2654 0.3796 0.4355 0.4305 0.3854 0.3127 0.2341 0.1623 0.1027 0.0585 0.0293 0.0126 0.0055 0.0054 0.0096 0.0162 0.0237 0.0311 0.0376 0.0434
0.1138 0.8759 2.8222 1.9971 0.1605 2.7641 0.5456 2.1115 0.5780 2.2479 0.0818 2.0477 0.9326 0.2900 1.7636 1.0871 0.0569 0.7388 1.4257 0.9382 0.1767 0.0905 0.5469 0.9306 0.9047 0.5850 0.2333 0.0386 0.0366 0.1601 0.3156 0.4352 0.4880 0.4745 0.4192 0.3362 0.2489 0.1706 0.1065 0.0597 0.0292 0.0124 0.0057 0.0064 0.0116 0.0192 0.0276 0.0358 0.0429 0.0491
0.6941 0.1983 2.1882 2.9989 0.1781 2.4860 1.2452 1.6721 1.1785 2.0601 0.2336 2.3977 0.6686 0.5499 2.0124 0.9391 0.0683 0.9951 1.5733 0.8926 0.1233 0.1551 0.6906 1.0579 0.9627 0.5840 0.2115 0.0296 0.0545 0.2031 0.3732 0.4957 0.5426 0.5184 0.4515 0.3576 0.2615 0.1770 0.1089 0.0599 0.0287 0.0119 0.0060 0.0077 0.0140 0.0226 0.0320 0.0410 0.0487 0.0554
2.2208 0.3398 1.0819 3.5501 0.8415 1.7531 2.2108 1.0234 1.9818 1.6306 0.6205 2.6111 0.3807 0.9377 2.1890 0.7303 0.1430 1.2876 1.6766 0.8017 0.0746 0.2523 0.8563 1.1822 1.0029 0.5657 0.1821 0.0229 0.0807 0.2555 0.4381 0.5603 0.5982 0.5611 0.4814 0.3761 0.2715 0.1811 0.1096 0.0590 0.0275 0.0114 0.0065 0.0093 0.0168 0.0266 0.0370 0.0467 0.0549 0.0620
3.7846 1.6668 0.2015 3.1906 2.1246 0.8067 3.1914 0.3900 2.8268 1.0276 1.2620 2.5975 0.1510 1.4505 2.2545 0.4911 0.3060 1.5978 1.7161 0.6693 0.0440 0.3883 1.0398 1.2963 1.0205 0.5296 0.1471 0.0215 0.1173 0.3187 0.5108 0.6289 0.6543 0.6020 0.5083 0.3914 0.2785 0.1829 0.1087 0.0572 0.0259 0.0107 0.0071 0.0114 0.0202 0.0312 0.0424 0.0529 0.0616 0.0691
3.8914 3.5493 0.4628 1.9151 3.5327 0.1673 3.7759 0.1180 3.4504 0.4315 2.0921 2.2979 0.0845 2.0435 2.1689 0.2667 0.5799 1.9071 1.6832 0.5106 0.0483 0.5658 1.2330 1.3905 1.0107 0.4760 0.1097 0.0286 0.1666 0.3933 0.5910 0.7005 0.7098 0.6401 0.5314 0.4027 0.2821 0.1821 0.1059 0.0542 0.0239 0.0101 0.0081 0.0140 0.0242 0.0364 0.0486 0.0598 0.0689 0.0767
2.0977 4.3966 2.1518 0.5263 4.2210 0.4058 3.5579 0.5201 3.5959 0.1239 2.9325 1.7253 0.2834 2.6204 1.9005 0.1128 0.9791 2.1976 1.5825 0.3506 0.1048 0.7834 1.4246 1.4552 0.9704 0.4072 0.0742 0.0480 0.2305 0.4796 0.6776 0.7733 0.7628 0.6736 0.5492 0.4091 0.2816 0.1782 0.1011 0.0502 0.0214 0.0096 0.0096 0.0173 0.0291 0.0425 0.0557 0.0674 0.0769 0.0850
0.2739 3.0900 4.1921 0.2716 3.5836 1.7385 2.4561 1.6572 3.0910 0.3546 3.5581 1.0275 0.8100 3.0515 1.4596 0.0926 1.4834 2.4203 1.4042 0.2095 0.2312 1.0451 1.6116 1.4893 0.9031 0.3294 0.0466 0.0836 0.3106 0.5771 0.7689 0.8453 0.8113 0.7008 0.5605 0.4098 0.2765 0.1711 0.0943 0.0451 0.0187 0.0094 0.0118 0.0215 0.0349 0.0496 0.0637 0.0760 0.0858 0.0939
0.9918 0.8590 4.6651 1.7803 1.8732 3.6054 1.0484 3.2106 1.9693 1.1906 3.7385 0.4339 1.6374 3.2155 0.9285 0.2765 2.0349 2.4946 1.1216 0.0976 0.4389 1.3517 1.7915 1.4935 0.8144 0.2504 0.0336 0.1393 0.4078 0.6850 0.8633 0.9148 0.8540 0.7212 0.5652 0.4049 0.2673 0.1612 0.0860 0.0395 0.0162 0.0099 0.0149 0.0266 0.0417 0.0577 0.0725 0.0853 0.0952 0.1034
4.0329 0.3421 2.8579 4.1839 0.3171 4.8430 0.1627 4.4377 0.7527 2.5177 3.2344 0.1087 2.5856 3.0166 0.4343 0.6908 2.5434 2.3859 0.7832 0.0585 0.7109 1.6414 1.8987 1.4253 0.6873 0.1680 0.0366 0.2144 0.5184 0.7975 0.9544 0.9759 0.8866 0.7318 0.5616 0.3940 0.2542 0.1490 0.0767 0.0338 0.0141 0.0111 0.0189 0.0328 0.0496 0.0667 0.0823 0.0955 0.1055 0.1137
5.3924 3.0410 0.4709 5.3044 0.6453 4.3868 0.7751 4.6012 0.1393 3.9437 2.1723 0.4197 3.5169 2.4400 0.1228 1.3654 2.9705 2.1088 0.4495 0.1488 1.0851 1.9427 1.9602 1.3092 0.5417 0.0975 0.0684 0.3209 0.6536 0.9249 1.0509 1.0357 0.9143 0.7364 0.5522 0.3784 0.2377 0.1348 0.0665 0.0281 0.0127 0.0134 0.0242 0.0404 0.0589 0.0772 0.0933 0.1068 0.1167 0.1248
2.4880 5.7378 0.8595 3.5525 3.1452 2.2650 2.8886 3.3099 0.7749 4.7116 0.9351 1.4232 4.0477 1.5838 0.1730 2.2005 3.1749 1.6644 0.1866 0.3883 1.5211 2.2006 1.9427 1.1404 0.3884 0.0514 0.1351 0.4568 0.8058 1.0569 1.1430 1.0863 0.9314 0.7312 0.5350 0.3573 0.2177 0.1189 0.0559 0.0229 0.0124 0.0171 0.0310 0.0496 0.0697 0.0890 0.1055 0.1191 0.1288 0.1366
0.1456 4.2269 4.2869 0.7341 5.6473 0.3462 5.1369 1.3045 2.6266 4.2802 0.1759 2.8903 3.9107 0.7073 0.6886 3.0380 3.0727 1.1180 0.0726 0.7861 1.9811 2.3793 1.8354 0.9281 0.2434 0.0423 0.2428 0.6222 0.9717 1.1892 1.2267 1.1247 0.9362 0.7155 0.5098 0.3308 0.1948 0.1018 0.0454 0.0187 0.0135 0.0225 0.0396 0.0605 0.0821 0.1022 0.1190 0.1325 0.1419 0.1494
3.4209 0.6180 6.2707 0.7136 5.3002 0.8778 5.5804 0.1793 4.7403 2.7212 0.4871 4.2800 3.0511 0.1640 1.6445 3.6681 2.6372 0.5806 0.1776 1.3234 2.4118 2.4450 1.6364 0.6896 0.1264 0.0831 0.3956 0.8153 1.1465 1.3166 1.2977 1.1481 0.9271 0.6888 0.4769 0.2997 0.1696 0.0843 0.0357 0.0160 0.0165 0.0300 0.0503 0.0733 0.0963 0.1171 0.1339 0.1471 0.1560 0.1629
6.7673 1.5429 3.5176 4.2844 2.1720 3.9249 3.5356 1.2249 5.6537 0.9146 1.9897 4.9206 1.7384 0.2788 2.8441 3.8835 1.9298 0.1946 0.5436 1.9497 2.7520 2.3741 1.3579 0.4508 0.0588 0.1845 0.5943 1.0306 1.3227 1.4322 1.3516 1.1543 0.9036 0.6516 0.4370 0.2647 0.1431 0.0671 0.0275 0.0154 0.0219 0.0399 0.0633 0.0883 0.1124 0.1336 0.1502 0.1630 0.1712 0.1774
3.1930 6.2313 0.2896 6.8025 0.2264 6.4732 0.8354 4.0271 4.4929 0.1828 4.0678 4.3726 0.5518 1.1821 3.9390 3.5577 1.1105 0.1034 1.1645 2.5816 2.9386 2.1561 1.0243 0.2431 0.0623 0.3543 0.8357 1.2600 1.4917 1.5291 1.3837 1.1410 0.8650 0.6040 0.3911 0.2269 0.1161 0.0511 0.0215 0.0175 0.0302 0.0526 0.0789 0.1056 0.1305 0.1518 0.1681 0.1802 0.1875 0.1928
0.3063 5.9280 2.7022 4.2578 2.6683 5.3995 0.5288 6.3051 1.9840 1.3714 5.5514 2.7900 0.1618 2.6777 4.5308 2.7219 0.4189 0.4093 1.9704 3.1101 2.9172 1.8002 0.6738 0.1022 0.1554 0.5943 1.1121 1.4928 1.6439 1.6004 1.3899 1.1059 0.8106 0.5465 0.3399 0.1875 0.0901 0.0376 0.0186 0.0230 0.0418 0.0686 0.0975 0.1254 0.1507 0.1719 0.1875 0.1987 0.2049 0.2092
5.4870 0.9460 7.2323 0.4782 6.7236 1.7383 3.5350 5.7696 0.2698 3.9830 5.3951 1.0055 0.9729 4.2352 4.3282 1.6041 0.1158 1.1276 2.8265 3.4221 2.6635 1.3453 0.3594 0.0647 0.3507 0.8994 1.4101 1.7150 1.7686 1.6392 1.3668 1.0482 0.7410 0.4803 0.2851 0.1482 0.0663 0.0275 0.0197 0.0325 0.0574 0.0882 0.1192 0.1479 0.1733 0.1939 0.2085 0.2186 0.2234 0.2265
7.1504 2.2046 5.4017 2.2911 6.4605 0.4025 6.8516 2.6954 1.2277 6.1968 3.5227 0.1839 2.8018 5.1650 3.3178 0.5973 0.3955 2.1547 3.5517 3.4268 2.1950 0.8579 0.1413 0.1610 0.6504 1.2559 1.7116 1.9109 1.8548 1.6396 1.3123 0.9684 0.6580 0.4078 0.2291 0.1109 0.0464 0.0222 0.0259 0.0469 0.0774 0.1117 0.1443 0.1732 0.1982 0.2179 0.2312 0.2398 0.2431 0.2448
1.0273 7.8038 0.5600 7.3071 1.9613 3.8645 6.4255 0.3270 4.4425 6.1311 1.1733 1.1003 4.8290 4.9602 1.8566 0.1424 1.2927 3.2699 3.9603 3.0870 1.5789 0.4262 0.0775 0.4089 1.0442 1.6433 2.0003 2.0714 1.8995 1.6008 1.2282 0.8697 0.5652 0.3323 0.1745 0.0780 0.0322 0.0231 0.0380 0.0668 0.1022 0.1393 0.1729 0.2019 0.2258 0.2441 0.2561 0.2630 0.2644 0.2645
3.0986 5.0512 3.1393 6.4989 0.6627 7.6906 2.5201 1.7116 7.0401 3.6312 0.2333 3.4668 5.9231 3.5911 0.5815 0.5467 2.6243 4.1713 3.9107 2.4410 0.9294 0.1469 0.2126 0.8072 1.5063 2.0295 2.2461 2.1733 1.8879 1.5169 1.1136 0.7535 0.4652 0.2567 0.1244 0.0517 0.0255 0.0315 0.0571 0.0929 0.1324 0.1714 0.2053 0.2337 0.2561 0.2724 0.2827 0.2876 0.2869 0.2851
8.6266 0.3642 8.3835 1.1277 5.4569 6.1047 0.3108 5.7848 6.2760 0.8376 1.7779 5.8672 5.3242 1.6952 0.1821 1.8101 4.0031 4.5660 3.3672 1.6146 0.3925 0.1069 0.5657 1.3310 1.9966 2.3775 2.4230 2.2020 1.8147 1.3889 0.9724 0.6250 0.3629 0.1852 0.0819 0.0345 0.0282 0.0486 0.0840 0.1256 0.1681 0.2082 0.2415 0.2687 0.2888 0.3027 0.3110 0.3137 0.3105 0.3067
2.6258 5.8551 4.7416 2.0860 8.3954 1.2993 3.3549 7.8445 2.7195 0.5684 4.9117 6.5862 3.2595 0.3452 1.0342 3.5464 4.9469 4.2774 2.4363 0.8068 0.1168 0.3617 1.1202 1.9308 2.4636 2.6484 2.5077 2.1479 1.6796 1.2214 0.8112 0.4908 0.2643 0.1227 0.0508 0.0291 0.0419 0.0757 0.1194 0.1656 0.2098 0.2498 0.2816 0.3069 0.3241 0.3350 0.3410 0.3411 0.3352 0.3293
2.0416 8.1197 0.3979 8.1424 3.9346 1.2492 7.8493 5.1049 0.2977 3.5190 7.1319 4.9210 1.0139 0.4801 2.9152 5.0847 5.0661 3.3424 1.3672 0.2486 0.2167 0.9175 1.8254 2.5471 2.8646 2.8183 2.4892 2.0103 1.4893 1.0259 0.6409 0.3600 0.1764 0.0743 0.0348 0.0381 0.0687 0.1142 0.1646 0.2137 0.2582 0.2972 0.3266 0.3491 0.3630 0.3707 0.3736 0.3707 0.3618 0.3536
9.1507 1.1372 6.1265 6.6882 0.3617 6.6872 7.1848 0.9370 2.1688 7.0672 6.3877 2.0273 0.2295 2.2632 4.9986 5.7210 4.2338 2.0295 0.4881 0.1398 0.7366 1.7158 2.5859 3.0890 3.1312 2.8468 2.3534 1.7912 1.2522 0.8107 0.4700 0.2402 0.1053 0.0445 0.0371 0.0638 0.1099 0.1649 0.2198 0.2698 0.3130 0.3497 0.3757 0.3944 0.4045 0.4084 0.4079 0.4016 0.3896 0.3788
3.1383 3.8488 8.5230 0.6453 5.1281 8.5469 2.0942 1.1929 6.5965 7.5411 3.1598 0.2557 1.7109 4.8150 6.2076 5.0816 2.7178 0.8014 0.1279 0.5898 1.6233 2.6350 3.2817 3.4698 3.2162 2.7180 2.1046 1.5046 0.9850 0.5914 0.3117 0.1415 0.0583 0.0385 0.0612 0.1082 0.1668 0.2283 0.2851 0.3339 0.3740 0.4071 0.4286 0.4429 0.4484 0.4480 0.4436 0.4337 0.4183 0.4049
2.2112 9.3733 1.4824 3.8184 9.2487 3.2937 0.6548 6.0715 8.3424 4.2204 0.4478 1.3234 4.6726 6.6294 5.8189 3.3851 1.1317 0.1607 0.4939 1.5630 2.7249 3.5123 3.7913 3.6197 3.0942 2.4366 1.7640 1.1762 0.7114 0.3874 0.1804 0.0742 0.0423 0.0605 0.1098 0.1732 0.2405 0.3055 0.3616 0.4070 0.4424 0.4705 0.4863 0.4950 0.4953 0.4902 0.4817 0.4679 0.4488 0.4325
9.7577 2.2208 3.0763 9.6011 4.1687 0.4411 5.7738 8.9350 5.0142 0.6565 1.1272 4.6821 7.0951 6.4930 3.9424 1.4209 0.2057 0.4541 1.5802 2.8688 3.8163 4.1735 4.0124 3.4985 2.7672 2.0275 1.3638 0.8368 0.4567 0.2180 0.0899 0.0476 0.0636 0.1148 0.1857 0.2607 0.3327 0.3980 0.4505 0.4905 0.5197 0.5413 0.5500 0.5516 0.5460 0.5358 0.5228 0.5049 0.4819 0.4623
2.3241 2.9984 9.8596 4.4422 0.4127 5.9140 9.3992 5.4001 0.7297 1.1438 4.9421 7.6238 7.0760 4.3352 1.5815 0.2291 0.4748 1.7081 3.1274 4.1785 4.6272 4.4513 3.8727 3.1008 2.2658 1.5321 0.9425 0.5180 0.2455 0.1021 0.0531 0.0701 0.1272 0.2042 0.2900 0.3708 0.4427 0.5043 0.5502 0.5823 0.6036 0.6172 0.6175 0.6110 0.5989 0.5832 0.5654 0.5431 0.5161 0.4930
3.7521 10.1109 3.9329 0.5797 6.6634 9.7580 5.2190 0.5893 1.4405 5.6005 8.2634 7.4763 4.4683 1.5502 0.2096 0.5881 1.9890 3.5575 4.6723 5.1167 4.9309 4.2554 3.3737 2.4767 1.6563 1.0145 0.5530 0.2603 0.1065 0.0585 0.0818 0.1487 0.2369 0.3304 0.4233 0.5033 0.5699 0.6240 0.6601 0.6819 0.6934 0.6977 0.6884 0.6728 0.6537 0.6321 0.6092 0.5824 0.5511 0.5244
10.0748 2.6100 1.2807 8.1206 9.8243 4.3438 0.3207 2.2305 6.7708 9.0706 7.6158 4.2136 1.2794 0.1743 0.8645 2.5266 4.2198 5.3590 5.7136 5.3964 4.6281 3.6120 2.6045 1.7332 1.0369 0.5534 0.2533 0.1034 0.0653 0.1033 0.1856 0.2893 0.3968 0.4965 0.5889 0.6613 0.7171 0.7593 0.7817 0.7906 0.7907 0.7858 0.7674 0.7430 0.7167 0.6886 0.6594 0.6271 0.5911 0.5606
0.8061 3.2442 9.9755 8.9066 2.6824 0.3344 3.8444 8.4411 9.6990 7.2447 3.4507 0.7887 0.2446 1.4479 3.4059 5.1913 6.2098 6.3830 5.8377 4.8712 3.7452 2.6311 1.6971 0.9921 0.5043 0.2202 0.0931 0.0802 0.1419 0.2477 0.3703 0.4938 0.6064 0.7009 0.7839 0.8413 0.8808 0.9069 0.9123 0.9060 0.8932 0.8786 0.8504 0.8169 0.7831 0.7481 0.7119 0.6739 0.6328 0.5984
7.0858 10.9742 6.2533 0.7987 1.5330 6.5613 10.2028 9.5908 5.9459 2.1693 0.2998 0.7071 2.5715 4.7598 6.4311 7.2008 6.9997 6.1503 4.9374 3.6566 2.4953 1.5381 0.8476 0.4055 0.1663 0.0868 0.1172 0.2162 0.3492 0.4969 0.6362 0.7603 0.8628 0.9401 1.0049 1.0404 1.0584 1.0646 1.0500 1.0265 0.9996 0.9746 0.9363 0.8932 0.8515 0.8094 0.7659 0.7219 0.6756 0.6372
8.7504 2.2262 0.5838 4.9690 9.9301 10.9319 7.8972 3.5999 0.7424 0.3913 2.0420 4.5007 6.6530 7.8764 8.0620 7.3955 6.1350 4.6921 3.2969 2.1218 1.2310 0.6198 0.2673 0.1177 0.1135 0.2062 0.3538 0.5237 0.6908 0.8497 0.9811 1.0870 1.1649 1.2147 1.2543 1.2625 1.2548 1.2380 1.2019 1.1598 1.1178 1.0805 1.0308 0.9778 0.9277 0.8781 0.8268 0.7765 0.7246 0.6818
0.4554 4.6377 10.0516 11.6695 8.8437 4.2857 1.0045 0.3705 2.0298 4.7462 7.2516 8.8079 9.1619 8.4806 7.1624 5.5703 3.9662 2.5916 1.5227 0.7871 0.3494 0.1508 0.1315 0.2325 0.4009 0.6028 0.8082 0.9990 1.1585 1.2965 1.3964 1.4669 1.5070 1.5204 1.5291 1.5057 1.4688 1.4263 1.3674 1.3059 1.2478 1.1962 1.1338 1.0706 1.0117 0.9540 0.8946 0.8377 0.7799 0.7325
11.3659 11.8437 8.2287 3.5628 0.6873 0.6699 2.8827 5.9482 8.6011 10.1114 10.2800 9.4017 7.8373 5.9866 4.2178 2.7190 1.5688 0.7933 0.3461 0.1664 0.1817 0.3241 0.5401 0.7909 1.0342 1.2625 1.4571 1.6166 1.7281 1.8152 1.8625 1.8826 1.8741 1.8441 1.8173 1.7586 1.6899 1.6198 1.5371 1.4555 1.3808 1.3144 1.2390 1.1659 1.0982 1.0323 0.9645 0.9008 0.8371 0.7848
5.1209 1.3857 0.4522 2.2393 5.4809 8.6997 10.8762 11.6184 11.0534 9.5614 7.5759 5.5446 3.7152 2.2413 1.1992 0.5586 0.2535 0.2069 0.3386 0.5805 0.8787 1.1838 1.4767 1.7456 1.9547 2.1260 2.2461 2.3288 2.3590 2.3719 2.3529 2.3138 2.2503 2.1725 2.1075 2.0128 1.9123 1.8153 1.7101 1.6092 1.5181 1.4371 1.3491 1.2664 1.1899 1.1158 1.0396 0.9691 0.8993 0.8421
3.6865 7.3189 10.5575 12.5275 12.9433 11.9932 10.1336 7.8536 5.6149 3.6739 2.1627 1.1249 0.5206 0.2799 0.3155 0.5385 0.8707 1.2548 1.6391 2.0020 2.3269 2.5813 2.7849 2.9475 3.0338 3.0868 3.0912 3.0661 2.9945 2.9206 2.8326 2.7343 2.6157 2.4889 2.3852 2.2572 2.1291 2.0099 1.8876 1.7700 1.6632 1.5686 1.4691 1.3782 1.2926 1.2101 1.1260 1.0487 0.9725 0.9101
13.7672 12.2721 10.0675 7.6337 5.3194 3.3670 1.9009 0.9471 0.4691 0.3728 0.5588 0.9341 1.4137 1.9256 2.4283 2.8889 3.2801 3.6079 3.8518 4.0396 4.1731 4.2160 4.2185 4.2001 4.1193 4.0273 3.9013 3.7606 3.5853 3.4258 3.2742 3.1226 2.9539 2.7823 2.6435 2.4864 2.3344 2.1962 2.0600 1.9279 1.8067 1.6996 1.5894 1.4914 1.3973 1.3066 1.2149 1.1308 1.0484 0.9809
1.2388 0.6507 0.5024 0.7120 1.1827 1.8215 2.5416 3.2543 3.9436 4.5764 5.1359 5.6012 5.9483 6.1733 6.3135 6.3742 6.3513 6.2901 6.1702 6.0428 5.9005 5.6858 5.4661 5.2617 5.0240 4.8021 4.5640 4.3241 4.0623 3.8331 3.6326 3.4403 3.2328 3.0261 2.8598 2.6803 2.5101 2.3578 2.2116 2.0684 1.9354 1.8179 1.6991 1.5955 1.4945 1.3968 1.2980 1.2079 1.1198 1.0478
10.2112 10.6438 10.9712 11.2351 11.4210 11.5210 11.5074 11.3399 11.1452 10.9145 10.6370 10.3428 9.9975 9.6047 9.2082 8.8057 8.3737 7.9707 7.5603 7.1956 6.8582 6.4771 6.1099 5.7810 5.4421 5.1456 4.8514 4.5516 4.2445 3.9868 3.7538 3.5358 3.3127 3.0936 2.9171 2.7246 2.5456 2.3873 2.2334 2.0855 1.9504 1.8309 1.7103 1.6051 1.5060 1.4089 1.3047 1.2125 1.1236 1.0511
