0.1568 0.0318 0.1062 0.3905 0.2691 0.0326 0.3712 0.0308 0.3135 0.0419 0.2879 0.0677 0.0844 0.1845 0.0807 0.0207 0.0436 0.1128 0.1704 0.1467 0.0693 0.0236 0.0407 0.0813 0.0971 0.0778 0.0415 0.0123 0.0022 0.0100 0.0269 0.0438 0.0548 0.0580 0.0548 0.0467 0.0367 0.0266 0.0177 0.0107 0.0058 0.0027 0.0011 0.0007 0.0010 0.0018 0.0029 0.0039 0.0049 0.0058
0.5194 0.1115 0.2878 1.1476 0.8382 0.0858 1.1102 0.1023 0.9333 0.1298 0.8642 0.1929 0.2617 0.5491 0.2330 0.0624 0.1376 0.3455 0.5147 0.4390 0.2057 0.0696 0.1217 0.2427 0.2891 0.2306 0.1221 0.0357 0.0065 0.0306 0.0816 0.1321 0.1649 0.1740 0.1642 0.1398 0.1098 0.0795 0.0528 0.0319 0.0172 0.0080 0.0034 0.0021 0.0031 0.0055 0.0086 0.0118 0.0148 0.0175
1.0347 0.2538 0.3854 1.8248 1.4957 0.1110 1.8319 0.2081 1.5277 0.2325 1.4390 0.2888 0.4642 0.8993 0.3591 0.1066 0.2521 0.5990 0.8678 0.7276 0.3350 0.1121 0.2013 0.4005 0.4737 0.3747 0.1959 0.0558 0.0109 0.0535 0.1391 0.2228 0.2763 0.2902 0.2732 0.2318 0.1817 0.1312 0.0870 0.0525 0.0282 0.0131 0.0055 0.0035 0.0053 0.0094 0.0145 0.0199 0.0249 0.0294
1.8138 0.5457 0.3765 2.3456 2.2838 0.1163 2.5023 0.3860 2.0673 0.3683 2.0023 0.3414 0.7077 1.2206 0.4451 0.1604 0.4024 0.8851 1.2318 1.0064 0.4506 0.1482 0.2785 0.5520 0.6461 0.5043 0.2584 0.0706 0.0158 0.0804 0.2014 0.3174 0.3899 0.4070 0.3813 0.3223 0.2518 0.1812 0.1196 0.0718 0.0383 0.0177 0.0074 0.0049 0.0076 0.0134 0.0207 0.0283 0.0352 0.0415
2.9440 1.1245 0.2993 2.6125 3.2081 0.1503 3.0566 0.6925 2.5068 0.5671 2.5315 0.3459 1.0056 1.4927 0.4836 0.2389 0.6053 1.2106 1.6019 1.2649 0.5442 0.1745 0.3518 0.6944 0.8011 0.6139 0.3056 0.0788 0.0221 0.1134 0.2711 0.4179 0.5069 0.5247 0.4884 0.4107 0.3193 0.2287 0.1502 0.0896 0.0475 0.0217 0.0091 0.0064 0.0101 0.0178 0.0272 0.0370 0.0458 0.0539
4.4070 2.1512 0.2868 2.5304 4.2079 0.3158 3.3970 1.2016 2.7841 0.8712 2.9871 0.3112 1.3647 1.6894 0.4789 0.3669 0.8763 1.5742 1.9637 1.4856 0.6047 0.1880 0.4211 0.8255 0.9341 0.6985 0.3346 0.0799 0.0315 0.1553 0.3508 0.5265 0.6287 0.6439 0.5945 0.4967 0.3838 0.2732 0.1783 0.1056 0.0554 0.0251 0.0106 0.0079 0.0130 0.0226 0.0342 0.0462 0.0570 0.0667
5.9572 3.7192 0.5843 2.0630 5.1253 0.7653 3.4081 1.9900 2.8292 1.3326 3.3131 0.2649 1.7803 1.7825 0.4529 0.5780 1.2246 1.9610 2.2897 1.6438 0.6201 0.1872 0.4882 0.9454 1.0428 0.7555 0.3441 0.0750 0.0467 0.2097 0.4438 0.6457 0.7568 0.7653 0.6998 0.5799 0.4449 0.3144 0.2036 0.1194 0.0619 0.0277 0.0118 0.0096 0.0161 0.0279 0.0418 0.0560 0.0686 0.0801
7.0372 5.6895 1.5046 1.3180 5.6988 1.6632 3.0007 3.1035 2.5861 2.0010 3.4426 0.2559 2.2294 1.7504 0.4503 0.9091 1.6453 2.3369 2.5380 1.7092 0.5794 0.1755 0.5604 1.0589 1.1288 0.7853 0.3355 0.0669 0.0715 0.2802 0.5534 0.7777 0.8926 0.8895 0.8043 0.6604 0.5023 0.3520 0.2258 0.1310 0.0669 0.0295 0.0129 0.0114 0.0198 0.0338 0.0501 0.0664 0.0809 0.0940
6.9013 7.5172 3.2742 0.6268 5.6210 3.0960 2.1894 4.5017 2.0517 2.9028 3.3119 0.3520 2.6672 1.5911 0.5408 1.3890 2.1075 2.6449 2.6548 1.6510 0.4791 0.1663 0.6545 1.1791 1.2007 0.7940 0.3141 0.0606 0.1104 0.3708 0.6823 0.9243 1.0370 1.0169 0.9081 0.7378 0.5558 0.3858 0.2448 0.1402 0.0705 0.0305 0.0137 0.0135 0.0240 0.0404 0.0591 0.0776 0.0939 0.1085
5.1203 8.2584 5.7615 0.5419 4.6893 4.9424 1.1871 5.9928 1.3283 4.0096 2.8857 0.6314 3.0290 1.3400 0.8116 2.0188 2.5446 2.8075 2.5844 1.4499 0.3324 0.1885 0.8007 1.3304 1.2761 0.7943 0.2891 0.0627 0.1678 0.4838 0.8314 1.0855 1.1894 1.1467 1.0104 0.8115 0.6048 0.4153 0.2604 0.1470 0.0725 0.0309 0.0145 0.0160 0.0289 0.0478 0.0690 0.0896 0.1077 0.1237
2.3532 7.0199 8.1994 1.6540 3.0293 6.7616 0.4616 7.1939 0.6729 5.2034 2.1917 1.1645 3.2455 1.0861 1.3484 2.7502 2.8540 2.7451 2.2935 1.1178 0.1810 0.2935 1.0460 1.5507 1.3833 0.8062 0.2732 0.0800 0.2458 0.6185 0.9984 1.2586 1.3475 1.2770 1.1098 0.8806 0.6490 0.4404 0.2725 0.1513 0.0731 0.0307 0.0154 0.0191 0.0346 0.0562 0.0799 0.1027 0.1225 0.1399
0.6766 3.9529 9.2245 4.1880 1.2815 7.8309 0.6583 7.5846 0.5043 6.2488 1.3551 1.9904 3.2644 0.9702 2.1951 3.4621 2.9093 2.4071 1.8035 0.7198 0.1041 0.5528 1.4471 1.8829 1.5533 0.8507 0.2781 0.1160 0.3417 0.7678 1.1750 1.4355 1.5043 1.4025 1.2023 0.9424 0.6863 0.4600 0.2806 0.1531 0.0724 0.0301 0.0165 0.0229 0.0413 0.0659 0.0922 0.1172 0.1385 0.1573
2.3713 1.0837 7.6407 7.5195 0.5325 7.4557 2.3028 6.7251 1.3089 6.7987 0.6245 3.0848 3.0732 1.1563 3.2975 3.9518 2.5978 1.8236 1.2307 0.3941 0.2173 1.0411 2.0446 2.3481 1.7985 0.9348 0.3050 0.1648 0.4431 0.9151 1.3424 1.5978 1.6433 1.5094 1.2773 0.9891 0.7116 0.4707 0.2826 0.1511 0.0697 0.0290 0.0181 0.0278 0.0495 0.0770 0.1059 0.1330 0.1559 0.1758
7.3715 1.5126 3.8331 9.9851 1.8455 5.4860 5.3343 4.6214 3.3927 6.4763 0.3708 4.3428 2.7321 1.7770 4.4662 3.9863 1.9152 1.1861 0.8290 0.3507 0.6387 1.7899 2.8194 2.9122 2.0895 1.0373 0.3365 0.2087 0.5296 1.0376 1.4776 1.7239 1.7460 1.5828 1.3235 1.0126 0.7194 0.4690 0.2766 0.1445 0.0650 0.0275 0.0205 0.0341 0.0595 0.0902 0.1217 0.1507 0.1749 0.1958
11.9410 6.3962 0.7696 9.5363 5.4862 2.7403 8.7700 2.0789 6.4877 5.0619 1.0296 5.5596 2.3577 2.8422 5.3750 3.4044 1.0672 0.8892 0.9668 0.8051 1.4017 2.6969 3.6116 3.4219 2.3129 1.0868 0.3318 0.2231 0.5837 1.1195 1.5653 1.7995 1.7994 1.6120 1.3322 1.0066 0.7053 0.4522 0.2612 0.1327 0.0581 0.0260 0.0243 0.0426 0.0720 0.1059 0.1399 0.1708 0.1961 0.2177
11.2444 12.3401 2.2893 5.6115 10.1713 0.8513 10.9765 0.6090 9.4100 2.8066 2.9550 6.4062 2.0626 4.1625 5.6501 2.2713 0.5317 1.4659 1.9834 1.8120 2.3032 3.4073 4.0376 3.5551 2.2508 0.9647 0.2464 0.2082 0.6264 1.1881 1.6307 1.8444 1.8180 1.6068 1.3101 0.9756 0.6723 0.4223 0.2376 0.1167 0.0500 0.0252 0.0301 0.0539 0.0875 0.1246 0.1610 0.1935 0.2195 0.2416
4.8201 13.6797 8.3668 1.2811 12.7786 1.5060 10.6577 1.4794 10.2630 0.7795 6.1089 6.3791 1.8783 5.3640 5.0610 1.0029 0.9432 3.2784 3.8298 2.9801 2.7423 3.2660 3.5161 2.8846 1.6594 0.5865 0.1107 0.2624 0.7847 1.3729 1.7895 1.9545 1.8766 1.6228 1.2971 0.9468 0.6385 0.3910 0.2129 0.1005 0.0426 0.0260 0.0379 0.0676 0.1056 0.1459 0.1846 0.2184 0.2450 0.2673
0.8810 7.8134 13.5607 1.6480 9.6062 5.6836 7.5694 4.3767 7.8174 0.8235 9.4116 4.7539 1.8609 6.1262 3.7455 0.2822 2.5987 5.7826 5.4077 3.1493 1.8105 1.7160 1.7993 1.3923 0.6741 0.1804 0.1989 0.6718 1.3310 1.9187 2.2494 2.2984 2.1064 1.7578 1.3641 0.9693 0.6366 0.3786 0.1991 0.0903 0.0383 0.0284 0.0467 0.0817 0.1239 0.1674 0.2084 0.2436 0.2708 0.2933
7.9142 0.7592 11.4781 8.3914 2.9272 11.5495 1.6219 9.6592 4.1129 3.8213 9.1878 0.9200 4.1169 7.8389 2.4812 0.5471 4.3776 5.8694 3.1622 0.5025 0.4909 2.0252 3.0902 2.9383 2.0287 1.2158 0.9334 1.1713 1.6524 2.1083 2.3401 2.3183 2.0795 1.7054 1.3017 0.9086 0.5841 0.3381 0.1718 0.0757 0.0350 0.0345 0.0603 0.1011 0.1474 0.1936 0.2364 0.2724 0.2996 0.3219
16.1129 4.9781 4.1020 14.3861 0.6984 13.1813 0.7613 12.1826 1.1725 7.6856 7.4922 0.3929 6.7598 7.2992 1.1366 1.5886 5.8454 5.8120 2.3235 0.2358 1.0470 2.8292 3.6309 3.1154 2.0104 1.1990 1.0145 1.3462 1.8651 2.3028 2.4796 2.3932 2.0975 1.6838 1.2581 0.8581 0.5368 0.3003 0.1462 0.0628 0.0337 0.0431 0.0767 0.1234 0.1737 0.2227 0.2670 0.3037 0.3306 0.3525
11.9049 14.8503 0.9274 13.0714 5.2299 9.2678 4.6019 10.8769 0.7574 11.0354 4.4461 1.6725 9.0462 5.7051 0.3660 3.3270 7.0410 5.2414 1.4351 0.2789 1.8833 3.7014 4.0888 3.1827 1.9298 1.1746 1.1177 1.5455 2.0888 2.4916 2.6005 2.4428 2.0895 1.6394 1.1968 0.7954 0.4823 0.2593 0.1206 0.0519 0.0357 0.0556 0.0972 0.1497 0.2040 0.2554 0.3008 0.3377 0.3641 0.3851
1.5837 15.7426 8.3926 5.0785 13.3544 2.9115 11.1858 6.1233 4.0264 11.9000 1.5051 4.7498 10.0554 3.4613 0.6373 5.5128 7.6511 4.1981 0.6954 0.7337 2.9659 4.5586 4.4036 3.1211 1.7938 1.1561 1.2518 1.7709 2.3200 2.6688 2.6973 2.4635 2.0538 1.5722 1.1186 0.7220 0.4223 0.2170 0.0964 0.0444 0.0422 0.0730 0.1227 0.1807 0.2385 0.2919 0.3380 0.3746 0.4000 0.4198
5.8804 5.0971 17.6449 0.8862 16.3261 0.9941 15.1984 1.4632 9.6869 9.3553 0.5529 8.6654 9.1651 1.3797 2.1927 7.6729 7.4344 2.8603 0.3332 1.6502 4.2067 5.2963 4.5208 2.9254 1.6204 1.1621 1.4261 2.0224 2.5532 2.8279 2.7646 2.4520 1.9892 1.4826 1.0251 0.6399 0.3590 0.1752 0.0755 0.0416 0.0540 0.0960 0.1535 0.2167 0.2776 0.3325 0.3787 0.4146 0.4385 0.4567
19.5333 1.9323 14.2500 8.2684 9.7417 7.2115 12.3968 1.4611 14.0987 4.6457 2.8104 11.6959 6.4973 0.4592 4.8607 9.2005 6.3303 1.5425 0.5579 2.9965 5.4629 5.8041 4.4041 2.6098 1.4382 1.2142 1.6493 2.2978 2.7816 2.9615 2.7980 2.4071 1.8971 1.3730 0.9191 0.5520 0.2951 0.1364 0.0598 0.0451 0.0726 0.1258 0.1908 0.2586 0.3219 0.3776 0.4233 0.4578 0.4797 0.4959
14.7881 14.9746 2.8338 18.5442 1.5927 16.0817 4.9032 7.4618 13.6439 1.0280 7.7266 12.1364 3.1385 1.4687 7.9771 9.5409 4.5407 0.6449 1.4957 4.6388 6.5512 5.9829 4.0451 2.2107 1.2864 1.3353 1.9266 2.5916 2.9962 3.0619 2.7927 2.3272 1.7781 1.2456 0.8034 0.4613 0.2333 0.1030 0.0512 0.0565 0.0992 0.1631 0.2352 0.3069 0.3717 0.4273 0.4719 0.5045 0.5237 0.5374
1.1781 20.6720 4.3148 16.0144 4.2536 17.2042 0.8791 15.0191 8.1259 1.7915 12.7467 9.4112 0.8533 4.4748 10.5085 8.4307 2.5492 0.5585 3.1248 6.3414 7.2761 5.7677 3.4735 1.7879 1.2116 1.5459 2.2578 2.8942 3.1858 3.1206 2.7439 2.2106 1.6330 1.1028 0.6816 0.3714 0.1768 0.0775 0.0517 0.0774 0.1348 0.2089 0.2870 0.3617 0.4271 0.4818 0.5246 0.5545 0.5704 0.5812
11.9301 6.6604 18.8207 3.8528 16.1688 8.3444 6.2690 16.8982 2.0872 7.4283 14.5823 4.8304 1.2570 8.5713 11.4108 6.0985 1.0364 1.5333 5.2354 7.7959 7.4705 5.1542 2.7645 1.4201 1.2603 1.8594 2.6360 3.1914 3.3377 3.1296 2.6486 2.0582 1.4649 0.9491 0.5582 0.2862 0.1290 0.0626 0.0635 0.1092 0.1806 0.2639 0.3470 0.4235 0.4883 0.5411 0.5812 0.6078 0.6199 0.6271
24.3519 3.3043 19.7657 3.5313 20.3881 1.1376 16.4018 10.5368 1.6654 14.3109 11.5806 1.2678 4.7731 12.0642 10.1264 3.3188 0.6800 3.5488 7.4340 8.6807 7.0431 4.2144 2.0349 1.1949 1.4712 2.2777 3.0454 3.4647 3.4379 3.0820 2.5057 1.8726 1.2789 0.7899 0.4384 0.2104 0.0936 0.0614 0.0888 0.1536 0.2377 0.3288 0.4154 0.4923 0.5553 0.6052 0.6418 0.6643 0.6719 0.6753
7.5133 20.8601 4.4175 18.0773 9.4864 7.1235 19.2334 2.4396 8.5388 16.8261 5.5518 1.5311 9.9976 13.1760 6.9964 1.2267 1.8867 6.2407 9.2130 8.7496 6.0263 3.1044 1.4325 1.1977 1.8676 2.7882 3.4641 3.6973 3.4796 2.9797 2.3191 1.6591 1.0813 0.6322 0.3284 0.1490 0.0745 0.0766 0.1295 0.2118 0.3066 0.4033 0.4914 0.5676 0.6280 0.6743 0.7069 0.7249 0.7276 0.7267
5.1741 19.8916 5.4274 21.6875 1.2652 19.3962 10.4979 2.5288 16.8751 12.3570 1.2106 6.2263 14.1373 11.1089 3.3562 0.8986 4.5521 8.9372 10.0737 7.9026 4.5786 2.0356 1.1033 1.4848 2.4427 3.3568 3.8538 3.8581 3.4421 2.8113 2.0886 1.4240 0.8797 0.4826 0.2340 0.1066 0.0754 0.1109 0.1875 0.2849 0.3881 0.4883 0.5761 0.6499 0.7064 0.7483 0.7760 0.7887 0.7858 0.7802
25.7260 2.2448 22.8139 6.7436 11.3714 19.7053 1.5858 12.1122 18.1100 4.5672 2.6819 12.7136 14.5528 6.7254 1.0420 2.8302 7.9704 10.8238 9.6929 6.2668 2.9968 1.2549 1.1706 2.0745 3.1589 3.9321 4.1723 3.9211 3.3150 2.5769 1.8208 1.1762 0.6833 0.3493 0.1618 0.0882 0.0997 0.1669 0.2643 0.3741 0.4829 0.5840 0.6693 0.7392 0.7905 0.8268 0.8489 0.8556 0.8465 0.8357
13.4370 12.7720 18.4052 3.2861 23.4166 6.8356 5.9068 20.3067 10.3442 1.0847 9.6313 16.4570 10.6555 2.4209 1.5177 6.5533 10.9889 11.2147 8.0703 4.2058 1.6602 0.9875 1.6981 2.9304 3.9452 4.4484 4.3751 3.8641 3.0929 2.2818 1.5260 0.9275 0.5026 0.2409 0.1183 0.0986 0.1510 0.2467 0.3614 0.4800 0.5912 0.6905 0.7711 0.8353 0.8802 0.9099 0.9255 0.9254 0.9096 0.8932
3.1199 26.0189 1.8742 20.1194 15.0435 1.9226 18.5919 16.3846 2.0244 6.2114 16.5773 14.3394 4.7890 0.9304 4.9683 10.6582 12.4240 9.8597 5.6091 2.2641 0.9474 1.3789 2.6689 3.9699 4.7227 4.8537 4.4359 3.6801 2.7812 1.9379 1.2208 0.6935 0.3503 0.1670 0.1108 0.1428 0.2325 0.3525 0.4808 0.6050 0.7161 0.8117 0.8856 0.9418 0.9782 0.9997 1.0073 0.9996 0.9765 0.9540
25.7536 7.0362 13.3724 22.0173 1.6892 14.5635 20.9580 4.9570 3.4299 15.5279 17.2064 7.6531 1.0762 3.5950 9.9180 13.2919 11.5418 7.0799 3.0151 1.0167 1.1251 2.4359 3.9570 5.0360 5.3576 5.0566 4.3079 3.3569 2.3887 1.5636 0.9209 0.4871 0.2373 0.1360 0.1449 0.2247 0.3466 0.4855 0.6226 0.7482 0.8554 0.9444 1.0092 1.0552 1.0817 1.0938 1.0924 1.0765 1.0456 1.0166
14.4053 7.3725 25.7381 4.2680 10.3368 23.4675 8.7162 1.8317 13.8105 19.3302 10.4839 1.7491 2.5837 9.1873 13.7855 13.0561 8.5280 3.8139 1.1643 0.9252 2.2622 4.0044 5.3475 5.9455 5.7316 4.9996 3.9775 2.9067 1.9389 1.1842 0.6487 0.3260 0.1765 0.1567 0.2267 0.3476 0.4950 0.6466 0.7870 0.9094 1.0090 1.0881 1.1413 1.1750 1.1902 1.1918 1.1806 1.1557 1.1165 1.0807
3.7962 26.8862 7.6813 7.2578 24.5311 12.1767 1.2546 12.3602 20.6857 13.0342 2.6145 1.9510 8.7266 14.3240 14.2823 9.8553 4.5656 1.3229 0.7895 2.1526 4.1715 5.7851 6.5759 6.5222 5.7559 4.6590 3.4609 2.3643 1.4696 0.8336 0.4305 0.2296 0.1813 0.2379 0.3616 0.5152 0.6803 0.8375 0.9753 1.0896 1.1777 1.2439 1.2831 1.3030 1.3049 1.2946 1.2729 1.2385 1.1905 1.1475
27.4818 10.2778 5.7572 25.1486 14.6180 1.2108 11.7297 21.9294 14.8785 3.3331 1.6705 8.6966 15.1842 15.5170 10.8692 5.1458 1.4210 0.7070 2.1844 4.4645 6.4259 7.3884 7.3768 6.6282 5.3885 4.0516 2.8026 1.7806 1.0264 0.5470 0.2928 0.2168 0.2644 0.3879 0.5550 0.7309 0.9050 1.0606 1.1892 1.2903 1.3629 1.4131 1.4360 1.4409 1.4276 1.4036 1.3708 1.3262 1.2688 1.2179
10.7869 5.8315 26.1498 15.4490 1.2515 12.3007 23.3116 15.8771 3.5043 1.7439 9.3234 16.3782 16.8011 11.6076 5.3461 1.3780 0.6893 2.4174 5.0206 7.2322 8.4251 8.3909 7.5176 6.1790 4.6401 3.2338 2.0709 1.2165 0.6574 0.3604 0.2612 0.3043 0.4359 0.6118 0.8087 0.9944 1.1671 1.3127 1.4253 1.5077 1.5609 1.5919 1.5962 1.5844 1.5543 1.5156 1.4710 1.4158 1.3486 1.2896
7.8855 27.8262 14.1980 1.3699 14.5635 24.8363 15.6342 2.9495 2.3094 11.0161 18.0673 17.8526 11.9131 5.1071 1.1381 0.7990 2.9807 5.9543 8.3807 9.5983 9.5759 8.4869 6.9078 5.2137 3.6093 2.3175 1.3667 0.7524 0.4210 0.3141 0.3612 0.5070 0.7036 0.9130 1.1232 1.3047 1.4649 1.5918 1.6815 1.7403 1.7701 1.7790 1.7625 1.7325 1.6843 1.6298 1.5729 1.5067 1.4295 1.3622
29.4887 10.4897 2.5308 19.0602 26.1155 13.6359 1.8092 3.9369 14.0267 20.5048 18.4877 11.3650 4.3143 0.7835 1.2011 4.0897 7.4830 10.0043 11.0988 10.7991 9.5173 7.6138 5.6564 3.9124 2.4807 1.4615 0.8118 0.4758 0.3765 0.4460 0.6156 0.8384 1.0752 1.2964 1.5033 1.6665 1.8040 1.9043 1.9640 1.9928 1.9935 1.9783 1.9396 1.8901 1.8242 1.7545 1.6844 1.6061 1.5178 1.4420
4.5626 7.1002 25.4311 25.2144 9.3337 1.0317 7.6598 18.6360 22.7974 18.2056 9.6157 2.8908 0.5731 2.2579 5.9757 9.7592 12.1589 12.8428 12.0697 10.3202 8.1560 5.9123 3.9940 2.5122 1.4569 0.8210 0.5160 0.4593 0.5681 0.7805 1.0355 1.3011 1.5484 1.7571 1.9420 2.0721 2.1759 2.2413 2.2644 2.2580 2.2255 2.1841 2.1219 2.0517 1.9677 1.8825 1.7985 1.7077 1.6080 1.5236
17.8821 30.5569 19.4179 3.6674 3.0931 14.6250 24.1455 23.7293 15.6600 6.5505 1.3014 1.1716 4.5755 9.0546 12.7480 14.7356 14.6636 13.1320 10.8070 8.2322 5.8435 3.8135 2.3226 1.3402 0.7777 0.5595 0.5822 0.7630 1.0263 1.3293 1.6216 1.8903 2.1155 2.2864 2.4309 2.5136 2.5736 2.5967 2.5774 2.5315 2.4627 2.3935 2.3066 2.2151 2.1126 2.0116 1.9136 1.8101 1.6988 1.6058
26.9860 8.3637 1.5781 11.5314 24.3774 27.7986 20.9211 10.3336 2.7401 0.8838 3.7978 8.8819 13.6131 16.4691 17.1866 16.0940 13.6135 10.6342 7.7339 5.2312 3.3010 1.9308 1.1108 0.7271 0.6570 0.8057 1.0806 1.4197 1.7621 2.0925 2.3696 2.6008 2.7738 2.8842 2.9718 2.9944 3.0003 2.9732 2.9060 2.8191 2.7158 2.6198 2.5078 2.3926 2.2698 2.1516 2.0386 1.9221 1.7992 1.6971
1.5611 11.5914 26.1815 31.1589 24.3261 12.5498 3.5916 1.0379 4.1360 9.9920 15.5350 19.1515 20.1444 18.8700 16.1930 12.8773 9.4304 6.4242 4.0800 2.4253 1.4060 0.8917 0.7742 0.9278 1.2346 1.6256 2.0322 2.4250 2.7590 3.0495 3.2590 3.4144 3.5086 3.5384 3.5548 3.5062 3.4494 3.3647 3.2453 3.1174 2.9827 2.8614 2.7242 2.5831 2.4383 2.3015 2.1726 2.0430 1.9086 1.7969
32.0633 33.8768 24.0746 11.1022 2.7100 1.7184 6.5004 13.5161 19.6765 23.2726 23.6370 21.7172 18.2247 14.1600 10.2626 6.9363 4.3310 2.5391 1.4742 0.9917 0.9411 1.1666 1.5656 2.0537 2.5371 2.9980 3.3922 3.7250 3.9627 4.1494 4.2442 4.2912 4.2847 4.2184 4.1532 4.0262 3.9016 3.7559 3.5823 3.4131 3.2482 3.1026 2.9408 2.7736 2.6069 2.4515 2.3069 2.1645 2.0187 1.8977
16.5351 5.0753 1.5841 5.6185 13.5686 21.4921 26.7683 28.3962 26.9169 23.3265 18.4770 13.6851 9.4020 6.0076 3.5911 2.0714 1.2886 1.0830 1.2794 1.7260 2.3069 2.8990 3.4803 4.0227 4.4491 4.8001 5.0453 5.2185 5.2873 5.3194 5.2685 5.1877 5.0672 4.8964 4.7454 4.5406 4.3489 4.1434 3.9178 3.7097 3.5164 3.3450 3.1587 2.9683 2.7808 2.6075 2.4471 2.2921 2.1351 2.0047
10.3560 20.2402 28.7801 33.6224 34.2418 31.3828 26.3329 20.3625 14.6572 9.8177 6.0382 3.4984 2.0031 1.3513 1.3327 1.7425 2.3921 3.1532 3.9306 4.6620 5.3214 5.8175 6.2248 6.5535 6.7149 6.8120 6.8117 6.7628 6.6197 6.4653 6.2625 6.0536 5.8163 5.5412 5.3076 5.0368 4.7870 4.5288 4.2590 4.0168 3.7978 3.5938 3.3819 3.1761 2.9704 2.7803 2.6038 2.4360 2.2676 2.1273
41.1781 36.0486 29.0967 21.7979 15.1439 9.7300 5.7682 3.2197 1.9081 1.5574 1.8783 2.6498 3.6461 4.7014 5.7503 6.7351 7.5389 8.1758 8.6511 8.9974 9.2440 9.2874 9.2718 9.2171 8.9981 8.7730 8.4915 8.2043 7.8444 7.5041 7.1605 6.8357 6.4924 6.1233 5.8167 5.4904 5.1906 4.8863 4.5781 4.3072 4.0672 3.8327 3.5975 3.3791 3.1572 2.9514 2.7597 2.5800 2.4008 2.2510
4.4953 2.6104 2.0580 2.5164 3.6473 5.1632 6.8311 8.4469 9.9421 11.2700 12.2758 13.1297 13.7144 14.0341 14.2533 14.3945 14.2817 14.0301 13.6758 13.3059 12.9407 12.4266 11.9366 11.4822 10.8939 10.3732 9.8458 9.3564 8.8166 8.3240 7.8728 7.4602 7.0348 6.5924 6.2296 5.8633 5.5263 5.1872 4.8497 4.5564 4.2995 4.0396 3.7860 3.5595 3.3247 3.1059 2.9010 2.7110 2.5226 2.3647
30.7467 31.1528 31.2778 31.1537 30.7591 30.2048 29.4631 28.4788 27.4602 26.4538 25.2078 24.1344 22.9875 21.7720 20.7254 19.8249 18.7817 17.7409 16.7260 15.8202 15.0199 14.1290 13.3202 12.6029 11.8052 11.1162 10.4487 9.8358 9.2007 8.6438 8.1393 7.6824 7.2163 6.7368 6.3444 5.9558 5.6073 5.2620 4.9115 4.5979 4.3143 4.0510 3.7986 3.5774 3.3420 3.1212 2.9135 2.7210 2.5306 2.3719
