0.0533 0.0544 0.0562 0.0556 0.0492 0.0494 0.0477 0.0439 0.0434 0.0392 0.0379 0.0351 0.0315 0.0301 0.0275 0.0247 0.0228 0.0208 0.0186 0.0169 0.0154 0.0140 0.0125 0.0112 0.0100 0.0090 0.0082 0.0074 0.0067 0.0060 0.0053 0.0047 0.0042 0.0037 0.0033 0.0030 0.0027 0.0024 0.0021 0.0019 0.0017 0.0015 0.0014 0.0012 0.0011 0.0010 0.0009 0.0008 0.0007 0.0006
0.1598 0.1627 0.1681 0.1673 0.1481 0.1481 0.1432 0.1317 0.1303 0.1177 0.1137 0.1052 0.0947 0.0903 0.0826 0.0742 0.0683 0.0623 0.0559 0.0506 0.0461 0.0420 0.0376 0.0335 0.0301 0.0271 0.0247 0.0223 0.0202 0.0181 0.0160 0.0142 0.0126 0.0112 0.0100 0.0089 0.0080 0.0072 0.0064 0.0057 0.0052 0.0046 0.0042 0.0037 0.0034 0.0030 0.0027 0.0024 0.0022 0.0019
0.2669 0.2702 0.2784 0.2799 0.2486 0.2462 0.2394 0.2195 0.2172 0.1962 0.1901 0.1751 0.1580 0.1509 0.1378 0.1236 0.1138 0.1040 0.0933 0.0844 0.0768 0.0701 0.0626 0.0559 0.0501 0.0453 0.0412 0.0372 0.0337 0.0301 0.0266 0.0236 0.0209 0.0186 0.0166 0.0148 0.0134 0.0120 0.0107 0.0096 0.0086 0.0078 0.0070 0.0063 0.0056 0.0050 0.0045 0.0040 0.0036 0.0032
0.3763 0.3771 0.3864 0.3933 0.3521 0.3437 0.3365 0.3075 0.3042 0.2749 0.2670 0.2448 0.2217 0.2121 0.1932 0.1730 0.1595 0.1459 0.1307 0.1181 0.1075 0.0981 0.0876 0.0781 0.0702 0.0634 0.0577 0.0521 0.0472 0.0420 0.0372 0.0330 0.0292 0.0260 0.0232 0.0208 0.0187 0.0169 0.0151 0.0135 0.0121 0.0109 0.0098 0.0088 0.0079 0.0071 0.0063 0.0056 0.0050 0.0045
0.4921 0.4856 0.4923 0.5062 0.4599 0.4411 0.4346 0.3963 0.3910 0.3541 0.3445 0.3140 0.2861 0.2744 0.2487 0.2222 0.2055 0.1882 0.1682 0.1517 0.1382 0.1260 0.1125 0.1003 0.0901 0.0815 0.0742 0.0670 0.0605 0.0539 0.0476 0.0422 0.0373 0.0334 0.0298 0.0267 0.0241 0.0218 0.0194 0.0174 0.0156 0.0140 0.0126 0.0113 0.0101 0.0091 0.0081 0.0072 0.0065 0.0058
0.6183 0.5991 0.5977 0.6166 0.5728 0.5396 0.5334 0.4866 0.4773 0.4342 0.4221 0.3826 0.3518 0.3377 0.3039 0.2713 0.2522 0.2310 0.2058 0.1852 0.1688 0.1540 0.1373 0.1224 0.1101 0.0997 0.0907 0.0818 0.0738 0.0655 0.0578 0.0512 0.0454 0.0407 0.0365 0.0327 0.0296 0.0267 0.0239 0.0213 0.0191 0.0172 0.0154 0.0138 0.0124 0.0111 0.0099 0.0088 0.0079 0.0071
0.7557 0.7212 0.7066 0.7229 0.6900 0.6404 0.6334 0.5789 0.5632 0.5153 0.4989 0.4506 0.4190 0.4018 0.3582 0.3206 0.3002 0.2746 0.2433 0.2186 0.1995 0.1820 0.1621 0.1444 0.1300 0.1178 0.1072 0.0965 0.0868 0.0769 0.0678 0.0602 0.0535 0.0480 0.0431 0.0388 0.0351 0.0317 0.0283 0.0253 0.0226 0.0203 0.0182 0.0163 0.0146 0.0131 0.0117 0.0104 0.0093 0.0084
0.8978 0.8515 0.8226 0.8264 0.8080 0.7437 0.7356 0.6726 0.6495 0.5969 0.5741 0.5181 0.4878 0.4652 0.4107 0.3707 0.3500 0.3187 0.2803 0.2519 0.2303 0.2100 0.1868 0.1663 0.1498 0.1358 0.1234 0.1108 0.0994 0.0880 0.0776 0.0690 0.0615 0.0554 0.0499 0.0450 0.0407 0.0368 0.0328 0.0293 0.0262 0.0235 0.0210 0.0188 0.0168 0.0150 0.0134 0.0119 0.0107 0.0096
1.0347 0.9824 0.9444 0.9316 0.9217 0.8472 0.8417 0.7653 0.7380 0.6775 0.6472 0.5851 0.5568 0.5255 0.4610 0.4227 0.4018 0.3621 0.3163 0.2850 0.2616 0.2383 0.2113 0.1880 0.1694 0.1536 0.1394 0.1248 0.1117 0.0988 0.0873 0.0779 0.0696 0.0629 0.0568 0.0512 0.0464 0.0419 0.0373 0.0332 0.0296 0.0265 0.0237 0.0212 0.0190 0.0169 0.0151 0.0134 0.0120 0.0108
1.1662 1.1070 1.0624 1.0410 1.0283 0.9468 0.9491 0.8544 0.8300 0.7552 0.7192 0.6510 0.6234 0.5800 0.5096 0.4775 0.4537 0.4030 0.3508 0.3185 0.2935 0.2666 0.2356 0.2094 0.1888 0.1711 0.1548 0.1383 0.1236 0.1094 0.0970 0.0869 0.0779 0.0706 0.0638 0.0575 0.0520 0.0468 0.0416 0.0370 0.0329 0.0295 0.0263 0.0235 0.0210 0.0187 0.0167 0.0149 0.0133 0.0120
1.2989 1.2376 1.1661 1.1472 1.1315 1.0413 1.0468 0.9442 0.9242 0.8309 0.7930 0.7156 0.6865 0.6296 0.5602 0.5355 0.5033 0.4404 0.3856 0.3545 0.3274 0.2959 0.2604 0.2314 0.2088 0.1890 0.1706 0.1520 0.1359 0.1206 0.1073 0.0964 0.0867 0.0786 0.0710 0.0638 0.0576 0.0517 0.0459 0.0406 0.0361 0.0323 0.0288 0.0257 0.0230 0.0206 0.0183 0.0164 0.0146 0.0132
1.4109 1.3893 1.2675 1.2340 1.2337 1.1345 1.1184 1.0447 1.0085 0.9091 0.8697 0.7793 0.7477 0.6785 0.6156 0.5933 0.5468 0.4756 0.4238 0.3949 0.3637 0.3263 0.2864 0.2549 0.2303 0.2081 0.1874 0.1670 0.1495 0.1331 0.1187 0.1069 0.0962 0.0871 0.0784 0.0703 0.0631 0.0565 0.0501 0.0443 0.0394 0.0352 0.0314 0.0281 0.0252 0.0226 0.0201 0.0180 0.0161 0.0145
1.4506 1.5051 1.4080 1.2939 1.3199 1.2357 1.1589 1.1532 1.0622 0.9954 0.9421 0.8422 0.8087 0.7280 0.6712 0.6422 0.5812 0.5107 0.4663 0.4370 0.3985 0.3547 0.3117 0.2788 0.2523 0.2277 0.2047 0.1825 0.1638 0.1461 0.1305 0.1175 0.1055 0.0952 0.0855 0.0763 0.0683 0.0610 0.0541 0.0479 0.0426 0.0381 0.0340 0.0306 0.0275 0.0246 0.0220 0.0197 0.0176 0.0159
1.4464 1.5001 1.5599 1.3702 1.3715 1.3521 1.1974 1.2461 1.0956 1.0927 1.0009 0.9106 0.8723 0.7798 0.7247 0.6834 0.6158 0.5535 0.5127 0.4759 0.4283 0.3806 0.3371 0.3038 0.2753 0.2479 0.2225 0.1986 0.1786 0.1596 0.1425 0.1281 0.1146 0.1030 0.0922 0.0820 0.0734 0.0656 0.0582 0.0517 0.0461 0.0413 0.0370 0.0333 0.0300 0.0269 0.0241 0.0215 0.0193 0.0174
1.5309 1.4746 1.5926 1.5273 1.3969 1.4571 1.2844 1.3122 1.1601 1.1791 1.0471 0.9894 0.9360 0.8372 0.7823 0.7314 0.6648 0.6054 0.5558 0.5067 0.4541 0.4080 0.3659 0.3313 0.2994 0.2687 0.2408 0.2154 0.1941 0.1735 0.1546 0.1385 0.1236 0.1109 0.0991 0.0882 0.0789 0.0707 0.0629 0.0560 0.0501 0.0450 0.0403 0.0364 0.0328 0.0295 0.0263 0.0235 0.0211 0.0190
1.7522 1.6168 1.5901 1.6754 1.4940 1.5256 1.4321 1.3806 1.2784 1.2494 1.1232 1.0758 0.9990 0.9070 0.8510 0.7944 0.7254 0.6550 0.5918 0.5392 0.4908 0.4475 0.4023 0.3616 0.3238 0.2893 0.2595 0.2328 0.2103 0.1879 0.1672 0.1494 0.1331 0.1194 0.1069 0.0952 0.0854 0.0766 0.0684 0.0611 0.0548 0.0492 0.0440 0.0397 0.0358 0.0322 0.0287 0.0256 0.0229 0.0206
1.9158 1.8407 1.7566 1.7794 1.6949 1.6304 1.5693 1.4854 1.4180 1.3671 1.2399 1.1601 1.0857 0.9896 0.9184 0.8569 0.7800 0.7010 0.6417 0.5988 0.5513 0.4979 0.4389 0.3886 0.3464 0.3108 0.2803 0.2527 0.2283 0.2035 0.1805 0.1610 0.1433 0.1288 0.1154 0.1030 0.0925 0.0830 0.0741 0.0662 0.0593 0.0531 0.0475 0.0428 0.0386 0.0346 0.0308 0.0274 0.0245 0.0220
2.0792 2.0254 1.9334 1.9449 1.8371 1.7918 1.7079 1.6414 1.5114 1.4586 1.3160 1.2977 1.2098 1.0614 0.9873 0.9229 0.8306 0.7520 0.7013 0.6530 0.5872 0.5192 0.4576 0.4134 0.3774 0.3439 0.3113 0.2792 0.2500 0.2210 0.1948 0.1732 0.1540 0.1383 0.1240 0.1104 0.0989 0.0885 0.0790 0.0704 0.0630 0.0563 0.0503 0.0453 0.0409 0.0367 0.0326 0.0291 0.0260 0.0234
2.0461 2.1243 2.0233 1.9179 1.9588 1.7883 1.7982 1.6413 1.6189 1.4849 1.4036 1.3231 1.2076 1.1316 1.0528 0.9580 0.8799 0.8107 0.7360 0.6637 0.5991 0.5475 0.4964 0.4494 0.4031 0.3595 0.3217 0.2888 0.2616 0.2350 0.2102 0.1888 0.1685 0.1512 0.1349 0.1195 0.1065 0.0949 0.0844 0.0751 0.0672 0.0600 0.0537 0.0484 0.0437 0.0393 0.0349 0.0312 0.0279 0.0251
2.1379 2.1574 2.2087 2.0278 2.0537 1.9285 1.8845 1.7581 1.7157 1.5717 1.5057 1.3997 1.2880 1.2097 1.1170 1.0194 0.9408 0.8637 0.7811 0.7068 0.6418 0.5873 0.5307 0.4784 0.4291 0.3838 0.3450 0.3101 0.2810 0.2521 0.2255 0.2023 0.1803 0.1616 0.1442 0.1278 0.1140 0.1016 0.0905 0.0806 0.0722 0.0646 0.0577 0.0519 0.0468 0.0420 0.0374 0.0334 0.0299 0.0269
2.3844 2.2181 2.3012 2.2149 2.1123 2.0942 1.9576 1.8945 1.7996 1.6738 1.6055 1.4787 1.3746 1.2876 1.1836 1.0851 1.0026 0.9164 0.8282 0.7532 0.6868 0.6280 0.5650 0.5077 0.4562 0.4098 0.3700 0.3327 0.3012 0.2699 0.2410 0.2160 0.1923 0.1723 0.1538 0.1365 0.1219 0.1087 0.0969 0.0865 0.0775 0.0693 0.0619 0.0556 0.0501 0.0449 0.0400 0.0357 0.0320 0.0288
2.5743 2.4321 2.3303 2.4037 2.2028 2.2374 2.0516 2.0303 1.8811 1.7899 1.7006 1.5638 1.4656 1.3661 1.2544 1.1539 1.0645 0.9702 0.8785 0.8029 0.7334 0.6688 0.5995 0.5379 0.4850 0.4378 0.3969 0.3566 0.3222 0.2880 0.2568 0.2299 0.2047 0.1833 0.1637 0.1456 0.1301 0.1162 0.1037 0.0927 0.0831 0.0744 0.0664 0.0595 0.0535 0.0479 0.0427 0.0382 0.0342 0.0308
2.5675 2.6680 2.4532 2.5011 2.3748 2.3293 2.1914 2.1446 1.9771 1.9128 1.7923 1.6571 1.5597 1.4470 1.3296 1.2243 1.1267 1.0268 0.9330 0.8553 0.7806 0.7096 0.6346 0.5697 0.5162 0.4680 0.4256 0.3815 0.3437 0.3063 0.2729 0.2442 0.2173 0.1948 0.1741 0.1551 0.1389 0.1242 0.1110 0.0992 0.0891 0.0798 0.0711 0.0636 0.0571 0.0511 0.0455 0.0407 0.0364 0.0328
2.6526 2.7238 2.6989 2.5443 2.5767 2.4002 2.3599 2.2344 2.0966 2.0307 1.8824 1.7566 1.6550 1.5307 1.4076 1.2953 1.1915 1.0886 0.9922 0.9093 0.8275 0.7506 0.6717 0.6049 0.5501 0.4999 0.4547 0.4070 0.3659 0.3256 0.2897 0.2591 0.2307 0.2071 0.1854 0.1653 0.1481 0.1325 0.1185 0.1061 0.0954 0.0854 0.0761 0.0680 0.0609 0.0545 0.0486 0.0435 0.0389 0.0350
2.9650 2.7535 2.8773 2.6762 2.7100 2.5189 2.5110 2.3233 2.2357 2.1375 1.9759 1.8612 1.7519 1.6166 1.4865 1.3682 1.2614 1.1563 1.0547 0.9637 0.8742 0.7930 0.7122 0.6445 0.5871 0.5331 0.4837 0.4326 0.3886 0.3459 0.3075 0.2750 0.2450 0.2203 0.1977 0.1763 0.1579 0.1412 0.1265 0.1134 0.1021 0.0914 0.0814 0.0727 0.0652 0.0583 0.0520 0.0464 0.0415 0.0374
3.1154 2.9993 2.9153 2.9128 2.7763 2.7050 2.6198 2.4431 2.3788 2.2369 2.0802 1.9727 1.8514 1.7037 1.5667 1.4456 1.3376 1.2277 1.1175 1.0173 0.9218 0.8384 0.7567 0.6876 0.6262 0.5673 0.5130 0.4582 0.4116 0.3668 0.3261 0.2918 0.2602 0.2346 0.2109 0.1881 0.1684 0.1505 0.1349 0.1210 0.1091 0.0976 0.0869 0.0775 0.0696 0.0623 0.0555 0.0496 0.0443 0.0398
3.1065 3.2506 3.0249 3.0941 2.8866 2.8923 2.7121 2.5996 2.5090 2.3376 2.1980 2.0890 1.9505 1.7907 1.6512 1.5307 1.4194 1.2998 1.1789 1.0712 0.9724 0.8883 0.8055 0.7337 0.6667 0.6018 0.5421 0.4840 0.4351 0.3887 0.3459 0.3098 0.2766 0.2499 0.2251 0.2007 0.1795 0.1602 0.1438 0.1291 0.1164 0.1042 0.0927 0.0826 0.0742 0.0665 0.0592 0.0528 0.0472 0.0424
3.3634 3.3012 3.2897 3.1703 3.0920 3.0207 2.8387 2.7681 2.6222 2.4507 2.3284 2.2053 2.0465 1.8804 1.7445 1.6235 1.5028 1.3696 1.2393 1.1277 1.0282 0.9436 0.8580 0.7815 0.7075 0.6361 0.5710 0.5101 0.4596 0.4118 0.3671 0.3292 0.2943 0.2664 0.2404 0.2142 0.1913 0.1705 0.1531 0.1375 0.1241 0.1110 0.0987 0.0879 0.0790 0.0709 0.0630 0.0562 0.0503 0.0450
3.6101 3.4059 3.4683 3.2776 3.2858 3.1090 3.0038 2.9120 2.7276 2.5822 2.4621 2.3114 2.1371 1.9778 1.8488 1.7202 1.5834 1.4366 1.3009 1.1905 1.0921 1.0052 0.9136 0.8302 0.7500 0.6730 0.6037 0.5394 0.4866 0.4368 0.3906 0.3514 0.3149 0.2851 0.2571 0.2291 0.2049 0.1828 0.1639 0.1470 0.1326 0.1187 0.1056 0.0939 0.0842 0.0755 0.0673 0.0601 0.0537 0.0481
3.6327 3.6655 3.5333 3.4861 3.4056 3.2370 3.1792 3.0286 2.8477 2.7320 2.5896 2.4078 2.2331 2.0890 1.9598 1.8133 1.6586 1.5038 1.3685 1.2611 1.1618 1.0692 0.9692 0.8780 0.7921 0.7105 0.6377 0.5707 0.5159 0.4640 0.4162 0.3754 0.3370 0.3050 0.2748 0.2447 0.2191 0.1958 0.1752 0.1570 0.1415 0.1267 0.1128 0.1003 0.0897 0.0802 0.0718 0.0641 0.0573 0.0514
3.7905 3.8133 3.6698 3.6726 3.5024 3.4120 3.3256 3.1367 2.9947 2.8851 2.7000 2.5017 2.3444 2.2117 2.0679 1.8978 1.7312 1.5767 1.4452 1.3388 1.2345 1.1329 1.0232 0.9248 0.8345 0.7497 0.6743 0.6047 0.5479 0.4936 0.4438 0.4010 0.3604 0.3260 0.2932 0.2610 0.2338 0.2093 0.1869 0.1673 0.1508 0.1351 0.1203 0.1069 0.0954 0.0852 0.0765 0.0684 0.0611 0.0548
4.0182 3.8951 3.8743 3.7877 3.6398 3.5896 3.4364 3.2636 3.1619 3.0198 2.7952 2.6091 2.4735 2.3343 2.1643 1.9760 1.8088 1.6608 1.5311 1.4203 1.3063 1.1939 1.0754 0.9716 0.8790 0.7921 0.7144 0.6422 0.5828 0.5255 0.4732 0.4281 0.3850 0.3478 0.3124 0.2779 0.2491 0.2233 0.1991 0.1781 0.1605 0.1439 0.1282 0.1139 0.1014 0.0905 0.0815 0.0729 0.0652 0.0584
4.1223 4.0317 4.0334 3.8810 3.8212 3.7313 3.5392 3.4248 3.3199 3.1247 2.8990 2.7456 2.6118 2.4437 2.2502 2.0607 1.9048 1.7636 1.6297 1.5065 1.3784 1.2560 1.1312 1.0248 0.9311 0.8426 0.7627 0.6874 0.6245 0.5628 0.5071 0.4588 0.4125 0.3725 0.3346 0.2976 0.2666 0.2388 0.2131 0.1906 0.1715 0.1540 0.1374 0.1223 0.1090 0.0973 0.0875 0.0783 0.0700 0.0628
4.1826 4.2154 4.1142 4.0174 3.9989 3.8188 3.6761 3.6030 3.4378 3.2175 3.0309 2.8967 2.7349 2.5346 2.3352 2.1587 2.0152 1.8729 1.7269 1.5878 1.4468 1.3175 1.1899 1.0829 0.9887 0.8984 0.8153 0.7359 0.6685 0.6017 0.5422 0.4906 0.4408 0.3981 0.3576 0.3182 0.2849 0.2550 0.2278 0.2038 0.1833 0.1647 0.1471 0.1313 0.1171 0.1045 0.0939 0.0841 0.0751 0.0674
4.3358 4.3264 4.1753 4.2193 4.0877 3.9129 3.8658 3.7411 3.5178 3.3364 3.1905 3.0355 2.8322 2.6187 2.4334 2.2736 2.1333 1.9800 1.8179 1.6643 1.5144 1.3824 1.2543 1.1475 1.0523 0.9589 0.8714 0.7867 0.7141 0.6416 0.5782 0.5233 0.4700 0.4246 0.3817 0.3397 0.3041 0.2721 0.2434 0.2178 0.1958 0.1762 0.1576 0.1410 0.1258 0.1123 0.1009 0.0903 0.0806 0.0724
4.5177 4.3141 4.3926 4.3285 4.1302 4.1035 4.0323 3.8122 3.6191 3.5030 3.3489 3.1457 2.9206 2.7215 2.5575 2.4033 2.2524 2.0816 1.9049 1.7428 1.5896 1.4576 1.3288 1.2204 1.1221 1.0239 0.9309 0.8402 0.7622 0.6845 0.6168 0.5583 0.5015 0.4534 0.4079 0.3634 0.3257 0.2917 0.2613 0.2340 0.2105 0.1895 0.1697 0.1520 0.1358 0.1213 0.1089 0.0974 0.0871 0.0782
4.4407 4.5514 4.5399 4.3232 4.3225 4.3003 4.0902 3.8946 3.7959 3.6835 3.4715 3.2386 3.0322 2.8612 2.7067 2.5399 2.3686 2.1808 1.9950 1.8320 1.6803 1.5483 1.4158 1.3019 1.1975 1.0930 0.9942 0.8971 0.8144 0.7329 0.6602 0.5976 0.5372 0.4860 0.4377 0.3907 0.3511 0.3156 0.2829 0.2538 0.2288 0.2060 0.1844 0.1648 0.1476 0.1322 0.1186 0.1062 0.0949 0.0853
4.7001 4.7073 4.4716 4.5290 4.5451 4.3288 4.1400 4.0804 3.9971 3.8078 3.5531 3.3422 3.1770 3.0219 2.8561 2.6662 2.4766 2.2795 2.0917 1.9316 1.7814 1.6474 1.5083 1.3866 1.2746 1.1632 1.0587 0.9554 0.8684 0.7837 0.7062 0.6394 0.5755 0.5212 0.4699 0.4203 0.3788 0.3416 0.3066 0.2755 0.2489 0.2241 0.2004 0.1788 0.1605 0.1440 0.1292 0.1157 0.1035 0.0930
4.8138 4.5762 4.7220 4.7684 4.5239 4.3563 4.3450 4.3021 4.1169 3.8718 3.6478 3.4907 3.3509 3.1841 2.9931 2.7823 2.5838 2.3857 2.1996 2.0422 1.8911 1.7518 1.6037 1.4726 1.3526 1.2345 1.1248 1.0158 0.9252 0.8379 0.7555 0.6845 0.6170 0.5594 0.5049 0.4525 0.4091 0.3700 0.3324 0.2992 0.2709 0.2439 0.2179 0.1940 0.1745 0.1569 0.1408 0.1261 0.1129 0.1014
4.6911 4.9467 4.9509 4.7000 4.5937 4.6416 4.6028 4.4203 4.1849 3.9928 3.8292 3.6919 3.5324 3.3362 3.1249 2.9080 2.7118 2.5173 2.3318 2.1710 2.0131 1.8667 1.7102 1.5718 1.4449 1.3207 1.2058 1.0907 0.9942 0.8999 0.8141 0.7403 0.6692 0.6078 0.5496 0.4939 0.4472 0.4049 0.3634 0.3269 0.2960 0.2670 0.2392 0.2141 0.1930 0.1738 0.1559 0.1397 0.1251 0.1124
5.1822 5.0418 4.8152 4.8564 4.9558 4.8831 4.6708 4.4676 4.3272 4.2189 4.0623 3.8885 3.6873 3.4697 3.2557 3.0463 2.8573 2.6651 2.4763 2.3077 2.1401 1.9858 1.8216 1.6772 1.5445 1.4149 1.2952 1.1738 1.0708 0.9683 0.8792 0.8026 0.7275 0.6620 0.5997 0.5403 0.4899 0.4437 0.3978 0.3575 0.3235 0.2924 0.2629 0.2367 0.2138 0.1927 0.1730 0.1551 0.1389 0.1249
5.0217 4.9601 5.1569 5.2484 5.0999 4.8776 4.7308 4.6659 4.6038 4.4849 4.2646 4.0393 3.8155 3.6022 3.4017 3.2046 3.0204 2.8255 2.6290 2.4500 2.2717 2.1101 1.9393 1.7899 1.6521 1.5174 1.3929 1.2651 1.1549 1.0431 0.9503 0.8707 0.7912 0.7212 0.6543 0.5909 0.5365 0.4861 0.4351 0.3908 0.3535 0.3200 0.2888 0.2616 0.2368 0.2137 0.1919 0.1721 0.1542 0.1388
5.2971 5.5021 5.4352 5.2283 5.0778 5.0420 5.0433 4.9944 4.8624 4.6636 4.3987 4.1661 3.9552 3.7609 3.5751 3.3852 3.1976 2.9944 2.7884 2.6011 2.4147 2.2454 2.0673 1.9124 1.7693 1.6292 1.4995 1.3665 1.2514 1.1332 1.0343 0.9492 0.8642 0.7889 0.7168 0.6492 0.5907 0.5362 0.4811 0.4330 0.3926 0.3561 0.3219 0.2923 0.2651 0.2396 0.2155 0.1935 0.1736 0.1564
5.7096 5.4936 5.3604 5.3763 5.4372 5.4508 5.3686 5.2009 4.9895 4.7691 4.5324 4.3326 4.1441 3.9594 3.7753 3.5828 3.3842 3.1692 2.9544 2.7624 2.5710 2.3931 2.2067 2.0450 1.8963 1.7501 1.6146 1.4778 1.3601 1.2389 1.1312 1.0382 0.9466 0.8654 0.7877 0.7156 0.6531 0.5948 0.5365 0.4853 0.4422 0.4015 0.3633 0.3297 0.2995 0.2712 0.2443 0.2199 0.1977 0.1785
5.6317 5.7323 5.8366 5.8585 5.7753 5.6404 5.4777 5.2995 5.1202 4.9423 4.7487 4.5677 4.3784 4.1832 3.9879 3.7869 3.5750 3.3487 3.1267 2.9319 2.7365 2.5502 2.3552 2.1865 2.0316 1.8790 1.7372 1.5968 1.4767 1.3528 1.2358 1.1343 1.0357 0.9483 0.8647 0.7879 0.7213 0.6591 0.5977 0.5435 0.4977 0.4526 0.4097 0.3718 0.3381 0.3068 0.2770 0.2498 0.2251 0.2036
6.3103 6.2710 6.1350 5.9797 5.8396 5.7408 5.6505 5.5327 5.3890 5.2206 5.0274 4.8308 4.6189 4.4005 4.1862 3.9703 3.7497 3.5170 3.2907 3.0947 2.8967 2.7041 2.5011 2.3252 2.1645 2.0069 1.8609 1.7175 1.5951 1.4680 1.3432 1.2348 1.1303 1.0380 0.9495 0.8675 0.7964 0.7298 0.6650 0.6076 0.5589 0.5095 0.4620 0.4194 0.3823 0.3478 0.3150 0.2848 0.2574 0.2334
6.4741 6.3659 6.2894 6.2377 6.1857 6.1197 6.0173 5.8593 5.6850 5.4932 5.2826 5.0663 4.8345 4.5923 4.3519 4.1059 3.8844 3.6522 3.4250 3.2288 3.0297 2.8357 2.6264 2.4437 2.2788 2.1203 1.9760 1.8308 1.7054 1.5722 1.4450 1.3351 1.2286 1.1357 1.0452 0.9566 0.8795 0.8073 0.7385 0.6771 0.6248 0.5727 0.5215 0.4744 0.4341 0.3967 0.3611 0.3280 0.2975 0.2706
6.9491 6.9067 6.8458 6.7627 6.6516 6.5019 6.3188 6.0946 5.8934 5.6951 5.4879 5.2700 5.0320 4.7750 4.5136 4.2399 4.0190 3.7884 3.5609 3.3649 3.1651 2.9700 2.7543 2.5647 2.3959 2.2371 2.0957 1.9495 1.8216 1.6822 1.5531 1.4424 1.3345 1.2419 1.1499 1.0543 0.9708 0.8926 0.8196 0.7541 0.6981 0.6434 0.5883 0.5363 0.4927 0.4524 0.4139 0.3775 0.3437 0.3138
7.4365 7.3025 7.1787 7.0492 6.9034 6.7155 6.4996 6.2500 6.0503 5.8641 5.6721 5.4592 5.2182 4.9472 4.6650 4.3637 4.1430 3.9137 3.6864 3.4908 3.2906 3.0948 2.8730 2.6765 2.5038 2.3456 2.2080 2.0615 1.9321 1.7880 1.6575 1.5464 1.4378 1.3460 1.2533 1.1507 1.0613 0.9773 0.9004 0.8311 0.7716 0.7145 0.6560 0.5992 0.5524 0.5092 0.4682 0.4287 0.3917 0.3587
7.4104 7.2928 7.1854 7.0632 6.9117 6.7255 6.5120 6.2650 6.0585 5.8631 5.6698 5.4572 5.2174 4.9394 4.6556 4.3581 4.1342 3.9042 3.6817 3.4881 3.2889 3.0934 2.8669 2.6640 2.4873 2.3294 2.1950 2.0493 1.9245 1.7897 1.6579 1.5450 1.4365 1.3433 1.2490 1.1465 1.0585 0.9764 0.9000 0.8300 0.7690 0.7120 0.6540 0.5984 0.5511 0.5078 0.4680 0.4289 0.3920 0.3590
