0.1567 0.0319 0.1061 0.3906 0.2692 0.0327 0.3709 0.0308 0.3130 0.0420 0.2884 0.0679 0.0848 0.1855 0.0812 0.0204 0.0433 0.1126 0.1702 0.1463 0.0691 0.0237 0.0411 0.0818 0.0975 0.0781 0.0416 0.0123 0.0022 0.0100 0.0269 0.0438 0.0548 0.0580 0.0548 0.0467 0.0368 0.0266 0.0177 0.0107 0.0058 0.0027 0.0011 0.0007 0.0010 0.0018 0.0029 0.0039 0.0049 0.0058
0.5192 0.1117 0.2874 1.1480 0.8386 0.0861 1.1095 0.1023 0.9320 0.1302 0.8658 0.1933 0.2630 0.5523 0.2345 0.0614 0.1365 0.3450 0.5140 0.4379 0.2051 0.0700 0.1229 0.2442 0.2902 0.2313 0.1225 0.0358 0.0065 0.0306 0.0816 0.1322 0.1650 0.1740 0.1643 0.1398 0.1099 0.0795 0.0528 0.0320 0.0172 0.0080 0.0034 0.0021 0.0031 0.0055 0.0086 0.0118 0.0148 0.0175
1.0343 0.2542 0.3849 1.8255 1.4967 0.1114 1.8310 0.2080 1.5257 0.2333 1.4417 0.2896 0.4664 0.9046 0.3612 0.1046 0.2503 0.5985 0.8669 0.7259 0.3340 0.1129 0.2034 0.4030 0.4757 0.3759 0.1965 0.0560 0.0110 0.0535 0.1391 0.2228 0.2763 0.2903 0.2733 0.2319 0.1818 0.1313 0.0870 0.0525 0.0282 0.0131 0.0055 0.0035 0.0053 0.0094 0.0145 0.0199 0.0249 0.0294
1.8135 0.5462 0.3761 2.3468 2.2858 0.1165 2.5016 0.3856 2.0649 0.3698 2.0064 0.3425 0.7112 1.2279 0.4473 0.1572 0.4001 0.8849 1.2310 1.0046 0.4496 0.1494 0.2814 0.5555 0.6489 0.5061 0.2592 0.0708 0.0158 0.0803 0.2014 0.3174 0.3900 0.4071 0.3814 0.3224 0.2519 0.1812 0.1196 0.0718 0.0384 0.0177 0.0074 0.0049 0.0076 0.0134 0.0207 0.0282 0.0352 0.0415
2.9442 1.1252 0.2992 2.6142 3.2120 0.1502 3.0568 0.6917 2.5043 0.5695 2.5369 0.3474 1.0106 1.5018 0.4853 0.2341 0.6028 1.2112 1.6019 1.2634 0.5435 0.1763 0.3557 0.6988 0.8046 0.6161 0.3067 0.0791 0.0221 0.1132 0.2710 0.4179 0.5070 0.5248 0.4885 0.4108 0.3194 0.2287 0.1502 0.0897 0.0475 0.0217 0.0092 0.0064 0.0101 0.0178 0.0272 0.0370 0.0458 0.0539
4.4086 2.1524 0.2875 2.5325 4.2145 0.3150 3.3989 1.2002 2.7823 0.8750 2.9941 0.3130 1.3715 1.6998 0.4791 0.3604 0.8740 1.5766 1.9652 1.4850 0.6047 0.1904 0.4257 0.8306 0.9382 0.7011 0.3359 0.0802 0.0314 0.1551 0.3506 0.5264 0.6287 0.6439 0.5946 0.4967 0.3839 0.2733 0.1783 0.1056 0.0554 0.0251 0.0106 0.0079 0.0130 0.0226 0.0342 0.0462 0.0570 0.0667
5.9617 3.7212 0.5861 2.0651 5.1353 0.7638 3.4123 1.9879 2.8288 1.3379 3.3217 0.2671 1.7889 1.7932 0.4504 0.5696 1.2237 1.9662 2.2937 1.6449 0.6211 0.1903 0.4932 0.9508 1.0472 0.7582 0.3454 0.0753 0.0465 0.2092 0.4434 0.6454 0.7566 0.7652 0.6997 0.5799 0.4449 0.3145 0.2036 0.1195 0.0619 0.0277 0.0118 0.0096 0.0161 0.0279 0.0418 0.0559 0.0686 0.0801
7.0463 5.6933 1.5079 1.3199 5.7126 1.6613 3.0071 3.1008 2.5877 2.0078 3.4525 0.2585 2.2397 1.7599 0.4440 0.8995 1.6472 2.3463 2.5456 1.7126 0.5816 0.1790 0.5654 1.0640 1.1329 0.7878 0.3367 0.0671 0.0711 0.2796 0.5528 0.7772 0.8922 0.8893 0.8041 0.6602 0.5022 0.3520 0.2258 0.1310 0.0669 0.0295 0.0129 0.0114 0.0198 0.0338 0.0501 0.0664 0.0809 0.0940
6.9151 7.5247 3.2791 0.6282 5.6379 3.0950 2.1969 4.4989 2.0557 2.9107 3.3228 0.3549 2.6783 1.5975 0.5298 1.3797 2.1142 2.6599 2.6667 1.6571 0.4824 0.1695 0.6584 1.1829 1.2036 0.7958 0.3148 0.0605 0.1098 0.3701 0.6815 0.9236 1.0364 1.0165 0.9078 0.7375 0.5556 0.3857 0.2447 0.1402 0.0704 0.0305 0.0137 0.0135 0.0240 0.0404 0.0591 0.0776 0.0939 0.1085
5.1355 8.2713 5.7684 0.5425 4.7068 4.9442 1.1932 5.9914 1.3341 4.0175 2.8971 0.6339 3.0391 1.3408 0.7962 2.0123 2.5583 2.8290 2.6006 1.4583 0.3361 0.1905 0.8021 1.3314 1.2768 0.7946 0.2889 0.0622 0.1671 0.4830 0.8305 1.0846 1.1887 1.1461 1.0099 0.8111 0.6046 0.4151 0.2603 0.1469 0.0725 0.0309 0.0145 0.0160 0.0289 0.0478 0.0690 0.0897 0.1077 0.1237
2.3625 7.0376 8.2090 1.6533 3.0438 6.7679 0.4625 7.1958 0.6784 5.2102 2.2028 1.1656 3.2519 1.0792 1.3303 2.7499 2.8767 2.7726 2.3125 1.1270 0.1838 0.2927 1.0433 1.5476 1.3805 0.8042 0.2719 0.0791 0.2452 0.6178 0.9978 1.2579 1.3468 1.2764 1.1093 0.8802 0.6487 0.4402 0.2724 0.1512 0.0731 0.0307 0.0154 0.0191 0.0346 0.0563 0.0799 0.1027 0.1225 0.1399
0.6721 3.9694 9.2380 4.1850 1.2890 7.8417 0.6505 7.5919 0.5057 6.2535 1.3648 1.9878 3.2637 0.9550 2.1780 3.4722 2.9412 2.4376 1.8216 0.7269 0.1041 0.5479 1.4392 1.8744 1.5462 0.8458 0.2755 0.1149 0.3415 0.7679 1.1750 1.4354 1.5041 1.4021 1.2020 0.9421 0.6860 0.4598 0.2805 0.1530 0.0723 0.0301 0.0165 0.0229 0.0414 0.0659 0.0922 0.1172 0.1386 0.1573
2.3523 1.0882 7.6582 7.5129 0.5305 7.4671 2.2857 6.7375 1.3016 6.8013 0.6312 3.0752 3.0624 1.1347 3.2873 3.9753 2.6361 1.8508 1.2418 0.3952 0.2127 1.0318 2.0318 2.3345 1.7873 0.9274 0.3014 0.1641 0.4441 0.9167 1.3439 1.5989 1.6440 1.5098 1.2775 0.9891 0.7115 0.4706 0.2826 0.1510 0.0697 0.0289 0.0181 0.0278 0.0495 0.0771 0.1060 0.1331 0.1559 0.1758
7.3449 1.4984 3.8490 9.9762 1.8326 5.4919 5.3121 4.6349 3.3749 6.4790 0.3718 4.3227 2.7108 1.7550 4.4698 4.0232 1.9525 1.2002 0.8254 0.3423 0.6298 1.7787 2.8049 2.8966 2.0764 1.0288 0.3331 0.2091 0.5324 1.0412 1.4811 1.7269 1.7482 1.5844 1.3245 1.0131 0.7197 0.4691 0.2767 0.1445 0.0650 0.0275 0.0205 0.0341 0.0595 0.0902 0.1217 0.1508 0.1750 0.1958
11.9128 6.3717 0.7733 9.5312 5.4623 2.7376 8.7498 2.0861 6.4657 5.0680 1.0210 5.5277 2.3306 2.8294 5.3973 3.4491 1.0916 0.8794 0.9429 0.7873 1.3933 2.6912 3.6034 3.4112 2.3029 1.0804 0.3301 0.2253 0.5883 1.1251 1.5708 1.8042 1.8031 1.6147 1.3341 1.0079 0.7061 0.4527 0.2614 0.1328 0.0582 0.0260 0.0243 0.0426 0.0719 0.1059 0.1399 0.1708 0.1961 0.2177
11.2212 12.3192 2.2835 5.6137 10.1416 0.8458 10.9624 0.6071 9.4014 2.8164 2.9335 6.3677 2.0409 4.1697 5.6907 2.3120 0.5312 1.4276 1.9422 1.7931 2.3064 3.4194 4.0474 3.5589 2.2507 0.9640 0.2472 0.2114 0.6313 1.1938 1.6363 1.8493 1.8220 1.6099 1.3124 0.9771 0.6733 0.4230 0.2379 0.1169 0.0500 0.0252 0.0300 0.0538 0.0874 0.1246 0.1610 0.1935 0.2195 0.2416
4.8118 13.6671 8.3798 1.2809 12.7673 1.5055 10.6500 1.4814 10.2869 0.7849 6.0784 6.3500 1.8766 5.3973 5.1116 1.0262 0.9154 3.2245 3.7916 2.9788 2.7710 3.3055 3.5508 2.9079 1.6718 0.5916 0.1122 0.2629 0.7853 1.3740 1.7909 1.9560 1.8780 1.6240 1.2981 0.9475 0.6390 0.3913 0.2131 0.1006 0.0426 0.0260 0.0379 0.0676 0.1055 0.1458 0.1846 0.2184 0.2450 0.2673
0.8680 7.8270 13.5990 1.6462 9.6415 5.6788 7.5777 4.4000 7.8672 0.8110 9.3960 4.7579 1.8804 6.1744 3.7910 0.2826 2.5623 5.7514 5.4100 3.1839 1.8598 1.7623 1.8335 1.4126 0.6826 0.1807 0.1945 0.6652 1.3239 1.9121 2.2438 2.2939 2.1029 1.7553 1.3623 0.9682 0.6359 0.3781 0.1988 0.0902 0.0383 0.0285 0.0467 0.0818 0.1240 0.1674 0.2085 0.2437 0.2708 0.2934
7.8768 0.7633 11.4836 8.3548 2.9429 11.5193 1.6336 9.6277 4.1294 3.7925 9.1836 0.9291 4.0853 7.8279 2.4966 0.5343 4.3393 5.8499 3.1723 0.5121 0.4698 1.9702 3.0197 2.8746 1.9870 1.1990 0.9368 1.1873 1.6737 2.1300 2.3590 2.3334 2.0907 1.7132 1.3069 0.9119 0.5861 0.3392 0.1723 0.0759 0.0350 0.0345 0.0602 0.1010 0.1473 0.1935 0.2363 0.2723 0.2995 0.3219
16.0787 4.9480 4.1160 14.3546 0.6933 13.1664 0.7527 12.1608 1.1800 7.6494 7.4972 0.3879 6.7236 7.2959 1.1461 1.5631 5.8052 5.7981 2.3339 0.2364 1.0136 2.7660 3.5593 3.0566 1.9764 1.1899 1.0242 1.3666 1.8891 2.3260 2.4992 2.4085 2.1088 1.6915 1.2633 0.8613 0.5387 0.3013 0.1467 0.0629 0.0337 0.0430 0.0765 0.1232 0.1736 0.2226 0.2669 0.3036 0.3306 0.3525
11.9017 14.8067 0.9205 13.0624 5.1980 9.2703 4.5709 10.8705 0.7470 11.0018 4.4550 1.6514 9.0119 5.7082 0.3654 3.2907 7.0030 5.2335 1.4432 0.2688 1.8386 3.6332 4.0198 3.1318 1.9051 1.1738 1.1336 1.5699 2.1151 2.5157 2.6204 2.4581 2.1005 1.6470 1.2017 0.7984 0.4841 0.2603 0.1210 0.0520 0.0357 0.0555 0.0971 0.1496 0.2039 0.2553 0.3007 0.3376 0.3640 0.3851
1.5891 15.7206 8.3551 5.0839 13.3111 2.9173 11.1439 6.1273 3.9967 11.8777 1.5095 4.7152 10.0290 3.4667 0.6239 5.4698 7.6190 4.1954 0.6984 0.7120 2.9122 4.4894 4.3412 3.0807 1.7798 1.1640 1.2734 1.7986 2.3476 2.6932 2.7169 2.4782 2.0643 1.5793 1.1232 0.7248 0.4239 0.2178 0.0968 0.0445 0.0421 0.0729 0.1225 0.1806 0.2384 0.2918 0.3379 0.3746 0.3999 0.4198
5.8552 5.0979 17.6018 0.8796 16.2956 0.9839 15.1639 1.4641 9.6462 9.3466 0.5447 8.6246 9.1496 1.3819 2.1664 7.6287 7.4108 2.8607 0.3288 1.6177 4.1478 5.2307 4.4686 2.8975 1.6175 1.1780 1.4525 2.0522 2.5813 2.8518 2.7833 2.4658 1.9989 1.4891 1.0293 0.6424 0.3604 0.1759 0.0758 0.0416 0.0539 0.0959 0.1534 0.2166 0.2775 0.3324 0.3786 0.4145 0.4384 0.4566
19.4874 1.9219 14.2294 8.2363 9.7324 7.1794 12.3804 1.4464 14.0613 4.6448 2.7870 11.6585 6.4914 0.4530 4.8249 9.1612 6.3160 1.5429 0.5447 2.9557 5.4036 5.7469 4.3651 2.5955 1.4460 1.2370 1.6791 2.3284 2.8091 2.9842 2.8153 2.4196 1.9057 1.3787 0.9226 0.5541 0.2962 0.1369 0.0599 0.0451 0.0725 0.1256 0.1906 0.2584 0.3217 0.3774 0.4232 0.4578 0.4796 0.4958
14.7629 14.9388 2.8299 18.5039 1.5892 16.0423 4.8993 7.4310 13.6206 1.0244 7.6927 12.1102 3.1369 1.4518 7.9380 9.5113 4.5342 0.6423 1.4738 4.5938 6.4969 5.9381 4.0212 2.2098 1.3037 1.3632 1.9581 2.6217 3.0220 3.0824 2.8081 2.3381 1.7855 1.2503 0.8063 0.4630 0.2341 0.1033 0.0512 0.0564 0.0990 0.1629 0.2349 0.3067 0.3715 0.4272 0.4718 0.5044 0.5236 0.5373
1.1738 20.6378 4.3013 15.9906 4.2371 17.1774 0.8720 14.9845 8.1171 1.7775 12.7125 9.3982 0.8495 4.4491 10.4735 8.4129 2.5473 0.5506 3.0966 6.2975 7.2321 5.7384 3.4652 1.7991 1.2361 1.5766 2.2890 2.9223 3.2089 3.1384 2.7569 2.2196 1.6389 1.1065 0.6838 0.3725 0.1773 0.0776 0.0516 0.0772 0.1346 0.2087 0.2868 0.3615 0.4269 0.4816 0.5244 0.5544 0.5704 0.5811
11.9162 6.6477 18.7938 3.8454 16.1417 8.3345 6.2507 16.8746 2.0835 7.4052 14.5583 4.8266 1.2465 8.5428 11.3862 6.0916 1.0352 1.5197 5.2050 7.7588 7.4408 5.1415 2.7705 1.4407 1.2891 1.8905 2.6651 3.2162 3.3572 3.1442 2.6590 2.0651 1.4694 0.9518 0.5597 0.2869 0.1292 0.0626 0.0634 0.1090 0.1804 0.2637 0.3468 0.4233 0.4881 0.5409 0.5811 0.6077 0.6198 0.6271
24.3279 3.3000 19.7449 3.5240 20.3679 1.1327 16.3804 10.5280 1.6574 14.2883 11.5707 1.2656 4.7567 12.0410 10.1149 3.3189 0.6764 3.5315 7.4069 8.6555 7.0301 4.2176 2.0524 1.2216 1.5012 2.3067 3.0706 3.4850 3.4533 3.0931 2.5133 1.8775 1.2819 0.7917 0.4392 0.2108 0.0936 0.0612 0.0886 0.1534 0.2375 0.3286 0.4152 0.4921 0.5552 0.6051 0.6417 0.6643 0.6719 0.6752
7.4992 20.8528 4.4098 18.0676 9.4791 7.1154 19.2219 2.4375 8.5267 16.8143 5.5514 1.5255 9.9816 13.1645 6.9964 1.2288 1.8799 6.2240 9.1949 8.7397 6.0298 3.1207 1.4575 1.2265 1.8956 2.8129 3.4841 3.7126 3.4906 2.9873 2.3240 1.6622 1.0830 0.6330 0.3287 0.1490 0.0744 0.0763 0.1292 0.2115 0.3063 0.4031 0.4913 0.5674 0.6278 0.6742 0.7069 0.7248 0.7275 0.7266
5.1772 19.8843 5.4274 21.6835 1.2629 19.3919 10.4973 2.5255 16.8684 12.3579 1.2117 6.2187 14.1297 11.1105 3.3623 0.8992 4.5441 8.9265 10.0688 7.9087 4.5959 2.0604 1.1311 1.5117 2.4659 3.3755 3.8678 3.8681 3.4488 2.8155 2.0911 1.4253 0.8803 0.4827 0.2339 0.1064 0.0751 0.1106 0.1872 0.2847 0.3879 0.4881 0.5759 0.6498 0.7063 0.7482 0.7760 0.7887 0.7858 0.7802
25.7386 2.2407 22.8227 6.7432 11.3739 19.7110 1.5871 12.1115 18.1155 4.5735 2.6808 12.7111 14.5581 6.7359 1.0484 2.8287 7.9658 10.8239 9.7028 6.2866 3.0230 1.2828 1.1964 2.0961 3.1754 3.9439 4.1802 3.9259 3.3177 2.5783 1.8212 1.1762 0.6830 0.3489 0.1614 0.0878 0.0994 0.1666 0.2641 0.3739 0.4827 0.5839 0.6692 0.7391 0.7905 0.8268 0.8489 0.8556 0.8465 0.8357
13.4387 12.7835 18.4157 3.2880 23.4312 6.8432 5.9087 20.3177 10.3572 1.0886 9.6324 16.4664 10.6714 2.4330 1.5212 6.5527 10.9927 11.2281 8.0932 4.2342 1.6892 1.0129 1.7179 2.9444 3.9540 4.4533 4.3772 3.8645 3.0924 2.2809 1.5250 0.9264 0.5017 0.2402 0.1178 0.0982 0.1507 0.2464 0.3613 0.4798 0.5911 0.6905 0.7711 0.8353 0.8802 0.9098 0.9255 0.9254 0.9096 0.8932
3.1213 26.0448 1.8757 20.1368 15.0616 1.9255 18.6051 16.4056 2.0339 6.2140 16.5888 14.3604 4.8072 0.9384 4.9702 10.6637 12.4395 9.8852 5.6400 2.2945 0.9730 1.3972 2.6802 3.9754 4.7240 4.8525 4.4334 3.6772 2.7784 1.9354 1.2187 0.6919 0.3492 0.1662 0.1102 0.1424 0.2323 0.3523 0.4807 0.6050 0.7160 0.8117 0.8856 0.9418 0.9782 0.9997 1.0073 0.9996 0.9765 0.9540
25.7852 7.0454 13.3842 22.0461 1.6952 14.5743 20.9851 4.9736 3.4333 15.5390 17.2307 7.6771 1.0885 3.5983 9.9232 13.3076 11.5687 7.1126 3.0469 1.0424 1.1422 2.4445 3.9589 5.0334 5.3525 5.0506 4.3019 3.3517 2.3845 1.5602 0.9184 0.4853 0.2361 0.1352 0.1444 0.2244 0.3464 0.4855 0.6226 0.7482 0.8555 0.9444 1.0093 1.0552 1.0817 1.0938 1.0925 1.0765 1.0456 1.0167
14.4280 7.3758 25.7723 4.2804 10.3426 23.4966 8.7400 1.8362 13.8188 19.3553 10.5124 1.7653 2.5878 9.1909 13.7992 13.0824 8.5612 3.8463 1.1897 0.9407 2.2680 4.0026 5.3408 5.9363 5.7219 4.9905 3.9698 2.9005 1.9341 1.1807 0.6463 0.3244 0.1754 0.1561 0.2264 0.3475 0.4950 0.6467 0.7871 0.9095 1.0091 1.0882 1.1414 1.1751 1.1902 1.1918 1.1806 1.1557 1.1165 1.0808
3.7927 26.9192 7.7006 7.2585 24.5581 12.2057 1.2603 12.3646 20.7089 13.0651 2.6334 1.9552 8.7279 14.3346 14.3061 9.8875 4.5973 1.3471 0.8030 2.1554 4.1659 5.7744 6.5628 6.5089 5.7438 4.6487 3.4527 2.3581 1.4652 0.8305 0.4285 0.2283 0.1806 0.2376 0.3615 0.5152 0.6804 0.8377 0.9755 1.0898 1.1779 1.2441 1.2832 1.3031 1.3051 1.2947 1.2730 1.2385 1.1905 1.1475
27.5103 10.3015 5.7535 25.1711 14.6493 1.2168 11.7299 21.9493 14.9093 3.3531 1.6738 8.6948 15.1911 15.5373 10.8984 5.1754 1.4429 0.7177 2.1839 4.4553 6.4113 7.3717 7.3604 6.6134 5.3762 4.0419 2.7953 1.7753 1.0228 0.5446 0.2914 0.2160 0.2641 0.3879 0.5551 0.7312 0.9052 1.0609 1.1895 1.2905 1.3631 1.4133 1.4361 1.4410 1.4277 1.4037 1.3709 1.3263 1.2688 1.2180
10.8108 5.8235 26.1677 15.4792 1.2555 12.2965 23.3277 15.9059 3.5227 1.7447 9.3181 16.3813 16.8177 11.6331 5.3718 1.3963 0.6961 2.4130 5.0078 7.2144 8.4054 8.3721 7.5010 6.1652 4.6293 3.2257 2.0652 1.2126 0.6549 0.3590 0.2605 0.3040 0.4359 0.6121 0.8090 0.9948 1.1675 1.3130 1.4256 1.5080 1.5611 1.5921 1.5963 1.5845 1.5544 1.5157 1.4710 1.4159 1.3486 1.2897
7.8725 27.8415 14.2244 1.3691 14.5555 24.8494 15.6597 2.9638 2.3060 11.0071 18.0670 17.8657 11.9346 5.1280 1.1511 0.8010 2.9721 5.9381 8.3603 9.5769 9.5557 8.4694 6.8936 5.2027 3.6012 2.3119 1.3629 0.7501 0.4197 0.3135 0.3611 0.5072 0.7039 0.9134 1.1236 1.3051 1.4653 1.5922 1.6819 1.7406 1.7703 1.7792 1.7627 1.7327 1.6844 1.6299 1.5730 1.5068 1.4295 1.3622
29.5046 10.5095 2.5225 19.0498 26.1275 13.6570 1.8169 3.9280 14.0145 20.5024 18.4981 11.3822 4.3296 0.7905 1.1976 4.0767 7.4636 9.9820 11.0766 10.7789 9.5002 7.6002 5.6461 3.9049 2.4756 1.4582 0.8099 0.4748 0.3762 0.4462 0.6160 0.8389 1.0758 1.2970 1.5038 1.6670 1.8045 1.9046 1.9644 1.9931 1.9937 1.9785 1.9398 1.8902 1.8243 1.7546 1.6844 1.6061 1.5178 1.4420
4.5711 7.0837 25.4219 25.2268 9.3486 1.0304 7.6450 18.6221 22.7948 18.2143 9.6285 2.8998 0.5734 2.2486 5.9587 9.7375 12.1361 12.8213 12.0510 10.3049 8.1441 5.9036 3.9880 2.5083 1.4547 0.8199 0.5156 0.4595 0.5686 0.7812 1.0361 1.3018 1.5490 1.7577 1.9425 2.0726 2.1763 2.2416 2.2647 2.2582 2.2257 2.1843 2.1220 2.0518 1.9678 1.8826 1.7986 1.7078 1.6080 1.5236
17.8613 30.5537 19.4301 3.6728 3.0818 14.6063 24.1329 23.7286 15.6676 6.5585 1.3034 1.1650 4.5609 9.0348 12.7260 14.7139 14.6444 13.1161 10.7947 8.2232 5.8373 3.8095 2.3203 1.3391 0.7774 0.5598 0.5828 0.7638 1.0271 1.3301 1.6224 1.8910 2.1161 2.2870 2.4313 2.5140 2.5739 2.5970 2.5777 2.5317 2.4628 2.3937 2.3067 2.2152 2.1127 2.0117 1.9137 1.8101 1.6989 1.6058
26.9915 8.3707 1.5708 11.5124 24.3598 27.7912 20.9235 10.3392 2.7422 0.8784 3.7850 8.8637 13.5924 16.4488 17.1684 16.0789 13.6019 10.6258 7.7283 5.2279 3.2993 1.9302 1.1110 0.7278 0.6579 0.8067 1.0817 1.4207 1.7631 2.0933 2.3703 2.6014 2.7743 2.8847 2.9722 2.9947 3.0006 2.9734 2.9062 2.8193 2.7159 2.6199 2.5079 2.3927 2.2699 2.1516 2.0386 1.9221 1.7993 1.6971
1.5546 11.5732 26.1629 31.1490 24.3257 12.5533 3.5926 1.0325 4.1239 9.9750 15.5160 19.1329 20.1282 18.8570 16.1833 12.8707 9.4264 6.4222 4.0794 2.4257 1.4069 0.8930 0.7756 0.9292 1.2360 1.6268 2.0332 2.4259 2.7598 3.0502 3.2595 3.4149 3.5090 3.5388 3.5551 3.5065 3.4496 3.3649 3.2454 3.1175 2.9828 2.8614 2.7243 2.5832 2.4384 2.3015 2.1726 2.0431 1.9086 1.7969
32.0470 33.8690 24.0746 11.1044 2.7092 1.7119 6.4882 13.5005 19.6598 23.2570 23.6240 21.7074 18.2181 14.1562 10.2609 6.9361 4.3319 2.5406 1.4760 0.9936 0.9430 1.1684 1.5671 2.0550 2.5382 2.9989 3.3930 3.7257 3.9632 4.1499 4.2446 4.2916 4.2850 4.2186 4.1533 4.0263 3.9017 3.7559 3.5824 3.4132 3.2483 3.1026 2.9408 2.7737 2.6069 2.4515 2.3069 2.1645 2.0187 1.8977
16.5369 5.0760 1.5804 5.6098 13.5563 21.4784 26.7553 28.3853 26.9088 23.3212 18.4742 13.6844 9.4028 6.0093 3.5933 2.0739 1.2911 1.0853 1.2815 1.7278 2.3084 2.9004 3.4814 4.0236 4.4498 4.8008 5.0458 5.2189 5.2876 5.3196 5.2687 5.1879 5.0674 4.8965 4.7455 4.5406 4.3489 4.1434 3.9179 3.7097 3.5165 3.3450 3.1587 2.9684 2.7808 2.6075 2.4471 2.2921 2.1351 2.0047
10.3483 20.2302 28.7697 33.6132 34.2347 31.3783 26.3307 20.3623 14.6584 9.8198 6.0408 3.5013 2.0060 1.3539 1.3351 1.7446 2.3939 3.1547 3.9319 4.6630 5.3223 5.8182 6.2254 6.5539 6.7153 6.8123 6.8119 6.7630 6.6198 6.4655 6.2626 6.0537 5.8164 5.5412 5.3077 5.0368 4.7870 4.5288 4.2590 4.0168 3.7978 3.5938 3.3819 3.1761 2.9704 2.7803 2.6038 2.4360 2.2676 2.1273
41.1748 36.0472 29.0970 21.7995 15.1464 9.7329 5.7713 3.2228 1.9110 1.5599 1.8805 2.6517 3.6478 4.7027 5.7514 6.7360 7.5396 8.1764 8.6516 8.9978 9.2443 9.2876 9.2720 9.2172 8.9982 8.7731 8.4915 8.2043 7.8444 7.5042 7.1606 6.8357 6.4924 6.1233 5.8168 5.4904 5.1906 4.8863 4.5781 4.3072 4.0672 3.8327 3.5975 3.3791 3.1572 2.9514 2.7597 2.5800 2.4008 2.2510
4.4980 2.6129 2.0603 2.5184 3.6490 5.1646 6.8323 8.4478 9.9428 11.2707 12.2763 13.1301 13.7147 14.0343 14.2535 14.3947 14.2818 14.0302 13.6759 13.3060 12.9407 12.4266 11.9366 11.4822 10.8940 10.3732 9.8459 9.3564 8.8166 8.3240 7.8728 7.4602 7.0348 6.5924 6.2297 5.8633 5.5263 5.1872 4.8497 4.5564 4.2996 4.0396 3.7860 3.5595 3.3247 3.1059 2.9010 2.7110 2.5226 2.3647
30.7468 31.1529 31.2779 31.1538 30.7591 30.2049 29.4631 28.4788 27.4602 26.4538 25.2079 24.1344 22.9875 21.7720 20.7254 19.8249 18.7817 17.7409 16.7260 15.8202 15.0199 14.1290 13.3202 12.6029 11.8052 11.1162 10.4487 9.8358 9.2007 8.6438 8.1393 7.6824 7.2163 6.7368 6.3444 5.9558 5.6073 5.2620 4.9115 4.5979 4.3143 4.0510 3.7986 3.5774 3.3420 3.1212 2.9135 2.7210 2.5306 2.3719
