0.2186 0.2177 0.2166 0.1855 0.1756 0.1649 0.1532 0.1450 0.1396 0.1516 0.1134 0.1071 0.1201 0.1216 0.1157 0.1040 0.0842 0.0618 0.0518 0.0591 0.0719 0.0777 0.0706 0.0561 0.0408 0.0294 0.0227 0.0197 0.0188 0.0184 0.0176 0.0164 0.0149 0.0132 0.0115 0.0099 0.0085 0.0073 0.0063 0.0054 0.0047 0.0041 0.0036 0.0032 0.0028 0.0025 0.0022 0.0020 0.0018 0.0016
0.6554 0.6506 0.6475 0.5570 0.5273 0.4940 0.4588 0.4340 0.4182 0.4536 0.3402 0.3214 0.3617 0.3668 0.3483 0.3128 0.2534 0.1859 0.1551 0.1755 0.2135 0.2317 0.2117 0.1693 0.1237 0.0890 0.0685 0.0591 0.0561 0.0547 0.0524 0.0491 0.0444 0.0395 0.0346 0.0298 0.0256 0.0220 0.0189 0.0163 0.0140 0.0123 0.0108 0.0096 0.0085 0.0076 0.0067 0.0060 0.0054 0.0048
1.0911 1.0773 1.0720 0.9292 0.8806 0.8213 0.7618 0.7201 0.6946 0.7524 0.5673 0.5358 0.6079 0.6180 0.5850 0.5239 0.4250 0.3121 0.2573 0.2870 0.3490 0.3819 0.3528 0.2852 0.2100 0.1513 0.1154 0.0983 0.0925 0.0898 0.0862 0.0810 0.0736 0.0657 0.0577 0.0499 0.0429 0.0369 0.0317 0.0273 0.0235 0.0206 0.0181 0.0160 0.0142 0.0126 0.0112 0.0100 0.0089 0.0080
1.5272 1.4973 1.4865 1.3014 1.2380 1.1465 1.0606 1.0025 0.9667 1.0472 0.7949 0.7508 0.8624 0.8793 0.8276 0.7383 0.6004 0.4419 0.3583 0.3906 0.4742 0.5252 0.4933 0.4055 0.3022 0.2183 0.1646 0.1376 0.1274 0.1229 0.1183 0.1116 0.1021 0.0917 0.0808 0.0702 0.0605 0.0521 0.0448 0.0386 0.0332 0.0290 0.0255 0.0226 0.0199 0.0177 0.0157 0.0140 0.0125 0.0112
1.9672 1.9146 1.8908 1.6709 1.6038 1.4700 1.3539 1.2817 1.2318 1.3387 1.0228 0.9672 1.1300 1.1543 1.0770 0.9559 0.7809 0.5776 0.4590 0.4843 0.5848 0.6579 0.6320 0.5314 0.4031 0.2928 0.2180 0.1777 0.1610 0.1538 0.1479 0.1403 0.1293 0.1170 0.1038 0.0906 0.0785 0.0678 0.0583 0.0502 0.0432 0.0376 0.0331 0.0292 0.0257 0.0228 0.0203 0.0180 0.0161 0.0144
2.4162 2.3369 2.2913 2.0335 1.9833 1.7948 1.6419 1.5595 1.4872 1.6302 1.2504 1.1869 1.4169 1.4460 1.3321 1.1749 0.9670 0.7222 0.5619 0.5672 0.6772 0.7758 0.7665 0.6632 0.5149 0.3778 0.2783 0.2206 0.1940 0.1821 0.1746 0.1664 0.1546 0.1411 0.1263 0.1110 0.0967 0.0838 0.0722 0.0622 0.0535 0.0466 0.0409 0.0360 0.0317 0.0280 0.0249 0.0221 0.0197 0.0176
2.8785 2.7715 2.7046 2.3857 2.3804 2.1274 1.9268 1.8381 1.7313 1.9270 1.4758 1.4140 1.7300 1.7552 1.5891 1.3919 1.1591 0.8801 0.6719 0.6408 0.7486 0.8741 0.8932 0.8004 0.6398 0.4770 0.3493 0.2690 0.2281 0.2087 0.1982 0.1893 0.1772 0.1634 0.1477 0.1310 0.1148 0.1000 0.0865 0.0747 0.0643 0.0559 0.0490 0.0431 0.0379 0.0334 0.0296 0.0262 0.0234 0.0208
3.3547 3.2175 3.1553 2.7336 2.7917 2.4812 2.2135 2.1190 1.9660 2.2354 1.6952 1.6555 2.0766 2.0787 1.8404 1.6013 1.3572 1.0571 0.7969 0.7105 0.7986 0.9483 1.0069 0.9399 0.7784 0.5939 0.4356 0.3275 0.2666 0.2353 0.2193 0.2088 0.1965 0.1830 0.1671 0.1497 0.1324 0.1161 0.1009 0.0874 0.0754 0.0656 0.0574 0.0505 0.0442 0.0390 0.0345 0.0305 0.0271 0.0241
3.8345 3.6631 3.6603 3.1048 3.1987 2.8793 2.5078 2.4011 2.1990 2.5582 1.9038 1.9223 2.4609 2.4077 2.0744 1.7960 1.5614 1.2607 0.9489 0.7863 0.8308 0.9946 1.1005 1.0760 0.9288 0.7305 0.5419 0.4013 0.3141 0.2651 0.2396 0.2252 0.2120 0.1989 0.1836 0.1663 0.1485 0.1313 0.1149 0.1000 0.0865 0.0755 0.0661 0.0581 0.0509 0.0448 0.0395 0.0349 0.0310 0.0275
4.2829 4.0946 4.2014 3.5566 3.5642 3.3539 2.8115 2.6822 2.4443 2.8892 2.0971 2.2285 2.8805 2.7253 2.2766 1.9689 1.7720 1.4995 1.1433 0.8845 0.8544 1.0120 1.1655 1.1984 1.0842 0.8855 0.6713 0.4962 0.3770 0.3035 0.2626 0.2405 0.2243 0.2108 0.1962 0.1795 0.1620 0.1447 0.1276 0.1118 0.0973 0.0851 0.0747 0.0657 0.0576 0.0507 0.0446 0.0394 0.0349 0.0310
4.6406 4.5119 4.7078 4.1566 3.8492 3.9362 3.1196 2.9673 2.7203 3.2087 2.2795 2.5908 3.3220 3.0086 2.4347 2.1174 1.9913 1.7831 1.3998 1.0306 0.8891 1.0067 1.1946 1.2936 1.2323 1.0525 0.8245 0.6179 0.4634 0.3588 0.2955 0.2599 0.2366 0.2205 0.2054 0.1893 0.1725 0.1555 0.1385 0.1224 0.1072 0.0944 0.0832 0.0734 0.0644 0.0568 0.0500 0.0441 0.0391 0.0347
4.9039 4.9144 5.0934 4.9082 4.0528 4.6171 3.4166 3.2703 3.0330 3.4800 2.4648 3.0161 3.7530 3.2306 2.5427 2.2437 2.2191 2.1126 1.7323 1.2517 0.9629 0.9929 1.1832 1.3432 1.3512 1.2144 0.9931 0.7664 0.5791 0.4398 0.3472 0.2910 0.2549 0.2319 0.2138 0.1967 0.1800 0.1636 0.1470 0.1311 0.1159 0.1028 0.0912 0.0808 0.0712 0.0629 0.0555 0.0491 0.0435 0.0386
5.2831 5.2501 5.3512 5.6562 4.2570 5.2918 3.6855 3.6040 3.3499 3.6531 2.6693 3.4798 4.1183 3.3667 2.6037 2.3514 2.4429 2.4665 2.1311 1.5614 1.1026 0.9902 1.1296 1.3243 1.4065 1.3371 1.1515 0.9273 0.7200 0.5492 0.4243 0.3415 0.2858 0.2501 0.2246 0.2036 0.1855 0.1687 0.1525 0.1370 0.1221 0.1091 0.0974 0.0869 0.0770 0.0683 0.0606 0.0537 0.0477 0.0423
6.1118 5.4549 5.5775 6.1078 4.6103 5.7564 3.9541 3.9732 3.6099 3.7069 2.9196 3.9234 4.3595 3.4200 2.6447 2.4499 2.6362 2.7936 2.5555 1.9568 1.3392 1.0374 1.0531 1.2264 1.3640 1.3766 1.2591 1.0713 0.8702 0.6832 0.5311 0.4202 0.3399 0.2854 0.2466 0.2169 0.1937 0.1742 0.1569 0.1411 0.1263 0.1134 0.1019 0.0915 0.0815 0.0727 0.0647 0.0576 0.0514 0.0457
7.1619 5.6925 5.8082 6.1089 5.1416 5.8244 4.2875 4.3393 3.7684 3.6874 3.2214 4.2453 4.4438 3.4391 2.7105 2.5412 2.7462 2.9976 2.9104 2.3927 1.6934 1.1948 1.0114 1.0751 1.2101 1.2904 1.2622 1.1485 0.9920 0.8192 0.6590 0.5287 0.4251 0.3487 0.2915 0.2474 0.2139 0.1877 0.1661 0.1478 0.1315 0.1179 0.1059 0.0954 0.0852 0.0763 0.0682 0.0609 0.0545 0.0486
7.4043 6.2312 5.9908 5.9413 5.5532 5.5866 4.6794 4.6520 3.9091 3.7153 3.5184 4.3298 4.4120 3.5266 2.8442 2.6073 2.7023 2.9481 3.0386 2.7567 2.1509 1.5418 1.1257 0.9762 1.0000 1.0780 1.1195 1.0977 1.0228 0.9054 0.7722 0.6469 0.5339 0.4416 0.3664 0.3050 0.2570 0.2193 0.1892 0.1648 0.1443 0.1275 0.1135 0.1015 0.0904 0.0807 0.0720 0.0644 0.0576 0.0515
6.9207 6.5587 6.4589 5.9881 5.5775 5.4899 4.9216 5.0313 4.2960 3.8889 3.6845 4.1263 4.4073 3.8118 3.0536 2.6172 2.4819 2.5673 2.7668 2.8495 2.6065 2.1321 1.5827 1.1683 0.9423 0.8710 0.8756 0.8952 0.8973 0.8607 0.7927 0.7099 0.6184 0.5321 0.4528 0.3814 0.3215 0.2721 0.2315 0.1984 0.1708 0.1483 0.1298 0.1145 0.1007 0.0890 0.0788 0.0700 0.0624 0.0555
7.1063 6.5438 7.2903 6.5047 6.0460 5.7799 4.9019 5.8740 5.0618 4.1376 3.7276 3.7533 4.5406 4.3317 3.2905 2.5894 2.2944 2.1023 2.1166 2.4062 2.7008 2.7605 2.4625 1.9812 1.4852 1.1004 0.8540 0.7269 0.6761 0.6527 0.6329 0.6065 0.5659 0.5190 0.4666 0.4109 0.3587 0.3113 0.2695 0.2333 0.2018 0.1750 0.1525 0.1335 0.1165 0.1022 0.0897 0.0790 0.0699 0.0618
7.9069 7.5080 8.1278 6.9680 6.7199 6.5494 5.7764 5.6369 5.2525 4.5235 4.8153 3.9216 3.6384 3.8774 3.2975 2.6726 2.7697 2.9566 2.6391 2.0427 1.6457 1.6877 1.9897 2.3076 2.4453 2.3673 2.1126 1.7793 1.4471 1.1440 0.8955 0.7082 0.5668 0.4654 0.3903 0.3318 0.2870 0.2516 0.2226 0.1983 0.1770 0.1582 0.1418 0.1274 0.1136 0.1015 0.0905 0.0808 0.0723 0.0644
9.2106 7.8578 8.1446 7.9333 6.7620 7.2305 5.9079 6.2414 5.3254 5.0121 5.0619 4.0556 4.0172 4.1170 3.3833 2.8630 3.0425 3.1478 2.7239 2.1089 1.7603 1.8520 2.1677 2.4692 2.5789 2.4763 2.2043 1.8593 1.5193 1.2091 0.9532 0.7587 0.6102 0.5027 0.4222 0.3590 0.3102 0.2714 0.2396 0.2131 0.1900 0.1698 0.1521 0.1364 0.1215 0.1085 0.0968 0.0864 0.0773 0.0689
9.9800 8.9484 8.0332 8.6479 7.1433 7.6141 6.2750 6.6977 5.4516 5.5531 5.2073 4.2592 4.4201 4.3009 3.4718 3.0934 3.3219 3.3163 2.7933 2.1803 1.8902 2.0287 2.3496 2.6274 2.7056 2.5780 2.2900 1.9354 1.5896 1.2739 1.0117 0.8106 0.6554 0.5419 0.4559 0.3879 0.3349 0.2925 0.2576 0.2287 0.2038 0.1820 0.1629 0.1459 0.1298 0.1158 0.1033 0.0922 0.0825 0.0736
9.7501 10.0278 8.4789 8.8035 7.9503 7.6741 6.9190 6.9240 5.7368 6.0562 5.2823 4.5598 4.8101 4.4277 3.5840 3.3640 3.5956 3.4572 2.8515 2.2621 2.0372 2.2163 2.5329 2.7801 2.8241 2.6720 2.3699 2.0078 1.6581 1.3384 1.0708 0.8638 0.7023 0.5828 0.4915 0.4185 0.3611 0.3149 0.2768 0.2454 0.2185 0.1950 0.1744 0.1558 0.1384 0.1234 0.1101 0.0983 0.0879 0.0784
9.6913 10.2383 9.5527 8.6820 8.8611 7.6644 7.6824 6.9739 6.2213 6.4313 5.3549 4.9572 5.1469 4.5118 3.7404 3.6676 3.8505 3.5695 2.9051 2.3597 2.2020 2.4126 2.7146 2.9255 2.9339 2.7583 2.4441 2.0767 1.7248 1.4026 1.1306 0.9183 0.7507 0.6256 0.5289 0.4510 0.3890 0.3388 0.2972 0.2631 0.2341 0.2088 0.1865 0.1663 0.1475 0.1314 0.1172 0.1046 0.0936 0.0835
10.7643 9.9766 10.4568 8.9184 9.3852 7.9237 8.2773 7.0192 6.8260 6.6330 5.5032 5.4144 5.4010 4.5803 3.9525 3.9891 4.0757 3.6572 2.9632 2.4780 2.3844 2.6152 2.8927 3.0628 3.0353 2.8374 2.5128 2.1424 1.7901 1.4668 1.1917 0.9749 0.8016 0.6707 0.5683 0.4853 0.4188 0.3645 0.3192 0.2822 0.2508 0.2233 0.1992 0.1774 0.1573 0.1401 0.1249 0.1115 0.0997 0.0890
11.8747 10.4108 10.5849 9.7398 9.4157 8.5668 8.5316 7.2556 7.3964 6.7055 5.7824 5.8690 5.5681 4.6698 4.2222 4.3090 4.2644 3.7282 3.0348 2.6201 2.5824 2.8210 3.0651 3.1917 3.1287 2.9101 2.5769 2.2055 1.8544 1.5310 1.2542 1.0337 0.8551 0.7181 0.6096 0.5215 0.4504 0.3922 0.3431 0.3028 0.2685 0.2387 0.2126 0.1891 0.1678 0.1495 0.1333 0.1189 0.1062 0.0948
11.8863 11.5214 10.4669 10.6230 9.3977 9.3413 8.5616 7.7531 7.7990 6.7698 6.1938 6.2583 5.6747 4.8154 4.5401 4.6085 4.4159 3.7927 3.1271 2.7860 2.7922 3.0261 3.2299 3.3116 3.2146 2.9775 2.6377 2.2666 1.9176 1.5951 1.3172 1.0936 0.9100 0.7672 0.6527 0.5594 0.4838 0.4216 0.3685 0.3247 0.2874 0.2550 0.2267 0.2015 0.1790 0.1596 0.1422 0.1267 0.1132 0.1010
11.8569 12.1505 10.9418 10.9925 9.7899 9.8647 8.6621 8.3752 8.0056 6.9448 6.6745 6.5480 5.7701 5.0350 4.8836 4.8735 4.5380 3.8634 3.2457 2.9741 3.0098 3.2277 3.3866 3.4235 3.2946 3.0410 2.6961 2.3263 1.9800 1.6590 1.3806 1.1545 0.9663 0.8177 0.6973 0.5991 0.5190 0.4527 0.3955 0.3481 0.3075 0.2723 0.2418 0.2147 0.1908 0.1703 0.1516 0.1350 0.1205 0.1075
12.7100 12.1838 11.8227 11.0511 10.5117 10.0667 9.0318 8.9096 8.1235 7.2774 7.1358 6.7508 5.9053 5.3244 5.2266 5.0998 4.6443 3.9523 3.3931 3.1811 3.2319 3.4246 3.5361 3.5291 3.3704 3.1022 2.7533 2.3852 2.0419 1.7228 1.4443 1.2160 1.0236 0.8695 0.7434 0.6403 0.5558 0.4855 0.4241 0.3729 0.3289 0.2908 0.2578 0.2287 0.2034 0.1817 0.1617 0.1438 0.1283 0.1144
13.3406 12.4151 12.2926 11.2762 11.0619 10.1713 9.5451 9.2288 8.2738 7.6949 7.4936 6.8955 6.0940 5.6541 5.5475 5.2938 4.7512 4.0696 3.5725 3.4095 3.4634 3.6235 3.6840 3.6322 3.4439 3.1632 2.8133 2.4482 2.1087 1.7908 1.5110 1.2805 1.0842 0.9254 0.7942 0.6854 0.5959 0.5214 0.4564 0.4016 0.3540 0.3123 0.2764 0.2450 0.2178 0.1945 0.1732 0.1541 0.1374 0.1225
13.5773 12.9640 12.5160 11.7657 11.3869 10.4540 10.0416 9.4568 8.5483 8.1310 7.7793 7.0586 6.3508 6.0019 5.8421 5.4714 4.8723 4.2167 3.7765 3.6495 3.6962 3.8196 3.8293 3.7339 3.5173 3.2246 2.8736 2.5113 2.1755 1.8585 1.5778 1.3453 1.1454 0.9824 0.8463 0.7321 0.6377 0.5589 0.4905 0.4321 0.3807 0.3352 0.2962 0.2624 0.2332 0.2081 0.1855 0.1651 0.1472 0.1312
13.8879 13.4552 12.8239 12.2465 11.6929 10.8430 10.4673 9.7117 8.9026 8.5415 8.0395 7.2658 6.6536 6.3510 6.1190 5.6482 5.0146 4.3916 4.0010 3.8992 3.9315 4.0155 3.9744 3.8364 3.5917 3.2869 2.9346 2.5746 2.2419 1.9256 1.6441 1.4102 1.2071 1.0402 0.8995 0.7800 0.6810 0.5980 0.5263 0.4642 0.4090 0.3594 0.3172 0.2809 0.2495 0.2227 0.1987 0.1769 0.1577 0.1404
14.0829 14.0640 13.0767 12.8065 11.9843 11.2686 10.9017 9.9899 9.2897 8.9504 8.3054 7.5071 6.9843 6.7042 6.3930 5.8337 5.1787 4.5910 4.2440 4.1598 4.1723 4.2146 4.1221 3.9413 3.6683 3.3508 2.9962 2.6379 2.3079 1.9918 1.7101 1.4752 1.2692 1.0988 0.9538 0.8293 0.7257 0.6388 0.5639 0.4981 0.4389 0.3852 0.3396 0.3006 0.2669 0.2383 0.2128 0.1895 0.1689 0.1503
14.8209 14.2898 13.5333 13.3425 12.1735 11.8536 11.2868 10.2407 9.7467 9.3785 8.5646 7.7744 7.3508 7.0845 6.6838 6.0379 5.3717 4.8236 4.5175 4.4448 4.4314 4.4267 4.2827 4.0619 3.7637 3.4312 3.0687 2.7073 2.3777 2.0629 1.7815 1.5454 1.3371 1.1638 1.0150 0.8858 0.7771 0.6848 0.6048 0.5350 0.4726 0.4162 0.3677 0.3254 0.2889 0.2577 0.2299 0.2046 0.1824 0.1623
15.6982 14.2290 14.4957 13.4144 12.6388 12.5375 11.4742 10.5832 10.3289 9.7677 8.7836 8.0835 7.7762 7.4868 6.9710 6.2421 5.5807 5.0818 4.8160 4.7484 4.7018 4.6448 4.4465 4.1845 3.8602 3.5119 3.1409 2.7762 2.4473 2.1341 1.8531 1.6160 1.4058 1.2299 1.0778 0.9442 0.8303 0.7327 0.6474 0.5736 0.5081 0.4492 0.3978 0.3520 0.3124 0.2785 0.2482 0.2208 0.1969 0.1751
15.2250 15.2917 14.8557 13.4763 13.6032 12.8643 11.5977 11.2110 10.9303 10.0179 8.9967 8.4939 8.2708 7.8878 7.2336 6.4404 5.8114 5.3743 5.1455 5.0727 4.9827 4.8664 4.6108 4.3066 3.9558 3.5917 3.2122 2.8447 2.5168 2.2058 1.9251 1.6871 1.4753 1.2973 1.1422 1.0045 0.8855 0.7824 0.6919 0.6141 0.5456 0.4843 0.4299 0.3804 0.3375 0.3008 0.2678 0.2382 0.2124 0.1889
15.9315 16.3239 14.5133 14.5470 14.3051 12.8019 12.1490 12.0653 11.3308 10.1650 9.3483 9.0686 8.8149 8.2534 7.4649 6.6542 6.0910 5.7214 5.5172 5.4223 5.2758 5.0938 4.7782 4.4311 4.0534 3.6740 3.2871 2.9182 2.5921 2.2835 2.0027 1.7638 1.5503 1.3702 1.2121 1.0701 0.9460 0.8375 0.7415 0.6593 0.5873 0.5226 0.4648 0.4116 0.3653 0.3256 0.2899 0.2579 0.2299 0.2045
17.7696 15.7688 15.5132 15.7685 14.1773 13.1865 13.2445 12.7166 11.4669 10.4407 9.9757 9.7783 9.3375 8.5534 7.6831 6.9237 6.4519 6.1398 5.9352 5.7957 5.5788 5.3268 4.9502 4.5604 4.1570 3.7644 3.3720 3.0034 2.6796 2.3726 2.0916 1.8518 1.6360 1.4532 1.2916 1.1449 1.0155 0.9016 0.8000 0.7127 0.6360 0.5658 0.5035 0.4467 0.3968 0.3540 0.3158 0.2811 0.2506 0.2229
16.9987 16.5199 17.1769 15.5898 14.3020 14.4363 14.1302 12.8247 11.6003 11.0555 10.8022 10.4333 9.7123 8.7672 7.9154 7.2672 6.8912 6.6097 6.3729 6.1665 5.8687 5.5450 5.1105 4.6830 4.2589 3.8568 3.4609 3.0932 2.7718 2.4663 2.1852 1.9445 1.7262 1.5408 1.3757 1.2241 1.0893 0.9697 0.8623 0.7697 0.6879 0.6120 0.5448 0.4843 0.4307 0.3846 0.3437 0.3062 0.2730 0.2429
17.6131 18.5506 16.8959 15.4797 15.7051 15.5366 14.1914 12.8046 12.1833 11.9979 11.5858 10.8684 9.9283 8.9645 8.2301 7.7158 7.4062 7.1111 6.8077 6.5164 6.1336 5.7420 5.2570 4.7990 4.3613 3.9539 3.5566 3.1903 2.8711 2.5667 2.2853 2.0435 1.8223 1.6340 1.4653 1.3085 1.1679 1.0423 0.9288 0.8305 0.7436 0.6614 0.5891 0.5247 0.4670 0.4176 0.3739 0.3333 0.2972 0.2646
20.0490 18.1087 16.7901 17.2343 17.0528 15.5813 14.1110 13.4657 13.3131 12.9683 12.1270 11.1119 10.1280 9.2969 8.7236 8.3086 8.0052 7.6472 7.2518 6.8662 6.4001 5.9481 5.4227 4.9430 4.4944 4.0836 3.6858 3.3207 3.0027 2.6965 2.4137 2.1696 1.9439 1.7497 1.5741 1.4096 1.2630 1.1322 1.0128 0.9081 0.8141 0.7260 0.6481 0.5783 0.5151 0.4608 0.4136 0.3692 0.3296 0.2935
19.0234 18.2179 18.9419 18.5500 16.8579 15.4253 14.9019 14.7636 14.3717 13.5104 12.3391 11.2924 10.4595 9.8200 9.3664 8.9736 8.6094 8.1498 7.6512 7.1773 6.6422 6.1447 5.5919 5.0999 4.6456 4.2338 3.8363 3.4726 3.1546 2.8451 2.5595 2.3118 2.0805 1.8788 1.6947 1.5212 1.3681 1.2321 1.1066 0.9948 0.8930 0.7985 0.7145 0.6389 0.5692 0.5095 0.4583 0.4098 0.3662 0.3264
19.9613 20.7288 19.8014 17.9652 16.7785 16.5051 16.3797 15.8071 14.8016 13.6239 12.4955 11.6626 11.0369 10.5221 10.0846 9.6280 9.1549 8.5806 7.9892 7.4469 6.8645 6.3390 5.7717 5.2755 4.8194 4.4082 4.0107 3.6474 3.3281 3.0133 2.7231 2.4704 2.2319 2.0211 1.8271 1.6432 1.4830 1.3415 1.2095 1.0900 0.9796 0.8782 0.7878 0.7057 0.6289 0.5633 0.5078 0.4547 0.4069 0.3629
22.3083 20.6301 18.9930 18.3923 18.3610 18.1030 17.2561 16.0129 14.7804 13.7515 12.9096 12.3177 11.8079 11.2909 10.7686 10.1893 9.6032 8.9326 8.2711 7.6880 7.0825 6.5472 5.9767 5.4828 5.0290 4.6187 4.2192 3.8566 3.5364 3.2167 2.9198 2.6598 2.4122 2.1916 1.9872 1.7925 1.6230 1.4729 1.3331 1.2048 1.0847 0.9741 0.8758 0.7870 0.7036 0.6318 0.5701 0.5113 0.4584 0.4095
21.1718 20.3931 20.4535 20.4102 19.7291 18.5368 17.1757 15.9480 15.0219 14.3185 13.6717 13.1452 12.5949 11.9742 11.3228 10.6170 9.9518 9.2239 8.5211 7.9237 7.3155 6.7854 6.2196 5.7313 5.2808 4.8699 4.4651 4.1034 3.7829 3.4589 3.1530 2.8834 2.6243 2.3932 2.1783 1.9725 1.7910 1.6292 1.4800 1.3418 1.2109 1.0883 0.9805 0.8850 0.7956 0.7175 0.6472 0.5814 0.5225 0.4681
22.7223 22.7624 22.1309 20.9165 19.5213 18.2960 17.3178 16.5284 15.8862 15.2658 14.5467 13.8933 13.2058 12.4668 11.7170 10.9339 10.2397 9.4963 8.7798 8.1878 7.5888 7.0710 6.5114 6.0277 5.5771 5.1619 4.7478 4.3852 4.0627 3.7326 3.4153 3.1340 2.8615 2.6183 2.3914 2.1735 1.9787 1.8038 1.6445 1.4952 1.3525 1.2164 1.0980 0.9953 0.8999 0.8150 0.7348 0.6612 0.5957 0.5350
24.4110 23.0495 21.7127 20.5973 19.7339 19.0528 18.3989 17.6707 16.9071 16.0814 15.1538 14.3450 13.5606 12.7611 11.9791 11.1803 10.4980 9.7661 9.0534 8.4757 7.8894 7.3850 6.8308 6.3500 5.8958 5.4731 5.0468 4.6793 4.3526 4.0164 3.6890 3.3974 3.1123 2.8578 2.6197 2.3904 2.1829 1.9949 1.8236 1.6631 1.5094 1.3619 1.2337 1.1228 1.0196 0.9269 0.8366 0.7546 0.6818 0.6141
24.1506 23.3131 22.6321 21.9717 21.2610 20.4602 19.5390 18.5082 17.4720 16.4374 15.3939 14.5398 13.7596 12.9446 12.1680 11.3857 10.7226 10.0065 9.3085 8.7451 8.1681 7.6738 7.1250 6.6486 6.1902 5.7599 5.3220 4.9421 4.6085 4.2691 3.9398 3.6454 3.3536 3.0927 2.8477 2.6118 2.3955 2.1974 2.0099 1.8394 1.6800 1.5305 1.3967 1.2752 1.1601 1.0571 0.9591 0.8686 0.7877 0.7121
26.3320 25.4464 24.4481 23.3670 22.2606 21.1324 19.9759 18.7990 17.6736 16.5943 15.5655 14.7596 14.0422 13.2340 12.4649 11.6889 11.0338 10.3215 9.6280 9.0687 8.4917 8.0005 7.4524 6.9772 6.5119 6.0714 5.6191 5.2244 4.8830 4.5403 4.2095 3.9129 3.6147 3.3477 3.0962 2.8540 2.6290 2.4204 2.2151 2.0340 1.8696 1.7199 1.5811 1.4480 1.3196 1.2052 1.0991 0.9996 0.9099 0.8256
27.4006 26.1487 24.9033 23.6899 22.5431 21.4100 20.2678 19.1175 17.9967 16.9140 15.9083 15.1408 14.4649 13.6360 12.8464 12.0505 11.3857 10.6633 9.9636 9.3988 8.8143 8.3212 7.7704 7.2945 6.8227 6.3727 5.9070 5.4971 5.1476 4.8021 4.4700 4.1718 3.8686 3.5970 3.3404 3.0930 2.8602 2.6419 2.4190 2.2281 2.0599 1.9114 1.7688 1.6244 1.4825 1.3570 1.2435 1.1352 1.0369 0.9439
27.1552 25.9966 24.8502 23.6998 22.5743 21.4585 20.3385 19.2372 18.1404 17.0661 16.0433 15.2585 14.5632 13.7200 12.9137 12.0994 11.4390 10.7166 10.0068 9.4274 8.8296 8.3296 7.7708 7.2890 6.8289 6.3890 5.9319 5.5163 5.1612 4.8097 4.4705 4.1684 3.8674 3.6003 3.3473 3.0986 2.8639 2.6438 2.4219 2.2319 2.0641 1.9118 1.7664 1.6211 1.4799 1.3556 1.2442 1.1364 1.0380 0.9447
