0.0533 0.0544 0.0562 0.0555 0.0492 0.0494 0.0476 0.0439 0.0434 0.0392 0.0378 0.0350 0.0315 0.0300 0.0275 0.0247 0.0228 0.0208 0.0186 0.0169 0.0154 0.0140 0.0125 0.0112 0.0100 0.0090 0.0082 0.0074 0.0067 0.0060 0.0053 0.0047 0.0042 0.0037 0.0033 0.0030 0.0027 0.0024 0.0021 0.0019 0.0017 0.0015 0.0014 0.0012 0.0011 0.0010 0.0009 0.0008 0.0007 0.0006
0.1598 0.1628 0.1681 0.1670 0.1480 0.1481 0.1431 0.1317 0.1301 0.1177 0.1135 0.1051 0.0947 0.0901 0.0825 0.0742 0.0683 0.0623 0.0559 0.0506 0.0461 0.0420 0.0376 0.0335 0.0301 0.0271 0.0246 0.0223 0.0202 0.0180 0.0160 0.0142 0.0126 0.0112 0.0100 0.0089 0.0080 0.0072 0.0064 0.0057 0.0051 0.0046 0.0042 0.0037 0.0034 0.0030 0.0027 0.0024 0.0022 0.0019
0.2667 0.2702 0.2784 0.2794 0.2484 0.2461 0.2392 0.2194 0.2169 0.1961 0.1897 0.1750 0.1580 0.1506 0.1377 0.1237 0.1138 0.1039 0.0933 0.0844 0.0768 0.0700 0.0626 0.0559 0.0501 0.0452 0.0411 0.0371 0.0336 0.0300 0.0266 0.0236 0.0209 0.0186 0.0166 0.0148 0.0134 0.0120 0.0107 0.0096 0.0086 0.0077 0.0069 0.0062 0.0056 0.0050 0.0045 0.0040 0.0036 0.0032
0.3759 0.3770 0.3864 0.3925 0.3516 0.3435 0.3362 0.3073 0.3038 0.2748 0.2665 0.2446 0.2216 0.2117 0.1931 0.1730 0.1594 0.1458 0.1307 0.1181 0.1075 0.0980 0.0876 0.0781 0.0702 0.0633 0.0576 0.0520 0.0471 0.0420 0.0371 0.0330 0.0292 0.0260 0.0232 0.0208 0.0187 0.0169 0.0151 0.0134 0.0120 0.0109 0.0097 0.0088 0.0079 0.0070 0.0063 0.0056 0.0050 0.0045
0.4911 0.4850 0.4922 0.5053 0.4591 0.4408 0.4341 0.3960 0.3905 0.3539 0.3438 0.3138 0.2859 0.2738 0.2485 0.2223 0.2053 0.1880 0.1683 0.1517 0.1381 0.1259 0.1125 0.1003 0.0901 0.0814 0.0741 0.0669 0.0604 0.0538 0.0476 0.0422 0.0373 0.0334 0.0298 0.0267 0.0241 0.0217 0.0194 0.0173 0.0155 0.0140 0.0125 0.0113 0.0101 0.0091 0.0081 0.0072 0.0065 0.0058
0.6168 0.5979 0.5973 0.6157 0.5717 0.5391 0.5329 0.4862 0.4768 0.4339 0.4212 0.3824 0.3514 0.3370 0.3038 0.2713 0.2519 0.2309 0.2059 0.1853 0.1687 0.1539 0.1373 0.1224 0.1101 0.0995 0.0906 0.0817 0.0737 0.0655 0.0578 0.0513 0.0454 0.0407 0.0365 0.0327 0.0295 0.0267 0.0238 0.0213 0.0191 0.0171 0.0154 0.0138 0.0124 0.0111 0.0099 0.0088 0.0079 0.0071
0.7540 0.7195 0.7058 0.7220 0.6887 0.6396 0.6327 0.5784 0.5628 0.5149 0.4980 0.4504 0.4184 0.4010 0.3582 0.3205 0.2998 0.2745 0.2434 0.2186 0.1994 0.1819 0.1621 0.1444 0.1299 0.1176 0.1070 0.0963 0.0867 0.0769 0.0678 0.0602 0.0535 0.0480 0.0431 0.0387 0.0350 0.0317 0.0283 0.0252 0.0226 0.0203 0.0182 0.0163 0.0146 0.0131 0.0116 0.0104 0.0093 0.0084
0.8963 0.8497 0.8212 0.8254 0.8066 0.7428 0.7348 0.6721 0.6491 0.5965 0.5733 0.5179 0.4870 0.4645 0.4108 0.3705 0.3495 0.3186 0.2805 0.2518 0.2302 0.2100 0.1868 0.1663 0.1497 0.1356 0.1232 0.1107 0.0994 0.0880 0.0776 0.0691 0.0615 0.0554 0.0499 0.0449 0.0406 0.0367 0.0328 0.0292 0.0261 0.0234 0.0210 0.0188 0.0168 0.0150 0.0134 0.0119 0.0107 0.0096
1.0336 0.9813 0.9430 0.9306 0.9206 0.8465 0.8407 0.7650 0.7376 0.6772 0.6468 0.5851 0.5560 0.5250 0.4611 0.4223 0.4013 0.3622 0.3165 0.2850 0.2614 0.2383 0.2114 0.1880 0.1694 0.1534 0.1392 0.1247 0.1117 0.0989 0.0873 0.0779 0.0696 0.0629 0.0567 0.0511 0.0463 0.0418 0.0372 0.0331 0.0296 0.0265 0.0237 0.0212 0.0189 0.0169 0.0151 0.0134 0.0120 0.0108
1.1651 1.1069 1.0621 1.0403 1.0275 0.9469 0.9482 0.8545 0.8298 0.7552 0.7191 0.6512 0.6228 0.5800 0.5098 0.4770 0.4534 0.4033 0.3510 0.3184 0.2934 0.2667 0.2358 0.2095 0.1888 0.1709 0.1547 0.1382 0.1236 0.1095 0.0970 0.0868 0.0779 0.0705 0.0637 0.0574 0.0519 0.0467 0.0416 0.0369 0.0329 0.0294 0.0262 0.0235 0.0210 0.0187 0.0167 0.0149 0.0133 0.0120
1.2972 1.2377 1.1674 1.1478 1.1311 1.0425 1.0467 0.9447 0.9245 0.8314 0.7932 0.7161 0.6863 0.6301 0.5604 0.5351 0.5033 0.4409 0.3857 0.3544 0.3275 0.2962 0.2607 0.2315 0.2088 0.1889 0.1706 0.1521 0.1360 0.1207 0.1073 0.0964 0.0866 0.0785 0.0709 0.0637 0.0575 0.0516 0.0458 0.0406 0.0361 0.0323 0.0288 0.0257 0.0230 0.0206 0.0183 0.0164 0.0146 0.0132
1.4109 1.3888 1.2696 1.2370 1.2343 1.1365 1.1199 1.0457 1.0098 0.9100 0.8705 0.7803 0.7480 0.6793 0.6159 0.5933 0.5474 0.4762 0.4239 0.3949 0.3640 0.3267 0.2867 0.2550 0.2303 0.2081 0.1875 0.1671 0.1496 0.1331 0.1186 0.1068 0.0960 0.0869 0.0783 0.0702 0.0631 0.0565 0.0500 0.0443 0.0394 0.0352 0.0314 0.0281 0.0252 0.0226 0.0201 0.0180 0.0161 0.0145
1.4564 1.5065 1.4096 1.2985 1.3227 1.2375 1.1626 1.1545 1.0648 0.9965 0.9438 0.8435 0.8093 0.7290 0.6717 0.6428 0.5821 0.5112 0.4664 0.4373 0.3991 0.3553 0.3120 0.2789 0.2524 0.2278 0.2048 0.1826 0.1638 0.1461 0.1304 0.1174 0.1054 0.0951 0.0854 0.0762 0.0683 0.0611 0.0541 0.0479 0.0426 0.0381 0.0341 0.0306 0.0275 0.0246 0.0220 0.0197 0.0176 0.0159
1.4557 1.5072 1.5616 1.3739 1.3768 1.3528 1.2021 1.2476 1.0988 1.0941 1.0031 0.9116 0.8730 0.7808 0.7255 0.6842 0.6163 0.5537 0.5130 0.4766 0.4290 0.3810 0.3373 0.3039 0.2754 0.2481 0.2226 0.1987 0.1786 0.1596 0.1424 0.1280 0.1145 0.1030 0.0922 0.0821 0.0734 0.0656 0.0582 0.0517 0.0461 0.0413 0.0370 0.0333 0.0300 0.0269 0.0240 0.0215 0.0193 0.0174
1.5343 1.4827 1.5970 1.5286 1.4014 1.4584 1.2869 1.3133 1.1624 1.1805 1.0488 0.9899 0.9366 0.8380 0.7827 0.7313 0.6644 0.6054 0.5564 0.5075 0.4545 0.4080 0.3659 0.3314 0.2996 0.2689 0.2409 0.2154 0.1940 0.1734 0.1546 0.1385 0.1236 0.1109 0.0991 0.0882 0.0790 0.0706 0.0629 0.0560 0.0501 0.0450 0.0403 0.0363 0.0328 0.0295 0.0263 0.0235 0.0211 0.0190
1.7511 1.6161 1.5933 1.6751 1.4941 1.5273 1.4306 1.3804 1.2783 1.2489 1.1232 1.0761 0.9990 0.9069 0.8503 0.7930 0.7245 0.6552 0.5922 0.5390 0.4902 0.4471 0.4023 0.3619 0.3241 0.2895 0.2595 0.2328 0.2102 0.1878 0.1671 0.1494 0.1331 0.1194 0.1069 0.0952 0.0854 0.0765 0.0683 0.0610 0.0547 0.0491 0.0440 0.0397 0.0358 0.0322 0.0286 0.0256 0.0229 0.0206
1.9137 1.8379 1.7530 1.7763 1.6926 1.6275 1.5679 1.4836 1.4160 1.3638 1.2392 1.1592 1.0844 0.9894 0.9175 0.8555 0.7797 0.7010 0.6407 0.5970 0.5500 0.4976 0.4393 0.3891 0.3466 0.3107 0.2801 0.2525 0.2282 0.2036 0.1806 0.1611 0.1434 0.1287 0.1154 0.1029 0.0923 0.0828 0.0740 0.0661 0.0592 0.0530 0.0474 0.0428 0.0386 0.0346 0.0308 0.0274 0.0245 0.0220
2.0735 2.0226 1.9349 1.9418 1.8366 1.7916 1.7063 1.6414 1.5112 1.4582 1.3171 1.2955 1.2098 1.0624 0.9867 0.9229 0.8314 0.7519 0.7002 0.6522 0.5874 0.5198 0.4580 0.4132 0.3769 0.3435 0.3111 0.2792 0.2503 0.2213 0.1950 0.1733 0.1540 0.1383 0.1239 0.1103 0.0989 0.0885 0.0790 0.0704 0.0630 0.0563 0.0503 0.0453 0.0409 0.0367 0.0326 0.0291 0.0260 0.0234
2.0571 2.1300 2.0270 1.9252 1.9623 1.7927 1.8016 1.6444 1.6216 1.4871 1.4054 1.3252 1.2082 1.1327 1.0546 0.9584 0.8797 0.8114 0.7373 0.6643 0.5989 0.5469 0.4963 0.4499 0.4038 0.3601 0.3219 0.2887 0.2613 0.2346 0.2100 0.1887 0.1685 0.1513 0.1350 0.1197 0.1066 0.0950 0.0845 0.0752 0.0672 0.0601 0.0537 0.0484 0.0437 0.0392 0.0349 0.0312 0.0279 0.0251
2.1457 2.1667 2.2121 2.0328 2.0586 1.9314 1.8882 1.7605 1.7183 1.5733 1.5077 1.4011 1.2884 1.2112 1.1183 1.0193 0.9408 0.8647 0.7822 0.7069 0.6412 0.5869 0.5309 0.4790 0.4298 0.3842 0.3450 0.3098 0.2806 0.2518 0.2253 0.2022 0.1804 0.1617 0.1444 0.1280 0.1141 0.1017 0.0906 0.0807 0.0722 0.0646 0.0577 0.0519 0.0468 0.0420 0.0374 0.0334 0.0299 0.0269
2.3868 2.2251 2.3074 2.2171 2.1175 2.0962 1.9609 1.8963 1.8016 1.6750 1.6073 1.4792 1.3752 1.2892 1.1840 1.0846 1.0030 0.9177 0.8288 0.7527 0.6861 0.6278 0.5655 0.5084 0.4567 0.4099 0.3698 0.3323 0.3008 0.2696 0.2409 0.2160 0.1925 0.1725 0.1539 0.1366 0.1220 0.1088 0.0970 0.0865 0.0775 0.0693 0.0619 0.0556 0.0500 0.0449 0.0400 0.0357 0.0320 0.0288
2.5795 2.4337 2.3367 2.4059 2.2058 2.2396 2.0535 2.0318 1.8823 1.7910 1.7016 1.5637 1.4666 1.3671 1.2538 1.1535 1.0653 0.9711 0.8784 0.8021 0.7328 0.6689 0.6001 0.5385 0.4853 0.4376 0.3964 0.3561 0.3218 0.2878 0.2568 0.2300 0.2048 0.1835 0.1639 0.1457 0.1302 0.1162 0.1037 0.0926 0.0831 0.0744 0.0664 0.0595 0.0535 0.0479 0.0427 0.0381 0.0341 0.0308
2.5754 2.6700 2.4548 2.5047 2.3751 2.3315 2.1918 2.1456 1.9773 1.9135 1.7921 1.6569 1.5606 1.4469 1.3286 1.2242 1.1277 1.0271 0.9321 0.8543 0.7803 0.7100 0.6352 0.5700 0.5160 0.4675 0.4250 0.3810 0.3434 0.3063 0.2730 0.2443 0.2175 0.1950 0.1743 0.1552 0.1389 0.1242 0.1109 0.0992 0.0890 0.0797 0.0711 0.0636 0.0570 0.0510 0.0455 0.0407 0.0364 0.0328
2.6534 2.7284 2.6977 2.5462 2.5763 2.4008 2.3594 2.2343 2.0963 2.0305 1.8813 1.7566 1.6552 1.5295 1.4066 1.2957 1.1920 1.0880 0.9909 0.9085 0.8276 0.7512 0.6722 0.6049 0.5496 0.4992 0.4541 0.4066 0.3657 0.3257 0.2899 0.2593 0.2309 0.2072 0.1855 0.1654 0.1481 0.1324 0.1185 0.1060 0.0953 0.0853 0.0761 0.0679 0.0609 0.0545 0.0486 0.0434 0.0389 0.0350
2.9623 2.7533 2.8780 2.6740 2.7100 2.5171 2.5101 2.3219 2.2348 2.1361 1.9745 1.8611 1.7509 1.6148 1.4860 1.3686 1.2610 1.1548 1.0534 0.9633 0.8746 0.7935 0.7123 0.6440 0.5862 0.5323 0.4832 0.4323 0.3886 0.3461 0.3078 0.2752 0.2452 0.2204 0.1977 0.1763 0.1579 0.1411 0.1264 0.1133 0.1020 0.0913 0.0813 0.0726 0.0651 0.0583 0.0520 0.0464 0.0415 0.0374
3.1167 2.9944 2.9146 2.9095 2.7746 2.7022 2.6180 2.4408 2.3773 2.2345 2.0790 1.9718 1.8492 1.7020 1.5666 1.4455 1.3363 1.2259 1.1165 1.0174 0.9223 0.8385 0.7562 0.6867 0.6252 0.5666 0.5126 0.4582 0.4118 0.3671 0.3264 0.2920 0.2603 0.2346 0.2108 0.1880 0.1683 0.1503 0.1348 0.1209 0.1090 0.0975 0.0868 0.0775 0.0695 0.0623 0.0555 0.0495 0.0443 0.0398
3.1023 3.2485 3.0191 3.0919 2.8819 2.8897 2.7086 2.5971 2.5063 2.3349 2.1967 2.0870 1.9480 1.7896 1.6510 1.5295 1.4174 1.2982 1.1785 1.0715 0.9726 0.8879 0.8045 0.7326 0.6658 0.6013 0.5420 0.4841 0.4354 0.3889 0.3460 0.3099 0.2766 0.2498 0.2250 0.2006 0.1794 0.1600 0.1436 0.1290 0.1163 0.1041 0.0926 0.0825 0.0742 0.0665 0.0592 0.0528 0.0472 0.0424
3.3552 3.2969 3.2843 3.1657 3.0872 3.0171 2.8344 2.7653 2.6185 2.4483 2.3265 2.2023 2.0444 1.8797 1.7435 1.6214 1.5007 1.3687 1.2393 1.1278 1.0278 0.9426 0.8567 0.7804 0.7068 0.6359 0.5712 0.5104 0.4599 0.4120 0.3671 0.3291 0.2941 0.2662 0.2401 0.2139 0.1911 0.1703 0.1529 0.1374 0.1240 0.1109 0.0987 0.0879 0.0790 0.0709 0.0630 0.0562 0.0503 0.0450
3.6066 3.3969 3.4647 3.2705 3.2823 3.1035 3.0003 2.9083 2.7239 2.5802 2.4593 2.3084 2.1358 1.9769 1.8469 1.7179 1.5820 1.4364 1.3010 1.1901 1.0911 1.0038 0.9124 0.8294 0.7497 0.6731 0.6039 0.5397 0.4868 0.4369 0.3905 0.3512 0.3146 0.2848 0.2568 0.2288 0.2047 0.1827 0.1638 0.1470 0.1326 0.1186 0.1055 0.0939 0.0842 0.0755 0.0673 0.0601 0.0537 0.0481
3.6240 3.6609 3.5257 3.4818 3.4004 3.2321 3.1762 3.0242 2.8450 2.7297 2.5864 2.4057 2.2322 2.0874 1.9574 1.8115 1.6580 1.5039 1.3683 1.2602 1.1604 1.0679 0.9684 0.8777 0.7922 0.7108 0.6380 0.5708 0.5159 0.4639 0.4159 0.3750 0.3366 0.3047 0.2745 0.2445 0.2189 0.1957 0.1751 0.1569 0.1415 0.1267 0.1127 0.1003 0.0897 0.0803 0.0718 0.0642 0.0573 0.0514
3.7826 3.8080 3.6634 3.6692 3.4962 3.4097 3.3215 3.1332 2.9930 2.8823 2.6974 2.5007 2.3433 2.2096 2.0659 1.8970 1.7312 1.5767 1.4445 1.3376 1.2331 1.1320 1.0229 0.9249 0.8348 0.7500 0.6744 0.6047 0.5477 0.4933 0.4434 0.4006 0.3601 0.3257 0.2930 0.2609 0.2337 0.2092 0.1868 0.1673 0.1508 0.1351 0.1203 0.1069 0.0954 0.0853 0.0765 0.0684 0.0611 0.0548
4.0164 3.8870 3.8730 3.7814 3.6376 3.5870 3.4324 3.2625 3.1602 3.0171 2.7941 2.6087 2.4721 2.3324 2.1633 1.9760 1.8089 1.6602 1.5300 1.4191 1.3054 1.1937 1.0756 0.9720 0.8793 0.7923 0.7143 0.6420 0.5825 0.5251 0.4728 0.4277 0.3847 0.3476 0.3122 0.2778 0.2491 0.2233 0.1991 0.1781 0.1605 0.1440 0.1282 0.1139 0.1014 0.0905 0.0815 0.0730 0.0652 0.0584
4.1145 4.0318 4.0289 3.8787 3.8211 3.7275 3.5384 3.4248 3.3178 3.1235 2.8992 2.7451 2.6105 2.4428 2.2503 2.0610 1.9047 1.7628 1.6287 1.5058 1.3782 1.2562 1.1317 1.0252 0.9313 0.8426 0.7624 0.6870 0.6240 0.5624 0.5067 0.4585 0.4122 0.3724 0.3345 0.2976 0.2666 0.2388 0.2131 0.1906 0.1716 0.1541 0.1374 0.1223 0.1090 0.0973 0.0875 0.0783 0.0700 0.0628
4.1833 4.2142 4.1117 4.0200 3.9963 3.8185 3.6780 3.6021 3.4368 3.2185 3.0317 2.8962 2.7344 2.5350 2.3359 2.1590 2.0148 1.8722 1.7265 1.5879 1.4472 1.3181 1.1903 1.0831 0.9887 0.8981 0.8149 0.7354 0.6681 0.6014 0.5420 0.4905 0.4407 0.3981 0.3576 0.3182 0.2849 0.2551 0.2278 0.2038 0.1833 0.1648 0.1472 0.1313 0.1171 0.1045 0.0940 0.0841 0.0751 0.0674
4.3385 4.3243 4.1806 4.2185 4.0880 3.9169 3.8665 3.7406 3.5197 3.3386 3.1910 3.0355 2.8328 2.6199 2.4343 2.2738 2.1331 1.9799 1.8182 1.6649 1.5151 1.3829 1.2545 1.1474 1.0521 0.9585 0.8710 0.7864 0.7138 0.6414 0.5781 0.5233 0.4700 0.4247 0.3818 0.3398 0.3042 0.2722 0.2435 0.2179 0.1959 0.1762 0.1576 0.1410 0.1258 0.1123 0.1009 0.0903 0.0806 0.0724
4.5166 4.3221 4.3938 4.3299 4.1365 4.1059 4.0325 3.8151 3.6228 3.5048 3.3494 3.1467 2.9224 2.7230 2.5584 2.4037 2.2528 2.0822 1.9057 1.7436 1.5902 1.4579 1.3288 1.2202 1.1218 1.0236 0.9307 0.8400 0.7622 0.6845 0.6169 0.5584 0.5016 0.4535 0.4080 0.3635 0.3258 0.2918 0.2614 0.2341 0.2105 0.1895 0.1697 0.1520 0.1358 0.1213 0.1089 0.0974 0.0871 0.0782
4.4515 4.5541 4.5427 4.3316 4.3262 4.3013 4.0945 3.8999 3.7987 3.6847 3.4731 3.2410 3.0346 2.8628 2.7076 2.5406 2.3695 2.1817 1.9959 1.8327 1.6807 1.5484 1.4157 1.3017 1.1974 1.0929 0.9942 0.8972 0.8146 0.7331 0.6604 0.5978 0.5374 0.4862 0.4378 0.3908 0.3512 0.3156 0.2830 0.2539 0.2288 0.2060 0.1844 0.1648 0.1476 0.1322 0.1186 0.1062 0.0949 0.0853
4.7033 4.7121 4.4819 4.5333 4.5471 4.3346 4.1466 4.0839 3.9986 3.8100 3.5563 3.3453 3.1792 3.0233 2.8572 2.6673 2.4777 2.2805 2.0925 1.9321 1.7817 1.6475 1.5084 1.3866 1.2747 1.1633 1.0589 0.9556 0.8687 0.7840 0.7064 0.6396 0.5757 0.5213 0.4700 0.4203 0.3789 0.3416 0.3066 0.2755 0.2489 0.2241 0.2004 0.1788 0.1605 0.1440 0.1292 0.1157 0.1035 0.0930
4.8214 4.5875 4.7257 4.7714 4.5315 4.3635 4.3484 4.3038 4.1198 3.8759 3.6516 3.4933 3.3526 3.1854 2.9943 2.7835 2.5849 2.3866 2.2003 2.0426 1.8914 1.7521 1.6040 1.4729 1.3529 1.2348 1.1252 1.0161 0.9255 0.8381 0.7557 0.6846 0.6171 0.5595 0.5050 0.4525 0.4091 0.3700 0.3324 0.2992 0.2709 0.2439 0.2179 0.1940 0.1745 0.1569 0.1407 0.1261 0.1129 0.1014
4.7012 4.9491 4.9557 4.7090 4.6004 4.6441 4.6047 4.4240 4.1897 3.9969 3.8319 3.6935 3.5335 3.3373 3.1261 2.9093 2.7129 2.5182 2.3325 2.1715 2.0135 1.8671 1.7106 1.5722 1.4453 1.3211 1.2061 1.0909 0.9944 0.9001 0.8142 0.7403 0.6692 0.6078 0.5496 0.4939 0.4472 0.4049 0.3634 0.3269 0.2960 0.2669 0.2392 0.2141 0.1929 0.1737 0.1559 0.1397 0.1251 0.1124
5.1841 5.0492 4.8243 4.8610 4.9572 4.8856 4.6756 4.4728 4.3310 4.2210 4.0635 3.8895 3.6884 3.4711 3.2570 3.0475 2.8583 2.6659 2.4770 2.3083 2.1406 1.9862 1.8220 1.6775 1.5448 1.4151 1.2954 1.1740 1.0709 0.9683 0.8792 0.8025 0.7274 0.6620 0.5996 0.5402 0.4898 0.4437 0.3977 0.3575 0.3235 0.2923 0.2629 0.2367 0.2138 0.1927 0.1730 0.1551 0.1389 0.1249
5.0309 4.9663 5.1583 5.2496 5.1038 4.8830 4.7353 4.6684 4.6048 4.4855 4.2654 4.0405 3.8170 3.6037 3.4030 3.2057 3.0213 2.8262 2.6296 2.4504 2.2721 2.1104 1.9395 1.7901 1.6522 1.5174 1.3929 1.2651 1.1548 1.0430 0.9502 0.8706 0.7911 0.7211 0.6542 0.5908 0.5364 0.4861 0.4351 0.3907 0.3534 0.3200 0.2888 0.2615 0.2368 0.2137 0.1919 0.1721 0.1542 0.1388
5.2982 5.5021 5.4380 5.2333 5.0823 5.0444 5.0439 4.9944 4.8628 4.6646 4.4001 4.1676 3.9567 3.7621 3.5760 3.3859 3.1981 2.9948 2.7887 2.6013 2.4149 2.2454 2.0673 1.9123 1.7693 1.6291 1.4994 1.3664 1.2512 1.1331 1.0341 0.9490 0.8640 0.7888 0.7167 0.6491 0.5906 0.5362 0.4810 0.4330 0.3926 0.3560 0.3219 0.2923 0.2651 0.2396 0.2155 0.1935 0.1736 0.1564
5.7119 5.4981 5.3641 5.3778 5.4370 5.4502 5.3686 5.2017 4.9909 4.7707 4.5339 4.3337 4.1449 3.9599 3.7756 3.5830 3.3842 3.1692 2.9543 2.7623 2.5709 2.3930 2.2065 2.0449 1.8961 1.7500 1.6145 1.4777 1.3599 1.2387 1.1311 1.0381 0.9465 0.8653 0.7877 0.7155 0.6530 0.5947 0.5364 0.4853 0.4422 0.4015 0.3632 0.3297 0.2994 0.2712 0.2443 0.2199 0.1977 0.1785
5.6337 5.7320 5.8352 5.8574 5.7751 5.6412 5.4791 5.3009 5.1214 4.9431 4.7491 4.5678 4.3783 4.1830 3.9876 3.7866 3.5747 3.3485 3.1264 2.9316 2.7362 2.5500 2.3550 2.1863 2.0314 1.8788 1.7371 1.5966 1.4766 1.3527 1.2357 1.1343 1.0356 0.9482 0.8646 0.7879 0.7213 0.6591 0.5977 0.5435 0.4977 0.4525 0.4097 0.3717 0.3381 0.3068 0.2770 0.2498 0.2251 0.2036
6.3086 6.2703 6.1353 5.9807 5.8407 5.7417 5.6510 5.5328 5.3887 5.2201 5.0268 4.8302 4.6183 4.4000 4.1858 3.9700 3.7494 3.5167 3.2905 3.0945 2.8965 2.7039 2.5009 2.3250 2.1644 2.0068 1.8608 1.7174 1.5951 1.4680 1.3431 1.2348 1.1303 1.0380 0.9494 0.8675 0.7963 0.7297 0.6650 0.6076 0.5589 0.5095 0.4620 0.4194 0.3823 0.3478 0.3150 0.2848 0.2574 0.2333
6.4749 6.3665 6.2897 6.2375 6.1852 6.1190 6.0165 5.8584 5.6842 5.4925 5.2820 5.0657 4.8341 4.5919 4.3516 4.1057 3.8841 3.6520 3.4249 3.2287 3.0296 2.8356 2.6263 2.4436 2.2788 2.1202 1.9760 1.8308 1.7054 1.5722 1.4450 1.3351 1.2286 1.1357 1.0452 0.9566 0.8795 0.8073 0.7385 0.6771 0.6248 0.5727 0.5215 0.4744 0.4341 0.3967 0.3611 0.3280 0.2975 0.2706
6.9481 6.9057 6.8448 6.7617 6.6507 6.5012 6.3181 6.0941 5.8930 5.6948 5.4876 5.2698 5.0318 4.7748 4.5135 4.2398 4.0190 3.7883 3.5608 3.3648 3.1651 2.9699 2.7543 2.5647 2.3958 2.2371 2.0957 1.9495 1.8216 1.6822 1.5531 1.4424 1.3345 1.2419 1.1499 1.0543 0.9708 0.8926 0.8195 0.7541 0.6981 0.6434 0.5883 0.5363 0.4927 0.4524 0.4139 0.3775 0.3437 0.3138
7.4360 7.3021 7.1784 7.0489 6.9032 6.7154 6.4995 6.2499 6.0502 5.8640 5.6721 5.4592 5.2182 4.9472 4.6650 4.3637 4.1430 3.9137 3.6863 3.4908 3.2906 3.0948 2.8730 2.6765 2.5038 2.3456 2.2080 2.0615 1.9321 1.7880 1.6575 1.5464 1.4378 1.3460 1.2533 1.1507 1.0613 0.9773 0.9004 0.8311 0.7716 0.7145 0.6560 0.5992 0.5524 0.5092 0.4682 0.4287 0.3917 0.3587
7.4104 7.2928 7.1854 7.0632 6.9117 6.7255 6.5120 6.2650 6.0585 5.8631 5.6698 5.4572 5.2174 4.9394 4.6556 4.3581 4.1342 3.9042 3.6817 3.4881 3.2889 3.0934 2.8669 2.6640 2.4873 2.3294 2.1950 2.0493 1.9245 1.7897 1.6579 1.5450 1.4365 1.3433 1.2490 1.1465 1.0585 0.9764 0.9000 0.8300 0.7690 0.7120 0.6540 0.5984 0.5511 0.5078 0.4680 0.4289 0.3920 0.3590
