0.1260 0.0672 0.0065 0.0635 0.1420 0.0223 0.0838 0.0755 0.0513 0.0673 0.0725 0.0186 0.1013 0.0192 0.0316 0.0845 0.0316 0.0041 0.0460 0.0642 0.0328 0.0035 0.0082 0.0310 0.0441 0.0387 0.0224 0.0076 0.0010 0.0028 0.0092 0.0161 0.0209 0.0224 0.0214 0.0183 0.0144 0.0105 0.0070 0.0043 0.0023 0.0011 0.0005 0.0002 0.0003 0.0006 0.0010 0.0014 0.0017 0.0020
0.3904 0.2168 0.0227 0.1781 0.4277 0.0743 0.2423 0.2349 0.1464 0.2084 0.2117 0.0596 0.3037 0.0548 0.0981 0.2534 0.0921 0.0130 0.1398 0.1923 0.0968 0.0099 0.0255 0.0939 0.1325 0.1155 0.0666 0.0222 0.0029 0.0086 0.0279 0.0487 0.0628 0.0673 0.0641 0.0548 0.0431 0.0314 0.0210 0.0128 0.0069 0.0033 0.0013 0.0007 0.0010 0.0018 0.0029 0.0041 0.0051 0.0061
0.6870 0.4121 0.0526 0.2567 0.7150 0.1498 0.3725 0.4187 0.2201 0.3689 0.3335 0.1121 0.5045 0.0821 0.1745 0.4216 0.1451 0.0246 0.2391 0.3190 0.1562 0.0150 0.0451 0.1595 0.2215 0.1910 0.1088 0.0357 0.0047 0.0149 0.0475 0.0821 0.1052 0.1123 0.1067 0.0910 0.0714 0.0519 0.0346 0.0210 0.0114 0.0053 0.0022 0.0012 0.0017 0.0031 0.0049 0.0069 0.0086 0.0103
1.0205 0.6814 0.1188 0.2800 0.9943 0.2698 0.4559 0.6413 0.2597 0.5607 0.4260 0.1855 0.7006 0.0969 0.2679 0.5874 0.1860 0.0413 0.3472 0.4431 0.2079 0.0181 0.0689 0.2296 0.3114 0.2640 0.1478 0.0470 0.0062 0.0224 0.0688 0.1169 0.1485 0.1576 0.1490 0.1267 0.0990 0.0717 0.0476 0.0288 0.0155 0.0072 0.0030 0.0017 0.0025 0.0044 0.0070 0.0097 0.0122 0.0145
1.3645 1.0419 0.2603 0.2407 1.2410 0.4603 0.4758 0.9124 0.2574 0.7930 0.4775 0.2911 0.8851 0.0974 0.3854 0.7475 0.2107 0.0665 0.4671 0.5624 0.2491 0.0192 0.0987 0.3057 0.4021 0.3335 0.1823 0.0556 0.0074 0.0315 0.0922 0.1536 0.1930 0.2032 0.1910 0.1616 0.1257 0.0906 0.0599 0.0360 0.0193 0.0089 0.0036 0.0022 0.0033 0.0059 0.0092 0.0127 0.0159 0.0188
1.6474 1.4787 0.5290 0.1559 1.4123 0.7475 0.4244 1.2318 0.2136 1.0691 0.4784 0.4416 1.0471 0.0852 0.5341 0.8960 0.2164 0.1051 0.6009 0.6739 0.2770 0.0189 0.1370 0.3892 0.4932 0.3980 0.2109 0.0609 0.0087 0.0428 0.1186 0.1927 0.2387 0.2490 0.2323 0.1953 0.1511 0.1084 0.0712 0.0425 0.0225 0.0103 0.0042 0.0027 0.0042 0.0075 0.0116 0.0159 0.0198 0.0233
1.7528 1.9192 0.9706 0.0814 1.4523 1.1469 0.3115 1.5819 0.1428 1.3820 0.4250 0.6493 1.1708 0.0667 0.7193 1.0243 0.2024 0.1633 0.7494 0.7735 0.2893 0.0187 0.1862 0.4811 0.5838 0.4558 0.2326 0.0627 0.0103 0.0570 0.1485 0.2346 0.2859 0.2948 0.2728 0.2277 0.1750 0.1246 0.0813 0.0481 0.0252 0.0114 0.0047 0.0032 0.0053 0.0093 0.0142 0.0193 0.0238 0.0280
1.5609 2.2168 1.5841 0.1195 1.3099 1.6444 0.1765 1.9209 0.0799 1.7087 0.3241 0.9226 1.2370 0.0549 0.9431 1.1209 0.1707 0.2484 0.9114 0.8560 0.2847 0.0213 0.2491 0.5818 0.6725 0.5053 0.2462 0.0608 0.0129 0.0749 0.1825 0.2795 0.3344 0.3405 0.3120 0.2582 0.1969 0.1392 0.0900 0.0527 0.0273 0.0121 0.0050 0.0038 0.0065 0.0113 0.0171 0.0229 0.0281 0.0328
1.0463 2.1832 2.2675 0.4033 0.9747 2.1744 0.0961 2.1802 0.0822 2.0059 0.1995 1.2608 1.2263 0.0697 1.2015 1.1720 0.1273 0.3682 1.0834 0.9152 0.2629 0.0305 0.3285 0.6910 0.7572 0.5445 0.2511 0.0556 0.0174 0.0973 0.2213 0.3278 0.3843 0.3858 0.3496 0.2866 0.2167 0.1518 0.0972 0.0561 0.0286 0.0125 0.0053 0.0045 0.0079 0.0136 0.0202 0.0268 0.0327 0.0380
0.4061 1.6979 2.7852 1.0385 0.5237 2.6069 0.1793 2.2719 0.2236 2.2100 0.0961 1.6476 1.1246 0.1372 1.4813 1.1633 0.0833 0.5298 1.2580 0.9445 0.2255 0.0515 0.4269 0.8076 0.8353 0.5714 0.2466 0.0478 0.0247 0.1252 0.2653 0.3794 0.4353 0.4303 0.3852 0.3125 0.2339 0.1621 0.1026 0.0585 0.0292 0.0126 0.0055 0.0054 0.0096 0.0162 0.0237 0.0311 0.0376 0.0434
0.1079 0.8782 2.8241 1.9947 0.1573 2.7636 0.5403 2.1135 0.5761 2.2485 0.0810 2.0471 0.9318 0.2870 1.7610 1.0854 0.0557 0.7383 1.4258 0.9383 0.1767 0.0906 0.5469 0.9306 0.9046 0.5849 0.2332 0.0386 0.0365 0.1600 0.3156 0.4351 0.4879 0.4744 0.4191 0.3361 0.2488 0.1705 0.1065 0.0597 0.0292 0.0124 0.0057 0.0064 0.0116 0.0192 0.0276 0.0358 0.0429 0.0491
0.6880 0.1953 2.1917 2.9972 0.1759 2.4859 1.2394 1.6718 1.1758 2.0609 0.2331 2.3977 0.6680 0.5476 2.0103 0.9372 0.0665 0.9935 1.5721 0.8918 0.1231 0.1551 0.6907 1.0578 0.9625 0.5838 0.2114 0.0295 0.0546 0.2032 0.3732 0.4958 0.5427 0.5185 0.4516 0.3576 0.2616 0.1770 0.1089 0.0599 0.0287 0.0119 0.0060 0.0077 0.0140 0.0226 0.0320 0.0410 0.0486 0.0554
2.2178 0.3343 1.0827 3.5502 0.8400 1.7535 2.2071 1.0212 1.9785 1.6306 0.6198 2.6110 0.3805 0.9372 2.1887 0.7296 0.1411 1.2849 1.6743 0.8003 0.0741 0.2522 0.8562 1.1820 1.0026 0.5655 0.1820 0.0229 0.0808 0.2558 0.4383 0.5606 0.5985 0.5613 0.4816 0.3763 0.2716 0.1812 0.1097 0.0591 0.0276 0.0114 0.0065 0.0093 0.0168 0.0266 0.0369 0.0467 0.0549 0.0620
3.7828 1.6630 0.1988 3.1913 2.1221 0.8078 3.1907 0.3888 2.8229 1.0262 1.2609 2.5969 0.1511 1.4514 2.2559 0.4917 0.3048 1.5956 1.7143 0.6683 0.0435 0.3880 1.0393 1.2957 1.0200 0.5293 0.1469 0.0215 0.1175 0.3190 0.5111 0.6292 0.6546 0.6023 0.5085 0.3915 0.2786 0.1830 0.1087 0.0572 0.0259 0.0107 0.0071 0.0114 0.0202 0.0312 0.0424 0.0529 0.0616 0.0691
3.8939 3.5466 0.4599 1.9144 3.5304 0.1668 3.7761 0.1183 3.4487 0.4311 2.0900 2.2965 0.0846 2.0441 2.1697 0.2674 0.5803 1.9077 1.6840 0.5111 0.0481 0.5650 1.2319 1.3895 1.0099 0.4756 0.1095 0.0287 0.1668 0.3936 0.5913 0.7007 0.7100 0.6402 0.5315 0.4028 0.2821 0.1821 0.1059 0.0542 0.0239 0.0101 0.0081 0.0140 0.0242 0.0364 0.0486 0.0598 0.0689 0.0767
2.0962 4.3965 2.1478 0.5268 4.2180 0.4045 3.5571 0.5188 3.5975 0.1250 2.9301 1.7241 0.2836 2.6202 1.8996 0.1124 0.9803 2.1998 1.5847 0.3518 0.1050 0.7829 1.4238 1.4545 0.9698 0.4069 0.0741 0.0481 0.2308 0.4799 0.6777 0.7733 0.7628 0.6735 0.5491 0.4090 0.2815 0.1781 0.1011 0.0501 0.0214 0.0096 0.0096 0.0173 0.0291 0.0425 0.0557 0.0675 0.0770 0.0850
0.2722 3.0883 4.1908 0.2681 3.5847 1.7371 2.4539 1.6572 3.0896 0.3532 3.5591 1.0289 0.8104 3.0501 1.4578 0.0921 1.4840 2.4205 1.4037 0.2091 0.2315 1.0458 1.6124 1.4897 0.9032 0.3295 0.0467 0.0838 0.3108 0.5773 0.7690 0.8453 0.8112 0.7007 0.5604 0.4097 0.2764 0.1710 0.0942 0.0451 0.0187 0.0094 0.0118 0.0215 0.0349 0.0496 0.0637 0.0760 0.0858 0.0939
0.9918 0.8567 4.6655 1.7817 1.8701 3.6058 1.0481 3.2114 1.9669 1.1926 3.7380 0.4321 1.6383 3.2154 0.9278 0.2779 2.0368 2.4947 1.1205 0.0969 0.4390 1.3521 1.7916 1.4934 0.8141 0.2503 0.0336 0.1395 0.4080 0.6852 0.8634 0.9147 0.8539 0.7211 0.5650 0.4048 0.2672 0.1611 0.0860 0.0395 0.0162 0.0099 0.0149 0.0266 0.0417 0.0577 0.0725 0.0853 0.0952 0.1035
4.0375 0.3453 2.8554 4.1893 0.3167 4.8455 0.1631 4.4412 0.7501 2.5239 3.2319 0.1091 2.5908 3.0150 0.4323 0.6943 2.5465 2.3848 0.7810 0.0588 0.7134 1.6436 1.8992 1.4244 0.6860 0.1673 0.0367 0.2152 0.5195 0.7985 0.9551 0.9762 0.8866 0.7317 0.5614 0.3938 0.2540 0.1489 0.0766 0.0337 0.0141 0.0111 0.0189 0.0328 0.0496 0.0668 0.0823 0.0955 0.1055 0.1137
5.3925 3.0459 0.4694 5.3046 0.6487 4.3841 0.7790 4.5998 0.1392 3.9479 2.1676 0.4223 3.5201 2.4363 0.1220 1.3694 2.9720 2.1062 0.4473 0.1498 1.0877 1.9443 1.9599 1.3078 0.5403 0.0970 0.0688 0.3218 0.6546 0.9257 1.0514 1.0359 0.9142 0.7361 0.5519 0.3781 0.2374 0.1347 0.0664 0.0281 0.0127 0.0134 0.0242 0.0405 0.0590 0.0772 0.0934 0.1068 0.1167 0.1248
2.4842 5.7390 0.8620 3.5475 3.1503 2.2592 2.8939 3.3043 0.7779 4.7115 0.9304 1.4273 4.0477 1.5789 0.1738 2.2040 3.1742 1.6608 0.1851 0.3900 1.5234 2.2012 1.9415 1.1385 0.3870 0.0510 0.1357 0.4577 0.8067 1.0575 1.1433 1.0862 0.9311 0.7308 0.5346 0.3569 0.2175 0.1187 0.0558 0.0229 0.0124 0.0172 0.0311 0.0497 0.0698 0.0890 0.1056 0.1191 0.1289 0.1367
0.1437 4.2219 4.2904 0.7290 5.6486 0.3422 5.1390 1.2980 2.6309 4.2751 0.1733 2.8941 3.9069 0.7028 0.6908 3.0400 3.0697 1.1140 0.0720 0.7881 1.9827 2.3789 1.8334 0.9259 0.2422 0.0423 0.2435 0.6232 0.9725 1.1896 1.2267 1.1244 0.9357 0.7150 0.5094 0.3305 0.1946 0.1017 0.0453 0.0187 0.0135 0.0226 0.0397 0.0606 0.0822 0.1023 0.1191 0.1326 0.1419 0.1494
3.4229 0.6120 6.2684 0.7133 5.2942 0.8785 5.5759 0.1759 4.7422 2.7131 0.4876 4.2811 3.0445 0.1613 1.6472 3.6677 2.6325 0.5771 0.1779 1.3253 2.4123 2.4434 1.6338 0.6874 0.1255 0.0833 0.3963 0.8161 1.1470 1.3167 1.2975 1.1476 0.9265 0.6883 0.4764 0.2993 0.1694 0.0841 0.0356 0.0160 0.0165 0.0300 0.0503 0.0734 0.0963 0.1171 0.1340 0.1472 0.1560 0.1629
6.7653 1.5425 3.5083 4.2867 2.1621 3.9275 3.5259 1.2259 5.6498 0.9072 1.9921 4.9172 1.7310 0.2784 2.8459 3.8803 1.9243 0.1921 0.5446 1.9509 2.7513 2.3716 1.3551 0.4489 0.0583 0.1849 0.5950 1.0312 1.3229 1.4320 1.3510 1.1536 0.9030 0.6510 0.4366 0.2644 0.1428 0.0669 0.0274 0.0154 0.0219 0.0399 0.0633 0.0883 0.1124 0.1336 0.1503 0.1630 0.1712 0.1774
3.1829 6.2315 0.2822 6.7988 0.2208 6.4707 0.8265 4.0290 4.4835 0.1792 4.0690 4.3652 0.5460 1.1833 3.9385 3.5522 1.1053 0.1023 1.1657 2.5818 2.9365 2.1529 1.0215 0.2416 0.0620 0.3547 0.8363 1.2603 1.4916 1.5286 1.3830 1.1402 0.8643 0.6035 0.3906 0.2266 0.1160 0.0510 0.0214 0.0175 0.0302 0.0527 0.0790 0.1056 0.1305 0.1519 0.1681 0.1802 0.1875 0.1929
0.3002 5.9189 2.7024 4.2460 2.6690 5.3891 0.5260 6.3023 1.9735 1.3718 5.5485 2.7808 0.1591 2.6789 4.5274 2.7153 0.4150 0.4093 1.9712 3.1090 2.9141 1.7968 0.6713 0.1012 0.1555 0.5947 1.1124 1.4928 1.6435 1.5997 1.3890 1.1051 0.8099 0.5459 0.3395 0.1873 0.0899 0.0375 0.0186 0.0230 0.0419 0.0686 0.0975 0.1254 0.1508 0.1720 0.1875 0.1987 0.2049 0.2092
5.4879 0.9348 7.2303 0.4687 6.7225 1.7264 3.5365 5.7600 0.2636 3.9841 5.3875 0.9978 0.9729 4.2347 4.3224 1.5979 0.1138 1.1282 2.8264 3.4197 2.6599 1.3421 0.3576 0.0642 0.3509 0.8997 1.4102 1.7147 1.7679 1.6383 1.3659 1.0474 0.7403 0.4798 0.2848 0.1480 0.0662 0.0274 0.0197 0.0326 0.0574 0.0882 0.1192 0.1479 0.1733 0.1939 0.2085 0.2186 0.2234 0.2265
7.1419 2.2041 5.3896 2.2913 6.4504 0.3983 6.8496 2.6838 1.2275 6.1944 3.5129 0.1803 2.8029 5.1618 3.3110 0.5929 0.3951 2.1553 3.5505 3.4237 2.1915 0.8553 0.1401 0.1609 0.6507 1.2560 1.7114 1.9104 1.8540 1.6387 1.3114 0.9677 0.6574 0.4075 0.2288 0.1108 0.0463 0.0222 0.0259 0.0470 0.0774 0.1117 0.1443 0.1732 0.1982 0.2179 0.2312 0.2398 0.2431 0.2448
1.0164 7.8025 0.5511 7.3067 1.9497 3.8669 6.4162 0.3211 4.4443 6.1237 1.1657 1.1007 4.8289 4.9547 1.8505 0.1403 1.2934 3.2699 3.9582 3.0837 1.5759 0.4244 0.0769 0.4091 1.0444 1.6433 1.9999 2.0708 1.8987 1.6000 1.2275 0.8691 0.5647 0.3320 0.1744 0.0779 0.0322 0.0231 0.0380 0.0669 0.1023 0.1393 0.1730 0.2019 0.2258 0.2441 0.2561 0.2630 0.2644 0.2645
3.1013 5.0395 3.1423 6.4887 0.6615 7.6890 2.5099 1.7135 7.0383 3.6222 0.2311 3.4690 5.9205 3.5849 0.5778 0.5469 2.6254 4.1706 3.9081 2.4379 0.9272 0.1459 0.2126 0.8076 1.5066 2.0294 2.2457 2.1726 1.8871 1.5162 1.1130 0.7531 0.4649 0.2565 0.1242 0.0516 0.0255 0.0315 0.0571 0.0929 0.1324 0.1715 0.2053 0.2337 0.2561 0.2724 0.2827 0.2876 0.2869 0.2851
8.6237 0.3614 8.3824 1.1203 5.4615 6.0957 0.3091 5.7882 6.2692 0.8325 1.7807 5.8682 5.3195 1.6904 0.1815 1.8120 4.0040 4.5647 3.3646 1.6123 0.3912 0.1067 0.5661 1.3315 1.9969 2.3775 2.4226 2.2015 1.8142 1.3884 0.9720 0.6247 0.3627 0.1851 0.0819 0.0345 0.0282 0.0486 0.0840 0.1257 0.1681 0.2082 0.2415 0.2687 0.2888 0.3027 0.3110 0.3137 0.3105 0.3067
2.6179 5.8609 4.7328 2.0912 8.3925 1.2939 3.3608 7.8426 2.7131 0.5703 4.9158 6.5843 3.2548 0.3437 1.0364 3.5489 4.9473 4.2757 2.4341 0.8054 0.1165 0.3623 1.1211 1.9316 2.4641 2.6485 2.5076 2.1477 1.6793 1.2211 0.8109 0.4906 0.2642 0.1226 0.0508 0.0291 0.0420 0.0757 0.1195 0.1656 0.2098 0.2498 0.2816 0.3069 0.3242 0.3350 0.3410 0.3411 0.3352 0.3293
2.0482 8.1152 0.4001 8.1461 3.9283 1.2547 7.8525 5.0994 0.2981 3.5251 7.1334 4.9174 1.0118 0.4824 2.9192 5.0869 5.0658 3.3408 1.3659 0.2483 0.2174 0.9188 1.8267 2.5482 2.8652 2.8187 2.4893 2.0102 1.4892 1.0258 0.6407 0.3599 0.1763 0.0743 0.0348 0.0382 0.0688 0.1143 0.1647 0.2137 0.2583 0.2972 0.3266 0.3491 0.3631 0.3707 0.3736 0.3707 0.3618 0.3536
9.1521 1.1364 6.1344 6.6838 0.3655 6.6943 7.1817 0.9363 2.1759 7.0719 6.3860 2.0252 0.2316 2.2682 5.0027 5.7223 4.2330 2.0284 0.4878 0.1407 0.7383 1.7177 2.5877 3.0903 3.1320 2.8473 2.3536 1.7912 1.2521 0.8106 0.4699 0.2402 0.1053 0.0446 0.0372 0.0639 0.1100 0.1650 0.2198 0.2698 0.3131 0.3497 0.3757 0.3945 0.4045 0.4084 0.4079 0.4016 0.3896 0.3788
3.1366 3.8579 8.5216 0.6475 5.1372 8.5467 2.0931 1.2001 6.6035 7.5414 3.1580 0.2578 1.7167 4.8206 6.2104 5.0817 2.7170 0.8012 0.1290 0.5919 1.6258 2.6374 3.2838 3.4712 3.2171 2.7184 2.1048 1.5046 0.9850 0.5914 0.3117 0.1415 0.0584 0.0385 0.0613 0.1083 0.1669 0.2284 0.2852 0.3340 0.3741 0.4071 0.4286 0.4429 0.4484 0.4480 0.4437 0.4337 0.4183 0.4049
2.2196 9.3743 1.4839 3.8278 9.2507 3.2928 0.6616 6.0798 8.3444 4.2192 0.4498 1.3296 4.6793 6.6333 5.8198 3.3847 1.1317 0.1620 0.4964 1.5661 2.7281 3.5149 3.7932 3.6210 3.0950 2.4369 1.7641 1.1762 0.7114 0.3874 0.1804 0.0742 0.0424 0.0607 0.1099 0.1734 0.2407 0.3057 0.3617 0.4071 0.4425 0.4706 0.4864 0.4950 0.4954 0.4902 0.4817 0.4679 0.4488 0.4325
9.7595 2.2221 3.0848 9.6039 4.1681 0.4474 5.7822 8.9377 5.0133 0.6585 1.1335 4.6893 7.0997 6.4943 3.9420 1.4209 0.2071 0.4569 1.5838 2.8725 3.8195 4.1759 4.0140 3.4994 2.7676 2.0276 1.3638 0.8367 0.4566 0.2180 0.0900 0.0477 0.0637 0.1150 0.1859 0.2609 0.3329 0.3982 0.4507 0.4906 0.5199 0.5415 0.5501 0.5517 0.5461 0.5359 0.5228 0.5049 0.4820 0.4623
2.3254 3.0052 9.8620 4.4419 0.4181 5.9215 9.4016 5.3992 0.7316 1.1499 4.9491 7.6283 7.0772 4.3347 1.5813 0.2306 0.4778 1.7120 3.1314 4.1819 4.6297 4.4530 3.8736 3.1012 2.2659 1.5320 0.9424 0.5179 0.2455 0.1022 0.0533 0.0703 0.1275 0.2045 0.2903 0.3711 0.4429 0.5046 0.5504 0.5825 0.6038 0.6174 0.6176 0.6111 0.5990 0.5833 0.5654 0.5431 0.5161 0.4930
3.7565 10.1121 3.9324 0.5841 6.6691 9.7593 5.2178 0.5909 1.4460 5.6067 8.2671 7.4768 4.4673 1.5499 0.2109 0.5912 1.9930 3.5615 4.6757 5.1191 4.9324 4.2561 3.3738 2.4765 1.6560 1.0142 0.5528 0.2602 0.1066 0.0587 0.0820 0.1490 0.2373 0.3307 0.4237 0.5036 0.5702 0.6243 0.6603 0.6821 0.6936 0.6979 0.6885 0.6729 0.6538 0.6322 0.6093 0.5824 0.5512 0.5244
10.0745 2.6091 1.2835 8.1239 9.8240 4.3420 0.3218 2.2350 6.7754 9.0727 7.6151 4.2119 1.2786 0.1754 0.8673 2.5304 4.2235 5.3620 5.7155 5.3974 4.6283 3.6118 2.6040 1.7326 1.0365 0.5531 0.2532 0.1035 0.0655 0.1036 0.1860 0.2897 0.3972 0.4969 0.5893 0.6616 0.7174 0.7596 0.7819 0.7908 0.7909 0.7860 0.7675 0.7431 0.7168 0.6887 0.6594 0.6272 0.5911 0.5606
0.8041 3.2451 9.9763 8.9045 2.6797 0.3348 3.8475 8.4436 9.6990 7.2425 3.4481 0.7876 0.2455 1.4504 3.4090 5.1943 6.2119 6.3841 5.8378 4.8708 3.7444 2.6302 1.6963 0.9914 0.5039 0.2200 0.0931 0.0804 0.1422 0.2481 0.3707 0.4942 0.6068 0.7013 0.7843 0.8417 0.8811 0.9072 0.9126 0.9062 0.8934 0.8787 0.8506 0.8170 0.7831 0.7482 0.7120 0.6740 0.6328 0.5984
7.0854 10.9728 6.2493 0.7954 1.5327 6.5627 10.2030 9.5886 5.9422 2.1660 0.2984 0.7076 2.5734 4.7621 6.4329 7.2017 6.9997 6.1495 4.9361 3.6552 2.4939 1.5369 0.8467 0.4049 0.1660 0.0867 0.1174 0.2164 0.3496 0.4973 0.6366 0.7607 0.8632 0.9405 1.0052 1.0407 1.0586 1.0648 1.0502 1.0266 0.9997 0.9747 0.9364 0.8933 0.8515 0.8095 0.7659 0.7219 0.6756 0.6372
8.7464 2.2208 0.5804 4.9683 9.9297 10.9296 7.8929 3.5952 0.7390 0.3899 2.0423 4.5018 6.6541 7.8768 8.0616 7.3942 6.1331 4.6900 3.2949 2.1200 1.2296 0.6188 0.2666 0.1173 0.1133 0.2063 0.3541 0.5241 0.6912 0.8500 0.9815 1.0874 1.1653 1.2151 1.2546 1.2628 1.2550 1.2382 1.2020 1.1600 1.1179 1.0806 1.0309 0.9779 0.9278 0.8781 0.8268 0.7765 0.7246 0.6819
0.4503 4.6355 10.0504 11.6668 8.8389 4.2800 0.9997 0.3675 2.0286 4.7462 7.2518 8.8076 9.1608 8.4787 7.1600 5.5676 3.9635 2.5891 1.5207 0.7855 0.3482 0.1500 0.1311 0.2323 0.4009 0.6029 0.8085 0.9992 1.1588 1.2968 1.3967 1.4671 1.5072 1.5206 1.5293 1.5058 1.4689 1.4265 1.3675 1.3060 1.2478 1.1962 1.1338 1.0707 1.0118 0.9541 0.8947 0.8377 0.7800 0.7325
11.3645 11.8405 8.2234 3.5567 0.6821 0.6665 2.8810 5.9475 8.6006 10.1104 10.2783 9.3992 7.8342 5.9833 4.2146 2.7161 1.5663 0.7912 0.3445 0.1652 0.1809 0.3236 0.5399 0.7908 1.0343 1.2627 1.4573 1.6168 1.7283 1.8154 1.8627 1.8828 1.8742 1.8442 1.8174 1.7587 1.6900 1.6199 1.5371 1.4555 1.3809 1.3144 1.2391 1.1659 1.0982 1.0323 0.9645 0.9008 0.8371 0.7848
5.1150 1.3800 0.4479 2.2367 5.4797 8.6990 10.8752 11.6168 11.0510 9.5583 7.5724 5.5410 3.7117 2.2381 1.1965 0.5563 0.2517 0.2056 0.3376 0.5798 0.8782 1.1836 1.4765 1.7456 1.9547 2.1261 2.2462 2.3289 2.3591 2.3720 2.3530 2.3139 2.2504 2.1726 2.1076 2.0129 1.9123 1.8154 1.7102 1.6092 1.5181 1.4371 1.3491 1.2665 1.1899 1.1158 1.0396 0.9691 0.8993 0.8421
3.6848 7.3181 10.5571 12.5266 12.9416 11.9907 10.1304 7.8500 5.6112 3.6703 2.1594 1.1219 0.5181 0.2779 0.3139 0.5373 0.8698 1.2541 1.6386 2.0017 2.3268 2.5812 2.7848 2.9475 3.0338 3.0869 3.0912 3.0661 2.9945 2.9207 2.8326 2.7343 2.6157 2.4889 2.3852 2.2572 2.1291 2.0099 1.8876 1.7700 1.6632 1.5686 1.4691 1.3782 1.2926 1.2101 1.1260 1.0487 0.9725 0.9101
13.7658 12.2699 10.0647 7.6305 5.3160 3.3637 1.8978 0.9444 0.4668 0.3708 0.5571 0.9327 1.4127 1.9249 2.4277 2.8885 3.2798 3.6076 3.8517 4.0395 4.1731 4.2159 4.2185 4.2001 4.1193 4.0273 3.9013 3.7606 3.5853 3.4258 3.2742 3.1226 2.9539 2.7823 2.6435 2.4864 2.3344 2.1962 2.0600 1.9279 1.8067 1.6996 1.5894 1.4914 1.3973 1.3066 1.2149 1.1308 1.0484 0.9809
1.2366 0.6487 0.5007 0.7105 1.1814 1.8204 2.5408 3.2537 3.9431 4.5760 5.1355 5.6010 5.9481 6.1732 6.3134 6.3742 6.3512 6.2901 6.1702 6.0427 5.9004 5.6858 5.4661 5.2617 5.0240 4.8021 4.5640 4.3241 4.0623 3.8331 3.6326 3.4403 3.2328 3.0261 2.8598 2.6803 2.5101 2.3578 2.2116 2.0684 1.9354 1.8179 1.6991 1.5955 1.4945 1.3968 1.2980 1.2079 1.1198 1.0478
10.2111 10.6437 10.9711 11.2350 11.4210 11.5210 11.5074 11.3399 11.1452 10.9145 10.6370 10.3428 9.9975 9.6047 9.2082 8.8057 8.3737 7.9707 7.5603 7.1956 6.8582 6.4771 6.1099 5.7810 5.4421 5.1456 4.8514 4.5516 4.2445 3.9868 3.7538 3.5358 3.3127 3.0936 2.9171 2.7246 2.5456 2.3873 2.2334 2.0855 1.9504 1.8309 1.7103 1.6051 1.5060 1.4089 1.3047 1.2125 1.1236 1.0511
