0.2188 0.2176 0.2160 0.1853 0.1760 0.1647 0.1529 0.1450 0.1391 0.1515 0.1138 0.1068 0.1202 0.1224 0.1166 0.1048 0.0848 0.0621 0.0517 0.0586 0.0713 0.0774 0.0706 0.0564 0.0411 0.0296 0.0228 0.0197 0.0188 0.0183 0.0175 0.0164 0.0149 0.0132 0.0115 0.0099 0.0085 0.0073 0.0063 0.0054 0.0047 0.0041 0.0036 0.0032 0.0028 0.0025 0.0022 0.0020 0.0018 0.0016
0.6558 0.6505 0.6458 0.5563 0.5283 0.4935 0.4579 0.4340 0.4166 0.4534 0.3414 0.3203 0.3621 0.3692 0.3511 0.3152 0.2552 0.1869 0.1547 0.1740 0.2119 0.2308 0.2119 0.1701 0.1246 0.0897 0.0687 0.0591 0.0559 0.0544 0.0523 0.0490 0.0444 0.0396 0.0346 0.0299 0.0257 0.0221 0.0190 0.0163 0.0141 0.0123 0.0108 0.0096 0.0085 0.0076 0.0067 0.0060 0.0054 0.0048
1.0919 1.0774 1.0692 0.9280 0.8824 0.8206 0.7604 0.7201 0.6919 0.7523 0.5693 0.5341 0.6086 0.6221 0.5897 0.5279 0.4281 0.3138 0.2568 0.2846 0.3462 0.3803 0.3529 0.2865 0.2115 0.1524 0.1159 0.0983 0.0922 0.0894 0.0860 0.0808 0.0736 0.0658 0.0578 0.0500 0.0431 0.0370 0.0318 0.0274 0.0236 0.0206 0.0181 0.0161 0.0142 0.0126 0.0112 0.0100 0.0089 0.0080
1.5286 1.4979 1.4831 1.2997 1.2410 1.1456 1.0588 1.0025 0.9629 1.0472 0.7977 0.7483 0.8635 0.8851 0.8341 0.7438 0.6048 0.4445 0.3579 0.3874 0.4702 0.5227 0.4933 0.4072 0.3044 0.2200 0.1654 0.1376 0.1271 0.1225 0.1179 0.1114 0.1020 0.0917 0.0810 0.0704 0.0607 0.0523 0.0449 0.0387 0.0333 0.0291 0.0255 0.0226 0.0199 0.0177 0.0157 0.0140 0.0125 0.0112
1.9696 1.9160 1.8871 1.6687 1.6084 1.4691 1.3520 1.2819 1.2269 1.3391 1.0266 0.9639 1.1317 1.1621 1.0853 0.9627 0.7864 0.5812 0.4590 0.4805 0.5797 0.6544 0.6316 0.5334 0.4059 0.2951 0.2193 0.1780 0.1607 0.1532 0.1474 0.1400 0.1291 0.1170 0.1040 0.0908 0.0787 0.0680 0.0585 0.0503 0.0433 0.0377 0.0331 0.0292 0.0258 0.0228 0.0203 0.0180 0.0161 0.0144
2.4201 2.3397 2.2881 2.0306 1.9902 1.7939 1.6403 1.5600 1.4813 1.6313 1.2552 1.1828 1.4193 1.4558 1.3421 1.1829 0.9737 0.7271 0.5627 0.5631 0.6710 0.7711 0.7655 0.6654 0.5184 0.3810 0.2803 0.2213 0.1938 0.1815 0.1740 0.1660 0.1543 0.1411 0.1264 0.1112 0.0969 0.0840 0.0724 0.0624 0.0537 0.0467 0.0410 0.0361 0.0317 0.0281 0.0249 0.0221 0.0197 0.0176
2.8849 2.7760 2.7030 2.3820 2.3902 2.1270 1.9262 1.8391 1.7246 1.9292 1.4814 1.4091 1.7334 1.7670 1.6005 1.4007 1.1668 0.8865 0.6740 0.6371 0.7415 0.8681 0.8912 0.8024 0.6438 0.4811 0.3521 0.2704 0.2282 0.2082 0.1975 0.1887 0.1769 0.1633 0.1478 0.1311 0.1151 0.1003 0.0867 0.0749 0.0645 0.0561 0.0491 0.0432 0.0379 0.0335 0.0296 0.0263 0.0234 0.0208
3.3648 3.2244 3.1565 2.7290 2.8050 2.4816 2.2145 2.1204 1.9588 2.2391 1.7016 1.6498 2.0811 2.0924 1.8528 1.6105 1.3659 1.0653 0.8010 0.7078 0.7911 0.9409 1.0036 0.9414 0.7828 0.5988 0.4394 0.3296 0.2673 0.2350 0.2186 0.2081 0.1960 0.1827 0.1671 0.1498 0.1326 0.1163 0.1011 0.0876 0.0756 0.0658 0.0576 0.0506 0.0443 0.0391 0.0345 0.0305 0.0271 0.0241
3.8493 3.6728 3.6654 3.0995 3.2154 2.8813 2.5108 2.4030 2.1917 2.5636 1.9107 1.9158 2.4667 2.4230 2.0872 1.8053 1.5708 1.2710 0.9559 0.7857 0.8236 0.9859 1.0956 1.0764 0.9332 0.7362 0.5468 0.4045 0.3156 0.2654 0.2391 0.2245 0.2114 0.1985 0.1834 0.1662 0.1486 0.1315 0.1151 0.1002 0.0867 0.0757 0.0662 0.0582 0.0510 0.0449 0.0395 0.0349 0.0310 0.0275
4.3013 4.1081 4.2106 3.5513 3.5830 3.3586 2.8163 2.6846 2.4373 2.8960 2.1039 2.2211 2.8873 2.7414 2.2890 1.9777 1.7821 1.5123 1.1540 0.8873 0.8484 1.0025 1.1586 1.1971 1.0879 0.8916 0.6774 0.5007 0.3796 0.3046 0.2626 0.2400 0.2236 0.2103 0.1958 0.1793 0.1620 0.1447 0.1278 0.1120 0.0975 0.0853 0.0749 0.0659 0.0577 0.0508 0.0447 0.0395 0.0350 0.0310
4.6579 4.5296 4.7202 4.1523 3.8673 3.9451 3.1250 2.9704 2.7138 3.2161 2.2855 2.5823 3.3292 3.0246 2.4461 2.1255 2.0019 1.7983 1.4149 1.0379 0.8859 0.9971 1.1857 1.2898 1.2342 1.0581 0.8311 0.6236 0.4673 0.3610 0.2962 0.2597 0.2361 0.2199 0.2049 0.1889 0.1722 0.1554 0.1385 0.1225 0.1074 0.0945 0.0833 0.0735 0.0645 0.0568 0.0501 0.0442 0.0392 0.0347
4.9124 4.9344 5.1074 4.9051 4.0664 4.6305 3.4201 3.2744 3.0266 3.4864 2.4690 3.0060 3.7597 3.2455 2.5527 2.2510 2.2299 2.1297 1.7516 1.2646 0.9641 0.9847 1.1727 1.3363 1.3501 1.2182 0.9994 0.7728 0.5843 0.4433 0.3491 0.2917 0.2548 0.2314 0.2133 0.1962 0.1797 0.1633 0.1469 0.1311 0.1159 0.1028 0.0912 0.0809 0.0713 0.0630 0.0556 0.0491 0.0436 0.0386
5.2776 5.2664 5.3656 5.6525 4.2627 5.3081 3.6845 3.6094 3.3425 3.6566 2.6708 3.4673 4.1228 3.3796 2.6125 2.3584 2.4535 2.4840 2.1533 1.5798 1.1095 0.9852 1.1186 1.3141 1.4013 1.3376 1.1559 0.9334 0.7260 0.5540 0.4275 0.3433 0.2866 0.2503 0.2244 0.2032 0.1850 0.1684 0.1522 0.1368 0.1219 0.1090 0.0974 0.0869 0.0770 0.0684 0.0606 0.0537 0.0477 0.0423
6.0933 5.4592 5.5907 6.1000 4.6063 5.7709 3.9473 3.9793 3.6003 3.7062 2.9178 3.9070 4.3603 3.4312 2.6536 2.4575 2.6456 2.8088 2.5775 1.9791 1.3527 1.0380 1.0439 1.2141 1.3542 1.3720 1.2596 1.0752 0.8756 0.6885 0.5354 0.4233 0.3419 0.2865 0.2471 0.2170 0.1935 0.1740 0.1566 0.1408 0.1260 0.1132 0.1018 0.0914 0.0815 0.0727 0.0647 0.0576 0.0514 0.0457
7.1337 5.6832 5.8174 6.0962 5.1278 5.8322 4.2759 4.3442 3.7580 3.6834 3.2163 4.2234 4.4403 3.4506 2.7216 2.5498 2.7532 3.0067 2.9266 2.4146 1.7124 1.2034 1.0080 1.0640 1.1972 1.2804 1.2571 1.1479 0.9947 0.8235 0.6636 0.5329 0.4284 0.3511 0.2931 0.2484 0.2145 0.1880 0.1661 0.1477 0.1315 0.1177 0.1058 0.0953 0.0852 0.0762 0.0681 0.0608 0.0544 0.0486
7.3704 6.2152 5.9975 5.9289 5.5324 5.5883 4.6652 4.6543 3.9056 3.7116 3.5102 4.3016 4.4054 3.5425 2.8601 2.6171 2.7057 2.9477 3.0426 2.7709 2.1714 1.5596 1.1335 0.9730 0.9897 1.0657 1.1092 1.0913 1.0205 0.9062 0.7750 0.6506 0.5377 0.4450 0.3692 0.3072 0.2586 0.2205 0.1900 0.1653 0.1446 0.1277 0.1136 0.1015 0.0904 0.0807 0.0720 0.0643 0.0576 0.0514
6.8988 6.5410 6.4820 5.9790 5.5654 5.4935 4.9066 5.0357 4.3130 3.8890 3.6750 4.0939 4.4015 3.8378 3.0768 2.6274 2.4821 2.5586 2.7559 2.8479 2.6197 2.1551 1.6050 1.1821 0.9455 0.8659 0.8664 0.8858 0.8900 0.8562 0.7911 0.7104 0.6202 0.5346 0.4555 0.3839 0.3237 0.2740 0.2330 0.1996 0.1717 0.1489 0.1303 0.1148 0.1009 0.0892 0.0790 0.0701 0.0625 0.0555
7.0983 6.5500 7.3369 6.4995 6.0780 5.7871 4.8917 5.8893 5.1057 4.1388 3.7253 3.7269 4.5362 4.3690 3.3221 2.5979 2.2945 2.0976 2.1027 2.3886 2.6929 2.7702 2.4870 2.0111 1.5112 1.1176 0.8618 0.7274 0.6723 0.6472 0.6277 0.6024 0.5632 0.5175 0.4661 0.4111 0.3593 0.3122 0.2705 0.2342 0.2026 0.1757 0.1531 0.1340 0.1169 0.1025 0.0900 0.0792 0.0701 0.0619
7.8833 7.5252 8.1306 6.9449 6.7407 6.5267 5.7949 5.6153 5.2700 4.5104 4.8112 3.9368 3.6220 3.8686 3.3137 2.6738 2.7473 2.9418 2.6478 2.0590 1.6469 1.6665 1.9555 2.2752 2.4254 2.3628 2.1212 1.7957 1.4666 1.1628 0.9115 0.7208 0.5759 0.4717 0.3944 0.3343 0.2884 0.2523 0.2229 0.1983 0.1769 0.1580 0.1417 0.1272 0.1135 0.1014 0.0904 0.0807 0.0722 0.0643
9.1767 7.8465 8.1624 7.9056 6.7730 7.2150 5.9159 6.2227 5.3416 4.9912 5.0650 4.0649 3.9962 4.1131 3.3991 2.8582 3.0180 3.1358 2.7347 2.1239 1.7579 1.8273 2.1316 2.4361 2.5587 2.4716 2.2125 1.8754 1.5385 1.2278 0.9692 0.7714 0.6197 0.5093 0.4267 0.3618 0.3119 0.2723 0.2400 0.2132 0.1900 0.1697 0.1520 0.1363 0.1214 0.1084 0.0967 0.0863 0.0772 0.0688
9.9697 8.9126 8.0443 8.6335 7.1334 7.6128 6.2663 6.6883 5.4600 5.5289 5.2167 4.2599 4.3969 4.3023 3.4855 3.0824 3.2964 3.3076 2.8059 2.1933 1.8839 2.0007 2.3119 2.5939 2.6854 2.5732 2.2979 1.9510 1.6084 1.2923 1.0276 0.8234 0.6650 0.5488 0.4607 0.3909 0.3368 0.2935 0.2582 0.2290 0.2039 0.1820 0.1628 0.1457 0.1297 0.1157 0.1032 0.0922 0.0824 0.0735
9.7633 9.9976 8.4630 8.8087 7.9209 7.6847 6.8946 6.9262 5.7325 6.0346 5.2950 4.5507 4.7878 4.4342 3.5936 3.3470 3.5705 3.4524 2.8655 2.2725 2.0268 2.1853 2.4938 2.7466 2.8042 2.6673 2.3774 2.0229 1.6763 1.3564 1.0866 0.8766 0.7120 0.5900 0.4965 0.4218 0.3632 0.3162 0.2775 0.2458 0.2187 0.1950 0.1743 0.1557 0.1384 0.1233 0.1100 0.0982 0.0879 0.0784
9.6885 10.2360 9.5138 8.6929 8.8272 7.6746 7.6511 6.9839 6.2031 6.4174 5.3665 4.9388 5.1287 4.5220 3.7441 3.6454 3.8273 3.5687 2.9197 2.3667 2.1873 2.3787 2.6748 2.8923 2.9145 2.7537 2.4513 2.0912 1.7424 1.4201 1.1461 0.9310 0.7606 0.6329 0.5341 0.4545 0.3914 0.3403 0.2981 0.2636 0.2344 0.2089 0.1865 0.1663 0.1475 0.1313 0.1172 0.1046 0.0935 0.0835
10.7233 9.9852 10.4233 8.9121 9.3657 7.9193 8.2521 7.0283 6.7980 6.6295 5.5087 5.3894 5.3894 4.5922 3.9492 3.9633 4.0559 3.6606 2.9775 2.4811 2.3656 2.5790 2.8526 3.0305 3.0167 2.8331 2.5198 2.1563 1.8071 1.4837 1.2068 0.9874 0.8114 0.6781 0.5736 0.4890 0.4213 0.3662 0.3203 0.2828 0.2511 0.2235 0.1993 0.1774 0.1573 0.1400 0.1249 0.1114 0.0996 0.0889
11.8317 10.3939 10.5787 9.7078 9.4166 8.5421 8.5218 7.2541 7.3669 6.7111 5.7779 5.8418 5.5644 4.6806 4.2115 4.2816 4.2493 3.7353 3.0479 2.6190 2.5596 2.7831 3.0253 3.1606 3.1113 2.9063 2.5837 2.2189 1.8706 1.5472 1.2687 1.0459 0.8648 0.7255 0.6151 0.5254 0.4531 0.3940 0.3443 0.3035 0.2690 0.2390 0.2127 0.1892 0.1678 0.1495 0.1333 0.1188 0.1062 0.0948
11.8818 11.4767 10.4749 10.5834 9.4057 9.3057 8.5666 7.7361 7.7775 6.7794 6.1784 6.2341 5.6786 4.8223 4.5226 4.5819 4.4065 3.8028 3.1382 2.7804 2.7659 2.9871 3.1911 3.2821 3.1986 2.9744 2.6444 2.2794 1.9330 1.6106 1.3311 1.1055 0.9195 0.7745 0.6582 0.5634 0.4867 0.4236 0.3699 0.3256 0.2880 0.2554 0.2270 0.2016 0.1790 0.1596 0.1422 0.1267 0.1132 0.1010
11.8636 12.1201 10.9304 10.9738 9.7832 9.8374 8.6705 8.3463 7.9982 6.9511 6.6507 6.5316 5.7793 5.0359 4.8610 4.8502 4.5348 3.8756 3.2538 2.9639 2.9807 3.1886 3.3495 3.3962 3.2803 3.0387 2.7028 2.3385 1.9946 1.6737 1.3939 1.1658 0.9755 0.8249 0.7028 0.6031 0.5219 0.4548 0.3970 0.3491 0.3082 0.2728 0.2421 0.2148 0.1909 0.1703 0.1517 0.1350 0.1205 0.1075
12.6800 12.1905 11.7856 11.0590 10.4834 10.0615 9.0292 8.8809 8.1296 7.2742 7.1095 6.7451 5.9162 5.3179 5.2016 5.0821 4.6471 3.9653 3.3976 3.1667 3.2008 3.3863 3.5013 3.5045 3.3580 3.1007 2.7600 2.3967 2.0556 1.7365 1.4568 1.2268 1.0324 0.8765 0.7488 0.6444 0.5587 0.4877 0.4256 0.3740 0.3297 0.2913 0.2582 0.2289 0.2036 0.1818 0.1617 0.1438 0.1283 0.1144
13.3030 12.4220 12.2655 11.2844 11.0306 10.1834 9.5259 9.2135 8.2856 7.6804 7.4722 6.9003 6.1026 5.6407 5.5234 5.2833 4.7593 4.0821 3.5729 3.3914 3.4313 3.5868 3.6523 3.6106 3.4336 3.1627 2.8199 2.4590 2.1214 1.8035 1.5226 1.2905 1.0924 0.9321 0.7993 0.6894 0.5989 0.5236 0.4580 0.4027 0.3549 0.3129 0.2768 0.2453 0.2180 0.1946 0.1733 0.1542 0.1375 0.1225
13.5869 12.9382 12.5257 11.7498 11.3787 10.4632 10.0155 9.4607 8.5552 8.1094 7.7691 7.0706 6.3536 5.9836 5.8223 5.4688 4.8841 4.2272 3.7726 3.6286 3.6643 3.7855 3.8011 3.7155 3.5091 3.2250 2.8802 2.5214 2.1872 1.8702 1.5884 1.3545 1.1531 0.9887 0.8512 0.7358 0.6406 0.5611 0.4921 0.4332 0.3816 0.3358 0.2967 0.2627 0.2334 0.2083 0.1857 0.1652 0.1473 0.1312
13.9080 13.4336 12.8434 12.2207 11.7107 10.8340 10.4528 9.7282 8.8976 8.5218 8.0430 7.2795 6.6491 6.3314 6.1064 5.6531 5.0284 4.3991 3.9931 3.8764 3.9008 3.9848 3.9501 3.8212 3.5856 3.2882 2.9409 2.5839 2.2525 1.9361 1.6537 1.4186 1.2141 1.0460 0.9040 0.7836 0.6837 0.6001 0.5279 0.4654 0.4099 0.3601 0.3177 0.2812 0.2497 0.2229 0.1988 0.1770 0.1578 0.1405
14.0636 14.0859 13.0686 12.8065 12.0022 11.2491 10.9100 10.0043 9.2750 8.9419 8.3196 7.5166 6.9735 6.6874 6.3891 5.8445 5.1923 4.5946 4.2326 4.1362 4.1437 4.1877 4.1018 3.9293 3.6641 3.3527 3.0023 2.6464 2.3173 2.0012 1.7186 1.4825 1.2754 1.1040 0.9580 0.8326 0.7283 0.6407 0.5654 0.4992 0.4397 0.3858 0.3400 0.3009 0.2672 0.2385 0.2129 0.1896 0.1690 0.1504
14.8171 14.3150 13.5175 13.3709 12.1697 11.8475 11.3100 10.2419 9.7328 9.3855 8.5824 7.7763 7.3372 7.0743 6.6883 6.0523 5.3831 4.8229 4.5034 4.4217 4.4058 4.4040 4.2664 4.0528 3.7612 3.4336 3.0744 2.7148 2.3859 2.0710 1.7889 1.5518 1.3426 1.1683 1.0187 0.8888 0.7794 0.6866 0.6062 0.5360 0.4734 0.4169 0.3682 0.3258 0.2891 0.2579 0.2300 0.2047 0.1825 0.1623
15.7386 14.2199 14.5146 13.4339 12.6268 12.5567 11.4922 10.5737 10.3273 9.7863 8.7969 8.0779 7.7644 7.4852 6.9824 6.2571 5.5885 5.0772 4.8004 4.7267 4.6797 4.6263 4.4339 4.1780 3.8590 3.5146 3.1461 2.7828 2.4543 2.1409 1.8593 1.6214 1.4104 1.2338 1.0810 0.9468 0.8324 0.7343 0.6487 0.5746 0.5089 0.4498 0.3983 0.3524 0.3127 0.2787 0.2484 0.2210 0.1969 0.1752
15.2380 15.2953 14.8909 13.4706 13.6126 12.8927 11.5989 11.2045 10.9447 10.0383 9.0009 8.4849 8.2653 7.8948 7.2486 6.4534 5.8148 5.3664 5.1295 5.0533 4.9644 4.8520 4.6015 4.3022 3.9555 3.5944 3.2168 2.8502 2.5225 2.2114 1.9302 1.6916 1.4791 1.3006 1.1449 1.0066 0.8872 0.7839 0.6930 0.6150 0.5463 0.4848 0.4303 0.3808 0.3378 0.3010 0.2680 0.2384 0.2125 0.1889
15.9257 16.3628 14.5202 14.5481 14.3360 12.8149 12.1425 12.0741 11.3536 10.1777 9.3446 9.0619 8.8178 8.2663 7.4800 6.6632 6.0899 5.7114 5.5019 5.4058 5.2613 5.0829 4.7716 4.4283 4.0537 3.6765 3.2909 2.9226 2.5967 2.2880 2.0068 1.7674 1.5534 1.3729 1.2143 1.0719 0.9474 0.8387 0.7424 0.6601 0.5879 0.5231 0.4652 0.4119 0.3656 0.3258 0.2901 0.2580 0.2300 0.2046
17.8053 15.7870 15.5099 15.7970 14.1990 13.1829 13.2488 12.7386 11.4851 10.4425 9.9698 9.7784 9.3478 8.5685 7.6951 6.9277 6.4472 6.1288 5.9215 5.7823 5.5678 5.3190 4.9457 4.5589 4.1576 3.7665 3.3750 3.0068 2.6831 2.3760 2.0947 1.8545 1.6384 1.4553 1.2933 1.1463 1.0167 0.9025 0.8008 0.7134 0.6365 0.5662 0.5038 0.4470 0.3970 0.3542 0.3159 0.2812 0.2507 0.2230
17.0230 16.5150 17.2015 15.6158 14.3013 14.4376 14.1501 12.8455 11.6061 11.0511 10.8007 10.4411 9.7263 8.7803 7.9224 7.2665 6.8841 6.5990 6.3615 6.1562 5.8607 5.5396 5.1076 4.6821 4.2596 3.8585 3.4632 3.0958 2.7744 2.4688 2.1875 1.9466 1.7280 1.5423 1.3770 1.2252 1.0902 0.9704 0.8629 0.7702 0.6883 0.6123 0.5451 0.4845 0.4308 0.3848 0.3438 0.3063 0.2731 0.2430
17.6066 18.5723 16.9221 15.4800 15.7046 15.5544 14.2124 12.8121 12.1800 11.9956 11.5917 10.8808 9.9412 8.9728 8.2318 7.7116 7.3982 7.1017 6.7988 6.5088 6.1280 5.7384 5.2551 4.7985 4.3618 3.9551 3.5582 3.1920 2.8730 2.5684 2.2869 2.0450 1.8236 1.6351 1.4662 1.3093 1.1686 1.0429 0.9292 0.8309 0.7439 0.6616 0.5893 0.5248 0.4672 0.4177 0.3740 0.3334 0.2973 0.2646
20.0703 18.1318 16.7883 17.2330 17.0691 15.6007 14.1180 13.4622 13.3104 12.9730 12.1377 11.1237 10.1362 9.2995 8.7210 8.3026 7.9975 7.6396 7.2452 6.8610 6.3965 5.9458 5.4215 4.9427 4.4948 4.0844 3.6868 3.3219 3.0038 2.6977 2.4148 2.1705 1.9448 1.7505 1.5747 1.4102 1.2635 1.1326 1.0132 0.9084 0.8144 0.7262 0.6482 0.5785 0.5152 0.4609 0.4136 0.3692 0.3296 0.2936
19.0393 18.2118 18.9412 18.5656 16.8741 15.4292 14.8973 14.7607 14.3757 13.5198 12.3491 11.2992 10.4616 9.8178 9.3614 8.9674 8.6030 8.1442 7.6468 7.1740 6.6400 6.1433 5.5912 5.0997 4.6458 4.2342 3.8369 3.4732 3.1553 2.8458 2.5602 2.3124 2.0810 1.8793 1.6951 1.5215 1.3684 1.2323 1.1068 0.9950 0.8931 0.7986 0.7147 0.6390 0.5693 0.5096 0.4584 0.4098 0.3663 0.3264
19.9511 20.7310 19.8163 17.9759 16.7776 16.4988 16.3770 15.8111 14.8098 13.6318 12.5002 11.6634 11.0344 10.5176 10.0793 9.6228 9.1502 8.5768 7.9865 7.4450 6.8632 6.3382 5.7712 5.2753 4.8195 4.4084 4.0110 3.6477 3.3285 3.0136 2.7235 2.4707 2.2322 2.0214 1.8274 1.6434 1.4832 1.3417 1.2097 1.0902 0.9797 0.8783 0.7879 0.7058 0.6289 0.5633 0.5079 0.4548 0.4069 0.3629
22.3155 20.6418 18.9957 18.3861 18.3541 18.1017 17.2606 16.0196 14.7857 13.7536 12.9084 12.3143 11.8034 11.2862 10.7642 10.1857 9.6003 8.9304 8.2695 7.6869 7.0818 6.5467 5.9764 5.4826 5.0289 4.6187 4.2192 3.8567 3.5366 3.2169 2.9200 2.6600 2.4123 2.1917 1.9874 1.7927 1.6231 1.4730 1.3332 1.2049 1.0847 0.9742 0.8758 0.7870 0.7036 0.6318 0.5701 0.5113 0.4584 0.4095
21.1750 20.3870 20.4446 20.4054 19.7302 18.5413 17.1802 15.9501 15.0211 14.3154 13.6673 13.1406 12.5907 11.9706 11.3200 10.6149 9.9502 9.2228 8.5203 7.9231 7.3151 6.7851 6.2193 5.7311 5.2807 4.8698 4.4651 4.1034 3.7829 3.4590 3.1530 2.8834 2.6244 2.3933 2.1783 1.9725 1.7911 1.6293 1.4801 1.3418 1.2109 1.0884 0.9805 0.8850 0.7956 0.7175 0.6472 0.5814 0.5225 0.4681
22.7124 22.7565 22.1305 20.9193 19.5242 18.2970 17.3163 16.5249 15.8817 15.2611 14.5424 13.8898 13.2032 12.4648 11.7156 10.9330 10.2391 9.4958 8.7794 8.1875 7.5886 7.0708 6.5112 6.0276 5.5770 5.1618 4.7477 4.3852 4.0626 3.7326 3.4153 3.1340 2.8615 2.6183 2.3914 2.1735 1.9787 1.8038 1.6445 1.4952 1.3525 1.2164 1.0980 0.9953 0.8999 0.8150 0.7348 0.6612 0.5957 0.5350
24.4111 23.0513 21.7137 20.5964 19.7310 19.0486 18.3943 17.6663 16.9033 16.0782 15.1513 14.3433 13.5595 12.7603 11.9786 11.1800 10.4978 9.7659 9.0533 8.4756 7.8893 7.3849 6.8307 6.3500 5.8957 5.4730 5.0468 4.6793 4.3526 4.0164 3.6890 3.3974 3.1123 2.8578 2.6197 2.3904 2.1829 1.9949 1.8236 1.6631 1.5094 1.3619 1.2337 1.1228 1.0196 0.9269 0.8367 0.7546 0.6818 0.6141
24.1489 23.3098 22.6279 21.9673 21.2569 20.4567 19.5363 18.5062 17.4705 16.4363 15.3931 14.5393 13.7593 12.9445 12.1679 11.3856 10.7225 10.0065 9.3084 8.7451 8.1680 7.6737 7.1249 6.6486 6.1902 5.7599 5.3220 4.9421 4.6085 4.2690 3.9397 3.6454 3.3536 3.0927 2.8477 2.6118 2.3955 2.1974 2.0099 1.8394 1.6800 1.5305 1.3967 1.2752 1.1601 1.0571 0.9591 0.8686 0.7877 0.7121
26.3285 25.4435 24.4458 23.3654 22.2595 21.1317 19.9754 18.7987 17.6734 16.5942 15.5655 14.7596 14.0422 13.2340 12.4649 11.6889 11.0338 10.3215 9.6280 9.0687 8.4917 8.0005 7.4524 6.9772 6.5119 6.0714 5.6191 5.2244 4.8830 4.5403 4.2095 3.9129 3.6147 3.3477 3.0962 2.8540 2.6290 2.4204 2.2151 2.0340 1.8696 1.7199 1.5811 1.4480 1.3196 1.2052 1.0991 0.9996 0.9099 0.8256
27.4005 26.1486 24.9034 23.6899 22.5432 21.4101 20.2679 19.1176 17.9968 16.9140 15.9083 15.1408 14.4649 13.6360 12.8464 12.0505 11.3857 10.6633 9.9636 9.3988 8.8143 8.3212 7.7704 7.2945 6.8227 6.3727 5.9070 5.4971 5.1476 4.8021 4.4700 4.1718 3.8686 3.5970 3.3404 3.0930 2.8602 2.6419 2.4190 2.2281 2.0599 1.9114 1.7688 1.6244 1.4825 1.3570 1.2435 1.1352 1.0369 0.9439
27.1552 25.9966 24.8502 23.6998 22.5744 21.4585 20.3385 19.2372 18.1404 17.0661 16.0433 15.2585 14.5632 13.7200 12.9137 12.0994 11.4390 10.7166 10.0068 9.4274 8.8296 8.3296 7.7708 7.2890 6.8289 6.3890 5.9319 5.5163 5.1612 4.8097 4.4705 4.1684 3.8674 3.6003 3.3473 3.0986 2.8639 2.6438 2.4219 2.2319 2.0641 1.9118 1.7664 1.6211 1.4799 1.3556 1.2442 1.1364 1.0380 0.9447
