0.0533 0.0544 0.0562 0.0557 0.0492 0.0494 0.0477 0.0439 0.0434 0.0392 0.0379 0.0351 0.0316 0.0301 0.0275 0.0247 0.0228 0.0208 0.0186 0.0169 0.0154 0.0140 0.0125 0.0112 0.0100 0.0091 0.0082 0.0074 0.0068 0.0060 0.0053 0.0047 0.0042 0.0037 0.0033 0.0030 0.0027 0.0024 0.0021 0.0019 0.0017 0.0015 0.0014 0.0012 0.0011 0.0010 0.0009 0.0008 0.0007 0.0006
0.1599 0.1627 0.1681 0.1675 0.1482 0.1481 0.1433 0.1317 0.1304 0.1177 0.1138 0.1052 0.0947 0.0904 0.0826 0.0742 0.0683 0.0624 0.0559 0.0506 0.0461 0.0421 0.0376 0.0335 0.0301 0.0272 0.0247 0.0223 0.0203 0.0181 0.0160 0.0142 0.0126 0.0112 0.0100 0.0089 0.0080 0.0072 0.0064 0.0058 0.0052 0.0046 0.0042 0.0038 0.0034 0.0030 0.0027 0.0024 0.0022 0.0019
0.2670 0.2702 0.2784 0.2802 0.2488 0.2462 0.2396 0.2195 0.2174 0.1962 0.1903 0.1752 0.1581 0.1510 0.1379 0.1236 0.1139 0.1041 0.0933 0.0843 0.0769 0.0701 0.0626 0.0559 0.0501 0.0453 0.0412 0.0372 0.0337 0.0301 0.0266 0.0236 0.0209 0.0186 0.0166 0.0148 0.0134 0.0121 0.0108 0.0096 0.0086 0.0078 0.0070 0.0063 0.0056 0.0050 0.0045 0.0040 0.0036 0.0032
0.3766 0.3772 0.3865 0.3937 0.3523 0.3438 0.3367 0.3076 0.3044 0.2750 0.2673 0.2449 0.2218 0.2124 0.1933 0.1730 0.1596 0.1460 0.1307 0.1180 0.1076 0.0981 0.0876 0.0781 0.0702 0.0634 0.0577 0.0522 0.0472 0.0421 0.0372 0.0330 0.0291 0.0260 0.0232 0.0208 0.0187 0.0169 0.0151 0.0135 0.0121 0.0109 0.0098 0.0088 0.0079 0.0071 0.0063 0.0056 0.0050 0.0045
0.4926 0.4859 0.4923 0.5067 0.4603 0.4413 0.4348 0.3964 0.3912 0.3542 0.3449 0.3141 0.2863 0.2747 0.2488 0.2222 0.2056 0.1882 0.1682 0.1517 0.1382 0.1261 0.1125 0.1003 0.0902 0.0816 0.0743 0.0671 0.0606 0.0539 0.0476 0.0422 0.0373 0.0334 0.0299 0.0267 0.0241 0.0218 0.0195 0.0174 0.0156 0.0140 0.0126 0.0113 0.0101 0.0091 0.0081 0.0072 0.0065 0.0058
0.6191 0.5997 0.5979 0.6171 0.5734 0.5399 0.5337 0.4868 0.4776 0.4344 0.4225 0.3827 0.3520 0.3381 0.3040 0.2713 0.2523 0.2311 0.2058 0.1852 0.1689 0.1540 0.1373 0.1224 0.1101 0.0997 0.0908 0.0819 0.0738 0.0655 0.0578 0.0512 0.0454 0.0407 0.0365 0.0327 0.0296 0.0267 0.0239 0.0213 0.0191 0.0172 0.0154 0.0138 0.0124 0.0111 0.0099 0.0088 0.0079 0.0071
0.7567 0.7221 0.7071 0.7234 0.6907 0.6409 0.6337 0.5792 0.5635 0.5156 0.4994 0.4507 0.4193 0.4022 0.3582 0.3207 0.3004 0.2747 0.2432 0.2186 0.1996 0.1820 0.1621 0.1444 0.1300 0.1179 0.1073 0.0966 0.0868 0.0769 0.0678 0.0602 0.0534 0.0480 0.0432 0.0388 0.0351 0.0318 0.0284 0.0253 0.0227 0.0204 0.0182 0.0163 0.0146 0.0131 0.0117 0.0104 0.0093 0.0084
0.8986 0.8524 0.8233 0.8269 0.8087 0.7442 0.7361 0.6729 0.6498 0.5971 0.5745 0.5181 0.4882 0.4656 0.4107 0.3708 0.3503 0.3187 0.2803 0.2519 0.2304 0.2101 0.1867 0.1663 0.1498 0.1359 0.1235 0.1109 0.0994 0.0880 0.0776 0.0690 0.0615 0.0554 0.0500 0.0450 0.0408 0.0368 0.0329 0.0293 0.0262 0.0235 0.0210 0.0188 0.0168 0.0150 0.0134 0.0119 0.0107 0.0096
1.0352 0.9830 0.9451 0.9322 0.9223 0.8475 0.8422 0.7654 0.7382 0.6776 0.6475 0.5851 0.5573 0.5258 0.4609 0.4229 0.4020 0.3621 0.3162 0.2851 0.2617 0.2383 0.2112 0.1879 0.1695 0.1537 0.1394 0.1248 0.1117 0.0988 0.0873 0.0779 0.0697 0.0630 0.0569 0.0513 0.0464 0.0419 0.0373 0.0332 0.0296 0.0266 0.0237 0.0212 0.0190 0.0169 0.0151 0.0134 0.0120 0.0108
1.1668 1.1070 1.0625 1.0414 1.0286 0.9468 0.9495 0.8543 0.8301 0.7551 0.7193 0.6509 0.6238 0.5800 0.5095 0.4778 0.4538 0.4028 0.3507 0.3186 0.2936 0.2666 0.2355 0.2093 0.1889 0.1712 0.1549 0.1383 0.1236 0.1094 0.0970 0.0869 0.0780 0.0707 0.0639 0.0576 0.0520 0.0469 0.0417 0.0370 0.0329 0.0295 0.0263 0.0235 0.0210 0.0187 0.0167 0.0149 0.0133 0.0120
1.2997 1.2375 1.1654 1.1468 1.1317 1.0406 1.0469 0.9438 0.9240 0.8306 0.7928 0.7153 0.6866 0.6293 0.5601 0.5357 0.5032 0.4402 0.3855 0.3546 0.3274 0.2958 0.2603 0.2314 0.2089 0.1890 0.1706 0.1520 0.1359 0.1206 0.1073 0.0965 0.0868 0.0787 0.0711 0.0639 0.0576 0.0517 0.0459 0.0407 0.0361 0.0323 0.0288 0.0257 0.0230 0.0206 0.0183 0.0164 0.0146 0.0132
1.4108 1.3895 1.2663 1.2323 1.2334 1.1333 1.1175 1.0441 1.0077 0.9087 0.8692 0.7787 0.7475 0.6780 0.6154 0.5933 0.5465 0.4752 0.4237 0.3949 0.3636 0.3260 0.2862 0.2549 0.2303 0.2081 0.1874 0.1669 0.1495 0.1331 0.1188 0.1070 0.0963 0.0871 0.0785 0.0703 0.0631 0.0565 0.0501 0.0443 0.0394 0.0352 0.0314 0.0281 0.0252 0.0225 0.0201 0.0180 0.0161 0.0145
1.4473 1.5042 1.4072 1.2914 1.3183 1.2348 1.1568 1.1525 1.0608 0.9948 0.9412 0.8415 0.8083 0.7275 0.6708 0.6418 0.5807 0.5104 0.4662 0.4368 0.3982 0.3544 0.3116 0.2788 0.2523 0.2277 0.2046 0.1824 0.1637 0.1462 0.1306 0.1176 0.1056 0.0953 0.0855 0.0763 0.0683 0.0610 0.0540 0.0479 0.0426 0.0381 0.0340 0.0306 0.0275 0.0246 0.0220 0.0197 0.0176 0.0159
1.4414 1.4962 1.5589 1.3683 1.3685 1.3517 1.1948 1.2453 1.0938 1.0920 0.9997 0.9101 0.8720 0.7793 0.7242 0.6830 0.6155 0.5534 0.5126 0.4755 0.4279 0.3804 0.3370 0.3038 0.2752 0.2478 0.2224 0.1986 0.1787 0.1597 0.1426 0.1281 0.1146 0.1030 0.0922 0.0820 0.0734 0.0655 0.0582 0.0516 0.0461 0.0413 0.0370 0.0333 0.0300 0.0270 0.0241 0.0215 0.0193 0.0174
1.5292 1.4704 1.5902 1.5266 1.3946 1.4564 1.2832 1.3117 1.1589 1.1784 1.0462 0.9892 0.9357 0.8368 0.7821 0.7315 0.6651 0.6054 0.5554 0.5063 0.4539 0.4080 0.3659 0.3312 0.2992 0.2685 0.2407 0.2154 0.1941 0.1735 0.1547 0.1385 0.1236 0.1109 0.0991 0.0882 0.0789 0.0707 0.0629 0.0560 0.0502 0.0450 0.0404 0.0364 0.0329 0.0295 0.0263 0.0236 0.0211 0.0190
1.7530 1.6173 1.5885 1.6756 1.4941 1.5248 1.4330 1.3808 1.2785 1.2497 1.1232 1.0757 0.9990 0.9070 0.8514 0.7952 0.7259 0.6549 0.5916 0.5393 0.4912 0.4478 0.4023 0.3614 0.3236 0.2892 0.2595 0.2329 0.2103 0.1879 0.1672 0.1494 0.1331 0.1194 0.1069 0.0953 0.0855 0.0767 0.0685 0.0612 0.0548 0.0492 0.0441 0.0398 0.0359 0.0322 0.0287 0.0256 0.0229 0.0206
1.9170 1.8422 1.7586 1.7812 1.6962 1.6321 1.5701 1.4864 1.4191 1.3689 1.2403 1.1607 1.0864 0.9897 0.9189 0.8576 0.7802 0.7011 0.6423 0.5997 0.5520 0.4981 0.4387 0.3884 0.3463 0.3108 0.2805 0.2528 0.2283 0.2035 0.1805 0.1610 0.1433 0.1288 0.1155 0.1030 0.0925 0.0830 0.0742 0.0663 0.0593 0.0531 0.0475 0.0428 0.0386 0.0347 0.0308 0.0274 0.0245 0.0220
2.0821 2.0267 1.9324 1.9464 1.8373 1.7917 1.7087 1.6412 1.5114 1.4587 1.3154 1.2989 1.2097 1.0608 0.9876 0.9229 0.8301 0.7521 0.7019 0.6534 0.5871 0.5188 0.4574 0.4135 0.3777 0.3442 0.3113 0.2791 0.2499 0.2208 0.1947 0.1731 0.1540 0.1383 0.1240 0.1104 0.0990 0.0886 0.0790 0.0704 0.0630 0.0563 0.0503 0.0453 0.0409 0.0367 0.0326 0.0291 0.0260 0.0234
2.0402 2.1211 2.0215 1.9141 1.9569 1.7860 1.7965 1.6397 1.6175 1.4839 1.4026 1.3221 1.2073 1.1309 1.0519 0.9578 0.8801 0.8103 0.7353 0.6633 0.5993 0.5478 0.4964 0.4491 0.4027 0.3592 0.3216 0.2889 0.2618 0.2351 0.2104 0.1889 0.1685 0.1511 0.1349 0.1195 0.1065 0.0948 0.0844 0.0751 0.0672 0.0600 0.0537 0.0484 0.0437 0.0393 0.0349 0.0312 0.0279 0.0251
2.1340 2.1525 2.2069 2.0253 2.0512 1.9271 1.8826 1.7570 1.7144 1.5709 1.5047 1.3991 1.2878 1.2089 1.1164 1.0196 0.9408 0.8631 0.7805 0.7068 0.6421 0.5876 0.5306 0.4780 0.4288 0.3837 0.3450 0.3103 0.2812 0.2523 0.2256 0.2023 0.1803 0.1615 0.1441 0.1278 0.1139 0.1016 0.0905 0.0806 0.0722 0.0646 0.0577 0.0519 0.0468 0.0420 0.0374 0.0334 0.0299 0.0269
2.3833 2.2146 2.2979 2.2139 2.1097 2.0932 1.9560 1.8937 1.7986 1.6732 1.6047 1.4785 1.3743 1.2869 1.1835 1.0854 1.0024 0.9158 0.8279 0.7535 0.6872 0.6281 0.5647 0.5073 0.4560 0.4098 0.3702 0.3330 0.3015 0.2700 0.2411 0.2159 0.1923 0.1722 0.1537 0.1364 0.1218 0.1087 0.0969 0.0865 0.0775 0.0693 0.0619 0.0557 0.0501 0.0449 0.0400 0.0358 0.0320 0.0288
2.5717 2.4315 2.3272 2.4026 2.2014 2.2364 2.0508 2.0296 1.8807 1.7894 1.7002 1.5639 1.4652 1.3657 1.2547 1.1541 1.0641 0.9697 0.8786 0.8034 0.7337 0.6687 0.5991 0.5375 0.4850 0.4379 0.3972 0.3569 0.3224 0.2881 0.2568 0.2299 0.2046 0.1832 0.1636 0.1455 0.1301 0.1162 0.1037 0.0927 0.0832 0.0744 0.0664 0.0596 0.0535 0.0480 0.0427 0.0382 0.0342 0.0308
2.5636 2.6670 2.4527 2.4993 2.3749 2.3283 2.1914 2.1443 1.9771 1.9125 1.7925 1.6573 1.5593 1.4471 1.3302 1.2243 1.1263 1.0267 0.9335 0.8559 0.7807 0.7093 0.6342 0.5695 0.5163 0.4683 0.4259 0.3818 0.3439 0.3064 0.2728 0.2441 0.2172 0.1947 0.1741 0.1551 0.1388 0.1242 0.1110 0.0992 0.0891 0.0798 0.0712 0.0637 0.0571 0.0511 0.0456 0.0407 0.0364 0.0328
2.6527 2.7216 2.6998 2.5436 2.5771 2.4002 2.3603 2.2346 2.0970 2.0309 1.8830 1.7567 1.6550 1.5314 1.4082 1.2951 1.1913 1.0890 0.9929 0.9098 0.8274 0.7503 0.6715 0.6050 0.5505 0.5004 0.4551 0.4072 0.3660 0.3255 0.2896 0.2590 0.2306 0.2070 0.1854 0.1653 0.1481 0.1325 0.1186 0.1062 0.0955 0.0855 0.0762 0.0680 0.0610 0.0546 0.0486 0.0435 0.0389 0.0350
2.9666 2.7541 2.8772 2.6777 2.7101 2.5201 2.5116 2.3243 2.2362 2.1383 1.9767 1.8614 1.7526 1.6177 1.4868 1.3680 1.2616 1.1571 1.0554 0.9639 0.8740 0.7928 0.7123 0.6448 0.5875 0.5336 0.4840 0.4327 0.3886 0.3458 0.3074 0.2749 0.2449 0.2203 0.1977 0.1764 0.1580 0.1413 0.1266 0.1134 0.1021 0.0914 0.0814 0.0727 0.0652 0.0584 0.0520 0.0464 0.0415 0.0374
3.1149 3.0022 2.9160 2.9147 2.7775 2.7067 2.6210 2.4445 2.3798 2.2383 2.0810 1.9732 1.8526 1.7046 1.5668 1.4458 1.3384 1.2287 1.1180 1.0173 0.9216 0.8384 0.7570 0.6881 0.6267 0.5677 0.5132 0.4582 0.4115 0.3667 0.3260 0.2917 0.2602 0.2346 0.2110 0.1882 0.1685 0.1505 0.1350 0.1211 0.1091 0.0977 0.0870 0.0775 0.0696 0.0624 0.0555 0.0496 0.0443 0.0398
3.1092 3.2519 3.0283 3.0954 2.8893 2.8939 2.7141 2.6011 2.5105 2.3391 2.1988 2.0902 1.9519 1.7913 1.6514 1.5314 1.4205 1.3006 1.1790 1.0710 0.9724 0.8886 0.8061 0.7343 0.6672 0.6021 0.5421 0.4839 0.4350 0.3885 0.3458 0.3098 0.2766 0.2500 0.2252 0.2008 0.1796 0.1603 0.1439 0.1292 0.1165 0.1042 0.0927 0.0826 0.0742 0.0665 0.0592 0.0528 0.0472 0.0424
3.3680 3.3038 3.2927 3.1730 3.0946 3.0228 2.8411 2.7697 2.6242 2.4520 2.3295 2.2069 2.0477 1.8807 1.7450 1.6246 1.5039 1.3700 1.2392 1.1276 1.0285 0.9442 0.8586 0.7821 0.7078 0.6361 0.5710 0.5099 0.4595 0.4118 0.3671 0.3293 0.2944 0.2665 0.2405 0.2143 0.1914 0.1706 0.1532 0.1376 0.1242 0.1110 0.0987 0.0879 0.0790 0.0709 0.0631 0.0563 0.0503 0.0450
3.6119 3.4109 3.4704 3.2816 3.2877 3.1121 3.0056 2.9140 2.7296 2.5834 2.4636 2.3130 2.1378 1.9782 1.8498 1.7215 1.5841 1.4367 1.3008 1.1907 1.0927 1.0059 0.9142 0.8306 0.7501 0.6730 0.6035 0.5393 0.4866 0.4368 0.3907 0.3515 0.3150 0.2853 0.2572 0.2292 0.2050 0.1829 0.1640 0.1471 0.1327 0.1187 0.1056 0.0939 0.0842 0.0755 0.0673 0.0601 0.0537 0.0481
3.6375 3.6678 3.5375 3.4884 3.4085 3.2396 3.1807 3.0310 2.8490 2.7332 2.5914 2.4089 2.2335 2.0898 1.9610 1.8142 1.6588 1.5037 1.3686 1.2616 1.1626 1.0699 0.9697 0.8782 0.7920 0.7104 0.6376 0.5706 0.5159 0.4641 0.4163 0.3755 0.3372 0.3052 0.2749 0.2449 0.2191 0.1959 0.1752 0.1570 0.1415 0.1267 0.1128 0.1003 0.0897 0.0802 0.0718 0.0641 0.0573 0.0513
3.7946 3.8162 3.6732 3.6744 3.5057 3.4131 3.3278 3.1385 2.9955 2.8866 2.7013 2.5022 2.3449 2.2128 2.0689 1.8982 1.7311 1.5768 1.4457 1.3395 1.2351 1.1333 1.0234 0.9247 0.8343 0.7496 0.6742 0.6048 0.5480 0.4938 0.4440 0.4012 0.3606 0.3261 0.2933 0.2611 0.2339 0.2093 0.1869 0.1673 0.1508 0.1351 0.1203 0.1069 0.0954 0.0852 0.0765 0.0684 0.0611 0.0548
4.0190 3.8994 3.8748 3.7910 3.6407 3.5909 3.4385 3.2641 3.1628 3.0212 2.7958 2.6093 2.4743 2.3352 2.1647 1.9759 1.8087 1.6610 1.5317 1.4210 1.3067 1.1941 1.0753 0.9714 0.8788 0.7920 0.7144 0.6424 0.5830 0.5258 0.4734 0.4282 0.3852 0.3479 0.3124 0.2780 0.2492 0.2233 0.1991 0.1781 0.1604 0.1439 0.1282 0.1139 0.1014 0.0905 0.0815 0.0729 0.0651 0.0584
4.1264 4.0314 4.0358 3.8821 3.8211 3.7332 3.5394 3.4247 3.3209 3.1253 2.8989 2.7458 2.6125 2.4441 2.2501 2.0604 1.9049 1.7641 1.6303 1.5068 1.3785 1.2558 1.1310 1.0246 0.9310 0.8427 0.7628 0.6876 0.6247 0.5630 0.5073 0.4590 0.4126 0.3726 0.3346 0.2976 0.2666 0.2388 0.2131 0.1906 0.1715 0.1540 0.1373 0.1223 0.1090 0.0973 0.0875 0.0783 0.0699 0.0628
4.1818 4.2160 4.1153 4.0158 4.0003 3.8188 3.6750 3.6034 3.4382 3.2169 3.0305 2.8969 2.7351 2.5344 2.3347 2.1585 2.0153 1.8732 1.7271 1.5878 1.4466 1.3172 1.1896 1.0828 0.9888 0.8985 0.8155 0.7361 0.6687 0.6019 0.5423 0.4907 0.4408 0.3981 0.3576 0.3181 0.2848 0.2550 0.2278 0.2037 0.1833 0.1647 0.1471 0.1313 0.1171 0.1045 0.0939 0.0841 0.0751 0.0674
4.3343 4.3273 4.1722 4.2196 4.0873 3.9105 3.8654 3.7413 3.5167 3.3351 3.1901 3.0355 2.8318 2.6180 2.4329 2.2735 2.1334 1.9800 1.8177 1.6640 1.5140 1.3821 1.2541 1.1475 1.0524 0.9591 0.8716 0.7869 0.7142 0.6417 0.5782 0.5233 0.4699 0.4245 0.3816 0.3396 0.3041 0.2721 0.2434 0.2178 0.1958 0.1761 0.1576 0.1410 0.1258 0.1123 0.1009 0.0903 0.0806 0.0724
4.5181 4.3095 4.3919 4.3276 4.1267 4.1021 4.0321 3.8105 3.6170 3.5020 3.3485 3.1450 2.9196 2.7206 2.5570 2.4031 2.2522 2.0813 1.9045 1.7424 1.5893 1.4574 1.3288 1.2205 1.1222 1.0241 0.9311 0.8403 0.7623 0.6845 0.6167 0.5583 0.5014 0.4533 0.4078 0.3633 0.3256 0.2917 0.2613 0.2340 0.2105 0.1895 0.1697 0.1519 0.1358 0.1213 0.1089 0.0974 0.0871 0.0782
4.4346 4.5499 4.5382 4.3185 4.3204 4.2996 4.0878 3.8917 3.7943 3.6829 3.4706 3.2372 3.0309 2.8603 2.7062 2.5395 2.3681 2.1802 1.9945 1.8316 1.6800 1.5482 1.4158 1.3019 1.1976 1.0930 0.9942 0.8971 0.8144 0.7329 0.6601 0.5975 0.5371 0.4859 0.4376 0.3906 0.3511 0.3155 0.2829 0.2538 0.2288 0.2060 0.1844 0.1648 0.1476 0.1322 0.1186 0.1062 0.0949 0.0853
4.6984 4.7045 4.4659 4.5267 4.5440 4.3255 4.1364 4.0786 3.9962 3.8066 3.5513 3.3404 3.1757 3.0211 2.8555 2.6656 2.4760 2.2789 2.0912 1.9313 1.7813 1.6473 1.5083 1.3865 1.2745 1.1631 1.0586 0.9552 0.8683 0.7836 0.7060 0.6393 0.5754 0.5211 0.4698 0.4202 0.3788 0.3416 0.3066 0.2755 0.2489 0.2241 0.2004 0.1788 0.1605 0.1440 0.1292 0.1157 0.1035 0.0930
4.8095 4.5701 4.7200 4.7667 4.5197 4.3524 4.3432 4.3011 4.1154 3.8696 3.6457 3.4892 3.3500 3.1835 2.9925 2.7817 2.5832 2.3852 2.1992 2.0419 1.8909 1.7517 1.6036 1.4724 1.3524 1.2343 1.1247 1.0156 0.9250 0.8378 0.7554 0.6844 0.6170 0.5594 0.5049 0.4525 0.4091 0.3700 0.3324 0.2992 0.2709 0.2439 0.2179 0.1940 0.1745 0.1570 0.1408 0.1261 0.1129 0.1014
4.6856 4.9454 4.9483 4.6950 4.5901 4.6402 4.6017 4.4182 4.1823 3.9905 3.8278 3.6910 3.5317 3.3356 3.1242 2.9074 2.7112 2.5169 2.3315 2.1707 2.0128 1.8664 1.7100 1.5716 1.4447 1.3205 1.2057 1.0905 0.9941 0.8998 0.8141 0.7403 0.6692 0.6078 0.5497 0.4939 0.4473 0.4050 0.3635 0.3270 0.2960 0.2670 0.2392 0.2141 0.1930 0.1738 0.1559 0.1397 0.1251 0.1124
5.1812 5.0377 4.8103 4.8541 4.9550 4.8817 4.6682 4.4648 4.3252 4.2178 4.0617 3.8880 3.6866 3.4690 3.2550 3.0456 2.8567 2.6647 2.4759 2.3074 2.1398 1.9855 1.8214 1.6770 1.5443 1.4148 1.2951 1.1738 1.0708 0.9683 0.8792 0.8026 0.7275 0.6621 0.5997 0.5403 0.4899 0.4438 0.3978 0.3576 0.3236 0.2924 0.2629 0.2367 0.2138 0.1928 0.1730 0.1551 0.1390 0.1249
5.0168 4.9569 5.1562 5.2478 5.0978 4.8747 4.7284 4.6646 4.6032 4.4846 4.2641 4.0386 3.8148 3.6014 3.4010 3.2041 3.0199 2.8252 2.6287 2.4497 2.2715 2.1099 1.9391 1.7898 1.6520 1.5173 1.3929 1.2651 1.1549 1.0431 0.9504 0.8707 0.7913 0.7213 0.6543 0.5910 0.5365 0.4862 0.4352 0.3908 0.3535 0.3201 0.2888 0.2616 0.2368 0.2137 0.1919 0.1721 0.1542 0.1388
5.2966 5.5021 5.4336 5.2256 5.0754 5.0408 5.0430 4.9944 4.8622 4.6631 4.3979 4.1652 3.9544 3.7602 3.5746 3.3848 3.1974 2.9942 2.7883 2.6010 2.4147 2.2453 2.0673 1.9124 1.7694 1.6293 1.4996 1.3666 1.2514 1.1333 1.0343 0.9492 0.8642 0.7890 0.7169 0.6492 0.5907 0.5363 0.4811 0.4331 0.3927 0.3561 0.3219 0.2923 0.2651 0.2396 0.2155 0.1935 0.1736 0.1564
5.7084 5.4912 5.3585 5.3756 5.4373 5.4512 5.3687 5.2005 4.9887 4.7682 4.5316 4.3320 4.1437 3.9592 3.7752 3.5828 3.3842 3.1692 2.9544 2.7624 2.5710 2.3932 2.2068 2.0451 1.8963 1.7502 1.6147 1.4779 1.3602 1.2390 1.1313 1.0383 0.9466 0.8655 0.7878 0.7156 0.6531 0.5948 0.5365 0.4854 0.4422 0.4016 0.3633 0.3298 0.2995 0.2712 0.2444 0.2199 0.1977 0.1785
5.6307 5.7324 5.8373 5.8591 5.7754 5.6400 5.4770 5.2987 5.1196 4.9419 4.7485 4.5677 4.3784 4.1833 3.9880 3.7871 3.5751 3.3489 3.1268 2.9320 2.7366 2.5503 2.3553 2.1866 2.0317 1.8791 1.7373 1.5968 1.4768 1.3529 1.2359 1.1344 1.0357 0.9483 0.8647 0.7879 0.7213 0.6591 0.5977 0.5436 0.4977 0.4526 0.4097 0.3718 0.3381 0.3068 0.2770 0.2498 0.2251 0.2036
6.3113 6.2714 6.1348 5.9792 5.8390 5.7403 5.6503 5.5327 5.3891 5.2208 5.0277 4.8311 4.6192 4.4008 4.1865 3.9705 3.7499 3.5172 3.2909 3.0948 2.8968 2.7042 2.5012 2.3253 2.1646 2.0069 1.8610 1.7175 1.5952 1.4680 1.3432 1.2349 1.1303 1.0380 0.9495 0.8675 0.7964 0.7298 0.6650 0.6076 0.5589 0.5095 0.4620 0.4194 0.3823 0.3478 0.3150 0.2848 0.2574 0.2334
6.4737 6.3655 6.2893 6.2378 6.1860 6.1201 6.0178 5.8597 5.6855 5.4936 5.2829 5.0666 4.8348 4.5925 4.3520 4.1061 3.8845 3.6523 3.4251 3.2289 3.0298 2.8358 2.6265 2.4437 2.2789 2.1203 1.9760 1.8308 1.7055 1.5722 1.4450 1.3352 1.2286 1.1358 1.0452 0.9566 0.8795 0.8073 0.7385 0.6771 0.6248 0.5727 0.5215 0.4744 0.4341 0.3967 0.3611 0.3280 0.2975 0.2706
6.9496 6.9073 6.8464 6.7632 6.6521 6.5024 6.3191 6.0949 5.8937 5.6953 5.4880 5.2701 5.0321 4.7751 4.5137 4.2399 4.0191 3.7884 3.5609 3.3649 3.1651 2.9700 2.7544 2.5647 2.3959 2.2371 2.0957 1.9495 1.8216 1.6822 1.5531 1.4424 1.3345 1.2419 1.1499 1.0543 0.9708 0.8926 0.8196 0.7541 0.6981 0.6434 0.5883 0.5363 0.4927 0.4524 0.4139 0.3775 0.3437 0.3138
7.4367 7.3027 7.1789 7.0493 6.9035 6.7156 6.4997 6.2501 6.0503 5.8641 5.6721 5.4593 5.2182 4.9472 4.6650 4.3637 4.1430 3.9137 3.6864 3.4908 3.2906 3.0948 2.8730 2.6765 2.5038 2.3456 2.2080 2.0615 1.9321 1.7880 1.6575 1.5464 1.4378 1.3460 1.2533 1.1507 1.0613 0.9773 0.9004 0.8311 0.7716 0.7145 0.6560 0.5992 0.5524 0.5092 0.4682 0.4287 0.3917 0.3587
7.4104 7.2928 7.1854 7.0632 6.9117 6.7255 6.5120 6.2650 6.0585 5.8631 5.6698 5.4572 5.2174 4.9394 4.6556 4.3581 4.1342 3.9042 3.6817 3.4881 3.2889 3.0934 2.8669 2.6640 2.4873 2.3294 2.1950 2.0493 1.9245 1.7897 1.6579 1.5450 1.4365 1.3433 1.2490 1.1465 1.0585 0.9764 0.9000 0.8300 0.7690 0.7120 0.6540 0.5984 0.5511 0.5078 0.4680 0.4289 0.3920 0.3590
