0.0000 0.0000 0.0000 0.0000 0.0000 0.0000 0.0000 0.0000 0.0000 0.0000 0.0000 0.0000 0.0000 0.0000 0.0000 0.0000 0.0000 0.0008 0.0003 0.0005 0.0036 0.0065 0.0058 0.0025 0.0012 0.0045 0.0107 0.0162 0.0183 0.0164 0.0118 0.0066 0.0026 0.0005 0.0004 0.0020 0.0045 0.0074 0.0101 0.0123 0.0138 0.0147 0.0149 0.0146 0.0139 0.0129 0.0117 0.0105 0.0093 0.0081
0.0000 0.0000 0.0000 0.0000 0.0000 0.0000 0.0000 0.0000 0.0000 0.0000 0.0000 0.0000 0.0000 0.0000 0.0000 0.0000 0.0000 0.0023 0.0008 0.0015 0.0110 0.0197 0.0174 0.0074 0.0037 0.0137 0.0324 0.0490 0.0550 0.0492 0.0353 0.0198 0.0076 0.0014 0.0013 0.0060 0.0137 0.0223 0.0303 0.0369 0.0416 0.0441 0.0448 0.0439 0.0417 0.0386 0.0351 0.0315 0.0278 0.0242
0.0000 0.0000 0.0000 0.0000 0.0000 0.0000 0.0000 0.0000 0.0000 0.0000 0.0000 0.0000 0.0000 0.0000 0.0000 0.0000 0.0000 0.0036 0.0010 0.0029 0.0191 0.0334 0.0290 0.0124 0.0066 0.0238 0.0551 0.0823 0.0918 0.0816 0.0583 0.0324 0.0123 0.0022 0.0022 0.0103 0.0232 0.0375 0.0508 0.0617 0.0694 0.0735 0.0746 0.0731 0.0694 0.0642 0.0583 0.0523 0.0462 0.0402
0.0000 0.0000 0.0000 0.0000 0.0000 0.0000 0.0000 0.0000 0.0000 0.0000 0.0000 0.0000 0.0000 0.0000 0.0000 0.0000 0.0000 0.0045 0.0009 0.0050 0.0286 0.0481 0.0408 0.0175 0.0103 0.0354 0.0793 0.1166 0.1287 0.1135 0.0804 0.0442 0.0165 0.0028 0.0033 0.0150 0.0331 0.0531 0.0716 0.0868 0.0974 0.1030 0.1044 0.1022 0.0969 0.0896 0.0814 0.0729 0.0643 0.0560
0.0000 0.0000 0.0000 0.0000 0.0000 0.0000 0.0000 0.0000 0.0000 0.0000 0.0000 0.0000 0.0000 0.0000 0.0000 0.0000 0.0000 0.0049 0.0006 0.0083 0.0401 0.0641 0.0531 0.0229 0.0152 0.0488 0.1053 0.1518 0.1655 0.1444 0.1012 0.0549 0.0200 0.0032 0.0046 0.0201 0.0437 0.0694 0.0930 0.1123 0.1256 0.1326 0.1341 0.1311 0.1242 0.1148 0.1041 0.0932 0.0822 0.0715
0.0000 0.0000 0.0000 0.0000 0.0000 0.0000 0.0000 0.0000 0.0000 0.0000 0.0000 0.0000 0.0000 0.0000 0.0000 0.0000 0.0000 0.0047 0.0004 0.0137 0.0546 0.0821 0.0659 0.0288 0.0214 0.0644 0.1332 0.1877 0.2016 0.1736 0.1200 0.0639 0.0225 0.0034 0.0063 0.0260 0.0551 0.0864 0.1151 0.1382 0.1540 0.1621 0.1636 0.1597 0.1511 0.1395 0.1264 0.1131 0.0997 0.0867
0.0000 0.0000 0.0000 0.0000 0.0000 0.0000 0.0000 0.0000 0.0000 0.0000 0.0000 0.0000 0.0000 0.0000 0.0000 0.0000 0.0000 0.0041 0.0008 0.0221 0.0729 0.1026 0.0796 0.0353 0.0291 0.0820 0.1624 0.2236 0.2360 0.2003 0.1362 0.0708 0.0237 0.0032 0.0083 0.0326 0.0675 0.1045 0.1379 0.1646 0.1826 0.1916 0.1929 0.1880 0.1775 0.1636 0.1481 0.1324 0.1166 0.1014
0.0000 0.0000 0.0000 0.0000 0.0000 0.0000 0.0000 0.0000 0.0000 0.0000 0.0000 0.0000 0.0000 0.0000 0.0000 0.0000 0.0000 0.0034 0.0028 0.0348 0.0957 0.1256 0.0939 0.0421 0.0379 0.1009 0.1921 0.2580 0.2674 0.2230 0.1486 0.0749 0.0234 0.0027 0.0109 0.0404 0.0812 0.1236 0.1616 0.1916 0.2115 0.2212 0.2220 0.2158 0.2034 0.1872 0.1693 0.1511 0.1330 0.1156
0.0000 0.0000 0.0000 0.0000 0.0000 0.0000 0.0000 0.0000 0.0000 0.0000 0.0000 0.0000 0.0000 0.0000 0.0000 0.0000 0.0000 0.0030 0.0075 0.0526 0.1230 0.1505 0.1080 0.0485 0.0470 0.1200 0.2204 0.2890 0.2937 0.2401 0.1561 0.0756 0.0215 0.0020 0.0144 0.0497 0.0965 0.1443 0.1864 0.2193 0.2408 0.2506 0.2507 0.2431 0.2287 0.2101 0.1897 0.1692 0.1487 0.1291
0.0000 0.0000 0.0000 0.0000 0.0000 0.0000 0.0000 0.0000 0.0000 0.0000 0.0000 0.0000 0.0000 0.0000 0.0000 0.0000 0.0000 0.0037 0.0160 0.0757 0.1537 0.1751 0.1198 0.0528 0.0548 0.1374 0.2450 0.3140 0.3125 0.2499 0.1577 0.0725 0.0178 0.0014 0.0193 0.0609 0.1139 0.1669 0.2128 0.2480 0.2705 0.2802 0.2793 0.2699 0.2533 0.2322 0.2093 0.1864 0.1637 0.1420
0.0000 0.0000 0.0000 0.0000 0.0000 0.0000 0.0000 0.0000 0.0000 0.0000 0.0000 0.0000 0.0000 0.0000 0.0000 0.0000 0.0000 0.0064 0.0290 0.1030 0.1844 0.1957 0.1259 0.0527 0.0597 0.1516 0.2644 0.3313 0.3224 0.2511 0.1526 0.0653 0.0128 0.0016 0.0263 0.0751 0.1344 0.1922 0.2414 0.2785 0.3015 0.3105 0.3081 0.2967 0.2776 0.2539 0.2285 0.2032 0.1782 0.1544
0.0000 0.0000 0.0000 0.0000 0.0000 0.0000 0.0000 0.0000 0.0000 0.0000 0.0000 0.0000 0.0000 0.0000 0.0000 0.0000 0.0000 0.0116 0.0457 0.1307 0.2092 0.2058 0.1219 0.0459 0.0609 0.1623 0.2782 0.3405 0.3230 0.2437 0.1413 0.0550 0.0074 0.0038 0.0368 0.0935 0.1591 0.2215 0.2734 0.3117 0.3344 0.3423 0.3379 0.3240 0.3021 0.2755 0.2474 0.2197 0.1924 0.1665
0.0000 0.0000 0.0000 0.0000 0.0000 0.0000 0.0000 0.0000 0.0000 0.0000 0.0000 0.0000 0.0000 0.0000 0.0000 0.0000 0.0000 0.0193 0.0632 0.1516 0.2190 0.1976 0.1030 0.0314 0.0602 0.1724 0.2894 0.3444 0.3167 0.2299 0.1257 0.0432 0.0034 0.0094 0.0520 0.1170 0.1889 0.2552 0.3090 0.3476 0.3693 0.3752 0.3683 0.3515 0.3264 0.2968 0.2659 0.2356 0.2060 0.1780
0.0000 0.0000 0.0000 0.0000 0.0000 0.0000 0.0000 0.0000 0.0000 0.0000 0.0000 0.0000 0.0000 0.0000 0.0000 0.0000 0.0000 0.0281 0.0759 0.1564 0.2045 0.1652 0.0685 0.0138 0.0656 0.1915 0.3077 0.3516 0.3109 0.2156 0.1103 0.0332 0.0030 0.0199 0.0730 0.1464 0.2240 0.2934 0.3482 0.3862 0.4061 0.4093 0.3993 0.3792 0.3505 0.3175 0.2839 0.2510 0.2190 0.1889
0.0000 0.0000 0.0000 0.0000 0.0000 0.0000 0.0000 0.0000 0.0000 0.0000 0.0000 0.0000 0.0000 0.0000 0.0000 0.0000 0.0000 0.0348 0.0762 0.1367 0.1616 0.1108 0.0277 0.0074 0.0941 0.2371 0.3493 0.3763 0.3171 0.2096 0.1012 0.0288 0.0079 0.0357 0.0989 0.1801 0.2628 0.3344 0.3895 0.4261 0.4434 0.4436 0.4300 0.4062 0.3737 0.3374 0.3009 0.2655 0.2312 0.1991
0.0000 0.0000 0.0000 0.0000 0.0000 0.0000 0.0000 0.0000 0.0000 0.0000 0.0000 0.0000 0.0000 0.0000 0.0000 0.0000 0.0000 0.0350 0.0584 0.0941 0.1020 0.0550 0.0053 0.0373 0.1682 0.3282 0.4298 0.4311 0.3448 0.2182 0.1017 0.0305 0.0166 0.0536 0.1256 0.2137 0.3007 0.3740 0.4288 0.4638 0.4785 0.4754 0.4584 0.4310 0.3949 0.3553 0.3162 0.2784 0.2421 0.2082
0.0000 0.0000 0.0000 0.0000 0.0000 0.0000 0.0000 0.0000 0.0000 0.0000 0.0000 0.0000 0.0000 0.0000 0.0000 0.0000 0.0000 0.0253 0.0276 0.0535 0.0675 0.0444 0.0409 0.1274 0.2956 0.4604 0.5390 0.5041 0.3830 0.2319 0.1037 0.0310 0.0221 0.0669 0.1467 0.2409 0.3317 0.4066 0.4614 0.4951 0.5074 0.5018 0.4818 0.4514 0.4123 0.3700 0.3287 0.2890 0.2509 0.2155
0.0000 0.0000 0.0000 0.0000 0.0000 0.0000 0.0000 0.0000 0.0000 0.0000 0.0000 0.0000 0.0000 0.0000 0.0000 0.0000 0.0000 0.0083 0.0117 0.0792 0.1366 0.1423 0.1565 0.2481 0.4030 0.5374 0.5779 0.5082 0.3639 0.2035 0.0777 0.0147 0.0184 0.0754 0.1651 0.2661 0.3606 0.4367 0.4910 0.5230 0.5328 0.5246 0.5018 0.4685 0.4265 0.3818 0.3388 0.2975 0.2580 0.2214
0.0000 0.0000 0.0000 0.0000 0.0000 0.0000 0.0000 0.0000 0.0000 0.0000 0.0000 0.0000 0.0000 0.0000 0.0000 0.0000 0.0000 0.0033 0.0709 0.2386 0.3154 0.2461 0.1282 0.0818 0.1362 0.2263 0.2748 0.2512 0.1744 0.0875 0.0297 0.0220 0.0654 0.1474 0.2498 0.3539 0.4449 0.5134 0.5584 0.5809 0.5816 0.5649 0.5347 0.4950 0.4480 0.3991 0.3526 0.3085 0.2668 0.2283
0.0000 0.0000 0.0000 0.0000 0.0000 0.0000 0.0000 0.0000 0.0000 0.0000 0.0000 0.0000 0.0000 0.0000 0.0000 0.0000 0.0000 0.0072 0.1039 0.2684 0.3014 0.2018 0.0927 0.0791 0.1595 0.2529 0.2873 0.2464 0.1599 0.0746 0.0275 0.0351 0.0938 0.1880 0.2982 0.4058 0.4964 0.5616 0.6017 0.6188 0.6142 0.5922 0.5571 0.5132 0.4628 0.4112 0.3623 0.3162 0.2730 0.2333
0.0000 0.0000 0.0000 0.0000 0.0000 0.0000 0.0000 0.0000 0.0000 0.0000 0.0000 0.0000 0.0000 0.0000 0.0000 0.0000 0.0000 0.0168 0.1389 0.2844 0.2696 0.1507 0.0641 0.0890 0.1920 0.2818 0.2973 0.2381 0.1440 0.0636 0.0303 0.0550 0.1293 0.2352 0.3521 0.4616 0.5502 0.6107 0.6448 0.6557 0.6451 0.6175 0.5774 0.5292 0.4757 0.4214 0.3702 0.3225 0.2778 0.2370
0.0000 0.0000 0.0000 0.0000 0.0000 0.0000 0.0000 0.0000 0.0000 0.0000 0.0000 0.0000 0.0000 0.0000 0.0000 0.0000 0.0000 0.0316 0.1704 0.2815 0.2217 0.0993 0.0486 0.1142 0.2332 0.3112 0.3034 0.2261 0.1276 0.0559 0.0395 0.0827 0.1727 0.2891 0.4111 0.5208 0.6057 0.6601 0.6870 0.6909 0.6740 0.6404 0.5952 0.5428 0.4863 0.4296 0.3764 0.3271 0.2813 0.2396
0.0000 0.0000 0.0000 0.0000 0.0000 0.0000 0.0000 0.0000 0.0000 0.0000 0.0000 0.0000 0.0000 0.0000 0.0000 0.0000 0.0000 0.0500 0.1921 0.2573 0.1628 0.0558 0.0518 0.1557 0.2808 0.3386 0.3043 0.2107 0.1119 0.0533 0.0564 0.1191 0.2241 0.3496 0.4748 0.5826 0.6621 0.7090 0.7276 0.7239 0.7003 0.6605 0.6103 0.5537 0.4944 0.4357 0.3805 0.3299 0.2832 0.2408
0.0000 0.0000 0.0000 0.0000 0.0000 0.0000 0.0000 0.0000 0.0000 0.0000 0.0000 0.0000 0.0000 0.0000 0.0000 0.0000 0.0000 0.0686 0.1982 0.2126 0.1012 0.0291 0.0778 0.2122 0.3312 0.3607 0.2986 0.1923 0.0985 0.0573 0.0823 0.1648 0.2838 0.4164 0.5425 0.6464 0.7188 0.7571 0.7668 0.7549 0.7242 0.6784 0.6231 0.5625 0.5004 0.4396 0.3829 0.3312 0.2837 0.2408
0.0000 0.0000 0.0000 0.0000 0.0000 0.0000 0.0000 0.0000 0.0000 0.0000 0.0000 0.0000 0.0000 0.0000 0.0000 0.0000 0.0000 0.0830 0.1849 0.1532 0.0482 0.0273 0.1278 0.2799 0.3794 0.3740 0.2854 0.1720 0.0893 0.0698 0.1186 0.2206 0.3517 0.4890 0.6134 0.7112 0.7749 0.8036 0.8040 0.7835 0.7453 0.6936 0.6335 0.5690 0.5041 0.4413 0.3833 0.3307 0.2828 0.2396
0.0000 0.0000 0.0000 0.0000 0.0000 0.0000 0.0000 0.0000 0.0000 0.0000 0.0000 0.0000 0.0000 0.0000 0.0000 0.0000 0.0000 0.0891 0.1523 0.0896 0.0158 0.0559 0.1995 0.3522 0.4191 0.3755 0.2647 0.1514 0.0864 0.0925 0.1661 0.2863 0.4271 0.5661 0.6860 0.7754 0.8288 0.8469 0.8373 0.8081 0.7623 0.7049 0.6403 0.5723 0.5048 0.4404 0.3815 0.3284 0.2802 0.2370
0.0000 0.0000 0.0000 0.0000 0.0000 0.0000 0.0000 0.0000 0.0000 0.0000 0.0000 0.0000 0.0000 0.0000 0.0000 0.0000 0.0000 0.0839 0.1060 0.0355 0.0144 0.1158 0.2860 0.4200 0.4440 0.3630 0.2375 0.1332 0.0924 0.1273 0.2255 0.3618 0.5091 0.6465 0.7590 0.8378 0.8794 0.8860 0.8661 0.8279 0.7747 0.7119 0.6432 0.5721 0.5026 0.4369 0.3775 0.3242 0.2760 0.2331
0.0000 0.0000 0.0000 0.0000 0.0000 0.0000 0.0000 0.0000 0.0000 0.0000 0.0000 0.0000 0.0000 0.0000 0.0000 0.0000 0.0000 0.0675 0.0561 0.0058 0.0500 0.2019 0.3762 0.4733 0.4486 0.3358 0.2063 0.1207 0.1103 0.1756 0.2972 0.4463 0.5962 0.7284 0.8307 0.8967 0.9253 0.9197 0.8893 0.8423 0.7820 0.7142 0.6420 0.5682 0.4972 0.4308 0.3712 0.3181 0.2703 0.2279
0.0000 0.0000 0.0000 0.0000 0.0000 0.0000 0.0000 0.0000 0.0000 0.0000 0.0000 0.0000 0.0000 0.0000 0.0000 0.0000 0.0000 0.0436 0.0165 0.0120 0.1219 0.3031 0.4566 0.5025 0.4299 0.2961 0.1754 0.1185 0.1431 0.2393 0.3813 0.5388 0.6870 0.8105 0.8999 0.9518 0.9661 0.9476 0.9057 0.8498 0.7828 0.7101 0.6349 0.5598 0.4884 0.4221 0.3630 0.3105 0.2634 0.2217
0.0000 0.0000 0.0000 0.0000 0.0000 0.0000 0.0000 0.0000 0.0000 0.0000 0.0000 0.0000 0.0000 0.0000 0.0000 0.0000 0.0000 0.0192 0.0007 0.0589 0.2204 0.4027 0.5124 0.5001 0.3880 0.2483 0.1505 0.1308 0.1934 0.3188 0.4768 0.6373 0.7791 0.8901 0.9642 1.0004 0.9998 0.9681 0.9152 0.8509 0.7777 0.7009 0.6233 0.5477 0.4764 0.4108 0.3526 0.3010 0.2549 0.2143
0.0000 0.0000 0.0000 0.0000 0.0000 0.0000 0.0000 0.0000 0.0000 0.0000 0.0000 0.0000 0.0000 0.0000 0.0000 0.0000 0.0000 0.0029 0.0175 0.1413 0.3280 0.4815 0.5312 0.4636 0.3275 0.2001 0.1385 0.1625 0.2631 0.4140 0.5821 0.7395 0.8700 0.9650 1.0215 1.0409 1.0250 0.9804 0.9170 0.8450 0.7667 0.6865 0.6075 0.5318 0.4613 0.3969 0.3401 0.2898 0.2450 0.2057
0.0000 0.0000 0.0000 0.0000 0.0000 0.0000 0.0000 0.0000 0.0000 0.0000 0.0000 0.0000 0.0000 0.0000 0.0000 0.0000 0.0000 0.0021 0.0674 0.2432 0.4218 0.5216 0.5065 0.3968 0.2580 0.1616 0.1470 0.2177 0.3534 0.5236 0.6945 0.8425 0.9569 1.0328 1.0699 1.0718 1.0406 0.9838 0.9108 0.8322 0.7496 0.6670 0.5874 0.5125 0.4433 0.3806 0.3256 0.2769 0.2337 0.1960
0.0000 0.0000 0.0000 0.0000 0.0000 0.0000 0.0000 0.0000 0.0000 0.0000 0.0000 0.0000 0.0000 0.0000 0.0000 0.0000 0.0000 0.0198 0.1404 0.3411 0.4799 0.5124 0.4411 0.3117 0.1940 0.1447 0.1839 0.2999 0.4642 0.6449 0.8115 0.9451 1.0391 1.0930 1.1091 1.0925 1.0464 0.9784 0.8983 0.8150 0.7296 0.6458 0.5660 0.4917 0.4239 0.3630 0.3097 0.2630 0.2216 0.1856
0.0000 0.0000 0.0000 0.0000 0.0000 0.0000 0.0000 0.0000 0.0000 0.0000 0.0000 0.0000 0.0000 0.0000 0.0000 0.0000 0.0000 0.0524 0.2170 0.4082 0.4850 0.4521 0.3454 0.2239 0.1499 0.1598 0.2542 0.4093 0.5926 0.7737 0.9280 1.0412 1.1110 1.1410 1.1355 1.1008 1.0408 0.9630 0.8772 0.7905 0.7035 0.6195 0.5405 0.4675 0.4018 0.3432 0.2921 0.2475 0.2084 0.1743
0.0000 0.0000 0.0000 0.0000 0.0000 0.0000 0.0000 0.0000 0.0000 0.0000 0.0000 0.0000 0.0000 0.0000 0.0000 0.0000 0.0000 0.0901 0.2736 0.4235 0.4324 0.3523 0.2400 0.1547 0.1421 0.2159 0.3602 0.5437 0.7337 0.9041 1.0383 1.1261 1.1689 1.1739 1.1472 1.0955 1.0232 0.9372 0.8474 0.7587 0.6714 0.5884 0.5111 0.4402 0.3772 0.3213 0.2729 0.2309 0.1941 0.1622
0.0000 0.0000 0.0000 0.0000 0.0000 0.0000 0.0000 0.0000 0.0000 0.0000 0.0000 0.0000 0.0000 0.0000 0.0000 0.0000 0.0000 0.1195 0.2906 0.3799 0.3341 0.2373 0.1518 0.1262 0.1839 0.3177 0.5003 0.6979 0.8816 1.0315 1.1385 1.1967 1.2111 1.1913 1.1445 1.0776 0.9950 0.9029 0.8104 0.7210 0.6346 0.5534 0.4787 0.4108 0.3509 0.2981 0.2526 0.2134 0.1791 0.1495
0.0000 0.0000 0.0000 0.0000 0.0000 0.0000 0.0000 0.0000 0.0000 0.0000 0.0000 0.0000 0.0000 0.0000 0.0000 0.0000 0.0000 0.1291 0.2602 0.2884 0.2166 0.1385 0.1082 0.1557 0.2823 0.4637 0.6676 0.8635 1.0287 1.1505 1.2243 1.2499 1.2359 1.1926 1.1276 1.0480 0.9574 0.8612 0.7672 0.6783 0.5939 0.5156 0.4443 0.3801 0.3235 0.2740 0.2317 0.1954 0.1638 0.1366
0.0000 0.0000 0.0000 0.0000 0.0000 0.0000 0.0000 0.0000 0.0000 0.0000 0.0000 0.0000 0.0000 0.0000 0.0000 0.0000 0.0000 0.1138 0.1909 0.1765 0.1152 0.0876 0.1301 0.2516 0.4340 0.6432 0.8483 1.0261 1.1611 1.2478 1.2850 1.2776 1.2368 1.1725 1.0923 1.0030 0.9072 0.8093 0.7159 0.6292 0.5482 0.4738 0.4068 0.3470 0.2943 0.2485 0.2099 0.1767 0.1480 0.1232
0.0000 0.0000 0.0000 0.0000 0.0000 0.0000 0.0000 0.0000 0.0000 0.0000 0.0000 0.0000 0.0000 0.0000 0.0000 0.0000 0.0000 0.0789 0.1075 0.0835 0.0663 0.1089 0.2267 0.4094 0.6256 0.8389 1.0247 1.1700 1.2661 1.3138 1.3139 1.2755 1.2113 1.1297 1.0382 0.9427 0.8448 0.7479 0.6572 0.5744 0.4982 0.4288 0.3668 0.3121 0.2638 0.2221 0.1873 0.1575 0.1317 0.1095
0.0000 0.0000 0.0000 0.0000 0.0000 0.0000 0.0000 0.0000 0.0000 0.0000 0.0000 0.0000 0.0000 0.0000 0.0000 0.0000 0.0000 0.0394 0.0437 0.0469 0.0953 0.2111 0.3916 0.6130 0.8369 1.0314 1.1816 1.2841 1.3361 1.3431 1.3094 1.2449 1.1618 1.0682 0.9701 0.8720 0.7749 0.6813 0.5947 0.5168 0.4457 0.3822 0.3261 0.2767 0.2334 0.1962 0.1651 0.1386 0.1158 0.0962
0.0000 0.0000 0.0000 0.0000 0.0000 0.0000 0.0000 0.0000 0.0000 0.0000 0.0000 0.0000 0.0000 0.0000 0.0000 0.0000 0.0000 0.0131 0.0285 0.0884 0.2057 0.3804 0.5988 0.8300 1.0352 1.1914 1.2944 1.3489 1.3568 1.3265 1.2649 1.1806 1.0846 0.9846 0.8848 0.7881 0.6951 0.6072 0.5268 0.4552 0.3905 0.3338 0.2840 0.2404 0.2025 0.1699 0.1428 0.1197 0.0998 0.0829
0.0000 0.0000 0.0000 0.0000 0.0000 0.0000 0.0000 0.0000 0.0000 0.0000 0.0000 0.0000 0.0000 0.0000 0.0000 0.0000 0.0000 0.0145 0.0751 0.2046 0.3757 0.5824 0.8080 1.0206 1.1859 1.2916 1.3433 1.3515 1.3207 1.2606 1.1789 1.0827 0.9809 0.8805 0.7838 0.6924 0.6066 0.5268 0.4545 0.3907 0.3336 0.2843 0.2413 0.2038 0.1714 0.1436 0.1205 0.1009 0.0840 0.0697
0.0000 0.0000 0.0000 0.0000 0.0000 0.0000 0.0000 0.0000 0.0000 0.0000 0.0000 0.0000 0.0000 0.0000 0.0000 0.0000 0.0000 0.0465 0.1725 0.3645 0.5620 0.7692 0.9735 1.1463 1.2610 1.3144 1.3190 1.2887 1.2293 1.1498 1.0577 0.9581 0.8581 0.7628 0.6734 0.5905 0.5139 0.4438 0.3809 0.3261 0.2776 0.2362 0.2001 0.1686 0.1415 0.1184 0.0992 0.0829 0.0690 0.0572
0.0000 0.0000 0.0000 0.0000 0.0000 0.0000 0.0000 0.0000 0.0000 0.0000 0.0000 0.0000 0.0000 0.0000 0.0000 0.0000 0.0000 0.0976 0.2873 0.5176 0.7106 0.8910 1.0536 1.1761 1.2402 1.2485 1.2170 1.1607 1.0851 0.9983 0.9056 0.8109 0.7195 0.6344 0.5561 0.4844 0.4190 0.3598 0.3073 0.2623 0.2231 0.1897 0.1605 0.1349 0.1130 0.0944 0.0789 0.0659 0.0548 0.0455
0.0000 0.0000 0.0000 0.0000 0.0000 0.0000 0.0000 0.0000 0.0000 0.0000 0.0000 0.0000 0.0000 0.0000 0.0000 0.0000 0.0000 0.1457 0.3744 0.6089 0.7721 0.9087 1.0216 1.0946 1.1170 1.0939 1.0417 0.9740 0.8957 0.8128 0.7289 0.6465 0.5692 0.4984 0.4343 0.3763 0.3237 0.2766 0.2352 0.2003 0.1703 0.1447 0.1223 0.1026 0.0858 0.0715 0.0597 0.0499 0.0415 0.0344
0.0000 0.0000 0.0000 0.0000 0.0000 0.0000 0.0000 0.0000 0.0000 0.0000 0.0000 0.0000 0.0000 0.0000 0.0000 0.0000 0.0000 0.1678 0.3953 0.6001 0.7198 0.8094 0.8765 0.9104 0.9055 0.8678 0.8114 0.7470 0.6779 0.6082 0.5406 0.4760 0.4165 0.3627 0.3145 0.2714 0.2326 0.1980 0.1678 0.1427 0.1213 0.1030 0.0870 0.0729 0.0608 0.0507 0.0423 0.0353 0.0293 0.0243
0.0000 0.0000 0.0000 0.0000 0.0000 0.0000 0.0000 0.0000 0.0000 0.0000 0.0000 0.0000 0.0000 0.0000 0.0000 0.0000 0.0000 0.1514 0.3363 0.4871 0.5623 0.6128 0.6460 0.6558 0.6392 0.6024 0.5557 0.5057 0.4543 0.4037 0.3568 0.3127 0.2723 0.2361 0.2040 0.1759 0.1505 0.1278 0.1082 0.0920 0.0782 0.0663 0.0559 0.0469 0.0391 0.0326 0.0272 0.0227 0.0188 0.0156
0.0000 0.0000 0.0000 0.0000 0.0000 0.0000 0.0000 0.0000 0.0000 0.0000 0.0000 0.0000 0.0000 0.0000 0.0000 0.0000 0.0000 0.1030 0.2201 0.3089 0.3474 0.3706 0.3835 0.3831 0.3679 0.3427 0.3130 0.2826 0.2520 0.2223 0.1958 0.1711 0.1485 0.1284 0.1107 0.0954 0.0815 0.0691 0.0585 0.0497 0.0424 0.0358 0.0302 0.0253 0.0212 0.0176 0.0147 0.0122 0.0102 0.0084
0.0000 0.0000 0.0000 0.0000 0.0000 0.0000 0.0000 0.0000 0.0000 0.0000 0.0000 0.0000 0.0000 0.0000 0.0000 0.0000 0.0000 0.0448 0.0935 0.1287 0.1424 0.1500 0.1534 0.1517 0.1443 0.1334 0.1211 0.1088 0.0965 0.0848 0.0745 0.0650 0.0563 0.0486 0.0418 0.0361 0.0308 0.0261 0.0221 0.0188 0.0160 0.0135 0.0114 0.0096 0.0080 0.0067 0.0056 0.0046 0.0039 0.0032
0.0000 0.0000 0.0000 0.0000 0.0000 0.0000 0.0000 0.0000 0.0000 0.0000 0.0000 0.0000 0.0000 0.0000 0.0000 0.0000 0.0000 0.0054 0.0112 0.0152 0.0167 0.0175 0.0178 0.0174 0.0165 0.0152 0.0138 0.0123 0.0109 0.0096 0.0084 0.0073 0.0063 0.0055 0.0047 0.0040 0.0035 0.0029 0.0025 0.0021 0.0018 0.0015 0.0013 0.0011 0.0009 0.0007 0.0006 0.0005 0.0004 0.0004
