0.1568 0.0319 0.1061 0.3906 0.2692 0.0326 0.3710 0.0308 0.3132 0.0420 0.2883 0.0678 0.0847 0.1852 0.0811 0.0205 0.0434 0.1127 0.1703 0.1464 0.0692 0.0237 0.0410 0.0816 0.0974 0.0780 0.0416 0.0123 0.0022 0.0100 0.0269 0.0438 0.0548 0.0580 0.0548 0.0467 0.0367 0.0266 0.0177 0.0107 0.0058 0.0027 0.0011 0.0007 0.0010 0.0018 0.0029 0.0039 0.0049 0.0058
0.5192 0.1116 0.2875 1.1479 0.8385 0.0860 1.1097 0.1023 0.9324 0.1301 0.8653 0.1932 0.2626 0.5514 0.2341 0.0617 0.1368 0.3452 0.5142 0.4382 0.2053 0.0699 0.1226 0.2438 0.2899 0.2311 0.1224 0.0358 0.0065 0.0306 0.0816 0.1322 0.1649 0.1740 0.1643 0.1398 0.1098 0.0795 0.0528 0.0320 0.0172 0.0080 0.0034 0.0021 0.0031 0.0055 0.0086 0.0118 0.0148 0.0175
1.0344 0.2541 0.3851 1.8253 1.4965 0.1113 1.8313 0.2080 1.5262 0.2331 1.4409 0.2893 0.4658 0.9031 0.3606 0.1052 0.2508 0.5987 0.8672 0.7264 0.3343 0.1126 0.2028 0.4023 0.4752 0.3756 0.1963 0.0559 0.0109 0.0535 0.1391 0.2228 0.2763 0.2903 0.2732 0.2319 0.1818 0.1313 0.0870 0.0525 0.0282 0.0131 0.0055 0.0035 0.0053 0.0094 0.0145 0.0199 0.0249 0.0294
1.8136 0.5461 0.3763 2.3465 2.2853 0.1164 2.5018 0.3857 2.0656 0.3694 2.0052 0.3422 0.7102 1.2258 0.4467 0.1581 0.4008 0.8850 1.2313 1.0051 0.4499 0.1490 0.2806 0.5545 0.6481 0.5056 0.2590 0.0708 0.0158 0.0803 0.2014 0.3174 0.3900 0.4071 0.3813 0.3224 0.2518 0.1812 0.1196 0.0718 0.0383 0.0177 0.0074 0.0049 0.0076 0.0134 0.0207 0.0282 0.0352 0.0415
2.9441 1.1250 0.2992 2.6137 3.2109 0.1502 3.0568 0.6920 2.5050 0.5688 2.5354 0.3470 1.0091 1.4992 0.4848 0.2355 0.6035 1.2111 1.6019 1.2638 0.5437 0.1758 0.3546 0.6975 0.8036 0.6154 0.3064 0.0790 0.0221 0.1133 0.2710 0.4179 0.5070 0.5248 0.4885 0.4108 0.3194 0.2287 0.1502 0.0897 0.0475 0.0217 0.0092 0.0064 0.0101 0.0178 0.0272 0.0370 0.0458 0.0539
4.4081 2.1520 0.2873 2.5319 4.2126 0.3152 3.3984 1.2006 2.7828 0.8739 2.9921 0.3125 1.3696 1.6968 0.4790 0.3622 0.8747 1.5759 1.9648 1.4852 0.6047 0.1897 0.4244 0.8291 0.9370 0.7004 0.3355 0.0801 0.0314 0.1552 0.3507 0.5264 0.6287 0.6439 0.5945 0.4967 0.3838 0.2733 0.1783 0.1056 0.0554 0.0251 0.0106 0.0079 0.0130 0.0226 0.0342 0.0462 0.0570 0.0667
5.9605 3.7206 0.5856 2.0645 5.1324 0.7642 3.4111 1.9885 2.8289 1.3364 3.3192 0.2665 1.7864 1.7901 0.4511 0.5720 1.2240 1.9647 2.2926 1.6446 0.6208 0.1894 0.4918 0.9492 1.0459 0.7574 0.3450 0.0752 0.0465 0.2094 0.4436 0.6454 0.7567 0.7652 0.6997 0.5799 0.4449 0.3145 0.2036 0.1194 0.0619 0.0277 0.0118 0.0096 0.0161 0.0279 0.0418 0.0559 0.0686 0.0801
7.0437 5.6922 1.5069 1.3193 5.7087 1.6618 3.0053 3.1016 2.5873 2.0059 3.4497 0.2577 2.2367 1.7571 0.4458 0.9023 1.6466 2.3436 2.5435 1.7117 0.5810 0.1780 0.5640 1.0625 1.1317 0.7871 0.3363 0.0670 0.0712 0.2798 0.5530 0.7773 0.8923 0.8893 0.8042 0.6603 0.5023 0.3520 0.2258 0.1310 0.0669 0.0295 0.0129 0.0114 0.0198 0.0338 0.0501 0.0664 0.0809 0.0940
6.9111 7.5226 3.2777 0.6278 5.6331 3.0953 2.1947 4.4997 2.0546 2.9084 3.3197 0.3541 2.6751 1.5956 0.5329 1.3824 2.1123 2.6556 2.6633 1.6554 0.4815 0.1686 0.6573 1.1818 1.2028 0.7953 0.3146 0.0605 0.1100 0.3703 0.6818 0.9238 1.0366 1.0166 0.9079 0.7376 0.5557 0.3857 0.2447 0.1402 0.0704 0.0305 0.0137 0.0135 0.0240 0.0404 0.0591 0.0776 0.0939 0.1085
5.1312 8.2677 5.7665 0.5423 4.7018 4.9436 1.1914 5.9918 1.3324 4.0152 2.8939 0.6332 3.0362 1.3405 0.8006 2.0142 2.5545 2.8229 2.5960 1.4559 0.3351 0.1899 0.8016 1.3311 1.2765 0.7945 0.2890 0.0624 0.1673 0.4832 0.8308 1.0849 1.1889 1.1462 1.0100 0.8112 0.6047 0.4152 0.2603 0.1469 0.0725 0.0309 0.0145 0.0160 0.0289 0.0478 0.0690 0.0896 0.1077 0.1237
2.3598 7.0326 8.2062 1.6534 3.0397 6.7660 0.4622 7.1953 0.6768 5.2082 2.1996 1.1653 3.2500 1.0811 1.3355 2.7500 2.8703 2.7647 2.3071 1.1244 0.1830 0.2929 1.0441 1.5484 1.3813 0.8047 0.2722 0.0794 0.2454 0.6180 0.9979 1.2581 1.3470 1.2766 1.1094 0.8803 0.6488 0.4403 0.2724 0.1513 0.0731 0.0307 0.0154 0.0191 0.0346 0.0563 0.0799 0.1027 0.1225 0.1399
0.6734 3.9647 9.2341 4.1858 1.2869 7.8385 0.6527 7.5898 0.5053 6.2521 1.3620 1.9885 3.2638 0.9594 2.1829 3.4694 2.9321 2.4289 1.8164 0.7249 0.1041 0.5493 1.4415 1.8768 1.5482 0.8472 0.2762 0.1152 0.3416 0.7679 1.1750 1.4354 1.5041 1.4022 1.2021 0.9421 0.6861 0.4598 0.2805 0.1530 0.0723 0.0301 0.0165 0.0229 0.0413 0.0659 0.0922 0.1172 0.1386 0.1573
2.3577 1.0869 7.6532 7.5147 0.5310 7.4637 2.2906 6.7340 1.3037 6.8005 0.6293 3.0779 3.0654 1.1409 3.2903 3.9686 2.6251 1.8430 1.2386 0.3949 0.2140 1.0345 2.0354 2.3384 1.7905 0.9295 0.3024 0.1643 0.4438 0.9162 1.3435 1.5986 1.6438 1.5097 1.2774 0.9891 0.7115 0.4706 0.2826 0.1511 0.0697 0.0289 0.0181 0.0278 0.0495 0.0771 0.1060 0.1331 0.1559 0.1758
7.3525 1.5025 3.8444 9.9787 1.8363 5.4901 5.3184 4.6310 3.3799 6.4782 0.3715 4.3284 2.7168 1.7613 4.4688 4.0127 1.9418 1.1961 0.8264 0.3447 0.6323 1.7819 2.8091 2.9011 2.0801 1.0313 0.3341 0.2090 0.5316 1.0402 1.4801 1.7260 1.7476 1.5839 1.3242 1.0130 0.7196 0.4691 0.2767 0.1445 0.0650 0.0275 0.0205 0.0341 0.0595 0.0902 0.1217 0.1508 0.1750 0.1958
11.9208 6.3787 0.7722 9.5326 5.4691 2.7383 8.7556 2.0840 6.4720 5.0663 1.0235 5.5368 2.3384 2.8331 5.3910 3.4363 1.0846 0.8821 0.9497 0.7924 1.3957 2.6929 3.6058 3.4143 2.3058 1.0822 0.3306 0.2247 0.5870 1.1235 1.5692 1.8028 1.8020 1.6139 1.3336 1.0075 0.7059 0.4526 0.2614 0.1328 0.0582 0.0260 0.0243 0.0426 0.0719 0.1059 0.1399 0.1708 0.1961 0.2177
11.2278 12.3253 2.2852 5.6131 10.1501 0.8474 10.9665 0.6077 9.4039 2.8135 2.9396 6.3787 2.0471 4.1678 5.6792 2.3003 0.5313 1.4385 1.9540 1.7985 2.3055 3.4160 4.0447 3.5579 2.2508 0.9642 0.2470 0.2105 0.6299 1.1922 1.6347 1.8479 1.8208 1.6090 1.3117 0.9767 0.6730 0.4228 0.2378 0.1168 0.0500 0.0252 0.0300 0.0539 0.0874 0.1246 0.1610 0.1935 0.2195 0.2416
4.8142 13.6708 8.3762 1.2810 12.7706 1.5057 10.6523 1.4809 10.2802 0.7834 6.0872 6.3584 1.8771 5.3878 5.0971 1.0195 0.9233 3.2399 3.8026 2.9792 2.7629 3.2942 3.5409 2.9013 1.6683 0.5902 0.1118 0.2627 0.7851 1.3736 1.7905 1.9556 1.8775 1.6236 1.2978 0.9473 0.6389 0.3912 0.2130 0.1006 0.0426 0.0260 0.0379 0.0676 0.1055 0.1458 0.1846 0.2184 0.2450 0.2673
0.8717 7.8233 13.5882 1.6467 9.6315 5.6802 7.5754 4.3933 7.8530 0.8146 9.4005 4.7568 1.8748 6.1606 3.7779 0.2825 2.5727 5.7604 5.4095 3.1741 1.8457 1.7489 1.8236 1.4067 0.6801 0.1806 0.1957 0.6671 1.3259 1.9139 2.2454 2.2952 2.1039 1.7560 1.3628 0.9685 0.6361 0.3783 0.1989 0.0902 0.0383 0.0284 0.0467 0.0818 0.1240 0.1674 0.2085 0.2437 0.2708 0.2934
7.8874 0.7621 11.4818 8.3652 2.9383 11.5278 1.6302 9.6366 4.1246 3.8007 9.1846 0.9264 4.0943 7.8309 2.4921 0.5380 4.3502 5.8554 3.1693 0.5093 0.4758 1.9859 3.0399 2.8929 1.9990 1.2038 0.9359 1.1828 1.6677 2.1238 2.3536 2.3291 2.0876 1.7110 1.3054 0.9109 0.5855 0.3389 0.1722 0.0758 0.0350 0.0345 0.0602 0.1010 0.1473 0.1935 0.2363 0.2724 0.2996 0.3219
16.0883 4.9566 4.1119 14.3634 0.6947 13.1704 0.7552 12.1669 1.1778 7.6597 7.4956 0.3893 6.7339 7.2967 1.1433 1.5704 5.8166 5.8020 2.3308 0.2361 1.0231 2.7841 3.5798 3.0735 1.9862 1.1926 1.0215 1.3608 1.8823 2.3194 2.4937 2.4042 2.1056 1.6893 1.2618 0.8604 0.5382 0.3010 0.1465 0.0629 0.0337 0.0430 0.0766 0.1233 0.1737 0.2226 0.2670 0.3036 0.3306 0.3525
11.9024 14.8191 0.9225 13.0648 5.2072 9.2694 4.5797 10.8722 0.7499 11.0113 4.4524 1.6575 9.0216 5.7072 0.3656 3.3011 7.0138 5.2357 1.4408 0.2717 1.8514 3.6528 4.0397 3.1464 1.9123 1.1741 1.1291 1.5630 2.1076 2.5088 2.6147 2.4537 2.0974 1.6448 1.2003 0.7976 0.4836 0.2600 0.1209 0.0520 0.0357 0.0556 0.0971 0.1496 0.2039 0.2553 0.3008 0.3376 0.3640 0.3851
1.5875 15.7267 8.3659 5.0822 13.3235 2.9155 11.1559 6.1260 4.0052 11.8840 1.5082 4.7251 10.0365 3.4651 0.6277 5.4821 7.6281 4.1961 0.6975 0.7183 2.9277 4.5093 4.3592 3.0924 1.7839 1.1618 1.2673 1.7907 2.3397 2.6863 2.7113 2.4740 2.0613 1.5773 1.1219 0.7240 0.4235 0.2176 0.0967 0.0444 0.0421 0.0729 0.1225 0.1806 0.2384 0.2918 0.3379 0.3746 0.3999 0.4198
5.8625 5.0975 17.6141 0.8815 16.3042 0.9868 15.1737 1.4638 9.6579 9.3490 0.5471 8.6363 9.1539 1.3812 2.1740 7.6414 7.4175 2.8605 0.3300 1.6271 4.1648 5.2496 4.4837 2.9056 1.6184 1.1735 1.4450 2.0437 2.5732 2.8450 2.7780 2.4619 1.9961 1.4872 1.0281 0.6417 0.3600 0.1757 0.0757 0.0416 0.0540 0.0959 0.1534 0.2166 0.2775 0.3324 0.3786 0.4145 0.4384 0.4566
19.5006 1.9249 14.2352 8.2456 9.7349 7.1887 12.3851 1.4507 14.0720 4.6450 2.7937 11.6692 6.4930 0.4548 4.8352 9.1725 6.3201 1.5427 0.5485 2.9675 5.4207 5.7634 4.3764 2.5997 1.4439 1.2305 1.6706 2.3197 2.8012 2.9777 2.8103 2.4160 1.9032 1.3770 0.9216 0.5535 0.2959 0.1368 0.0599 0.0451 0.0725 0.1256 0.1906 0.2585 0.3217 0.3775 0.4232 0.4578 0.4796 0.4958
14.7700 14.9491 2.8309 18.5155 1.5902 16.0536 4.9003 7.4399 13.6272 1.0254 7.7025 12.1177 3.1373 1.4567 7.9493 9.5198 4.5361 0.6431 1.4801 4.6068 6.5127 5.9511 4.0282 2.2102 1.2988 1.3552 1.9490 2.6131 3.0146 3.0765 2.8037 2.3350 1.7834 1.2489 0.8055 0.4625 0.2339 0.1032 0.0512 0.0564 0.0990 0.1630 0.2350 0.3068 0.3716 0.4272 0.4719 0.5045 0.5236 0.5374
1.1750 20.6476 4.3052 15.9974 4.2419 17.1851 0.8740 14.9945 8.1196 1.7816 12.7224 9.4019 0.8506 4.4566 10.4836 8.4180 2.5478 0.5529 3.1048 6.3103 7.2449 5.7469 3.4677 1.7960 1.2291 1.5678 2.2801 2.9142 3.2023 3.1333 2.7532 2.2170 1.6372 1.1054 0.6832 0.3722 0.1771 0.0776 0.0516 0.0772 0.1346 0.2088 0.2869 0.3616 0.4270 0.4817 0.5245 0.5544 0.5704 0.5811
11.9204 6.6513 18.8017 3.8475 16.1496 8.3373 6.2560 16.8814 2.0846 7.4119 14.5652 4.8277 1.2496 8.5511 11.3933 6.0936 1.0356 1.5236 5.2138 7.7696 7.4495 5.1453 2.7689 1.4349 1.2809 1.8816 2.6568 3.2091 3.3516 3.1400 2.6560 2.0631 1.4681 0.9510 0.5592 0.2867 0.1292 0.0626 0.0634 0.1091 0.1805 0.2638 0.3468 0.4233 0.4881 0.5410 0.5811 0.6077 0.6198 0.6271
24.3349 3.3013 19.7510 3.5262 20.3738 1.1341 16.3867 10.5306 1.6597 14.2949 11.5736 1.2663 4.7615 12.0478 10.1183 3.3189 0.6775 3.5366 7.4148 8.6629 7.0340 4.2168 2.0475 1.2140 1.4926 2.2983 3.0633 3.4791 3.4489 3.0899 2.5111 1.8761 1.2810 0.7912 0.4390 0.2107 0.0936 0.0613 0.0886 0.1534 0.2375 0.3287 0.4153 0.4922 0.5552 0.6051 0.6417 0.6643 0.6719 0.6753
7.5033 20.8551 4.4120 18.0705 9.4812 7.1178 19.2253 2.4381 8.5303 16.8178 5.5516 1.5272 9.9863 13.1680 6.9965 1.2283 1.8819 6.2289 9.2002 8.7427 6.0289 3.1161 1.4504 1.2182 1.8875 2.8058 3.4783 3.7082 3.4874 2.9851 2.3226 1.6613 1.0825 0.6328 0.3286 0.1490 0.0744 0.0764 0.1293 0.2116 0.3064 0.4032 0.4913 0.5675 0.6279 0.6743 0.7069 0.7249 0.7275 0.7266
5.1764 19.8866 5.4275 21.6848 1.2636 19.3933 10.4976 2.5265 16.8704 12.3578 1.2114 6.2209 14.1320 11.1101 3.3606 0.8991 4.5465 8.9297 10.0703 7.9071 4.5910 2.0533 1.1231 1.5040 2.4592 3.3701 3.8638 3.8652 3.4469 2.8143 2.0904 1.4249 0.8801 0.4827 0.2340 0.1064 0.0752 0.1107 0.1873 0.2848 0.3880 0.4882 0.5760 0.6498 0.7063 0.7482 0.7760 0.7887 0.7858 0.7802
25.7352 2.2419 22.8203 6.7433 11.3733 19.7095 1.5868 12.1118 18.1141 4.5718 2.6811 12.7120 14.5567 6.7329 1.0466 2.8291 7.9672 10.8240 9.7001 6.2810 3.0155 1.2748 1.1890 2.0899 3.1706 3.9404 4.1778 3.9245 3.3169 2.5779 1.8211 1.1762 0.6831 0.3490 0.1615 0.0879 0.0995 0.1667 0.2642 0.3740 0.4828 0.5839 0.6692 0.7391 0.7905 0.8268 0.8489 0.8556 0.8465 0.8357
13.4383 12.7803 18.4128 3.2874 23.4272 6.8411 5.9082 20.3147 10.3536 1.0875 9.6322 16.4638 10.6669 2.4296 1.5202 6.5530 10.9917 11.2243 8.0867 4.2262 1.6809 1.0056 1.7122 2.9404 3.9514 4.4518 4.3766 3.8644 3.0925 2.2811 1.5252 0.9267 0.5019 0.2404 0.1179 0.0983 0.1508 0.2465 0.3613 0.4799 0.5911 0.6905 0.7711 0.8353 0.8802 0.9098 0.9255 0.9254 0.9096 0.8932
3.1209 26.0375 1.8753 20.1319 15.0565 1.9247 18.6014 16.3997 2.0312 6.2133 16.5856 14.3544 4.8021 0.9361 4.9697 10.6622 12.4351 9.8780 5.6312 2.2858 0.9656 1.3919 2.6769 3.9738 4.7235 4.8528 4.4340 3.6780 2.7792 1.9361 1.2193 0.6924 0.3495 0.1664 0.1103 0.1425 0.2323 0.3524 0.4808 0.6050 0.7160 0.8117 0.8856 0.9418 0.9782 0.9997 1.0073 0.9996 0.9765 0.9540
25.7762 7.0428 13.3808 22.0380 1.6935 14.5712 20.9775 4.9689 3.4324 15.5359 17.2238 7.6703 1.0850 3.5974 9.9217 13.3032 11.5611 7.1033 3.0378 1.0350 1.1373 2.4419 3.9583 5.0341 5.3539 5.0523 4.3036 3.3531 2.3857 1.5612 0.9191 0.4858 0.2364 0.1354 0.1446 0.2245 0.3465 0.4855 0.6226 0.7482 0.8555 0.9444 1.0092 1.0552 1.0817 1.0938 1.0925 1.0765 1.0456 1.0166
14.4216 7.3748 25.7626 4.2769 10.3409 23.4883 8.7332 1.8349 13.8165 19.3482 10.5043 1.7607 2.5866 9.1899 13.7953 13.0749 8.5517 3.8371 1.1824 0.9362 2.2663 4.0030 5.3426 5.9389 5.7246 4.9931 3.9720 2.9023 1.9354 1.1817 0.6470 0.3248 0.1757 0.1563 0.2265 0.3475 0.4950 0.6466 0.7871 0.9095 1.0091 1.0882 1.1414 1.1751 1.1902 1.1918 1.1806 1.1557 1.1165 1.0808
3.7937 26.9098 7.6951 7.2582 24.5504 12.1974 1.2587 12.3633 20.7023 13.0563 2.6280 1.9540 8.7275 14.3316 14.2993 9.8783 4.5882 1.3402 0.7991 2.1546 4.1674 5.7774 6.5665 6.5126 5.7473 4.6516 3.4551 2.3599 1.4665 0.8313 0.4290 0.2287 0.1808 0.2377 0.3616 0.5152 0.6804 0.8377 0.9754 1.0897 1.1778 1.2441 1.2832 1.3031 1.3050 1.2947 1.2730 1.2385 1.1905 1.1475
27.5021 10.2947 5.7545 25.1646 14.6403 1.2151 11.7298 21.9436 14.9005 3.3474 1.6728 8.6953 15.1891 15.5315 10.8901 5.1669 1.4366 0.7146 2.1840 4.4579 6.4154 7.3765 7.3650 6.6176 5.3797 4.0447 2.7974 1.7768 1.0238 0.5453 0.2918 0.2162 0.2642 0.3879 0.5551 0.7311 0.9052 1.0608 1.1894 1.2904 1.3630 1.4132 1.4361 1.4410 1.4276 1.4037 1.3708 1.3263 1.2688 1.2180
10.8040 5.8258 26.1626 15.4706 1.2544 12.2976 23.3230 15.8976 3.5175 1.7444 9.3196 16.3804 16.8129 11.6258 5.3644 1.3910 0.6941 2.4142 5.0114 7.2194 8.4110 8.3775 7.5057 6.1692 4.6324 3.2280 2.0668 1.2138 0.6556 0.3594 0.2607 0.3041 0.4359 0.6120 0.8089 0.9947 1.1674 1.3129 1.4255 1.5079 1.5610 1.5920 1.5963 1.5845 1.5544 1.5156 1.4710 1.4158 1.3486 1.2897
7.8762 27.8371 14.2168 1.3693 14.5577 24.8456 15.6524 2.9597 2.3069 11.0097 18.0670 17.8619 11.9284 5.1220 1.1474 0.8004 2.9745 5.9427 8.3661 9.5830 9.5615 8.4744 6.8977 5.2058 3.6035 2.3135 1.3640 0.7508 0.4201 0.3137 0.3611 0.5071 0.7038 0.9133 1.1235 1.3050 1.4652 1.5920 1.6818 1.7405 1.7703 1.7791 1.7626 1.7326 1.6843 1.6299 1.5730 1.5068 1.4295 1.3622
29.5000 10.5038 2.5249 19.0528 26.1241 13.6509 1.8146 3.9305 14.0180 20.5030 18.4951 11.3772 4.3252 0.7885 1.1986 4.0804 7.4692 9.9884 11.0829 10.7847 9.5051 7.6041 5.6490 3.9071 2.4771 1.4592 0.8104 0.4751 0.3763 0.4461 0.6159 0.8387 1.0756 1.2968 1.5036 1.6669 1.8043 1.9045 1.9643 1.9930 1.9937 1.9784 1.9397 1.8902 1.8243 1.7546 1.6844 1.6061 1.5178 1.4420
4.5686 7.0884 25.4245 25.2233 9.3443 1.0308 7.6492 18.6261 22.7955 18.2118 9.6248 2.8972 0.5733 2.2513 5.9636 9.7437 12.1426 12.8275 12.0564 10.3093 8.1475 5.9061 3.9897 2.5094 1.4553 0.8202 0.5157 0.4594 0.5684 0.7810 1.0359 1.3016 1.5488 1.7575 1.9423 2.0724 2.1762 2.2415 2.2646 2.2582 2.2257 2.1842 2.1220 2.0518 1.9678 1.8826 1.7986 1.7077 1.6080 1.5236
17.8672 30.5546 19.4266 3.6713 3.0850 14.6116 24.1365 23.7288 15.6654 6.5562 1.3028 1.1669 4.5651 9.0405 12.7323 14.7201 14.6499 13.1206 10.7982 8.2258 5.8391 3.8106 2.3210 1.3394 0.7775 0.5597 0.5827 0.7635 1.0269 1.3299 1.6222 1.8908 2.1159 2.2868 2.4312 2.5139 2.5738 2.5969 2.5776 2.5317 2.4628 2.3936 2.3067 2.2151 2.1127 2.0117 1.9137 1.8101 1.6989 1.6058
26.9899 8.3687 1.5729 11.5178 24.3648 27.7933 20.9228 10.3376 2.7416 0.8800 3.7886 8.8689 13.5983 16.4546 17.1736 16.0832 13.6052 10.6282 7.7299 5.2288 3.2998 1.9304 1.1109 0.7276 0.6576 0.8064 1.0814 1.4204 1.7628 2.0931 2.3701 2.6013 2.7742 2.8845 2.9720 2.9946 3.0005 2.9733 2.9061 2.8192 2.7159 2.6199 2.5078 2.3927 2.2699 2.1516 2.0386 1.9221 1.7993 1.6971
1.5565 11.5784 26.1682 31.1518 24.3258 12.5523 3.5923 1.0341 4.1274 9.9799 15.5214 19.1382 20.1328 18.8607 16.1861 12.8726 9.4275 6.4228 4.0796 2.4255 1.4066 0.8926 0.7752 0.9288 1.2356 1.6264 2.0329 2.4257 2.7596 3.0500 3.2594 3.4147 3.5089 3.5387 3.5550 3.5064 3.4496 3.3648 3.2454 3.1174 2.9828 2.8614 2.7242 2.5832 2.4384 2.3015 2.1726 2.0431 1.9086 1.7969
32.0517 33.8713 24.0746 11.1038 2.7094 1.7138 6.4917 13.5049 19.6646 23.2615 23.6277 21.7102 18.2200 14.1573 10.2614 6.9362 4.3317 2.5401 1.4755 0.9931 0.9424 1.1679 1.5667 2.0546 2.5379 2.9987 3.3927 3.7255 3.9631 4.1497 4.2445 4.2915 4.2849 4.2185 4.1533 4.0263 3.9016 3.7559 3.5824 3.4132 3.2483 3.1026 2.9408 2.7736 2.6069 2.4515 2.3069 2.1645 2.0187 1.8977
16.5364 5.0758 1.5814 5.6123 13.5598 21.4824 26.7590 28.3884 26.9111 23.3227 18.4750 13.6846 9.4026 6.0088 3.5927 2.0732 1.2904 1.0847 1.2809 1.7273 2.3080 2.9000 3.4811 4.0233 4.4496 4.8006 5.0457 5.2188 5.2875 5.3196 5.2686 5.1879 5.0673 4.8965 4.7455 4.5406 4.3489 4.1434 3.9179 3.7097 3.5165 3.3450 3.1587 2.9684 2.7808 2.6075 2.4471 2.2921 2.1351 2.0047
10.3505 20.2331 28.7727 33.6158 34.2367 31.3796 26.3313 20.3624 14.6580 9.8192 6.0400 3.5005 2.0051 1.3532 1.3344 1.7440 2.3934 3.1543 3.9315 4.6627 5.3220 5.8180 6.2252 6.5538 6.7152 6.8122 6.8119 6.7629 6.6198 6.4654 6.2626 6.0536 5.8164 5.5412 5.3077 5.0368 4.7870 4.5288 4.2590 4.0168 3.7978 3.5938 3.3819 3.1761 2.9704 2.7803 2.6038 2.4360 2.2676 2.1273
41.1758 36.0476 29.0969 21.7991 15.1457 9.7321 5.7704 3.2219 1.9102 1.5592 1.8799 2.6512 3.6473 4.7024 5.7511 6.7357 7.5394 8.1762 8.6514 8.9976 9.2443 9.2875 9.2719 9.2172 8.9981 8.7731 8.4915 8.2043 7.8444 7.5042 7.1606 6.8357 6.4924 6.1233 5.8168 5.4904 5.1906 4.8863 4.5781 4.3072 4.0672 3.8327 3.5975 3.3791 3.1572 2.9514 2.7597 2.5800 2.4008 2.2510
4.4972 2.6122 2.0597 2.5178 3.6486 5.1642 6.8319 8.4476 9.9426 11.2705 12.2761 13.1300 13.7146 14.0342 14.2535 14.3947 14.2818 14.0301 13.6758 13.3060 12.9407 12.4266 11.9366 11.4822 10.8940 10.3732 9.8459 9.3564 8.8166 8.3240 7.8728 7.4602 7.0348 6.5924 6.2296 5.8633 5.5263 5.1872 4.8497 4.5564 4.2996 4.0396 3.7860 3.5595 3.3247 3.1059 2.9010 2.7110 2.5226 2.3647
30.7467 31.1529 31.2779 31.1538 30.7591 30.2049 29.4631 28.4788 27.4602 26.4538 25.2078 24.1344 22.9875 21.7720 20.7254 19.8249 18.7817 17.7409 16.7260 15.8202 15.0199 14.1290 13.3202 12.6029 11.8052 11.1162 10.4487 9.8358 9.2007 8.6438 8.1393 7.6824 7.2163 6.7368 6.3444 5.9558 5.6073 5.2620 4.9115 4.5979 4.3143 4.0510 3.7986 3.5774 3.3420 3.1212 2.9135 2.7210 2.5306 2.3719
