0.1567 0.0319 0.1061 0.3906 0.2692 0.0327 0.3709 0.0308 0.3130 0.0420 0.2885 0.0679 0.0849 0.1857 0.0813 0.0204 0.0432 0.1126 0.1701 0.1462 0.0691 0.0237 0.0412 0.0818 0.0976 0.0781 0.0416 0.0123 0.0022 0.0100 0.0269 0.0438 0.0549 0.0580 0.0548 0.0467 0.0368 0.0266 0.0177 0.0107 0.0058 0.0027 0.0011 0.0007 0.0010 0.0018 0.0029 0.0039 0.0049 0.0058
0.5191 0.1117 0.2874 1.1480 0.8387 0.0861 1.1094 0.1022 0.9318 0.1302 0.8660 0.1934 0.2632 0.5527 0.2347 0.0612 0.1364 0.3450 0.5139 0.4378 0.2050 0.0701 0.1231 0.2444 0.2904 0.2314 0.1225 0.0358 0.0065 0.0306 0.0816 0.1322 0.1650 0.1740 0.1643 0.1398 0.1099 0.0795 0.0528 0.0320 0.0172 0.0080 0.0034 0.0021 0.0031 0.0055 0.0086 0.0118 0.0148 0.0175
1.0343 0.2542 0.3849 1.8256 1.4969 0.1115 1.8309 0.2079 1.5254 0.2334 1.4421 0.2897 0.4668 0.9053 0.3615 0.1043 0.2501 0.5985 0.8667 0.7257 0.3339 0.1130 0.2037 0.4033 0.4760 0.3761 0.1966 0.0560 0.0110 0.0535 0.1391 0.2228 0.2764 0.2904 0.2733 0.2319 0.1818 0.1313 0.0870 0.0525 0.0282 0.0131 0.0055 0.0035 0.0053 0.0094 0.0145 0.0199 0.0249 0.0294
1.8135 0.5463 0.3761 2.3469 2.2861 0.1166 2.5015 0.3855 2.0645 0.3700 2.0069 0.3427 0.7117 1.2290 0.4477 0.1567 0.3998 0.8848 1.2309 1.0043 0.4495 0.1495 0.2818 0.5560 0.6493 0.5063 0.2593 0.0709 0.0158 0.0803 0.2014 0.3174 0.3900 0.4072 0.3814 0.3224 0.2519 0.1812 0.1196 0.0719 0.0384 0.0177 0.0074 0.0049 0.0076 0.0134 0.0207 0.0282 0.0352 0.0415
2.9442 1.1253 0.2992 2.6144 3.2125 0.1502 3.0569 0.6916 2.5040 0.5698 2.5377 0.3476 1.0113 1.5031 0.4856 0.2335 0.6024 1.2113 1.6019 1.2631 0.5433 0.1765 0.3562 0.6994 0.8051 0.6164 0.3068 0.0791 0.0221 0.1132 0.2710 0.4179 0.5070 0.5248 0.4885 0.4108 0.3194 0.2287 0.1502 0.0897 0.0475 0.0217 0.0092 0.0064 0.0101 0.0178 0.0272 0.0370 0.0458 0.0539
4.4088 2.1525 0.2876 2.5327 4.2154 0.3149 3.3992 1.2000 2.7820 0.8755 2.9951 0.3133 1.3725 1.7013 0.4791 0.3594 0.8737 1.5769 1.9654 1.4849 0.6047 0.1908 0.4263 0.8313 0.9388 0.7015 0.3360 0.0803 0.0314 0.1551 0.3506 0.5264 0.6287 0.6439 0.5946 0.4967 0.3839 0.2733 0.1783 0.1056 0.0554 0.0251 0.0106 0.0079 0.0130 0.0226 0.0342 0.0462 0.0570 0.0667
5.9624 3.7214 0.5864 2.0654 5.1367 0.7635 3.4129 1.9876 2.8287 1.3387 3.3229 0.2675 1.7902 1.7948 0.4500 0.5684 1.2236 1.9669 2.2943 1.6451 0.6212 0.1907 0.4940 0.9516 1.0478 0.7586 0.3456 0.0753 0.0464 0.2092 0.4434 0.6453 0.7566 0.7652 0.6997 0.5799 0.4449 0.3145 0.2036 0.1195 0.0619 0.0277 0.0118 0.0096 0.0161 0.0279 0.0418 0.0559 0.0686 0.0801
7.0476 5.6939 1.5083 1.3201 5.7146 1.6610 3.0080 3.1004 2.5879 2.0088 3.4539 0.2588 2.2411 1.7613 0.4431 0.8982 1.6474 2.3476 2.5467 1.7131 0.5819 0.1795 0.5661 1.0648 1.1335 0.7882 0.3368 0.0671 0.0710 0.2795 0.5527 0.7771 0.8922 0.8892 0.8041 0.6602 0.5022 0.3520 0.2258 0.1310 0.0669 0.0295 0.0129 0.0114 0.0198 0.0338 0.0501 0.0664 0.0809 0.0940
6.9170 7.5258 3.2798 0.6284 5.6403 3.0948 2.1979 4.4985 2.0563 2.9118 3.3244 0.3553 2.6799 1.5984 0.5283 1.3784 2.1151 2.6620 2.6684 1.6580 0.4829 0.1700 0.6589 1.1835 1.2041 0.7960 0.3149 0.0605 0.1098 0.3699 0.6814 0.9235 1.0364 1.0164 0.9077 0.7375 0.5556 0.3856 0.2447 0.1402 0.0704 0.0305 0.0137 0.0135 0.0240 0.0404 0.0591 0.0776 0.0939 0.1085
5.1377 8.2732 5.7695 0.5426 4.7093 4.9444 1.1940 5.9912 1.3349 4.0187 2.8988 0.6343 3.0406 1.3410 0.7940 2.0113 2.5603 2.8320 2.6029 1.4595 0.3367 0.1907 0.8023 1.3316 1.2769 0.7946 0.2889 0.0622 0.1670 0.4829 0.8304 1.0845 1.1886 1.1460 1.0098 0.8111 0.6046 0.4151 0.2603 0.1469 0.0725 0.0309 0.0145 0.0160 0.0289 0.0478 0.0690 0.0897 0.1077 0.1237
2.3638 7.0402 8.2103 1.6532 3.0459 6.7688 0.4626 7.1961 0.6792 5.2112 2.2044 1.1658 3.2529 1.0783 1.3277 2.7498 2.8799 2.7765 2.3153 1.1283 0.1842 0.2926 1.0430 1.5471 1.3801 0.8039 0.2717 0.0790 0.2451 0.6177 0.9977 1.2578 1.3467 1.2763 1.1092 0.8802 0.6486 0.4402 0.2724 0.1512 0.0731 0.0307 0.0154 0.0191 0.0346 0.0563 0.0799 0.1028 0.1225 0.1399
0.6715 3.9718 9.2400 4.1846 1.2901 7.8432 0.6494 7.5929 0.5059 6.2541 1.3662 1.9874 3.2636 0.9529 2.1755 3.4736 2.9458 2.4420 1.8242 0.7280 0.1041 0.5472 1.4381 1.8732 1.5452 0.8451 0.2751 0.1148 0.3415 0.7679 1.1750 1.4354 1.5040 1.4021 1.2019 0.9420 0.6860 0.4598 0.2804 0.1529 0.0723 0.0301 0.0165 0.0229 0.0414 0.0659 0.0922 0.1172 0.1386 0.1573
2.3496 1.0888 7.6608 7.5120 0.5302 7.4688 2.2833 6.7393 1.3006 6.8017 0.6322 3.0739 3.0609 1.1317 3.2858 3.9786 2.6416 1.8547 1.2434 0.3954 0.2120 1.0305 2.0300 2.3326 1.7857 0.9263 0.3009 0.1640 0.4442 0.9169 1.3441 1.5991 1.6441 1.5098 1.2775 0.9891 0.7115 0.4706 0.2825 0.1510 0.0697 0.0289 0.0181 0.0278 0.0495 0.0771 0.1060 0.1331 0.1560 0.1758
7.3411 1.4964 3.8513 9.9750 1.8308 5.4928 5.3089 4.6368 3.3723 6.4795 0.3719 4.3199 2.7078 1.7518 4.4702 4.0285 1.9579 1.2023 0.8249 0.3411 0.6285 1.7771 2.8028 2.8944 2.0745 1.0276 0.3326 0.2091 0.5327 1.0417 1.4816 1.7273 1.7485 1.5846 1.3246 1.0132 0.7197 0.4691 0.2767 0.1445 0.0650 0.0275 0.0205 0.0341 0.0595 0.0902 0.1217 0.1508 0.1750 0.1958
11.9088 6.3681 0.7738 9.5305 5.4589 2.7373 8.7469 2.0871 6.4626 5.0689 1.0198 5.5232 2.3268 2.8275 5.4005 3.4555 1.0952 0.8781 0.9395 0.7848 1.3921 2.6904 3.6022 3.4097 2.3015 1.0795 0.3298 0.2256 0.5890 1.1259 1.5716 1.8049 1.8036 1.6151 1.3344 1.0081 0.7062 0.4527 0.2615 0.1328 0.0582 0.0260 0.0243 0.0426 0.0719 0.1058 0.1399 0.1708 0.1961 0.2177
11.2179 12.3162 2.2826 5.6140 10.1373 0.8450 10.9603 0.6069 9.4001 2.8178 2.9304 6.3622 2.0377 4.1707 5.6965 2.3178 0.5312 1.4222 1.9363 1.7904 2.3068 3.4210 4.0487 3.5594 2.2507 0.9638 0.2474 0.2118 0.6320 1.1946 1.6371 1.8501 1.8226 1.6104 1.3127 0.9774 0.6735 0.4231 0.2380 0.1169 0.0500 0.0252 0.0300 0.0538 0.0874 0.1246 0.1610 0.1935 0.2195 0.2416
4.8106 13.6652 8.3816 1.2809 12.7656 1.5054 10.6489 1.4816 10.2902 0.7857 6.0741 6.3458 1.8763 5.4020 5.1188 1.0295 0.9115 3.2167 3.7861 2.9785 2.7751 3.3111 3.5557 2.9112 1.6735 0.5924 0.1124 0.2630 0.7854 1.3741 1.7911 1.9562 1.8782 1.6242 1.2982 0.9476 0.6391 0.3913 0.2131 0.1006 0.0426 0.0260 0.0379 0.0676 0.1055 0.1458 0.1846 0.2184 0.2450 0.2673
0.8661 7.8289 13.6045 1.6460 9.6465 5.6781 7.5788 4.4034 7.8743 0.8093 9.3938 4.7583 1.8831 6.1813 3.7975 0.2828 2.5570 5.7468 5.4103 3.1888 1.8669 1.7690 1.8384 1.4155 0.6838 0.1808 0.1939 0.6643 1.3229 1.9111 2.2430 2.2932 2.1024 1.7549 1.3621 0.9680 0.6357 0.3781 0.1988 0.0902 0.0383 0.0285 0.0467 0.0818 0.1240 0.1674 0.2085 0.2437 0.2708 0.2934
7.8714 0.7639 11.4846 8.3496 2.9452 11.5150 1.6353 9.6233 4.1319 3.7884 9.1831 0.9304 4.0808 7.8265 2.4989 0.5325 4.3339 5.8472 3.1738 0.5136 0.4668 1.9623 3.0095 2.8655 1.9810 1.1965 0.9373 1.1895 1.6767 2.1330 2.3617 2.3355 2.0923 1.7143 1.3077 0.9123 0.5864 0.3394 0.1724 0.0759 0.0350 0.0345 0.0602 0.1010 0.1473 0.1935 0.2363 0.2723 0.2995 0.3219
16.0739 4.9437 4.1181 14.3502 0.6926 13.1644 0.7515 12.1578 1.1811 7.6442 7.4980 0.3873 6.7185 7.2956 1.1475 1.5595 5.7995 5.7962 2.3354 0.2365 1.0088 2.7569 3.5490 3.0481 1.9715 1.1885 1.0255 1.3694 1.8925 2.3293 2.5020 2.4107 2.1104 1.6926 1.2640 0.8618 0.5390 0.3015 0.1467 0.0630 0.0337 0.0430 0.0765 0.1232 0.1736 0.2226 0.2669 0.3036 0.3306 0.3524
11.9014 14.8005 0.9195 13.0612 5.1934 9.2708 4.5664 10.8697 0.7455 10.9970 4.4564 1.6484 9.0071 5.7087 0.3654 3.2855 6.9976 5.2325 1.4444 0.2673 1.8321 3.6234 4.0099 3.1244 1.9016 1.1737 1.1358 1.5734 2.1188 2.5191 2.6232 2.4602 2.1021 1.6480 1.2024 0.7989 0.4843 0.2604 0.1211 0.0521 0.0357 0.0555 0.0971 0.1496 0.2039 0.2553 0.3007 0.3376 0.3640 0.3850
1.5899 15.7176 8.3498 5.0848 13.3049 2.9182 11.1379 6.1280 3.9925 11.8746 1.5101 4.7102 10.0252 3.4676 0.6220 5.4636 7.6144 4.1951 0.6989 0.7089 2.9045 4.4794 4.3322 3.0748 1.7777 1.1650 1.2765 1.8025 2.3515 2.6967 2.7197 2.4803 2.0658 1.5803 1.1238 0.7252 0.4242 0.2179 0.0968 0.0445 0.0421 0.0728 0.1225 0.1805 0.2384 0.2918 0.3379 0.3745 0.3999 0.4198
5.8515 5.0981 17.5956 0.8786 16.2912 0.9824 15.1590 1.4643 9.6404 9.3454 0.5436 8.6187 9.1474 1.3822 2.1627 7.6224 7.4075 2.8608 0.3281 1.6130 4.1392 5.2212 4.4611 2.8934 1.6170 1.1802 1.4563 2.0564 2.5853 2.8552 2.7860 2.4678 2.0003 1.4900 1.0298 0.6428 0.3606 0.1760 0.0758 0.0416 0.0539 0.0958 0.1533 0.2165 0.2774 0.3324 0.3786 0.4145 0.4384 0.4566
19.4808 1.9203 14.2265 8.2316 9.7311 7.1748 12.3782 1.4443 14.0559 4.6447 2.7836 11.6532 6.4906 0.4522 4.8197 9.1555 6.3140 1.5430 0.5428 2.9498 5.3950 5.7386 4.3594 2.5934 1.4471 1.2402 1.6834 2.3328 2.8130 2.9874 2.8178 2.4214 1.9069 1.3795 0.9231 0.5544 0.2963 0.1370 0.0600 0.0451 0.0724 0.1255 0.1905 0.2584 0.3217 0.3774 0.4232 0.4577 0.4796 0.4958
14.7593 14.9335 2.8294 18.4981 1.5887 16.0366 4.8987 7.4266 13.6172 1.0239 7.6877 12.1064 3.1367 1.4493 7.9323 9.5070 4.5333 0.6419 1.4706 4.5872 6.4890 5.9316 4.0177 2.2096 1.3061 1.3671 1.9626 2.6260 3.0257 3.0854 2.8103 2.3397 1.7865 1.2510 0.8067 0.4632 0.2342 0.1033 0.0512 0.0564 0.0989 0.1629 0.2349 0.3067 0.3715 0.4272 0.4718 0.5044 0.5236 0.5373
1.1732 20.6329 4.2993 15.9872 4.2346 17.1735 0.8710 14.9795 8.1158 1.7755 12.7076 9.3964 0.8489 4.4453 10.4684 8.4103 2.5470 0.5495 3.0924 6.2911 7.2256 5.7341 3.4639 1.8007 1.2395 1.5810 2.2935 2.9263 3.2122 3.1410 2.7588 2.2209 1.6398 1.1070 0.6841 0.3727 0.1774 0.0776 0.0516 0.0771 0.1345 0.2087 0.2868 0.3615 0.4269 0.4816 0.5244 0.5544 0.5704 0.5811
11.9141 6.6460 18.7898 3.8444 16.1377 8.3330 6.2479 16.8711 2.0830 7.4018 14.5548 4.8260 1.2449 8.5386 11.3826 6.0906 1.0350 1.5177 5.2005 7.7533 7.4364 5.1396 2.7713 1.4437 1.2932 1.8950 2.6693 3.2198 3.3600 3.1463 2.6605 2.0662 1.4701 0.9522 0.5599 0.2870 0.1293 0.0626 0.0633 0.1090 0.1803 0.2637 0.3467 0.4233 0.4881 0.5409 0.5810 0.6077 0.6198 0.6271
24.3243 3.2993 19.7419 3.5229 20.3649 1.1319 16.3772 10.5268 1.6562 14.2850 11.5692 1.2653 4.7543 12.0376 10.1132 3.3189 0.6759 3.5290 7.4029 8.6518 7.0281 4.2179 2.0549 1.2254 1.5055 2.3109 3.0742 3.4880 3.4555 3.0947 2.5144 1.8783 1.2823 0.7919 0.4394 0.2108 0.0936 0.0612 0.0885 0.1533 0.2374 0.3286 0.4152 0.4921 0.5552 0.6051 0.6417 0.6642 0.6719 0.6752
7.4972 20.8516 4.4087 18.0660 9.4780 7.1142 19.2201 2.4372 8.5249 16.8125 5.5513 1.5247 9.9793 13.1628 6.9963 1.2291 1.8788 6.2215 9.1921 8.7381 6.0302 3.1230 1.4611 1.2306 1.8996 2.8164 3.4870 3.7148 3.4922 2.9884 2.3248 1.6626 1.0833 0.6332 0.3288 0.1490 0.0743 0.0763 0.1292 0.2115 0.3063 0.4031 0.4912 0.5674 0.6278 0.6742 0.7068 0.7248 0.7275 0.7266
5.1776 19.8832 5.4274 21.6828 1.2626 19.3912 10.4972 2.5250 16.8673 12.3580 1.2118 6.2175 14.1286 11.1106 3.3631 0.8993 4.5429 8.9248 10.0679 7.9094 4.5983 2.0639 1.1351 1.5156 2.4693 3.3782 3.8699 3.8695 3.4498 2.8162 2.0915 1.4255 0.8804 0.4828 0.2339 0.1063 0.0750 0.1106 0.1872 0.2847 0.3879 0.4881 0.5759 0.6497 0.7063 0.7482 0.7760 0.7887 0.7858 0.7802
25.7403 2.2401 22.8238 6.7431 11.3742 19.7117 1.5873 12.1113 18.1162 4.5744 2.6806 12.7107 14.5588 6.7373 1.0493 2.8284 7.9650 10.8238 9.7041 6.2894 3.0267 1.2867 1.2001 2.0993 3.1778 3.9456 4.1813 3.9267 3.3181 2.5785 1.8213 1.1762 0.6830 0.3488 0.1613 0.0877 0.0993 0.1665 0.2641 0.3739 0.4827 0.5839 0.6692 0.7391 0.7904 0.8268 0.8489 0.8555 0.8465 0.8357
13.4389 12.7851 18.4171 3.2882 23.4332 6.8442 5.9090 20.3192 10.3590 1.0891 9.6325 16.4676 10.6736 2.4347 1.5217 6.5526 10.9931 11.2299 8.0964 4.2383 1.6933 1.0165 1.7208 2.9465 3.9553 4.4540 4.3776 3.8646 3.0924 2.2808 1.5248 0.9263 0.5016 0.2401 0.1177 0.0981 0.1506 0.2464 0.3612 0.4798 0.5911 0.6904 0.7711 0.8353 0.8801 0.9098 0.9255 0.9254 0.9096 0.8932
3.1215 26.0484 1.8759 20.1393 15.0641 1.9259 18.6069 16.4085 2.0352 6.2144 16.5904 14.3633 4.8098 0.9395 4.9704 10.6645 12.4417 9.8888 5.6444 2.2989 0.9767 1.3999 2.6819 3.9763 4.7242 4.8523 4.4330 3.6768 2.7780 1.9350 1.2184 0.6917 0.3490 0.1661 0.1101 0.1424 0.2322 0.3523 0.4807 0.6049 0.7160 0.8117 0.8856 0.9418 0.9782 0.9997 1.0073 0.9996 0.9765 0.9541
25.7896 7.0467 13.3859 22.0502 1.6961 14.5758 20.9889 4.9760 3.4338 15.5406 17.2341 7.6805 1.0903 3.5988 9.9239 13.3099 11.5725 7.1173 3.0515 1.0461 1.1447 2.4457 3.9592 5.0330 5.3518 5.0498 4.3011 3.3510 2.3839 1.5597 0.9181 0.4851 0.2359 0.1351 0.1444 0.2243 0.3464 0.4855 0.6226 0.7482 0.8555 0.9444 1.0093 1.0552 1.0817 1.0938 1.0925 1.0765 1.0456 1.0167
14.4312 7.3763 25.7771 4.2822 10.3434 23.5007 8.7433 1.8369 13.8200 19.3589 10.5164 1.7677 2.5884 9.1915 13.8012 13.0862 8.5660 3.8510 1.1934 0.9429 2.2689 4.0024 5.3399 5.9350 5.7205 4.9893 3.9687 2.8996 1.9334 1.1803 0.6459 0.3241 0.1753 0.1560 0.2263 0.3475 0.4950 0.6467 0.7871 0.9095 1.0091 1.0882 1.1414 1.1752 1.1903 1.1918 1.1806 1.1557 1.1165 1.0808
3.7923 26.9239 7.7034 7.2586 24.5619 12.2098 1.2612 12.3652 20.7122 13.0695 2.6362 1.9558 8.7281 14.3362 14.3095 9.8921 4.6019 1.3506 0.8050 2.1559 4.1652 5.7729 6.5609 6.5070 5.7421 4.6473 3.4516 2.3572 1.4645 0.8300 0.4282 0.2282 0.1805 0.2376 0.3615 0.5152 0.6804 0.8377 0.9755 1.0898 1.1779 1.2441 1.2833 1.3031 1.3051 1.2947 1.2730 1.2386 1.1905 1.1475
27.5144 10.3049 5.7530 25.1743 14.6537 1.2177 11.7299 21.9521 14.9137 3.3560 1.6743 8.6946 15.1921 15.5402 10.9026 5.1797 1.4461 0.7193 2.1839 4.4541 6.4092 7.3694 7.3581 6.6113 5.3745 4.0405 2.7942 1.7745 1.0223 0.5443 0.2912 0.2159 0.2640 0.3879 0.5552 0.7312 0.9053 1.0609 1.1895 1.2905 1.3631 1.4133 1.4362 1.4410 1.4277 1.4037 1.3709 1.3263 1.2688 1.2180
10.8142 5.8224 26.1703 15.4835 1.2561 12.2959 23.3300 15.9100 3.5254 1.7448 9.3174 16.3817 16.8201 11.6368 5.3755 1.3989 0.6971 2.4125 5.0060 7.2118 8.4026 8.3694 7.4986 6.1633 4.6278 3.2246 2.0643 1.2121 0.6545 0.3587 0.2604 0.3040 0.4359 0.6121 0.8091 0.9948 1.1675 1.3131 1.4256 1.5081 1.5611 1.5921 1.5964 1.5845 1.5544 1.5157 1.4711 1.4159 1.3486 1.2897
7.8707 27.8437 14.2282 1.3690 14.5544 24.8513 15.6634 2.9659 2.3055 11.0059 18.0669 17.8676 11.9377 5.1310 1.1530 0.8014 2.9709 5.9358 8.3574 9.5738 9.5528 8.4669 6.8916 5.2011 3.6000 2.3111 1.3623 0.7498 0.4195 0.3134 0.3611 0.5072 0.7040 0.9135 1.1237 1.3052 1.4654 1.5922 1.6819 1.7406 1.7704 1.7792 1.7627 1.7327 1.6844 1.6299 1.5730 1.5068 1.4295 1.3622
29.5069 10.5124 2.5214 19.0484 26.1293 13.6600 1.8180 3.9267 14.0128 20.5021 18.4996 11.3847 4.3318 0.7916 1.1971 4.0748 7.4609 9.9788 11.0734 10.7760 9.4977 7.5983 5.6446 3.9039 2.4749 1.4578 0.8096 0.4747 0.3762 0.4462 0.6161 0.8390 1.0758 1.2971 1.5039 1.6671 1.8045 1.9047 1.9644 1.9931 1.9937 1.9785 1.9398 1.8902 1.8243 1.7546 1.6844 1.6061 1.5178 1.4420
4.5723 7.0814 25.4206 25.2286 9.3507 1.0303 7.6429 18.6202 22.7944 18.2156 9.6304 2.9011 0.5735 2.2473 5.9563 9.7344 12.1328 12.8182 12.0483 10.3027 8.1424 5.9024 3.9872 2.5078 1.4543 0.8197 0.5155 0.4595 0.5686 0.7812 1.0362 1.3019 1.5491 1.7577 1.9425 2.0726 2.1764 2.2417 2.2648 2.2583 2.2257 2.1843 2.1220 2.0518 1.9678 1.8826 1.7986 1.7078 1.6080 1.5236
17.8583 30.5533 19.4319 3.6736 3.0802 14.6036 24.1311 23.7285 15.6687 6.5597 1.3037 1.1641 4.5588 9.0320 12.7229 14.7109 14.6416 13.1138 10.7930 8.2220 5.8364 3.8089 2.3200 1.3389 0.7774 0.5599 0.5829 0.7639 1.0273 1.3302 1.6225 1.8911 2.1162 2.2870 2.4314 2.5141 2.5739 2.5970 2.5777 2.5317 2.4628 2.3937 2.3067 2.2152 2.1127 2.0117 1.9137 1.8101 1.6989 1.6058
26.9923 8.3717 1.5698 11.5097 24.3572 27.7901 20.9238 10.3400 2.7425 0.8777 3.7831 8.8611 13.5895 16.4459 17.1657 16.0767 13.6002 10.6246 7.7275 5.2274 3.2991 1.9301 1.1110 0.7279 0.6580 0.8069 1.0818 1.4208 1.7632 2.0934 2.3704 2.6015 2.7744 2.8847 2.9722 2.9947 3.0006 2.9734 2.9062 2.8193 2.7160 2.6199 2.5079 2.3927 2.2699 2.1516 2.0386 1.9221 1.7993 1.6971
1.5537 11.5707 26.1603 31.1476 24.3256 12.5538 3.5927 1.0318 4.1222 9.9726 15.5133 19.1303 20.1258 18.8551 16.1819 12.8697 9.4258 6.4219 4.0793 2.4257 1.4071 0.8932 0.7758 0.9294 1.2361 1.6269 2.0334 2.4261 2.7600 3.0503 3.2596 3.4149 3.5091 3.5388 3.5551 3.5065 3.4496 3.3649 3.2455 3.1175 2.9828 2.8614 2.7243 2.5832 2.4384 2.3015 2.1726 2.0431 1.9086 1.7969
32.0447 33.8679 24.0745 11.1048 2.7091 1.7110 6.4865 13.4982 19.6575 23.2548 23.6222 21.7060 18.2172 14.1556 10.2606 6.9361 4.3320 2.5408 1.4763 0.9939 0.9432 1.1686 1.5673 2.0552 2.5384 2.9991 3.3931 3.7258 3.9633 4.1499 4.2446 4.2916 4.2850 4.2186 4.1533 4.0263 3.9017 3.7560 3.5824 3.4132 3.2483 3.1026 2.9408 2.7737 2.6069 2.4515 2.3069 2.1645 2.0187 1.8977
16.5372 5.0761 1.5799 5.6086 13.5545 21.4765 26.7534 28.3838 26.9076 23.3204 18.4738 13.6843 9.4029 6.0095 3.5936 2.0742 1.2914 1.0857 1.2818 1.7281 2.3087 2.9005 3.4815 4.0237 4.4499 4.8008 5.0459 5.2190 5.2877 5.3197 5.2687 5.1879 5.0674 4.8966 4.7455 4.5407 4.3490 4.1434 3.9179 3.7097 3.5165 3.3450 3.1587 2.9684 2.7808 2.6075 2.4472 2.2921 2.1351 2.0047
10.3472 20.2288 28.7683 33.6119 34.2337 31.3776 26.3304 20.3622 14.6585 9.8201 6.0411 3.5017 2.0064 1.3543 1.3355 1.7449 2.3942 3.1549 3.9321 4.6632 5.3224 5.8183 6.2255 6.5540 6.7154 6.8123 6.8120 6.7630 6.6198 6.4655 6.2626 6.0537 5.8164 5.5412 5.3077 5.0368 4.7870 4.5288 4.2590 4.0168 3.7978 3.5938 3.3819 3.1761 2.9705 2.7803 2.6038 2.4360 2.2676 2.1273
41.1743 36.0470 29.0970 21.7997 15.1468 9.7333 5.7717 3.2232 1.9114 1.5603 1.8808 2.6520 3.6480 4.7029 5.7516 6.7361 7.5397 8.1765 8.6516 8.9978 9.2444 9.2876 9.2720 9.2173 8.9982 8.7731 8.4916 8.2044 7.8444 7.5042 7.1606 6.8357 6.4924 6.1233 5.8168 5.4904 5.1906 4.8863 4.5781 4.3072 4.0672 3.8327 3.5975 3.3791 3.1572 2.9514 2.7597 2.5800 2.4008 2.2510
4.4984 2.6133 2.0607 2.5187 3.6493 5.1648 6.8324 8.4480 9.9430 11.2708 12.2763 13.1302 13.7147 14.0343 14.2535 14.3947 14.2819 14.0302 13.6759 13.3060 12.9407 12.4266 11.9366 11.4822 10.8940 10.3732 9.8459 9.3564 8.8166 8.3240 7.8728 7.4602 7.0348 6.5924 6.2297 5.8633 5.5263 5.1872 4.8497 4.5564 4.2996 4.0396 3.7860 3.5595 3.3247 3.1059 2.9010 2.7110 2.5226 2.3647
30.7468 31.1529 31.2779 31.1538 30.7591 30.2049 29.4631 28.4788 27.4602 26.4538 25.2079 24.1344 22.9875 21.7720 20.7254 19.8249 18.7817 17.7409 16.7260 15.8202 15.0199 14.1290 13.3202 12.6029 11.8052 11.1162 10.4487 9.8358 9.2007 8.6438 8.1393 7.6824 7.2163 6.7368 6.3444 5.9558 5.6073 5.2620 4.9115 4.5979 4.3143 4.0510 3.7986 3.5774 3.3420 3.1212 2.9135 2.7210 2.5306 2.3719
