0.2184 0.2177 0.2179 0.1861 0.1750 0.1652 0.1540 0.1451 0.1409 0.1517 0.1125 0.1079 0.1198 0.1198 0.1136 0.1022 0.0828 0.0611 0.0522 0.0602 0.0731 0.0783 0.0704 0.0555 0.0402 0.0289 0.0226 0.0198 0.0190 0.0185 0.0177 0.0165 0.0148 0.0131 0.0114 0.0099 0.0085 0.0073 0.0062 0.0054 0.0046 0.0041 0.0036 0.0032 0.0028 0.0025 0.0022 0.0020 0.0018 0.0016
0.6544 0.6507 0.6513 0.5587 0.5251 0.4951 0.4611 0.4341 0.4219 0.4538 0.3377 0.3238 0.3608 0.3614 0.3420 0.3073 0.2492 0.1838 0.1560 0.1789 0.2172 0.2337 0.2113 0.1675 0.1216 0.0876 0.0680 0.0593 0.0566 0.0551 0.0528 0.0492 0.0444 0.0394 0.0344 0.0296 0.0254 0.0219 0.0188 0.0162 0.0140 0.0122 0.0108 0.0096 0.0085 0.0075 0.0067 0.0060 0.0054 0.0048
1.0893 1.0770 1.0779 0.9321 0.8766 0.8230 0.7654 0.7201 0.7008 0.7526 0.5630 0.5399 0.6061 0.6088 0.5745 0.5149 0.4180 0.3084 0.2585 0.2925 0.3553 0.3854 0.3524 0.2823 0.2065 0.1488 0.1144 0.0984 0.0932 0.0905 0.0868 0.0813 0.0736 0.0656 0.0574 0.0496 0.0426 0.0367 0.0315 0.0271 0.0234 0.0205 0.0180 0.0160 0.0142 0.0126 0.0112 0.0100 0.0089 0.0080
1.5241 1.4960 1.4940 1.3056 1.2316 1.1485 1.0652 1.0022 0.9754 1.0469 0.7888 0.7566 0.8596 0.8660 0.8128 0.7259 0.5907 0.4363 0.3594 0.3980 0.4831 0.5305 0.4932 0.4015 0.2973 0.2146 0.1628 0.1375 0.1283 0.1240 0.1191 0.1121 0.1022 0.0915 0.0805 0.0697 0.0601 0.0518 0.0445 0.0383 0.0330 0.0288 0.0254 0.0225 0.0199 0.0176 0.0157 0.0140 0.0125 0.0112
1.9622 1.9113 1.8988 1.6765 1.5939 1.4721 1.3588 1.2810 1.2431 1.3375 1.0148 0.9747 1.1259 1.1367 1.0581 0.9403 0.7684 0.5697 0.4594 0.4931 0.5964 0.6655 0.6326 0.5266 0.3966 0.2875 0.2152 0.1772 0.1618 0.1551 0.1490 0.1410 0.1295 0.1168 0.1034 0.0901 0.0780 0.0673 0.0579 0.0499 0.0429 0.0375 0.0329 0.0291 0.0257 0.0228 0.0202 0.0180 0.0161 0.0144
2.4080 2.3306 2.2981 2.0407 1.9685 1.7965 1.6461 1.5580 1.5008 1.6273 1.2404 1.1962 1.4109 1.4237 1.3094 1.1567 0.9519 0.7116 0.5607 0.5767 0.6913 0.7860 0.7684 0.6581 0.5069 0.3707 0.2741 0.2192 0.1945 0.1835 0.1760 0.1674 0.1550 0.1411 0.1260 0.1105 0.0961 0.0832 0.0717 0.0618 0.0532 0.0464 0.0407 0.0359 0.0316 0.0280 0.0248 0.0221 0.0197 0.0176
2.8650 2.7612 2.7078 2.3949 2.3593 2.1282 1.9291 1.8358 1.7469 1.9216 1.4638 1.4251 1.7217 1.7281 1.5631 1.3717 1.1415 0.8661 0.6678 0.6499 0.7648 0.8874 0.8972 0.7954 0.6304 0.4679 0.3432 0.2663 0.2280 0.2099 0.1998 0.1906 0.1780 0.1636 0.1475 0.1305 0.1143 0.0994 0.0859 0.0742 0.0639 0.0556 0.0487 0.0429 0.0377 0.0333 0.0295 0.0262 0.0233 0.0208
3.3332 3.2022 3.1521 2.7448 2.7630 2.4801 2.2124 2.1156 1.9829 2.2266 1.6815 1.6684 2.0655 2.0472 1.8121 1.5800 1.3375 1.0389 0.7883 0.7173 0.8160 0.9648 1.0138 0.9361 0.7682 0.5827 0.4271 0.3228 0.2652 0.2360 0.2208 0.2103 0.1976 0.1835 0.1672 0.1494 0.1319 0.1155 0.1003 0.0868 0.0749 0.0652 0.0571 0.0502 0.0440 0.0389 0.0343 0.0304 0.0271 0.0241
3.8030 3.6415 3.6483 3.1173 3.1626 2.8744 2.5024 2.3965 2.2163 2.5455 1.8891 1.9370 2.4468 2.3725 2.0452 1.7747 1.5398 1.2376 0.9339 0.7887 0.8479 1.0141 1.1111 1.0744 0.9186 0.7175 0.5308 0.3941 0.3109 0.2648 0.2407 0.2268 0.2134 0.1998 0.1840 0.1663 0.1482 0.1309 0.1144 0.0995 0.0860 0.0750 0.0657 0.0578 0.0506 0.0446 0.0393 0.0348 0.0309 0.0274
4.2436 4.0650 4.1798 3.5687 3.5235 3.3423 2.8020 2.6764 2.4609 2.8729 2.0825 2.2451 2.8637 2.6878 2.2480 1.9485 1.7489 1.4709 1.1200 0.8797 0.8688 1.0336 1.1805 1.2007 1.0755 0.8715 0.6578 0.4862 0.3713 0.3014 0.2628 0.2418 0.2258 0.2121 0.1970 0.1799 0.1621 0.1445 0.1273 0.1114 0.0968 0.0847 0.0744 0.0654 0.0573 0.0505 0.0445 0.0393 0.0348 0.0309
4.6037 4.4731 4.6785 4.1658 3.8099 3.9149 3.1089 2.9598 2.7358 3.1906 2.2668 2.6097 3.3037 2.9710 2.4083 2.0987 1.9671 1.7488 1.3668 1.0156 0.8976 1.0286 1.2143 1.3013 1.2272 1.0393 0.8094 0.6051 0.4546 0.3542 0.2940 0.2602 0.2379 0.2219 0.2066 0.1901 0.1729 0.1557 0.1385 0.1222 0.1070 0.0941 0.0829 0.0731 0.0642 0.0565 0.0498 0.0440 0.0390 0.0346
4.8859 4.8702 5.0601 4.9136 4.0235 4.5848 3.4096 3.2603 3.0480 3.4637 2.4561 3.0381 3.7356 3.1955 2.5196 2.2266 2.1943 2.0738 1.6894 1.2241 0.9619 1.0122 1.2068 1.3580 1.3525 1.2048 0.9785 0.7518 0.5675 0.4322 0.3433 0.2897 0.2552 0.2329 0.2150 0.1978 0.1809 0.1641 0.1473 0.1313 0.1159 0.1027 0.0910 0.0806 0.0710 0.0627 0.0554 0.0490 0.0434 0.0385
5.2958 5.2142 5.3172 5.6618 4.2452 5.2523 3.6882 3.5908 3.3670 3.6430 2.6666 3.5071 4.1054 3.3359 2.5834 2.3351 2.4186 2.4263 2.0809 1.5208 1.0885 1.0026 1.1547 1.3467 1.4170 1.3350 1.1408 0.9132 0.7066 0.5387 0.4173 0.3376 0.2843 0.2500 0.2253 0.2045 0.1864 0.1695 0.1531 0.1374 0.1223 0.1092 0.0975 0.0869 0.0770 0.0683 0.0605 0.0536 0.0476 0.0423
6.1522 5.4460 5.5461 6.1217 4.6202 5.7202 3.9698 3.9580 3.6319 3.7062 2.9242 3.9591 4.3546 3.3932 2.6246 2.4329 2.6142 2.7579 2.5052 1.9067 1.3102 1.0376 1.0747 1.2542 1.3852 1.3857 1.2569 1.0618 0.8578 0.6711 0.5213 0.4132 0.3356 0.2831 0.2457 0.2168 0.1940 0.1748 0.1575 0.1416 0.1267 0.1137 0.1021 0.0917 0.0816 0.0728 0.0648 0.0576 0.0514 0.0457
7.2226 5.7147 5.7864 6.1339 5.1732 5.8032 4.3143 4.3265 3.7929 3.6947 3.2338 4.2933 4.4486 3.4122 2.6859 2.5220 2.7298 2.9754 2.8719 2.3425 1.6511 1.1769 1.0206 1.1011 1.2389 1.3120 1.2726 1.1487 0.9852 0.8090 0.6484 0.5194 0.4177 0.3434 0.2880 0.2452 0.2128 0.1872 0.1660 0.1479 0.1318 0.1181 0.1062 0.0956 0.0854 0.0765 0.0683 0.0610 0.0545 0.0486
7.4786 6.2701 5.9759 5.9673 5.6014 5.5800 4.7130 4.6448 3.9198 3.7230 3.5379 4.3926 4.4237 3.4904 2.8095 2.5858 2.6945 2.9476 3.0269 2.7225 2.1039 1.5028 1.1102 0.9852 1.0243 1.1059 1.1420 1.1110 1.0269 0.9025 0.7652 0.6383 0.5253 0.4340 0.3601 0.3002 0.2535 0.2169 0.1876 0.1637 0.1436 0.1271 0.1133 0.1014 0.0904 0.0808 0.0721 0.0644 0.0577 0.0515
6.9709 6.6037 6.4098 6.0080 5.6092 5.4806 4.9591 5.0196 4.2622 3.8895 3.7075 4.1996 4.4177 3.7533 3.0035 2.5954 2.4814 2.5863 2.7896 2.8503 2.5744 2.0798 1.5339 1.1397 0.9378 0.8843 0.8970 0.9164 0.9134 0.8699 0.7956 0.7081 0.6137 0.5261 0.4465 0.3755 0.3164 0.2679 0.2282 0.1958 0.1688 0.1468 0.1288 0.1137 0.1002 0.0887 0.0786 0.0698 0.0623 0.0554
7.1250 6.5375 7.1882 6.5150 5.9812 5.7623 4.9299 5.8368 4.9679 4.1355 3.7344 3.8150 4.5480 4.2471 3.2220 2.5719 2.2944 2.1134 2.1487 2.4450 2.7159 2.7354 2.4054 1.9139 1.4281 1.0640 0.8389 0.7276 0.6858 0.6654 0.6447 0.6156 0.5717 0.5218 0.4672 0.4100 0.3569 0.3092 0.2673 0.2312 0.1999 0.1733 0.1511 0.1324 0.1156 0.1014 0.0891 0.0786 0.0696 0.0615
7.9600 7.4692 8.1107 7.0188 6.6696 6.5955 5.7337 5.6820 5.2095 4.5547 4.8178 3.8879 3.6768 3.8917 3.2589 2.6735 2.8209 2.9853 2.6151 2.0062 1.6471 1.7394 2.0671 2.3771 2.4845 2.3711 2.0884 1.7389 1.4017 1.1015 0.8601 0.6811 0.5474 0.4523 0.3820 0.3269 0.2845 0.2504 0.2223 0.1984 0.1773 0.1586 0.1423 0.1278 0.1139 0.1017 0.0907 0.0809 0.0724 0.0645
9.2786 7.8854 8.0984 7.9892 6.7384 7.2571 5.8917 6.2772 5.2881 5.0588 5.0485 4.0368 4.0645 4.1199 3.3467 2.8775 3.0975 3.1699 2.6954 2.0761 1.7699 1.9110 2.2491 2.5402 2.6187 2.4808 2.1809 1.8199 1.4746 1.1669 0.9177 0.7311 0.5902 0.4889 0.4132 0.3535 0.3071 0.2698 0.2390 0.2130 0.1902 0.1701 0.1525 0.1367 0.1218 0.1087 0.0970 0.0865 0.0774 0.0690
9.9914 9.0262 8.0087 8.6705 7.1682 7.6084 6.2971 6.7112 5.4343 5.6046 5.1812 4.2604 4.4706 4.2920 3.4416 3.1218 3.3780 3.3305 2.7615 2.1527 1.9087 2.0949 2.4344 2.6992 2.7454 2.5830 2.2677 1.8973 1.5459 1.2323 0.9763 0.7827 0.6348 0.5273 0.4462 0.3818 0.3312 0.2905 0.2567 0.2284 0.2039 0.1822 0.1632 0.1461 0.1300 0.1160 0.1035 0.0924 0.0826 0.0737
9.7152 10.0865 8.5178 8.7844 8.0165 7.6453 6.9747 6.9125 5.7495 6.0999 5.2508 4.5834 4.8569 4.4084 3.5644 3.4054 3.6499 3.4629 2.8178 2.2413 2.0652 2.2893 2.6203 2.8519 2.8636 2.6773 2.3485 1.9710 1.6156 1.2976 1.0358 0.8358 0.6812 0.5678 0.4812 0.4118 0.3569 0.3124 0.2755 0.2448 0.2183 0.1950 0.1745 0.1560 0.1387 0.1236 0.1103 0.0984 0.0880 0.0785
9.7013 10.2352 9.6389 8.6563 8.9322 7.6413 7.7500 6.9478 6.2646 6.4565 5.3288 5.0009 5.1835 4.4856 3.7350 3.7198 3.8997 3.5663 2.8712 2.3469 2.2396 2.4915 2.8036 2.9965 2.9724 2.7636 2.4236 2.0412 1.6837 1.3628 1.0962 0.8905 0.7295 0.6101 0.5180 0.4437 0.3843 0.3359 0.2955 0.2622 0.2337 0.2087 0.1865 0.1664 0.1477 0.1315 0.1174 0.1048 0.0937 0.0836
10.8585 9.9572 10.5252 8.9363 9.4218 7.9372 8.3285 6.9992 6.8893 6.6355 5.4931 5.4717 5.4223 4.5523 3.9635 4.0485 4.1167 3.6456 2.9309 2.4745 2.4313 2.6991 2.9821 3.1321 3.0722 2.8423 2.4932 2.1084 1.7507 1.4283 1.1581 0.9474 0.7804 0.6549 0.5569 0.4775 0.4136 0.3612 0.3172 0.2810 0.2501 0.2230 0.1991 0.1774 0.1574 0.1402 0.1250 0.1116 0.0998 0.0890
11.9651 10.4544 10.5927 9.8146 9.4090 8.6257 8.5479 7.2625 7.4604 6.6897 5.7959 5.9295 5.5720 4.6461 4.2501 4.3709 4.2945 3.7091 3.0061 2.6267 2.6380 2.9085 3.1537 3.2584 3.1635 2.9143 2.5580 2.1731 1.8166 1.4940 1.2215 1.0067 0.8339 0.7021 0.5980 0.5133 0.4448 0.3885 0.3407 0.3013 0.2676 0.2382 0.2123 0.1890 0.1678 0.1496 0.1334 0.1189 0.1063 0.0949
11.8915 11.6228 10.4503 10.7096 9.3814 9.4211 8.5479 7.7956 7.8434 6.7481 6.2320 6.3104 5.6631 4.8020 4.5829 4.6675 4.4333 3.7678 3.1040 2.8031 2.8554 3.1154 3.3162 3.3746 3.2466 2.9806 2.6194 2.2358 1.8817 1.5598 1.2858 1.0674 0.8893 0.7512 0.6408 0.5509 0.4779 0.4175 0.3658 0.3229 0.2863 0.2543 0.2263 0.2013 0.1789 0.1596 0.1422 0.1267 0.1132 0.1010
11.8471 12.2143 10.9738 11.0299 9.8106 9.9226 8.6455 8.4421 8.0186 6.9335 6.7304 6.5817 5.7484 5.0368 4.9371 4.9241 4.5418 3.8351 3.2301 3.0014 3.0790 3.3171 3.4690 3.4818 3.3231 3.0427 2.6782 2.2970 1.9461 1.6257 1.3507 1.1293 0.9461 0.8020 0.6855 0.5904 0.5127 0.4483 0.3925 0.3460 0.3062 0.2715 0.2412 0.2143 0.1906 0.1702 0.1516 0.1350 0.1205 0.1075
12.7844 12.1683 11.9092 11.0334 10.5794 10.0755 9.0429 8.9735 8.1086 7.2890 7.1956 6.7608 5.8819 5.3432 5.2845 5.1374 4.6353 3.9233 3.3863 3.2179 3.3052 3.5121 3.6131 3.5818 3.3950 3.1022 2.7358 2.3575 2.0101 1.6916 1.4162 1.1921 1.0042 0.8543 0.7317 0.6316 0.5494 0.4810 0.4208 0.3706 0.3274 0.2897 0.2571 0.2282 0.2031 0.1815 0.1615 0.1438 0.1282 0.1144
13.4239 12.4069 12.3514 11.2638 11.1320 10.1454 9.5929 9.2610 8.2493 7.7319 7.5408 6.8831 6.0776 5.6883 5.6020 5.3151 4.7314 4.0430 3.5753 3.4544 3.5383 3.7067 3.7541 3.6784 3.4642 3.1615 2.7962 2.4221 2.0792 1.7617 1.4848 1.2581 1.0658 0.9108 0.7828 0.6769 0.5896 0.5167 0.4530 0.3992 0.3523 0.3111 0.2756 0.2444 0.2174 0.1942 0.1730 0.1540 0.1374 0.1225
13.5556 13.0279 12.4943 11.8077 11.4034 10.4388 10.1018 9.4470 8.5372 8.1821 7.8005 7.0320 6.3484 6.0460 5.8858 5.4751 4.8450 4.1952 3.7891 3.7005 3.7704 3.8967 3.8914 3.7731 3.5331 3.2212 2.8570 2.4871 2.1483 1.8318 1.5537 1.3247 1.1284 0.9687 0.8355 0.7238 0.6315 0.5542 0.4871 0.4296 0.3789 0.3339 0.2953 0.2617 0.2327 0.2078 0.1853 0.1650 0.1471 0.1311
13.8508 13.5031 12.7863 12.3060 11.6544 10.8688 10.4989 9.6764 8.9184 8.5861 8.0306 7.2374 6.6678 6.3967 6.1461 5.6357 4.9841 4.3777 4.0227 3.9539 4.0025 4.0849 4.0278 3.8684 3.6031 3.2820 2.9185 2.5523 2.2173 1.9014 1.6224 1.3915 1.1915 1.0276 0.8894 0.7721 0.6750 0.5935 0.5229 0.4617 0.4071 0.3581 0.3162 0.2801 0.2490 0.2223 0.1984 0.1767 0.1576 0.1403
14.1316 14.0158 13.1012 12.8055 11.9496 11.3145 10.8825 9.9618 9.3258 8.9684 8.2736 7.4891 7.0119 6.7422 6.4005 5.8086 5.1494 4.5861 4.2732 4.2154 4.2378 4.2750 4.1664 3.9664 3.6758 3.3446 2.9810 2.6178 2.2859 1.9703 1.6907 1.4585 1.2553 1.0874 0.9446 0.8220 0.7201 0.6344 0.5606 0.4956 0.4370 0.3838 0.3385 0.2998 0.2663 0.2378 0.2125 0.1892 0.1687 0.1502
14.8284 14.2396 13.5695 13.2809 12.1870 11.8664 11.2367 10.2424 9.7787 9.3619 8.5266 7.7739 7.3835 7.1068 6.6722 6.0058 5.3478 4.8281 4.5521 4.4989 4.4898 4.4775 4.3181 4.0806 3.7678 3.4243 3.0546 2.6894 2.3585 2.0443 1.7648 1.5309 1.3249 1.1536 1.0068 0.8793 0.7719 0.6808 0.6017 0.5326 0.4708 0.4149 0.3667 0.3247 0.2883 0.2572 0.2295 0.2044 0.1822 0.1621
15.6104 14.2530 14.4528 13.3757 12.6666 12.4941 11.4376 10.6071 10.3317 9.7262 8.7566 8.0987 7.8031 7.4892 6.9449 6.2092 5.5654 5.0950 4.8535 4.7986 4.7519 4.6858 4.4737 4.1977 3.8616 3.5047 3.1282 2.7607 2.4309 2.1184 1.8389 1.6036 1.3953 1.2212 1.0706 0.9384 0.8257 0.7291 0.6446 0.5714 0.5065 0.4479 0.3968 0.3513 0.3118 0.2781 0.2479 0.2206 0.1967 0.1749
15.2009 15.2824 14.7799 13.4917 13.5809 12.8030 11.5981 11.2252 10.8973 9.9737 8.9899 8.5154 8.2825 7.8713 7.2000 6.4126 5.8061 5.3943 5.1832 5.1172 5.0239 4.8983 4.6307 4.3152 3.9554 3.5847 3.2011 2.8316 2.5032 2.1929 1.9134 1.6768 1.4666 1.2900 1.1362 0.9996 0.8815 0.7793 0.6894 0.6121 0.5441 0.4831 0.4289 0.3797 0.3370 0.3004 0.2675 0.2380 0.2122 0.1887
15.9437 16.2375 14.5012 14.5436 14.2364 12.7757 12.1640 12.0443 11.2802 10.1388 9.3583 9.0835 8.8073 8.2237 7.4316 6.6356 6.0953 5.7457 5.5526 5.4599 5.3082 5.1175 4.7921 4.4362 4.0517 3.6676 3.2778 2.9076 2.5813 2.2733 1.9934 1.7555 1.5433 1.3643 1.2071 1.0660 0.9427 0.8348 0.7393 0.6576 0.5860 0.5216 0.4639 0.4110 0.3648 0.3252 0.2896 0.2576 0.2297 0.2043
17.6886 15.7307 15.5196 15.7040 14.1306 13.1956 13.2337 12.6669 11.4276 10.4384 9.9891 9.7771 9.3134 8.5194 7.6569 6.9161 6.4639 6.1655 5.9663 5.8257 5.6032 5.3437 4.9594 4.5632 4.1548 3.7590 3.3646 2.9951 2.6712 2.3647 2.0844 1.8454 1.6305 1.4485 1.2877 1.1416 1.0128 0.8994 0.7982 0.7113 0.6348 0.5649 0.5027 0.4461 0.3963 0.3537 0.3155 0.2809 0.2504 0.2228
16.9463 16.5302 17.1202 15.5327 14.3044 14.4322 14.0845 12.7789 11.5886 11.0656 10.8046 10.4147 9.6804 8.7380 7.9005 7.2699 6.9081 6.6341 6.3986 6.1894 5.8863 5.5565 5.1163 4.6842 4.2568 3.8525 3.4554 3.0871 2.7657 2.4605 2.1799 1.9398 1.7221 1.5373 1.3727 1.2216 1.0872 0.9679 0.8609 0.7685 0.6870 0.6112 0.5442 0.4838 0.4303 0.3843 0.3435 0.3060 0.2728 0.2428
17.6268 18.5000 16.8377 15.4798 15.7048 15.4956 14.1446 12.7885 12.1910 12.0021 11.5716 10.8399 9.8992 8.9464 8.2270 7.7259 7.4246 7.1323 6.8276 6.5329 6.1456 5.7496 5.2606 4.7995 4.3596 3.9508 3.5527 3.1860 2.8669 2.5626 2.2816 2.0402 1.8194 1.6315 1.4631 1.3067 1.1664 1.0410 0.9277 0.8297 0.7428 0.6608 0.5886 0.5243 0.4667 0.4173 0.3737 0.3331 0.2971 0.2645
19.9995 18.0572 16.7943 17.2357 17.0148 15.5376 14.0960 13.4734 13.3184 12.9568 12.1020 11.0853 10.1100 9.2917 8.7298 8.3225 8.0225 7.6642 7.2661 6.8773 6.4078 5.9528 5.4248 4.9432 4.4933 4.0815 3.6833 3.3180 2.9999 2.6939 2.4113 2.1674 1.9420 1.7480 1.5726 1.4084 1.2619 1.1313 1.0121 0.9075 0.8136 0.7255 0.6477 0.5780 0.5148 0.4606 0.4134 0.3690 0.3295 0.2935
18.9880 18.2314 18.9421 18.5136 16.8215 15.4168 14.9122 14.7695 14.3616 13.4885 12.3164 11.2771 10.4550 9.8250 9.3777 8.9876 8.6235 8.1622 7.6609 7.1843 6.6469 6.1475 5.5932 5.1001 4.6450 4.2327 3.8349 3.4710 3.1530 2.8436 2.5581 2.3105 2.0793 1.8777 1.6938 1.5203 1.3674 1.2315 1.1060 0.9943 0.8926 0.7981 0.7143 0.6387 0.5690 0.5094 0.4582 0.4097 0.3662 0.3263
19.9833 20.7225 19.7671 17.9412 16.7808 16.5188 16.3849 15.7972 14.7828 13.6060 12.4850 11.6611 11.0427 10.5323 10.0964 9.6394 9.1650 8.5887 7.9951 7.4510 6.8672 6.3407 5.7725 5.2757 4.8192 4.4078 4.0101 3.6467 3.3273 3.0125 2.7223 2.4696 2.2312 2.0205 1.8266 1.6427 1.4826 1.3411 1.2092 1.0898 0.9793 0.8780 0.7876 0.7055 0.6287 0.5632 0.5077 0.4547 0.4068 0.3628
22.2910 20.6036 18.9869 18.4061 18.3758 18.1053 17.2455 15.9975 14.7683 13.7468 12.9122 12.3254 11.8181 11.3014 10.7781 10.1972 9.6096 8.9374 8.2745 7.6903 7.0841 6.5483 5.9773 5.4831 5.0290 4.6186 4.2190 3.8563 3.5361 3.2164 2.9195 2.6595 2.4118 2.1913 1.9870 1.7923 1.6227 1.4727 1.3329 1.2046 1.0845 0.9740 0.8757 0.7869 0.7035 0.6317 0.5700 0.5113 0.4583 0.4095
21.1647 20.4067 20.4731 20.4203 19.7261 18.5261 17.1655 15.9433 15.0238 14.3256 13.6815 13.1556 12.6043 11.9820 11.3290 10.6216 9.9552 9.2265 8.5229 7.9250 7.3164 6.7861 6.2200 5.7316 5.2809 4.8700 4.4651 4.1034 3.7828 3.4588 3.1529 2.8833 2.6242 2.3931 2.1781 1.9724 1.7909 1.6291 1.4799 1.3417 1.2108 1.0883 0.9805 0.8849 0.7956 0.7175 0.6472 0.5814 0.5225 0.4680
22.7442 22.7752 22.1314 20.9099 19.5146 18.2938 17.3213 16.5362 15.8963 15.2762 14.5563 13.9011 13.2117 12.4711 11.7199 10.9359 10.2412 9.4974 8.7807 8.1884 7.5893 7.0714 6.5117 6.0280 5.5773 5.1620 4.7479 4.3852 4.0627 3.7326 3.4152 3.1340 2.8615 2.6183 2.3914 2.1734 1.9787 1.8037 1.6445 1.4952 1.3524 1.2163 1.0980 0.9953 0.8998 0.8150 0.7348 0.6611 0.5957 0.5350
24.4104 23.0454 21.7103 20.5995 19.7405 19.0623 18.4093 17.6804 16.9156 16.0883 15.1591 14.3488 13.5631 12.7626 11.9801 11.1810 10.4985 9.7665 9.0538 8.4760 7.8896 7.3852 6.8309 6.3502 5.8959 5.4732 5.0469 4.6793 4.3527 4.0164 3.6890 3.3974 3.1123 2.8578 2.6197 2.3904 2.1829 1.9948 1.8236 1.6631 1.5094 1.3619 1.2337 1.1228 1.0196 0.9269 0.8366 0.7545 0.6818 0.6141
24.1544 23.3205 22.6417 21.9818 21.2703 20.4681 19.5452 18.5127 17.4753 16.4398 15.3955 14.5408 13.7601 12.9449 12.1682 11.3858 10.7227 10.0066 9.3086 8.7452 8.1682 7.6739 7.1251 6.6487 6.1903 5.7600 5.3220 4.9421 4.6086 4.2691 3.9398 3.6454 3.3536 3.0927 2.8478 2.6118 2.3955 2.1974 2.0099 1.8394 1.6800 1.5305 1.3967 1.2752 1.1601 1.0571 0.9591 0.8686 0.7877 0.7121
26.3400 25.4530 24.4532 23.3707 22.2630 21.1340 19.9768 18.7995 17.6739 16.5946 15.5657 14.7597 14.0422 13.2340 12.4649 11.6889 11.0338 10.3215 9.6280 9.0688 8.4917 8.0005 7.4524 6.9772 6.5119 6.0714 5.6191 5.2245 4.8830 4.5403 4.2095 3.9129 3.6147 3.3477 3.0962 2.8540 2.6290 2.4204 2.2151 2.0340 1.8696 1.7199 1.5811 1.4480 1.3196 1.2052 1.0991 0.9996 0.9099 0.8256
27.4009 26.1487 24.9033 23.6897 22.5429 21.4098 20.2677 19.1174 17.9967 16.9139 15.9082 15.1408 14.4649 13.6360 12.8463 12.0505 11.3857 10.6633 9.9636 9.3988 8.8143 8.3212 7.7704 7.2945 6.8227 6.3727 5.9070 5.4971 5.1476 4.8021 4.4700 4.1718 3.8686 3.5970 3.3404 3.0930 2.8602 2.6419 2.4190 2.2281 2.0599 1.9114 1.7688 1.6244 1.4825 1.3570 1.2435 1.1352 1.0369 0.9439
27.1551 25.9966 24.8502 23.6998 22.5743 21.4585 20.3385 19.2372 18.1404 17.0661 16.0433 15.2585 14.5632 13.7200 12.9137 12.0994 11.4390 10.7166 10.0068 9.4274 8.8296 8.3296 7.7708 7.2890 6.8289 6.3890 5.9319 5.5163 5.1612 4.8097 4.4705 4.1684 3.8674 3.6003 3.3473 3.0986 2.8639 2.6438 2.4219 2.2319 2.0641 1.9118 1.7664 1.6211 1.4799 1.3556 1.2442 1.1364 1.0380 0.9447
