0.0000 0.0000 0.0000 0.0000 0.0000 0.0000 0.0000 0.0000 0.0000 0.0000 0.0000 0.0000 0.0000 0.0000 0.0000 0.0000 0.0000 0.0008 0.0003 0.0005 0.0036 0.0066 0.0058 0.0025 0.0012 0.0045 0.0107 0.0163 0.0183 0.0164 0.0118 0.0067 0.0026 0.0005 0.0004 0.0020 0.0045 0.0074 0.0101 0.0123 0.0138 0.0147 0.0149 0.0146 0.0139 0.0129 0.0117 0.0105 0.0093 0.0081
0.0000 0.0000 0.0000 0.0000 0.0000 0.0000 0.0000 0.0000 0.0000 0.0000 0.0000 0.0000 0.0000 0.0000 0.0000 0.0000 0.0000 0.0023 0.0007 0.0015 0.0110 0.0198 0.0175 0.0075 0.0037 0.0137 0.0325 0.0490 0.0550 0.0492 0.0354 0.0198 0.0076 0.0014 0.0013 0.0060 0.0137 0.0223 0.0303 0.0369 0.0416 0.0441 0.0448 0.0439 0.0417 0.0386 0.0351 0.0315 0.0278 0.0242
0.0000 0.0000 0.0000 0.0000 0.0000 0.0000 0.0000 0.0000 0.0000 0.0000 0.0000 0.0000 0.0000 0.0000 0.0000 0.0000 0.0000 0.0036 0.0010 0.0029 0.0192 0.0336 0.0292 0.0126 0.0067 0.0239 0.0552 0.0824 0.0919 0.0817 0.0584 0.0325 0.0124 0.0022 0.0022 0.0103 0.0231 0.0374 0.0507 0.0617 0.0694 0.0735 0.0746 0.0731 0.0694 0.0642 0.0583 0.0523 0.0462 0.0402
0.0000 0.0000 0.0000 0.0000 0.0000 0.0000 0.0000 0.0000 0.0000 0.0000 0.0000 0.0000 0.0000 0.0000 0.0000 0.0000 0.0000 0.0045 0.0009 0.0050 0.0288 0.0484 0.0412 0.0178 0.0105 0.0355 0.0794 0.1166 0.1288 0.1136 0.0805 0.0443 0.0166 0.0029 0.0033 0.0149 0.0331 0.0531 0.0716 0.0868 0.0973 0.1030 0.1044 0.1022 0.0969 0.0896 0.0814 0.0729 0.0643 0.0560
0.0000 0.0000 0.0000 0.0000 0.0000 0.0000 0.0000 0.0000 0.0000 0.0000 0.0000 0.0000 0.0000 0.0000 0.0000 0.0000 0.0000 0.0048 0.0006 0.0084 0.0404 0.0646 0.0536 0.0233 0.0154 0.0489 0.1053 0.1518 0.1655 0.1445 0.1013 0.0550 0.0201 0.0033 0.0046 0.0201 0.0436 0.0693 0.0930 0.1122 0.1255 0.1325 0.1340 0.1311 0.1242 0.1147 0.1041 0.0932 0.0822 0.0715
0.0000 0.0000 0.0000 0.0000 0.0000 0.0000 0.0000 0.0000 0.0000 0.0000 0.0000 0.0000 0.0000 0.0000 0.0000 0.0000 0.0000 0.0047 0.0004 0.0139 0.0550 0.0828 0.0666 0.0293 0.0216 0.0644 0.1331 0.1877 0.2016 0.1737 0.1201 0.0640 0.0225 0.0034 0.0062 0.0259 0.0550 0.0863 0.1150 0.1381 0.1539 0.1620 0.1636 0.1597 0.1511 0.1394 0.1264 0.1130 0.0997 0.0867
0.0000 0.0000 0.0000 0.0000 0.0000 0.0000 0.0000 0.0000 0.0000 0.0000 0.0000 0.0000 0.0000 0.0000 0.0000 0.0000 0.0000 0.0041 0.0009 0.0224 0.0734 0.1034 0.0804 0.0358 0.0292 0.0818 0.1622 0.2234 0.2360 0.2003 0.1362 0.0708 0.0237 0.0032 0.0083 0.0326 0.0674 0.1044 0.1378 0.1645 0.1825 0.1916 0.1929 0.1879 0.1775 0.1636 0.1481 0.1324 0.1166 0.1014
0.0000 0.0000 0.0000 0.0000 0.0000 0.0000 0.0000 0.0000 0.0000 0.0000 0.0000 0.0000 0.0000 0.0000 0.0000 0.0000 0.0000 0.0034 0.0029 0.0351 0.0963 0.1266 0.0949 0.0427 0.0379 0.1006 0.1916 0.2576 0.2672 0.2229 0.1486 0.0749 0.0234 0.0027 0.0109 0.0403 0.0811 0.1235 0.1615 0.1915 0.2114 0.2211 0.2219 0.2157 0.2034 0.1872 0.1692 0.1511 0.1330 0.1155
0.0000 0.0000 0.0000 0.0000 0.0000 0.0000 0.0000 0.0000 0.0000 0.0000 0.0000 0.0000 0.0000 0.0000 0.0000 0.0000 0.0000 0.0031 0.0077 0.0530 0.1238 0.1516 0.1090 0.0490 0.0468 0.1194 0.2196 0.2883 0.2932 0.2399 0.1560 0.0756 0.0215 0.0020 0.0143 0.0496 0.0963 0.1442 0.1863 0.2192 0.2407 0.2506 0.2507 0.2430 0.2286 0.2101 0.1896 0.1691 0.1487 0.1291
0.0000 0.0000 0.0000 0.0000 0.0000 0.0000 0.0000 0.0000 0.0000 0.0000 0.0000 0.0000 0.0000 0.0000 0.0000 0.0000 0.0000 0.0038 0.0163 0.0761 0.1544 0.1762 0.1207 0.0531 0.0544 0.1364 0.2438 0.3129 0.3117 0.2494 0.1574 0.0723 0.0178 0.0014 0.0192 0.0608 0.1138 0.1668 0.2126 0.2479 0.2704 0.2801 0.2792 0.2699 0.2532 0.2322 0.2093 0.1864 0.1637 0.1420
0.0000 0.0000 0.0000 0.0000 0.0000 0.0000 0.0000 0.0000 0.0000 0.0000 0.0000 0.0000 0.0000 0.0000 0.0000 0.0000 0.0000 0.0066 0.0292 0.1032 0.1849 0.1964 0.1266 0.0528 0.0589 0.1502 0.2628 0.3299 0.3213 0.2503 0.1522 0.0651 0.0127 0.0016 0.0263 0.0751 0.1343 0.1922 0.2413 0.2784 0.3014 0.3104 0.3080 0.2967 0.2775 0.2539 0.2284 0.2031 0.1782 0.1543
0.0000 0.0000 0.0000 0.0000 0.0000 0.0000 0.0000 0.0000 0.0000 0.0000 0.0000 0.0000 0.0000 0.0000 0.0000 0.0000 0.0000 0.0118 0.0458 0.1305 0.2092 0.2061 0.1221 0.0455 0.0598 0.1606 0.2764 0.3389 0.3217 0.2428 0.1408 0.0547 0.0074 0.0038 0.0368 0.0935 0.1592 0.2215 0.2734 0.3117 0.3344 0.3422 0.3378 0.3240 0.3020 0.2755 0.2474 0.2197 0.1924 0.1664
0.0000 0.0000 0.0000 0.0000 0.0000 0.0000 0.0000 0.0000 0.0000 0.0000 0.0000 0.0000 0.0000 0.0000 0.0000 0.0000 0.0000 0.0195 0.0630 0.1508 0.2183 0.1972 0.1026 0.0307 0.0589 0.1708 0.2877 0.3429 0.3155 0.2291 0.1253 0.0430 0.0034 0.0095 0.0522 0.1172 0.1891 0.2553 0.3091 0.3477 0.3694 0.3753 0.3683 0.3515 0.3264 0.2968 0.2659 0.2356 0.2060 0.1780
0.0000 0.0000 0.0000 0.0000 0.0000 0.0000 0.0000 0.0000 0.0000 0.0000 0.0000 0.0000 0.0000 0.0000 0.0000 0.0000 0.0000 0.0281 0.0752 0.1548 0.2029 0.1640 0.0677 0.0131 0.0647 0.1906 0.3068 0.3508 0.3103 0.2152 0.1102 0.0333 0.0032 0.0202 0.0732 0.1466 0.2242 0.2935 0.3484 0.3863 0.4062 0.4094 0.3993 0.3792 0.3505 0.3175 0.2839 0.2510 0.2190 0.1889
0.0000 0.0000 0.0000 0.0000 0.0000 0.0000 0.0000 0.0000 0.0000 0.0000 0.0000 0.0000 0.0000 0.0000 0.0000 0.0000 0.0000 0.0346 0.0749 0.1346 0.1596 0.1095 0.0270 0.0072 0.0942 0.2375 0.3497 0.3769 0.3176 0.2101 0.1017 0.0292 0.0082 0.0360 0.0991 0.1803 0.2629 0.3345 0.3896 0.4262 0.4435 0.4436 0.4301 0.4062 0.3738 0.3374 0.3009 0.2655 0.2312 0.1991
0.0000 0.0000 0.0000 0.0000 0.0000 0.0000 0.0000 0.0000 0.0000 0.0000 0.0000 0.0000 0.0000 0.0000 0.0000 0.0000 0.0000 0.0345 0.0569 0.0922 0.1008 0.0546 0.0057 0.0383 0.1698 0.3301 0.4319 0.4332 0.3466 0.2196 0.1027 0.0311 0.0169 0.0537 0.1256 0.2136 0.3005 0.3738 0.4287 0.4637 0.4784 0.4754 0.4583 0.4309 0.3949 0.3553 0.3162 0.2784 0.2421 0.2082
0.0000 0.0000 0.0000 0.0000 0.0000 0.0000 0.0000 0.0000 0.0000 0.0000 0.0000 0.0000 0.0000 0.0000 0.0000 0.0000 0.0000 0.0247 0.0265 0.0533 0.0687 0.0463 0.0428 0.1292 0.2974 0.4624 0.5412 0.5063 0.3849 0.2334 0.1046 0.0314 0.0220 0.0665 0.1461 0.2403 0.3310 0.4060 0.4609 0.4946 0.5070 0.5015 0.4816 0.4512 0.4121 0.3698 0.3286 0.2889 0.2509 0.2155
0.0000 0.0000 0.0000 0.0000 0.0000 0.0000 0.0000 0.0000 0.0000 0.0000 0.0000 0.0000 0.0000 0.0000 0.0000 0.0000 0.0000 0.0079 0.0122 0.0820 0.1409 0.1462 0.1582 0.2474 0.4007 0.5347 0.5756 0.5067 0.3630 0.2030 0.0774 0.0144 0.0180 0.0749 0.1645 0.2655 0.3600 0.4361 0.4904 0.5225 0.5324 0.5242 0.5015 0.4682 0.4263 0.3817 0.3387 0.2974 0.2579 0.2213
0.0000 0.0000 0.0000 0.0000 0.0000 0.0000 0.0000 0.0000 0.0000 0.0000 0.0000 0.0000 0.0000 0.0000 0.0000 0.0000 0.0000 0.0033 0.0710 0.2385 0.3138 0.2426 0.1230 0.0762 0.1314 0.2231 0.2734 0.2512 0.1753 0.0889 0.0312 0.0234 0.0666 0.1484 0.2505 0.3545 0.4453 0.5137 0.5586 0.5810 0.5817 0.5650 0.5348 0.4951 0.4480 0.3991 0.3526 0.3085 0.2668 0.2284
0.0000 0.0000 0.0000 0.0000 0.0000 0.0000 0.0000 0.0000 0.0000 0.0000 0.0000 0.0000 0.0000 0.0000 0.0000 0.0000 0.0000 0.0072 0.1040 0.2678 0.2991 0.1976 0.0875 0.0742 0.1561 0.2513 0.2873 0.2475 0.1616 0.0764 0.0293 0.0366 0.0949 0.1888 0.2988 0.4063 0.4967 0.5618 0.6018 0.6189 0.6142 0.5922 0.5572 0.5132 0.4628 0.4112 0.3623 0.3162 0.2730 0.2333
0.0000 0.0000 0.0000 0.0000 0.0000 0.0000 0.0000 0.0000 0.0000 0.0000 0.0000 0.0000 0.0000 0.0000 0.0000 0.0000 0.0000 0.0168 0.1388 0.2832 0.2666 0.1462 0.0594 0.0854 0.1902 0.2819 0.2988 0.2403 0.1464 0.0658 0.0322 0.0564 0.1304 0.2359 0.3525 0.4619 0.5503 0.6108 0.6448 0.6557 0.6451 0.6174 0.5774 0.5292 0.4757 0.4214 0.3702 0.3225 0.2778 0.2370
0.0000 0.0000 0.0000 0.0000 0.0000 0.0000 0.0000 0.0000 0.0000 0.0000 0.0000 0.0000 0.0000 0.0000 0.0000 0.0000 0.0000 0.0317 0.1701 0.2798 0.2183 0.0949 0.0448 0.1121 0.2332 0.3131 0.3064 0.2294 0.1306 0.0584 0.0413 0.0840 0.1735 0.2896 0.4113 0.5208 0.6057 0.6600 0.6869 0.6908 0.6739 0.6403 0.5952 0.5427 0.4862 0.4296 0.3763 0.3270 0.2813 0.2395
0.0000 0.0000 0.0000 0.0000 0.0000 0.0000 0.0000 0.0000 0.0000 0.0000 0.0000 0.0000 0.0000 0.0000 0.0000 0.0000 0.0000 0.0500 0.1915 0.2550 0.1591 0.0520 0.0493 0.1554 0.2828 0.3421 0.3084 0.2147 0.1152 0.0558 0.0580 0.1201 0.2246 0.3497 0.4747 0.5824 0.6619 0.7087 0.7274 0.7237 0.7001 0.6604 0.6102 0.5536 0.4944 0.4356 0.3805 0.3299 0.2832 0.2408
0.0000 0.0000 0.0000 0.0000 0.0000 0.0000 0.0000 0.0000 0.0000 0.0000 0.0000 0.0000 0.0000 0.0000 0.0000 0.0000 0.0000 0.0685 0.1973 0.2100 0.0978 0.0263 0.0769 0.2139 0.3351 0.3656 0.3036 0.1967 0.1019 0.0596 0.0837 0.1655 0.2839 0.4162 0.5421 0.6460 0.7184 0.7567 0.7665 0.7546 0.7239 0.6782 0.6230 0.5624 0.5003 0.4395 0.3828 0.3312 0.2837 0.2408
0.0000 0.0000 0.0000 0.0000 0.0000 0.0000 0.0000 0.0000 0.0000 0.0000 0.0000 0.0000 0.0000 0.0000 0.0000 0.0000 0.0000 0.0829 0.1837 0.1506 0.0454 0.0259 0.1289 0.2835 0.3848 0.3800 0.2909 0.1764 0.0924 0.0717 0.1195 0.2208 0.3514 0.4884 0.6127 0.7105 0.7743 0.8030 0.8035 0.7832 0.7449 0.6933 0.6333 0.5689 0.5040 0.4412 0.3832 0.3307 0.2827 0.2396
0.0000 0.0000 0.0000 0.0000 0.0000 0.0000 0.0000 0.0000 0.0000 0.0000 0.0000 0.0000 0.0000 0.0000 0.0000 0.0000 0.0000 0.0888 0.1510 0.0872 0.0140 0.0561 0.2024 0.3574 0.4256 0.3820 0.2703 0.1555 0.0890 0.0939 0.1664 0.2860 0.4264 0.5652 0.6851 0.7745 0.8280 0.8462 0.8368 0.8076 0.7619 0.7046 0.6401 0.5721 0.5047 0.4403 0.3814 0.3284 0.2802 0.2370
0.0000 0.0000 0.0000 0.0000 0.0000 0.0000 0.0000 0.0000 0.0000 0.0000 0.0000 0.0000 0.0000 0.0000 0.0000 0.0000 0.0000 0.0835 0.1046 0.0338 0.0139 0.1177 0.2905 0.4265 0.4511 0.3695 0.2426 0.1367 0.0944 0.1279 0.2252 0.3610 0.5079 0.6452 0.7578 0.8366 0.8784 0.8851 0.8654 0.8274 0.7742 0.7115 0.6429 0.5719 0.5024 0.4368 0.3774 0.3241 0.2760 0.2331
0.0000 0.0000 0.0000 0.0000 0.0000 0.0000 0.0000 0.0000 0.0000 0.0000 0.0000 0.0000 0.0000 0.0000 0.0000 0.0000 0.0000 0.0671 0.0550 0.0049 0.0510 0.2054 0.3820 0.4804 0.4557 0.3418 0.2106 0.1233 0.1113 0.1755 0.2962 0.4450 0.5947 0.7269 0.8292 0.8954 0.9242 0.9188 0.8885 0.8417 0.7815 0.7138 0.6417 0.5680 0.4970 0.4307 0.3711 0.3180 0.2702 0.2278
0.0000 0.0000 0.0000 0.0000 0.0000 0.0000 0.0000 0.0000 0.0000 0.0000 0.0000 0.0000 0.0000 0.0000 0.0000 0.0000 0.0000 0.0432 0.0158 0.0122 0.1243 0.3078 0.4631 0.5096 0.4364 0.3011 0.1786 0.1200 0.1432 0.2384 0.3798 0.5370 0.6851 0.8086 0.8983 0.9504 0.9649 0.9466 0.9049 0.8492 0.7823 0.7097 0.6345 0.5596 0.4882 0.4220 0.3629 0.3104 0.2633 0.2217
0.0000 0.0000 0.0000 0.0000 0.0000 0.0000 0.0000 0.0000 0.0000 0.0000 0.0000 0.0000 0.0000 0.0000 0.0000 0.0000 0.0000 0.0189 0.0006 0.0602 0.2239 0.4081 0.5189 0.5066 0.3933 0.2520 0.1524 0.1312 0.1925 0.3172 0.4748 0.6351 0.7769 0.8881 0.9625 0.9989 0.9985 0.9670 0.9143 0.8502 0.7772 0.7005 0.6230 0.5474 0.4762 0.4107 0.3525 0.3009 0.2549 0.2143
0.0000 0.0000 0.0000 0.0000 0.0000 0.0000 0.0000 0.0000 0.0000 0.0000 0.0000 0.0000 0.0000 0.0000 0.0000 0.0000 0.0000 0.0028 0.0181 0.1435 0.3321 0.4869 0.5371 0.4689 0.3314 0.2023 0.1391 0.1618 0.2614 0.4118 0.5796 0.7371 0.8677 0.9630 1.0198 1.0394 1.0238 0.9794 0.9162 0.8444 0.7662 0.6861 0.6072 0.5316 0.4611 0.3968 0.3400 0.2897 0.2449 0.2057
0.0000 0.0000 0.0000 0.0000 0.0000 0.0000 0.0000 0.0000 0.0000 0.0000 0.0000 0.0000 0.0000 0.0000 0.0000 0.0000 0.0000 0.0023 0.0686 0.2460 0.4260 0.5265 0.5113 0.4005 0.2603 0.1623 0.1464 0.2160 0.3511 0.5210 0.6919 0.8400 0.9546 1.0308 1.0682 1.0703 1.0395 0.9828 0.9101 0.8316 0.7492 0.6667 0.5871 0.5123 0.4432 0.3805 0.3255 0.2768 0.2337 0.1960
0.0000 0.0000 0.0000 0.0000 0.0000 0.0000 0.0000 0.0000 0.0000 0.0000 0.0000 0.0000 0.0000 0.0000 0.0000 0.0000 0.0000 0.0201 0.1419 0.3441 0.4837 0.5163 0.4444 0.3138 0.1947 0.1440 0.1823 0.2975 0.4615 0.6421 0.8089 0.9427 1.0370 1.0912 1.1076 1.0912 1.0454 0.9775 0.8977 0.8145 0.7292 0.6455 0.5657 0.4915 0.4238 0.3629 0.3096 0.2629 0.2216 0.1856
0.0000 0.0000 0.0000 0.0000 0.0000 0.0000 0.0000 0.0000 0.0000 0.0000 0.0000 0.0000 0.0000 0.0000 0.0000 0.0000 0.0000 0.0529 0.2186 0.4109 0.4879 0.4546 0.3470 0.2244 0.1493 0.1581 0.2519 0.4066 0.5898 0.7710 0.9255 1.0390 1.1091 1.1393 1.1342 1.0997 1.0399 0.9623 0.8767 0.7900 0.7031 0.6192 0.5403 0.4673 0.4017 0.3431 0.2920 0.2475 0.2083 0.1743
0.0000 0.0000 0.0000 0.0000 0.0000 0.0000 0.0000 0.0000 0.0000 0.0000 0.0000 0.0000 0.0000 0.0000 0.0000 0.0000 0.0000 0.0906 0.2750 0.4255 0.4342 0.3534 0.2402 0.1540 0.1405 0.2136 0.3576 0.5410 0.7311 0.9017 1.0361 1.1242 1.1673 1.1726 1.1461 1.0946 1.0225 0.9367 0.8470 0.7583 0.6711 0.5881 0.5109 0.4401 0.3771 0.3212 0.2728 0.2308 0.1940 0.1621
0.0000 0.0000 0.0000 0.0000 0.0000 0.0000 0.0000 0.0000 0.0000 0.0000 0.0000 0.0000 0.0000 0.0000 0.0000 0.0000 0.0000 0.1200 0.2916 0.3810 0.3347 0.2372 0.1510 0.1245 0.1818 0.3153 0.4977 0.6954 0.8793 1.0295 1.1367 1.1952 1.2098 1.1903 1.1437 1.0770 0.9945 0.9025 0.8100 0.7207 0.6344 0.5533 0.4786 0.4108 0.3508 0.2980 0.2526 0.2134 0.1791 0.1495
0.0000 0.0000 0.0000 0.0000 0.0000 0.0000 0.0000 0.0000 0.0000 0.0000 0.0000 0.0000 0.0000 0.0000 0.0000 0.0000 0.0000 0.1294 0.2606 0.2885 0.2162 0.1375 0.1066 0.1537 0.2800 0.4613 0.6653 0.8614 1.0269 1.1490 1.2229 1.2488 1.2350 1.1919 1.1271 1.0476 0.9571 0.8609 0.7670 0.6781 0.5938 0.5155 0.4442 0.3800 0.3234 0.2739 0.2317 0.1954 0.1638 0.1366
0.0000 0.0000 0.0000 0.0000 0.0000 0.0000 0.0000 0.0000 0.0000 0.0000 0.0000 0.0000 0.0000 0.0000 0.0000 0.0000 0.0000 0.1139 0.1908 0.1760 0.1142 0.0862 0.1283 0.2496 0.4320 0.6413 0.8465 1.0246 1.1598 1.2467 1.2841 1.2769 1.2363 1.1720 1.0920 1.0027 0.9070 0.8092 0.7158 0.6291 0.5481 0.4738 0.4067 0.3470 0.2943 0.2485 0.2099 0.1767 0.1480 0.1232
0.0000 0.0000 0.0000 0.0000 0.0000 0.0000 0.0000 0.0000 0.0000 0.0000 0.0000 0.0000 0.0000 0.0000 0.0000 0.0000 0.0000 0.0788 0.1070 0.0827 0.0651 0.1075 0.2251 0.4078 0.6241 0.8375 1.0235 1.1690 1.2653 1.3132 1.3134 1.2752 1.2110 1.1295 1.0380 0.9425 0.8447 0.7478 0.6571 0.5744 0.4982 0.4287 0.3668 0.3121 0.2638 0.2221 0.1873 0.1575 0.1317 0.1095
0.0000 0.0000 0.0000 0.0000 0.0000 0.0000 0.0000 0.0000 0.0000 0.0000 0.0000 0.0000 0.0000 0.0000 0.0000 0.0000 0.0000 0.0392 0.0432 0.0460 0.0942 0.2099 0.3904 0.6118 0.8360 1.0306 1.1810 1.2836 1.3357 1.3428 1.3093 1.2448 1.1617 1.0681 0.9701 0.8720 0.7749 0.6813 0.5947 0.5168 0.4457 0.3823 0.3261 0.2767 0.2334 0.1962 0.1651 0.1386 0.1158 0.0962
0.0000 0.0000 0.0000 0.0000 0.0000 0.0000 0.0000 0.0000 0.0000 0.0000 0.0000 0.0000 0.0000 0.0000 0.0000 0.0000 0.0000 0.0129 0.0280 0.0876 0.2049 0.3796 0.5981 0.8294 1.0348 1.1910 1.2942 1.3488 1.3568 1.3265 1.2649 1.1807 1.0847 0.9847 0.8849 0.7881 0.6951 0.6072 0.5268 0.4552 0.3906 0.3339 0.2840 0.2404 0.2025 0.1699 0.1428 0.1197 0.0998 0.0829
0.0000 0.0000 0.0000 0.0000 0.0000 0.0000 0.0000 0.0000 0.0000 0.0000 0.0000 0.0000 0.0000 0.0000 0.0000 0.0000 0.0000 0.0144 0.0747 0.2041 0.3752 0.5820 0.8077 1.0204 1.1859 1.2916 1.3433 1.3516 1.3209 1.2607 1.1790 1.0828 0.9811 0.8806 0.7839 0.6925 0.6066 0.5269 0.4546 0.3907 0.3336 0.2844 0.2413 0.2039 0.1714 0.1436 0.1205 0.1009 0.0840 0.0697
0.0000 0.0000 0.0000 0.0000 0.0000 0.0000 0.0000 0.0000 0.0000 0.0000 0.0000 0.0000 0.0000 0.0000 0.0000 0.0000 0.0000 0.0464 0.1724 0.3644 0.5619 0.7692 0.9735 1.1464 1.2612 1.3146 1.3192 1.2889 1.2295 1.1500 1.0579 0.9582 0.8582 0.7629 0.6735 0.5906 0.5140 0.4439 0.3809 0.3261 0.2777 0.2363 0.2001 0.1686 0.1415 0.1184 0.0992 0.0829 0.0690 0.0572
0.0000 0.0000 0.0000 0.0000 0.0000 0.0000 0.0000 0.0000 0.0000 0.0000 0.0000 0.0000 0.0000 0.0000 0.0000 0.0000 0.0000 0.0976 0.2873 0.5176 0.7107 0.8911 1.0538 1.1763 1.2404 1.2488 1.2173 1.1609 1.0853 0.9985 0.9058 0.8110 0.7196 0.6345 0.5561 0.4845 0.4191 0.3599 0.3073 0.2624 0.2232 0.1897 0.1605 0.1349 0.1130 0.0944 0.0789 0.0659 0.0549 0.0455
0.0000 0.0000 0.0000 0.0000 0.0000 0.0000 0.0000 0.0000 0.0000 0.0000 0.0000 0.0000 0.0000 0.0000 0.0000 0.0000 0.0000 0.1458 0.3744 0.6090 0.7723 0.9089 1.0218 1.0948 1.1172 1.0941 1.0419 0.9742 0.8959 0.8130 0.7290 0.6466 0.5693 0.4985 0.4344 0.3763 0.3238 0.2766 0.2352 0.2003 0.1703 0.1448 0.1223 0.1026 0.0858 0.0715 0.0597 0.0499 0.0415 0.0344
0.0000 0.0000 0.0000 0.0000 0.0000 0.0000 0.0000 0.0000 0.0000 0.0000 0.0000 0.0000 0.0000 0.0000 0.0000 0.0000 0.0000 0.1679 0.3954 0.6002 0.7199 0.8095 0.8766 0.9106 0.9057 0.8680 0.8115 0.7471 0.6780 0.6083 0.5407 0.4760 0.4166 0.3628 0.3146 0.2715 0.2327 0.1980 0.1679 0.1427 0.1213 0.1030 0.0870 0.0729 0.0609 0.0507 0.0423 0.0353 0.0293 0.0243
0.0000 0.0000 0.0000 0.0000 0.0000 0.0000 0.0000 0.0000 0.0000 0.0000 0.0000 0.0000 0.0000 0.0000 0.0000 0.0000 0.0000 0.1514 0.3364 0.4872 0.5623 0.6128 0.6461 0.6559 0.6392 0.6025 0.5557 0.5058 0.4543 0.4038 0.3569 0.3127 0.2724 0.2361 0.2041 0.1759 0.1505 0.1278 0.1082 0.0920 0.0782 0.0663 0.0559 0.0469 0.0391 0.0326 0.0272 0.0227 0.0188 0.0156
0.0000 0.0000 0.0000 0.0000 0.0000 0.0000 0.0000 0.0000 0.0000 0.0000 0.0000 0.0000 0.0000 0.0000 0.0000 0.0000 0.0000 0.1030 0.2201 0.3089 0.3474 0.3706 0.3835 0.3831 0.3679 0.3427 0.3130 0.2826 0.2520 0.2223 0.1958 0.1711 0.1485 0.1284 0.1107 0.0954 0.0815 0.0691 0.0585 0.0497 0.0424 0.0358 0.0302 0.0254 0.0212 0.0176 0.0147 0.0122 0.0102 0.0084
0.0000 0.0000 0.0000 0.0000 0.0000 0.0000 0.0000 0.0000 0.0000 0.0000 0.0000 0.0000 0.0000 0.0000 0.0000 0.0000 0.0000 0.0448 0.0935 0.1287 0.1424 0.1500 0.1534 0.1517 0.1443 0.1334 0.1211 0.1088 0.0965 0.0848 0.0745 0.0650 0.0563 0.0486 0.0418 0.0361 0.0308 0.0261 0.0221 0.0188 0.0160 0.0135 0.0114 0.0096 0.0080 0.0067 0.0056 0.0046 0.0039 0.0032
0.0000 0.0000 0.0000 0.0000 0.0000 0.0000 0.0000 0.0000 0.0000 0.0000 0.0000 0.0000 0.0000 0.0000 0.0000 0.0000 0.0000 0.0054 0.0112 0.0152 0.0167 0.0175 0.0178 0.0174 0.0165 0.0152 0.0138 0.0123 0.0109 0.0096 0.0084 0.0073 0.0063 0.0055 0.0047 0.0040 0.0035 0.0029 0.0025 0.0021 0.0018 0.0015 0.0013 0.0011 0.0009 0.0007 0.0006 0.0005 0.0004 0.0004
