0.0000 0.0000 0.0000 0.0000 0.0000 0.0000 0.0000 0.0000 0.0000 0.0000 0.0000 0.0000 0.0000 0.0000 0.0000 0.0000 0.0000 0.0008 0.0003 0.0005 0.0036 0.0065 0.0058 0.0025 0.0012 0.0045 0.0107 0.0163 0.0183 0.0164 0.0118 0.0066 0.0026 0.0005 0.0004 0.0020 0.0045 0.0074 0.0101 0.0123 0.0138 0.0147 0.0149 0.0146 0.0139 0.0129 0.0117 0.0105 0.0093 0.0081
0.0000 0.0000 0.0000 0.0000 0.0000 0.0000 0.0000 0.0000 0.0000 0.0000 0.0000 0.0000 0.0000 0.0000 0.0000 0.0000 0.0000 0.0023 0.0008 0.0015 0.0110 0.0198 0.0174 0.0075 0.0037 0.0137 0.0325 0.0490 0.0550 0.0492 0.0353 0.0198 0.0076 0.0014 0.0013 0.0060 0.0137 0.0223 0.0303 0.0369 0.0416 0.0441 0.0448 0.0439 0.0417 0.0386 0.0351 0.0315 0.0278 0.0242
0.0000 0.0000 0.0000 0.0000 0.0000 0.0000 0.0000 0.0000 0.0000 0.0000 0.0000 0.0000 0.0000 0.0000 0.0000 0.0000 0.0000 0.0036 0.0010 0.0029 0.0192 0.0336 0.0292 0.0125 0.0067 0.0239 0.0552 0.0823 0.0918 0.0817 0.0583 0.0325 0.0124 0.0022 0.0022 0.0103 0.0231 0.0374 0.0508 0.0617 0.0694 0.0735 0.0746 0.0731 0.0694 0.0642 0.0583 0.0523 0.0462 0.0402
0.0000 0.0000 0.0000 0.0000 0.0000 0.0000 0.0000 0.0000 0.0000 0.0000 0.0000 0.0000 0.0000 0.0000 0.0000 0.0000 0.0000 0.0045 0.0009 0.0050 0.0287 0.0483 0.0411 0.0177 0.0104 0.0354 0.0793 0.1166 0.1288 0.1136 0.0805 0.0443 0.0166 0.0028 0.0033 0.0149 0.0331 0.0531 0.0716 0.0868 0.0974 0.1030 0.1044 0.1022 0.0969 0.0896 0.0814 0.0729 0.0643 0.0560
0.0000 0.0000 0.0000 0.0000 0.0000 0.0000 0.0000 0.0000 0.0000 0.0000 0.0000 0.0000 0.0000 0.0000 0.0000 0.0000 0.0000 0.0049 0.0006 0.0084 0.0403 0.0644 0.0534 0.0232 0.0153 0.0489 0.1053 0.1518 0.1655 0.1444 0.1013 0.0549 0.0200 0.0033 0.0046 0.0201 0.0436 0.0693 0.0930 0.1122 0.1255 0.1325 0.1340 0.1311 0.1242 0.1147 0.1041 0.0932 0.0822 0.0715
0.0000 0.0000 0.0000 0.0000 0.0000 0.0000 0.0000 0.0000 0.0000 0.0000 0.0000 0.0000 0.0000 0.0000 0.0000 0.0000 0.0000 0.0047 0.0004 0.0138 0.0549 0.0826 0.0664 0.0292 0.0215 0.0644 0.1331 0.1877 0.2016 0.1737 0.1201 0.0640 0.0225 0.0034 0.0063 0.0259 0.0550 0.0864 0.1150 0.1381 0.1539 0.1621 0.1636 0.1597 0.1511 0.1394 0.1264 0.1130 0.0997 0.0867
0.0000 0.0000 0.0000 0.0000 0.0000 0.0000 0.0000 0.0000 0.0000 0.0000 0.0000 0.0000 0.0000 0.0000 0.0000 0.0000 0.0000 0.0041 0.0009 0.0223 0.0732 0.1031 0.0802 0.0357 0.0292 0.0819 0.1623 0.2235 0.2360 0.2003 0.1362 0.0708 0.0237 0.0032 0.0083 0.0326 0.0674 0.1044 0.1378 0.1645 0.1826 0.1916 0.1929 0.1880 0.1775 0.1636 0.1481 0.1324 0.1166 0.1014
0.0000 0.0000 0.0000 0.0000 0.0000 0.0000 0.0000 0.0000 0.0000 0.0000 0.0000 0.0000 0.0000 0.0000 0.0000 0.0000 0.0000 0.0034 0.0029 0.0350 0.0961 0.1263 0.0946 0.0425 0.0379 0.1007 0.1918 0.2578 0.2672 0.2229 0.1486 0.0749 0.0234 0.0027 0.0109 0.0404 0.0811 0.1236 0.1615 0.1915 0.2115 0.2211 0.2219 0.2158 0.2034 0.1872 0.1692 0.1511 0.1330 0.1155
0.0000 0.0000 0.0000 0.0000 0.0000 0.0000 0.0000 0.0000 0.0000 0.0000 0.0000 0.0000 0.0000 0.0000 0.0000 0.0000 0.0000 0.0030 0.0076 0.0528 0.1235 0.1512 0.1087 0.0488 0.0469 0.1196 0.2198 0.2885 0.2933 0.2399 0.1561 0.0756 0.0215 0.0020 0.0144 0.0496 0.0964 0.1442 0.1863 0.2192 0.2407 0.2506 0.2507 0.2431 0.2286 0.2101 0.1897 0.1691 0.1487 0.1291
0.0000 0.0000 0.0000 0.0000 0.0000 0.0000 0.0000 0.0000 0.0000 0.0000 0.0000 0.0000 0.0000 0.0000 0.0000 0.0000 0.0000 0.0038 0.0162 0.0760 0.1542 0.1758 0.1204 0.0530 0.0545 0.1368 0.2442 0.3133 0.3120 0.2496 0.1575 0.0724 0.0178 0.0014 0.0192 0.0609 0.1138 0.1668 0.2127 0.2479 0.2705 0.2802 0.2792 0.2699 0.2532 0.2322 0.2093 0.1864 0.1637 0.1420
0.0000 0.0000 0.0000 0.0000 0.0000 0.0000 0.0000 0.0000 0.0000 0.0000 0.0000 0.0000 0.0000 0.0000 0.0000 0.0000 0.0000 0.0065 0.0291 0.1031 0.1847 0.1962 0.1264 0.0528 0.0592 0.1507 0.2633 0.3303 0.3216 0.2506 0.1523 0.0652 0.0128 0.0016 0.0263 0.0751 0.1344 0.1922 0.2414 0.2785 0.3014 0.3105 0.3080 0.2967 0.2776 0.2539 0.2284 0.2032 0.1782 0.1543
0.0000 0.0000 0.0000 0.0000 0.0000 0.0000 0.0000 0.0000 0.0000 0.0000 0.0000 0.0000 0.0000 0.0000 0.0000 0.0000 0.0000 0.0117 0.0457 0.1305 0.2092 0.2060 0.1220 0.0457 0.0602 0.1612 0.2770 0.3394 0.3221 0.2431 0.1410 0.0548 0.0074 0.0038 0.0368 0.0935 0.1592 0.2215 0.2734 0.3117 0.3344 0.3422 0.3378 0.3240 0.3021 0.2755 0.2474 0.2197 0.1924 0.1665
0.0000 0.0000 0.0000 0.0000 0.0000 0.0000 0.0000 0.0000 0.0000 0.0000 0.0000 0.0000 0.0000 0.0000 0.0000 0.0000 0.0000 0.0194 0.0631 0.1511 0.2185 0.1973 0.1027 0.0309 0.0593 0.1713 0.2883 0.3434 0.3159 0.2293 0.1254 0.0430 0.0034 0.0094 0.0521 0.1171 0.1890 0.2552 0.3091 0.3476 0.3694 0.3752 0.3683 0.3515 0.3264 0.2968 0.2659 0.2356 0.2060 0.1780
0.0000 0.0000 0.0000 0.0000 0.0000 0.0000 0.0000 0.0000 0.0000 0.0000 0.0000 0.0000 0.0000 0.0000 0.0000 0.0000 0.0000 0.0281 0.0754 0.1553 0.2035 0.1644 0.0680 0.0133 0.0650 0.1909 0.3071 0.3511 0.3105 0.2154 0.1103 0.0333 0.0031 0.0201 0.0731 0.1465 0.2242 0.2935 0.3483 0.3863 0.4061 0.4094 0.3993 0.3792 0.3505 0.3175 0.2839 0.2510 0.2190 0.1889
0.0000 0.0000 0.0000 0.0000 0.0000 0.0000 0.0000 0.0000 0.0000 0.0000 0.0000 0.0000 0.0000 0.0000 0.0000 0.0000 0.0000 0.0347 0.0753 0.1353 0.1603 0.1100 0.0272 0.0073 0.0942 0.2373 0.3496 0.3767 0.3174 0.2099 0.1015 0.0291 0.0081 0.0359 0.0990 0.1802 0.2629 0.3345 0.3896 0.4262 0.4435 0.4436 0.4300 0.4062 0.3738 0.3374 0.3009 0.2655 0.2312 0.1991
0.0000 0.0000 0.0000 0.0000 0.0000 0.0000 0.0000 0.0000 0.0000 0.0000 0.0000 0.0000 0.0000 0.0000 0.0000 0.0000 0.0000 0.0347 0.0574 0.0928 0.1012 0.0547 0.0056 0.0379 0.1692 0.3295 0.4312 0.4325 0.3460 0.2191 0.1024 0.0309 0.0168 0.0537 0.1256 0.2137 0.3006 0.3739 0.4287 0.4638 0.4784 0.4754 0.4583 0.4309 0.3949 0.3553 0.3162 0.2784 0.2421 0.2082
0.0000 0.0000 0.0000 0.0000 0.0000 0.0000 0.0000 0.0000 0.0000 0.0000 0.0000 0.0000 0.0000 0.0000 0.0000 0.0000 0.0000 0.0249 0.0269 0.0534 0.0683 0.0456 0.0422 0.1286 0.2968 0.4618 0.5405 0.5055 0.3843 0.2329 0.1043 0.0313 0.0221 0.0667 0.1463 0.2405 0.3313 0.4062 0.4611 0.4948 0.5072 0.5016 0.4817 0.4512 0.4122 0.3699 0.3287 0.2890 0.2509 0.2155
0.0000 0.0000 0.0000 0.0000 0.0000 0.0000 0.0000 0.0000 0.0000 0.0000 0.0000 0.0000 0.0000 0.0000 0.0000 0.0000 0.0000 0.0081 0.0120 0.0810 0.1395 0.1449 0.1577 0.2476 0.4015 0.5356 0.5764 0.5072 0.3633 0.2032 0.0775 0.0145 0.0182 0.0751 0.1647 0.2657 0.3602 0.4363 0.4906 0.5227 0.5326 0.5243 0.5016 0.4683 0.4264 0.3817 0.3388 0.2974 0.2579 0.2213
0.0000 0.0000 0.0000 0.0000 0.0000 0.0000 0.0000 0.0000 0.0000 0.0000 0.0000 0.0000 0.0000 0.0000 0.0000 0.0000 0.0000 0.0033 0.0710 0.2385 0.3144 0.2438 0.1247 0.0780 0.1329 0.2241 0.2738 0.2511 0.1750 0.0884 0.0307 0.0229 0.0662 0.1481 0.2503 0.3543 0.4452 0.5136 0.5586 0.5810 0.5817 0.5650 0.5348 0.4951 0.4480 0.3991 0.3526 0.3085 0.2668 0.2284
0.0000 0.0000 0.0000 0.0000 0.0000 0.0000 0.0000 0.0000 0.0000 0.0000 0.0000 0.0000 0.0000 0.0000 0.0000 0.0000 0.0000 0.0072 0.1040 0.2680 0.2999 0.1990 0.0892 0.0758 0.1572 0.2517 0.2873 0.2471 0.1610 0.0758 0.0287 0.0361 0.0945 0.1886 0.2986 0.4061 0.4966 0.5617 0.6018 0.6189 0.6142 0.5922 0.5572 0.5132 0.4628 0.4112 0.3623 0.3162 0.2730 0.2333
0.0000 0.0000 0.0000 0.0000 0.0000 0.0000 0.0000 0.0000 0.0000 0.0000 0.0000 0.0000 0.0000 0.0000 0.0000 0.0000 0.0000 0.0168 0.1388 0.2836 0.2676 0.1477 0.0609 0.0866 0.1908 0.2818 0.2983 0.2395 0.1456 0.0651 0.0316 0.0560 0.1300 0.2357 0.3524 0.4618 0.5503 0.6108 0.6448 0.6557 0.6451 0.6175 0.5774 0.5292 0.4757 0.4214 0.3702 0.3225 0.2778 0.2370
0.0000 0.0000 0.0000 0.0000 0.0000 0.0000 0.0000 0.0000 0.0000 0.0000 0.0000 0.0000 0.0000 0.0000 0.0000 0.0000 0.0000 0.0317 0.1702 0.2804 0.2194 0.0964 0.0460 0.1128 0.2332 0.3124 0.3053 0.2283 0.1296 0.0576 0.0407 0.0836 0.1732 0.2894 0.4113 0.5208 0.6057 0.6601 0.6869 0.6908 0.6740 0.6403 0.5952 0.5428 0.4862 0.4296 0.3763 0.3271 0.2813 0.2396
0.0000 0.0000 0.0000 0.0000 0.0000 0.0000 0.0000 0.0000 0.0000 0.0000 0.0000 0.0000 0.0000 0.0000 0.0000 0.0000 0.0000 0.0500 0.1917 0.2558 0.1603 0.0532 0.0501 0.1555 0.2821 0.3409 0.3070 0.2133 0.1141 0.0549 0.0575 0.1197 0.2244 0.3497 0.4747 0.5825 0.6619 0.7088 0.7275 0.7237 0.7002 0.6605 0.6102 0.5537 0.4944 0.4357 0.3805 0.3299 0.2832 0.2408
0.0000 0.0000 0.0000 0.0000 0.0000 0.0000 0.0000 0.0000 0.0000 0.0000 0.0000 0.0000 0.0000 0.0000 0.0000 0.0000 0.0000 0.0685 0.1976 0.2109 0.0989 0.0272 0.0772 0.2133 0.3337 0.3639 0.3019 0.1952 0.1008 0.0588 0.0832 0.1653 0.2839 0.4163 0.5423 0.6461 0.7185 0.7568 0.7666 0.7547 0.7240 0.6782 0.6230 0.5624 0.5003 0.4395 0.3828 0.3312 0.2837 0.2408
0.0000 0.0000 0.0000 0.0000 0.0000 0.0000 0.0000 0.0000 0.0000 0.0000 0.0000 0.0000 0.0000 0.0000 0.0000 0.0000 0.0000 0.0829 0.1841 0.1515 0.0463 0.0263 0.1285 0.2823 0.3829 0.3780 0.2891 0.1749 0.0914 0.0710 0.1192 0.2207 0.3515 0.4886 0.6130 0.7107 0.7745 0.8032 0.8037 0.7833 0.7451 0.6934 0.6334 0.5689 0.5040 0.4412 0.3832 0.3307 0.2827 0.2396
0.0000 0.0000 0.0000 0.0000 0.0000 0.0000 0.0000 0.0000 0.0000 0.0000 0.0000 0.0000 0.0000 0.0000 0.0000 0.0000 0.0000 0.0889 0.1514 0.0880 0.0146 0.0560 0.2014 0.3556 0.4234 0.3799 0.2684 0.1542 0.0881 0.0934 0.1663 0.2861 0.4266 0.5655 0.6854 0.7748 0.8283 0.8464 0.8370 0.8078 0.7620 0.7047 0.6402 0.5722 0.5047 0.4403 0.3814 0.3284 0.2802 0.2370
0.0000 0.0000 0.0000 0.0000 0.0000 0.0000 0.0000 0.0000 0.0000 0.0000 0.0000 0.0000 0.0000 0.0000 0.0000 0.0000 0.0000 0.0837 0.1051 0.0344 0.0140 0.1170 0.2890 0.4243 0.4487 0.3673 0.2409 0.1355 0.0937 0.1277 0.2253 0.3613 0.5083 0.6456 0.7582 0.8370 0.8787 0.8854 0.8656 0.8276 0.7744 0.7116 0.6430 0.5720 0.5025 0.4368 0.3774 0.3242 0.2760 0.2331
0.0000 0.0000 0.0000 0.0000 0.0000 0.0000 0.0000 0.0000 0.0000 0.0000 0.0000 0.0000 0.0000 0.0000 0.0000 0.0000 0.0000 0.0672 0.0554 0.0052 0.0507 0.2042 0.3801 0.4780 0.4534 0.3398 0.2092 0.1225 0.1110 0.1755 0.2966 0.4454 0.5952 0.7274 0.8297 0.8959 0.9245 0.9191 0.8888 0.8419 0.7817 0.7140 0.6418 0.5681 0.4971 0.4307 0.3712 0.3180 0.2703 0.2278
0.0000 0.0000 0.0000 0.0000 0.0000 0.0000 0.0000 0.0000 0.0000 0.0000 0.0000 0.0000 0.0000 0.0000 0.0000 0.0000 0.0000 0.0433 0.0161 0.0121 0.1235 0.3063 0.4610 0.5072 0.4342 0.2994 0.1776 0.1195 0.1432 0.2387 0.3803 0.5376 0.6857 0.8093 0.8988 0.9509 0.9653 0.9469 0.9052 0.8494 0.7824 0.7098 0.6346 0.5597 0.4882 0.4220 0.3630 0.3104 0.2633 0.2217
0.0000 0.0000 0.0000 0.0000 0.0000 0.0000 0.0000 0.0000 0.0000 0.0000 0.0000 0.0000 0.0000 0.0000 0.0000 0.0000 0.0000 0.0190 0.0006 0.0598 0.2227 0.4063 0.5168 0.5044 0.3915 0.2508 0.1518 0.1311 0.1928 0.3177 0.4755 0.6359 0.7777 0.8888 0.9631 0.9994 0.9990 0.9674 0.9146 0.8504 0.7774 0.7006 0.6231 0.5475 0.4763 0.4107 0.3526 0.3010 0.2549 0.2143
0.0000 0.0000 0.0000 0.0000 0.0000 0.0000 0.0000 0.0000 0.0000 0.0000 0.0000 0.0000 0.0000 0.0000 0.0000 0.0000 0.0000 0.0029 0.0179 0.1428 0.3307 0.4851 0.5352 0.4671 0.3301 0.2016 0.1389 0.1620 0.2620 0.4125 0.5805 0.7379 0.8685 0.9637 1.0204 1.0399 1.0242 0.9797 0.9164 0.8446 0.7663 0.6862 0.6073 0.5317 0.4612 0.3968 0.3400 0.2897 0.2450 0.2057
0.0000 0.0000 0.0000 0.0000 0.0000 0.0000 0.0000 0.0000 0.0000 0.0000 0.0000 0.0000 0.0000 0.0000 0.0000 0.0000 0.0000 0.0022 0.0682 0.2450 0.4246 0.5249 0.5097 0.3993 0.2596 0.1621 0.1466 0.2166 0.3519 0.5219 0.6928 0.8408 0.9554 1.0314 1.0688 1.0708 1.0399 0.9831 0.9103 0.8318 0.7493 0.6668 0.5872 0.5123 0.4432 0.3805 0.3255 0.2769 0.2337 0.1960
0.0000 0.0000 0.0000 0.0000 0.0000 0.0000 0.0000 0.0000 0.0000 0.0000 0.0000 0.0000 0.0000 0.0000 0.0000 0.0000 0.0000 0.0200 0.1414 0.3431 0.4825 0.5150 0.4433 0.3131 0.1945 0.1443 0.1828 0.2983 0.4624 0.6431 0.8098 0.9435 1.0377 1.0918 1.1081 1.0916 1.0457 0.9778 0.8979 0.8146 0.7294 0.6456 0.5658 0.4915 0.4238 0.3629 0.3097 0.2629 0.2216 0.1856
0.0000 0.0000 0.0000 0.0000 0.0000 0.0000 0.0000 0.0000 0.0000 0.0000 0.0000 0.0000 0.0000 0.0000 0.0000 0.0000 0.0000 0.0527 0.2181 0.4100 0.4869 0.4538 0.3465 0.2243 0.1495 0.1587 0.2526 0.4075 0.5908 0.7719 0.9263 1.0397 1.1098 1.1399 1.1346 1.1000 1.0402 0.9625 0.8768 0.7902 0.7033 0.6193 0.5403 0.4674 0.4017 0.3431 0.2921 0.2475 0.2083 0.1743
0.0000 0.0000 0.0000 0.0000 0.0000 0.0000 0.0000 0.0000 0.0000 0.0000 0.0000 0.0000 0.0000 0.0000 0.0000 0.0000 0.0000 0.0904 0.2746 0.4248 0.4336 0.3531 0.2401 0.1542 0.1410 0.2144 0.3585 0.5419 0.7319 0.9025 1.0368 1.1248 1.1678 1.1730 1.1465 1.0949 1.0227 0.9369 0.8471 0.7585 0.6712 0.5882 0.5110 0.4401 0.3771 0.3213 0.2729 0.2308 0.1940 0.1621
0.0000 0.0000 0.0000 0.0000 0.0000 0.0000 0.0000 0.0000 0.0000 0.0000 0.0000 0.0000 0.0000 0.0000 0.0000 0.0000 0.0000 0.1198 0.2913 0.3806 0.3345 0.2372 0.1513 0.1251 0.1825 0.3161 0.4986 0.6963 0.8800 1.0302 1.1373 1.1957 1.2102 1.1906 1.1440 1.0772 0.9947 0.9026 0.8101 0.7208 0.6344 0.5533 0.4787 0.4108 0.3509 0.2981 0.2526 0.2134 0.1791 0.1495
0.0000 0.0000 0.0000 0.0000 0.0000 0.0000 0.0000 0.0000 0.0000 0.0000 0.0000 0.0000 0.0000 0.0000 0.0000 0.0000 0.0000 0.1293 0.2605 0.2885 0.2163 0.1378 0.1072 0.1544 0.2807 0.4621 0.6661 0.8621 1.0275 1.1495 1.2234 1.2492 1.2353 1.1921 1.1273 1.0477 0.9572 0.8610 0.7670 0.6782 0.5938 0.5155 0.4442 0.3800 0.3234 0.2739 0.2317 0.1954 0.1638 0.1366
0.0000 0.0000 0.0000 0.0000 0.0000 0.0000 0.0000 0.0000 0.0000 0.0000 0.0000 0.0000 0.0000 0.0000 0.0000 0.0000 0.0000 0.1138 0.1908 0.1762 0.1145 0.0866 0.1289 0.2503 0.4327 0.6419 0.8471 1.0251 1.1602 1.2471 1.2844 1.2771 1.2365 1.1722 1.0921 1.0028 0.9071 0.8092 0.7158 0.6291 0.5482 0.4738 0.4068 0.3470 0.2943 0.2485 0.2099 0.1767 0.1480 0.1232
0.0000 0.0000 0.0000 0.0000 0.0000 0.0000 0.0000 0.0000 0.0000 0.0000 0.0000 0.0000 0.0000 0.0000 0.0000 0.0000 0.0000 0.0789 0.1072 0.0830 0.0655 0.1079 0.2256 0.4083 0.6246 0.8379 1.0239 1.1693 1.2656 1.3134 1.3136 1.2753 1.2111 1.1296 1.0381 0.9426 0.8447 0.7479 0.6572 0.5744 0.4982 0.4288 0.3668 0.3121 0.2638 0.2221 0.1873 0.1575 0.1317 0.1095
0.0000 0.0000 0.0000 0.0000 0.0000 0.0000 0.0000 0.0000 0.0000 0.0000 0.0000 0.0000 0.0000 0.0000 0.0000 0.0000 0.0000 0.0392 0.0434 0.0463 0.0946 0.2103 0.3908 0.6122 0.8363 1.0309 1.1812 1.2837 1.3358 1.3429 1.3093 1.2449 1.1617 1.0681 0.9701 0.8720 0.7749 0.6813 0.5947 0.5168 0.4457 0.3823 0.3261 0.2767 0.2334 0.1962 0.1651 0.1386 0.1158 0.0962
0.0000 0.0000 0.0000 0.0000 0.0000 0.0000 0.0000 0.0000 0.0000 0.0000 0.0000 0.0000 0.0000 0.0000 0.0000 0.0000 0.0000 0.0130 0.0282 0.0879 0.2051 0.3799 0.5984 0.8296 1.0349 1.1911 1.2942 1.3488 1.3568 1.3265 1.2649 1.1806 1.0846 0.9847 0.8848 0.7881 0.6951 0.6072 0.5268 0.4552 0.3906 0.3339 0.2840 0.2404 0.2025 0.1699 0.1428 0.1197 0.0998 0.0829
0.0000 0.0000 0.0000 0.0000 0.0000 0.0000 0.0000 0.0000 0.0000 0.0000 0.0000 0.0000 0.0000 0.0000 0.0000 0.0000 0.0000 0.0144 0.0749 0.2043 0.3754 0.5821 0.8078 1.0205 1.1859 1.2916 1.3433 1.3516 1.3208 1.2606 1.1790 1.0828 0.9810 0.8806 0.7839 0.6925 0.6066 0.5269 0.4546 0.3907 0.3336 0.2843 0.2413 0.2038 0.1714 0.1436 0.1205 0.1009 0.0840 0.0697
0.0000 0.0000 0.0000 0.0000 0.0000 0.0000 0.0000 0.0000 0.0000 0.0000 0.0000 0.0000 0.0000 0.0000 0.0000 0.0000 0.0000 0.0465 0.1724 0.3644 0.5619 0.7692 0.9735 1.1464 1.2611 1.3145 1.3191 1.2889 1.2294 1.1500 1.0578 0.9582 0.8582 0.7628 0.6735 0.5906 0.5140 0.4439 0.3809 0.3261 0.2777 0.2362 0.2001 0.1686 0.1415 0.1184 0.0992 0.0829 0.0690 0.0572
0.0000 0.0000 0.0000 0.0000 0.0000 0.0000 0.0000 0.0000 0.0000 0.0000 0.0000 0.0000 0.0000 0.0000 0.0000 0.0000 0.0000 0.0976 0.2873 0.5176 0.7107 0.8911 1.0537 1.1762 1.2403 1.2487 1.2172 1.1608 1.0853 0.9984 0.9057 0.8110 0.7196 0.6344 0.5561 0.4845 0.4191 0.3599 0.3073 0.2624 0.2232 0.1897 0.1605 0.1349 0.1130 0.0944 0.0789 0.0659 0.0549 0.0455
0.0000 0.0000 0.0000 0.0000 0.0000 0.0000 0.0000 0.0000 0.0000 0.0000 0.0000 0.0000 0.0000 0.0000 0.0000 0.0000 0.0000 0.1458 0.3744 0.6089 0.7722 0.9088 1.0217 1.0948 1.1172 1.0941 1.0418 0.9741 0.8958 0.8129 0.7290 0.6465 0.5693 0.4985 0.4343 0.3763 0.3238 0.2766 0.2352 0.2003 0.1703 0.1448 0.1223 0.1026 0.0858 0.0715 0.0597 0.0499 0.0415 0.0344
0.0000 0.0000 0.0000 0.0000 0.0000 0.0000 0.0000 0.0000 0.0000 0.0000 0.0000 0.0000 0.0000 0.0000 0.0000 0.0000 0.0000 0.1678 0.3953 0.6001 0.7199 0.8095 0.8766 0.9105 0.9056 0.8679 0.8115 0.7470 0.6779 0.6083 0.5407 0.4760 0.4166 0.3627 0.3145 0.2715 0.2326 0.1980 0.1679 0.1427 0.1213 0.1030 0.0870 0.0729 0.0608 0.0507 0.0423 0.0353 0.0293 0.0243
0.0000 0.0000 0.0000 0.0000 0.0000 0.0000 0.0000 0.0000 0.0000 0.0000 0.0000 0.0000 0.0000 0.0000 0.0000 0.0000 0.0000 0.1514 0.3363 0.4872 0.5623 0.6128 0.6460 0.6559 0.6392 0.6025 0.5557 0.5058 0.4543 0.4037 0.3568 0.3127 0.2724 0.2361 0.2041 0.1759 0.1505 0.1278 0.1082 0.0920 0.0782 0.0663 0.0559 0.0469 0.0391 0.0326 0.0272 0.0227 0.0188 0.0156
0.0000 0.0000 0.0000 0.0000 0.0000 0.0000 0.0000 0.0000 0.0000 0.0000 0.0000 0.0000 0.0000 0.0000 0.0000 0.0000 0.0000 0.1030 0.2201 0.3089 0.3474 0.3706 0.3835 0.3831 0.3679 0.3427 0.3130 0.2826 0.2520 0.2223 0.1958 0.1711 0.1485 0.1284 0.1107 0.0954 0.0815 0.0691 0.0585 0.0497 0.0424 0.0358 0.0302 0.0253 0.0212 0.0176 0.0147 0.0122 0.0102 0.0084
0.0000 0.0000 0.0000 0.0000 0.0000 0.0000 0.0000 0.0000 0.0000 0.0000 0.0000 0.0000 0.0000 0.0000 0.0000 0.0000 0.0000 0.0448 0.0935 0.1287 0.1424 0.1500 0.1534 0.1517 0.1443 0.1334 0.1211 0.1088 0.0965 0.0848 0.0745 0.0650 0.0563 0.0486 0.0418 0.0361 0.0308 0.0261 0.0221 0.0188 0.0160 0.0135 0.0114 0.0096 0.0080 0.0067 0.0056 0.0046 0.0039 0.0032
0.0000 0.0000 0.0000 0.0000 0.0000 0.0000 0.0000 0.0000 0.0000 0.0000 0.0000 0.0000 0.0000 0.0000 0.0000 0.0000 0.0000 0.0054 0.0112 0.0152 0.0167 0.0175 0.0178 0.0174 0.0165 0.0152 0.0138 0.0123 0.0109 0.0096 0.0084 0.0073 0.0063 0.0055 0.0047 0.0040 0.0035 0.0029 0.0025 0.0021 0.0018 0.0015 0.0013 0.0011 0.0009 0.0007 0.0006 0.0005 0.0004 0.0004
