0.1260 0.0672 0.0065 0.0635 0.1420 0.0223 0.0838 0.0755 0.0512 0.0673 0.0725 0.0186 0.1013 0.0192 0.0316 0.0845 0.0315 0.0041 0.0460 0.0642 0.0328 0.0035 0.0082 0.0310 0.0441 0.0387 0.0224 0.0076 0.0010 0.0028 0.0092 0.0161 0.0209 0.0224 0.0214 0.0183 0.0144 0.0105 0.0070 0.0043 0.0023 0.0011 0.0005 0.0002 0.0003 0.0006 0.0010 0.0014 0.0017 0.0020
0.3904 0.2169 0.0227 0.1781 0.4277 0.0743 0.2422 0.2349 0.1464 0.2084 0.2116 0.0596 0.3036 0.0548 0.0981 0.2534 0.0921 0.0130 0.1398 0.1923 0.0968 0.0099 0.0255 0.0939 0.1325 0.1155 0.0666 0.0222 0.0029 0.0086 0.0279 0.0487 0.0628 0.0673 0.0641 0.0548 0.0431 0.0314 0.0210 0.0128 0.0069 0.0033 0.0013 0.0007 0.0010 0.0018 0.0029 0.0041 0.0051 0.0061
0.6870 0.4121 0.0526 0.2566 0.7149 0.1498 0.3725 0.4187 0.2200 0.3689 0.3335 0.1121 0.5045 0.0821 0.1745 0.4216 0.1451 0.0246 0.2391 0.3190 0.1561 0.0150 0.0451 0.1595 0.2215 0.1910 0.1088 0.0357 0.0047 0.0149 0.0475 0.0821 0.1052 0.1123 0.1067 0.0910 0.0714 0.0519 0.0346 0.0210 0.0114 0.0053 0.0022 0.0012 0.0017 0.0031 0.0049 0.0069 0.0086 0.0103
1.0205 0.6815 0.1187 0.2799 0.9942 0.2698 0.4558 0.6413 0.2597 0.5608 0.4260 0.1855 0.7006 0.0969 0.2679 0.5874 0.1859 0.0413 0.3472 0.4431 0.2079 0.0181 0.0689 0.2296 0.3114 0.2640 0.1478 0.0470 0.0062 0.0224 0.0688 0.1169 0.1485 0.1576 0.1490 0.1267 0.0990 0.0717 0.0476 0.0288 0.0155 0.0072 0.0030 0.0017 0.0025 0.0044 0.0070 0.0097 0.0122 0.0145
1.3645 1.0419 0.2603 0.2406 1.2409 0.4603 0.4757 0.9125 0.2573 0.7931 0.4774 0.2911 0.8851 0.0974 0.3854 0.7474 0.2106 0.0665 0.4671 0.5624 0.2491 0.0192 0.0987 0.3057 0.4021 0.3335 0.1823 0.0556 0.0074 0.0315 0.0922 0.1536 0.1930 0.2032 0.1910 0.1615 0.1257 0.0906 0.0599 0.0360 0.0193 0.0089 0.0036 0.0022 0.0033 0.0059 0.0092 0.0127 0.0159 0.0188
1.6473 1.4788 0.5291 0.1557 1.4122 0.7475 0.4242 1.2318 0.2135 1.0692 0.4784 0.4416 1.0471 0.0851 0.5340 0.8959 0.2164 0.1051 0.6009 0.6739 0.2769 0.0189 0.1370 0.3892 0.4932 0.3980 0.2109 0.0609 0.0087 0.0428 0.1186 0.1927 0.2387 0.2490 0.2323 0.1953 0.1511 0.1084 0.0712 0.0425 0.0225 0.0103 0.0042 0.0027 0.0042 0.0075 0.0116 0.0159 0.0198 0.0233
1.7527 1.9192 0.9708 0.0813 1.4522 1.1469 0.3114 1.5819 0.1427 1.3821 0.4249 0.6494 1.1708 0.0666 0.7193 1.0243 0.2024 0.1633 0.7493 0.7735 0.2893 0.0187 0.1862 0.4811 0.5838 0.4558 0.2326 0.0627 0.0103 0.0570 0.1485 0.2346 0.2859 0.2948 0.2728 0.2277 0.1750 0.1246 0.0813 0.0481 0.0252 0.0114 0.0047 0.0032 0.0053 0.0093 0.0142 0.0193 0.0238 0.0280
1.5606 2.2167 1.5843 0.1195 1.3098 1.6444 0.1764 1.9209 0.0799 1.7087 0.3241 0.9227 1.2370 0.0549 0.9431 1.1209 0.1707 0.2484 0.9114 0.8559 0.2846 0.0213 0.2491 0.5818 0.6725 0.5053 0.2462 0.0608 0.0129 0.0749 0.1825 0.2795 0.3344 0.3406 0.3120 0.2582 0.1969 0.1392 0.0900 0.0527 0.0273 0.0121 0.0050 0.0038 0.0065 0.0113 0.0171 0.0229 0.0281 0.0328
1.0461 2.1830 2.2676 0.4035 0.9745 2.1745 0.0960 2.1801 0.0822 2.0059 0.1994 1.2609 1.2263 0.0697 1.2015 1.1720 0.1273 0.3682 1.0833 0.9152 0.2628 0.0305 0.3285 0.6910 0.7573 0.5445 0.2511 0.0556 0.0174 0.0973 0.2213 0.3278 0.3843 0.3858 0.3496 0.2866 0.2167 0.1518 0.0972 0.0561 0.0286 0.0125 0.0053 0.0045 0.0079 0.0136 0.0202 0.0268 0.0327 0.0380
0.4060 1.6977 2.7852 1.0388 0.5237 2.6070 0.1794 2.2718 0.2237 2.2100 0.0961 1.6478 1.1246 0.1373 1.4814 1.1633 0.0833 0.5298 1.2580 0.9444 0.2255 0.0515 0.4269 0.8076 0.8353 0.5714 0.2466 0.0478 0.0248 0.1253 0.2653 0.3794 0.4353 0.4303 0.3852 0.3125 0.2339 0.1621 0.1026 0.0585 0.0292 0.0126 0.0055 0.0054 0.0096 0.0162 0.0237 0.0311 0.0376 0.0434
0.1080 0.8782 2.8239 1.9950 0.1574 2.7637 0.5405 2.1134 0.5763 2.2485 0.0810 2.0473 0.9318 0.2871 1.7612 1.0854 0.0557 0.7383 1.4258 0.9383 0.1767 0.0906 0.5470 0.9306 0.9046 0.5849 0.2332 0.0385 0.0365 0.1601 0.3156 0.4352 0.4879 0.4744 0.4191 0.3361 0.2488 0.1705 0.1065 0.0597 0.0292 0.0124 0.0057 0.0064 0.0116 0.0192 0.0276 0.0358 0.0429 0.0491
0.6882 0.1954 2.1915 2.9974 0.1760 2.4859 1.2396 1.6717 1.1761 2.0608 0.2332 2.3979 0.6680 0.5478 2.0105 0.9373 0.0665 0.9936 1.5721 0.8918 0.1231 0.1551 0.6907 1.0578 0.9625 0.5838 0.2114 0.0295 0.0546 0.2032 0.3733 0.4959 0.5427 0.5185 0.4516 0.3577 0.2616 0.1770 0.1089 0.0599 0.0287 0.0119 0.0060 0.0077 0.0140 0.0226 0.0320 0.0410 0.0486 0.0554
2.2179 0.3345 1.0827 3.5502 0.8403 1.7534 2.2074 1.0212 1.9787 1.6305 0.6200 2.6110 0.3805 0.9374 2.1889 0.7296 0.1412 1.2851 1.6743 0.8003 0.0741 0.2523 0.8562 1.1820 1.0026 0.5655 0.1819 0.0229 0.0808 0.2558 0.4384 0.5607 0.5985 0.5614 0.4816 0.3763 0.2716 0.1812 0.1097 0.0591 0.0276 0.0114 0.0065 0.0093 0.0168 0.0266 0.0369 0.0467 0.0549 0.0620
3.7828 1.6630 0.1988 3.1912 2.1223 0.8076 3.1909 0.3888 2.8230 1.0261 1.2611 2.5968 0.1511 1.4516 2.2559 0.4916 0.3049 1.5958 1.7143 0.6683 0.0436 0.3880 1.0394 1.2957 1.0199 0.5292 0.1469 0.0215 0.1175 0.3190 0.5112 0.6293 0.6546 0.6023 0.5085 0.3915 0.2786 0.1830 0.1087 0.0572 0.0259 0.0107 0.0071 0.0114 0.0202 0.0312 0.0424 0.0529 0.0616 0.0691
3.8938 3.5466 0.4598 1.9141 3.5305 0.1666 3.7760 0.1182 3.4487 0.4310 2.0901 2.2962 0.0845 2.0442 2.1696 0.2672 0.5804 1.9077 1.6840 0.5110 0.0481 0.5651 1.2320 1.3895 1.0099 0.4755 0.1095 0.0287 0.1669 0.3937 0.5913 0.7007 0.7100 0.6402 0.5314 0.4028 0.2821 0.1821 0.1059 0.0542 0.0239 0.0101 0.0081 0.0140 0.0242 0.0364 0.0486 0.0598 0.0689 0.0767
2.0958 4.3964 2.1478 0.5263 4.2178 0.4045 3.5568 0.5186 3.5973 0.1247 2.9301 1.7237 0.2837 2.6202 1.8993 0.1122 0.9803 2.1997 1.5845 0.3517 0.1050 0.7830 1.4238 1.4544 0.9697 0.4068 0.0741 0.0481 0.2308 0.4799 0.6778 0.7733 0.7628 0.6735 0.5491 0.4090 0.2815 0.1781 0.1010 0.0501 0.0214 0.0096 0.0096 0.0173 0.0291 0.0425 0.0557 0.0675 0.0770 0.0850
0.2717 3.0877 4.1909 0.2677 3.5841 1.7371 2.4533 1.6574 3.0891 0.3531 3.5588 1.0285 0.8104 3.0500 1.4574 0.0921 1.4841 2.4204 1.4035 0.2090 0.2315 1.0458 1.6123 1.4896 0.9031 0.3294 0.0467 0.0838 0.3108 0.5773 0.7690 0.8453 0.8112 0.7007 0.5603 0.4096 0.2764 0.1710 0.0942 0.0451 0.0187 0.0094 0.0118 0.0215 0.0349 0.0496 0.0637 0.0760 0.0858 0.0939
0.9920 0.8562 4.6651 1.7821 1.8696 3.6060 1.0477 3.2115 1.9664 1.1929 3.7380 0.4320 1.6384 3.2151 0.9276 0.2781 2.0370 2.4947 1.1205 0.0969 0.4390 1.3521 1.7916 1.4933 0.8141 0.2503 0.0336 0.1395 0.4080 0.6852 0.8634 0.9147 0.8539 0.7210 0.5650 0.4048 0.2672 0.1611 0.0859 0.0395 0.0162 0.0099 0.0149 0.0266 0.0417 0.0577 0.0725 0.0854 0.0952 0.1035
4.0380 0.3457 2.8552 4.1898 0.3167 4.8458 0.1632 4.4415 0.7500 2.5245 3.2317 0.1092 2.5913 3.0149 0.4321 0.6946 2.5468 2.3847 0.7808 0.0588 0.7136 1.6438 1.8993 1.4243 0.6859 0.1673 0.0368 0.2153 0.5195 0.7986 0.9551 0.9762 0.8866 0.7317 0.5614 0.3938 0.2540 0.1488 0.0765 0.0337 0.0141 0.0111 0.0189 0.0329 0.0497 0.0668 0.0823 0.0955 0.1055 0.1137
5.3925 3.0464 0.4693 5.3046 0.6491 4.3839 0.7794 4.5997 0.1393 3.9483 2.1672 0.4226 3.5204 2.4360 0.1219 1.3698 2.9721 2.1060 0.4472 0.1499 1.0879 1.9445 1.9598 1.3076 0.5402 0.0969 0.0688 0.3219 0.6547 0.9258 1.0515 1.0359 0.9142 0.7361 0.5519 0.3781 0.2374 0.1346 0.0664 0.0281 0.0127 0.0134 0.0242 0.0405 0.0590 0.0772 0.0934 0.1068 0.1167 0.1248
2.4839 5.7392 0.8622 3.5471 3.1508 2.2587 2.8944 3.3038 0.7782 4.7115 0.9300 1.4278 4.0477 1.5785 0.1738 2.2044 3.1742 1.6605 0.1850 0.3901 1.5236 2.2013 1.9414 1.1383 0.3869 0.0510 0.1357 0.4578 0.8068 1.0576 1.1433 1.0862 0.9311 0.7308 0.5346 0.3569 0.2175 0.1187 0.0558 0.0229 0.0124 0.0172 0.0311 0.0497 0.0698 0.0890 0.1056 0.1191 0.1289 0.1367
0.1436 4.2215 4.2908 0.7286 5.6487 0.3419 5.1393 1.2974 2.6313 4.2747 0.1731 2.8945 3.9066 0.7025 0.6910 3.0402 3.0695 1.1137 0.0719 0.7883 1.9829 2.3789 1.8332 0.9257 0.2421 0.0423 0.2436 0.6233 0.9725 1.1897 1.2267 1.1244 0.9357 0.7150 0.5093 0.3305 0.1945 0.1017 0.0453 0.0187 0.0135 0.0226 0.0397 0.0606 0.0822 0.1023 0.1191 0.1326 0.1419 0.1494
3.4231 0.6115 6.2683 0.7133 5.2937 0.8786 5.5755 0.1756 4.7424 2.7124 0.4877 4.2812 3.0439 0.1611 1.6475 3.6677 2.6321 0.5768 0.1779 1.3255 2.4124 2.4433 1.6336 0.6873 0.1254 0.0833 0.3964 0.8162 1.1470 1.3167 1.2974 1.1476 0.9265 0.6882 0.4764 0.2993 0.1694 0.0841 0.0356 0.0160 0.0165 0.0300 0.0503 0.0734 0.0964 0.1172 0.1340 0.1472 0.1560 0.1629
6.7651 1.5425 3.5075 4.2869 2.1613 3.9278 3.5250 1.2260 5.6494 0.9065 1.9923 4.9170 1.7303 0.2784 2.8461 3.8800 1.9238 0.1919 0.5447 1.9511 2.7512 2.3713 1.3548 0.4487 0.0582 0.1850 0.5951 1.0313 1.3230 1.4320 1.3510 1.1536 0.9029 0.6510 0.4365 0.2643 0.1428 0.0669 0.0274 0.0154 0.0219 0.0399 0.0633 0.0883 0.1124 0.1337 0.1503 0.1630 0.1712 0.1774
3.1820 6.2316 0.2815 6.7985 0.2203 6.4705 0.8257 4.0292 4.4827 0.1789 4.0691 4.3646 0.5455 1.1834 3.9385 3.5517 1.1049 0.1022 1.1658 2.5818 2.9364 2.1526 1.0212 0.2414 0.0620 0.3548 0.8363 1.2603 1.4916 1.5285 1.3829 1.1401 0.8642 0.6034 0.3906 0.2266 0.1159 0.0510 0.0214 0.0175 0.0302 0.0527 0.0790 0.1056 0.1305 0.1519 0.1681 0.1802 0.1875 0.1929
0.2997 5.9181 2.7024 4.2450 2.6691 5.3882 0.5257 6.3020 1.9725 1.3718 5.5483 2.7800 0.1588 2.6790 4.5271 2.7147 0.4147 0.4093 1.9713 3.1089 2.9138 1.7965 0.6711 0.1011 0.1555 0.5948 1.1124 1.4928 1.6434 1.5996 1.3890 1.1050 0.8098 0.5459 0.3394 0.1873 0.0899 0.0375 0.0186 0.0230 0.0419 0.0687 0.0975 0.1254 0.1508 0.1720 0.1875 0.1987 0.2049 0.2092
5.4879 0.9338 7.2302 0.4679 6.7224 1.7254 3.5366 5.7592 0.2630 3.9842 5.3868 0.9971 0.9729 4.2346 4.3218 1.5973 0.1136 1.1283 2.8264 3.4195 2.6596 1.3418 0.3574 0.0641 0.3509 0.8997 1.4102 1.7147 1.7678 1.6383 1.3658 1.0474 0.7403 0.4798 0.2847 0.1480 0.0662 0.0274 0.0197 0.0326 0.0574 0.0882 0.1192 0.1479 0.1733 0.1939 0.2085 0.2186 0.2234 0.2265
7.1411 2.2041 5.3885 2.2913 6.4494 0.3979 6.8494 2.6827 1.2274 6.1942 3.5120 0.1799 2.8030 5.1615 3.3103 0.5925 0.3950 2.1554 3.5504 3.4234 2.1911 0.8550 0.1400 0.1609 0.6507 1.2560 1.7114 1.9103 1.8540 1.6386 1.3113 0.9676 0.6574 0.4074 0.2288 0.1108 0.0463 0.0222 0.0259 0.0470 0.0774 0.1117 0.1443 0.1732 0.1982 0.2179 0.2312 0.2398 0.2431 0.2448
1.0153 7.8023 0.5502 7.3067 1.9486 3.8671 6.4153 0.3205 4.4445 6.1230 1.1650 1.1007 4.8289 4.9542 1.8500 0.1401 1.2935 3.2699 3.9580 3.0834 1.5756 0.4243 0.0769 0.4091 1.0444 1.6433 1.9999 2.0707 1.8986 1.5999 1.2274 0.8690 0.5647 0.3319 0.1743 0.0779 0.0322 0.0231 0.0380 0.0669 0.1023 0.1393 0.1730 0.2019 0.2258 0.2441 0.2561 0.2630 0.2644 0.2645
3.1015 5.0384 3.1425 6.4878 0.6614 7.6888 2.5089 1.7136 7.0381 3.6214 0.2309 3.4692 5.9202 3.5843 0.5774 0.5469 2.6255 4.1705 3.9079 2.4376 0.9270 0.1458 0.2126 0.8076 1.5066 2.0294 2.2457 2.1726 1.8871 1.5162 1.1130 0.7530 0.4648 0.2564 0.1242 0.0516 0.0255 0.0315 0.0571 0.0929 0.1324 0.1715 0.2053 0.2337 0.2561 0.2724 0.2827 0.2876 0.2869 0.2851
8.6234 0.3611 8.3823 1.1196 5.4619 6.0949 0.3089 5.7885 6.2685 0.8320 1.7809 5.8683 5.3191 1.6900 0.1814 1.8121 4.0041 4.5646 3.3643 1.6120 0.3910 0.1067 0.5662 1.3316 1.9969 2.3775 2.4226 2.2015 1.8142 1.3883 0.9719 0.6247 0.3627 0.1851 0.0819 0.0345 0.0282 0.0486 0.0840 0.1257 0.1681 0.2082 0.2415 0.2687 0.2888 0.3027 0.3110 0.3137 0.3105 0.3067
2.6171 5.8614 4.7319 2.0916 8.3922 1.2934 3.3613 7.8424 2.7125 0.5705 4.9162 6.5841 3.2543 0.3436 1.0366 3.5491 4.9473 4.2756 2.4339 0.8052 0.1164 0.3623 1.1212 1.9316 2.4641 2.6485 2.5076 2.1476 1.6793 1.2210 0.8109 0.4906 0.2642 0.1226 0.0508 0.0291 0.0420 0.0757 0.1195 0.1656 0.2098 0.2498 0.2816 0.3069 0.3242 0.3350 0.3410 0.3411 0.3352 0.3293
2.0487 8.1147 0.4002 8.1465 3.9277 1.2552 7.8528 5.0989 0.2981 3.5257 7.1335 4.9171 1.0116 0.4826 2.9195 5.0871 5.0658 3.3406 1.3657 0.2482 0.2175 0.9189 1.8268 2.5483 2.8653 2.8187 2.4893 2.0102 1.4891 1.0257 0.6407 0.3599 0.1763 0.0743 0.0348 0.0382 0.0688 0.1143 0.1647 0.2137 0.2583 0.2972 0.3266 0.3491 0.3631 0.3707 0.3736 0.3707 0.3618 0.3536
9.1522 1.1363 6.1351 6.6833 0.3658 6.6950 7.1814 0.9362 2.1765 7.0723 6.3858 2.0250 0.2318 2.2686 5.0030 5.7224 4.2329 2.0283 0.4878 0.1407 0.7384 1.7179 2.5878 3.0904 3.1321 2.8473 2.3536 1.7912 1.2521 0.8106 0.4699 0.2402 0.1053 0.0446 0.0372 0.0639 0.1100 0.1650 0.2198 0.2698 0.3131 0.3497 0.3757 0.3945 0.4045 0.4084 0.4079 0.4016 0.3896 0.3788
3.1365 3.8587 8.5215 0.6477 5.1380 8.5466 2.0929 1.2007 6.6041 7.5414 3.1579 0.2579 1.7172 4.8211 6.2106 5.0817 2.7169 0.8012 0.1291 0.5921 1.6261 2.6376 3.2839 3.4713 3.2172 2.7185 2.1048 1.5046 0.9850 0.5914 0.3117 0.1415 0.0584 0.0385 0.0613 0.1083 0.1669 0.2284 0.2852 0.3340 0.3741 0.4071 0.4287 0.4429 0.4484 0.4480 0.4437 0.4338 0.4183 0.4049
2.2204 9.3744 1.4840 3.8287 9.2508 3.2927 0.6622 6.0805 8.3445 4.2190 0.4500 1.3302 4.6799 6.6337 5.8199 3.3846 1.1317 0.1621 0.4966 1.5664 2.7283 3.5152 3.7934 3.6211 3.0950 2.4370 1.7641 1.1762 0.7114 0.3874 0.1804 0.0742 0.0424 0.0607 0.1100 0.1734 0.2407 0.3057 0.3618 0.4071 0.4425 0.4706 0.4864 0.4951 0.4954 0.4902 0.4817 0.4679 0.4488 0.4325
9.7597 2.2222 3.0856 9.6041 4.1681 0.4479 5.7830 8.9380 5.0132 0.6586 1.1341 4.6899 7.1001 6.4945 3.9420 1.4209 0.2072 0.4571 1.5841 2.8728 3.8198 4.1761 4.0141 3.4995 2.7677 2.0276 1.3638 0.8367 0.4566 0.2181 0.0900 0.0477 0.0638 0.1151 0.1859 0.2609 0.3329 0.3982 0.4507 0.4906 0.5199 0.5415 0.5501 0.5517 0.5461 0.5359 0.5228 0.5049 0.4820 0.4623
2.3255 3.0058 9.8622 4.4418 0.4187 5.9222 9.4019 5.3992 0.7317 1.1504 4.9498 7.6287 7.0774 4.3347 1.5813 0.2307 0.4781 1.7124 3.1317 4.1822 4.6300 4.4532 3.8737 3.1012 2.2659 1.5320 0.9423 0.5179 0.2455 0.1022 0.0533 0.0703 0.1275 0.2046 0.2904 0.3711 0.4430 0.5046 0.5505 0.5825 0.6038 0.6174 0.6176 0.6111 0.5990 0.5833 0.5654 0.5431 0.5161 0.4930
3.7570 10.1122 3.9324 0.5845 6.6697 9.7595 5.2177 0.5910 1.4465 5.6073 8.2674 7.4768 4.4673 1.5498 0.2110 0.5914 1.9934 3.5618 4.6760 5.1193 4.9325 4.2561 3.3739 2.4765 1.6560 1.0142 0.5528 0.2602 0.1066 0.0587 0.0820 0.1490 0.2373 0.3307 0.4237 0.5037 0.5702 0.6243 0.6603 0.6821 0.6936 0.6979 0.6885 0.6729 0.6538 0.6322 0.6093 0.5824 0.5512 0.5244
10.0745 2.6090 1.2838 8.1242 9.8240 4.3418 0.3219 2.2354 6.7759 9.0729 7.6151 4.2117 1.2786 0.1755 0.8676 2.5307 4.2238 5.3623 5.7157 5.3975 4.6283 3.6117 2.6039 1.7326 1.0364 0.5531 0.2532 0.1035 0.0655 0.1036 0.1860 0.2897 0.3972 0.4969 0.5893 0.6616 0.7174 0.7596 0.7819 0.7908 0.7909 0.7860 0.7675 0.7431 0.7168 0.6887 0.6594 0.6272 0.5911 0.5606
0.8039 3.2453 9.9764 8.9043 2.6795 0.3349 3.8478 8.4439 9.6990 7.2423 3.4479 0.7875 0.2456 1.4506 3.4093 5.1945 6.2121 6.3842 5.8379 4.8707 3.7443 2.6301 1.6962 0.9914 0.5039 0.2200 0.0931 0.0804 0.1422 0.2481 0.3707 0.4943 0.6068 0.7013 0.7843 0.8417 0.8812 0.9072 0.9126 0.9062 0.8934 0.8787 0.8506 0.8170 0.7832 0.7482 0.7120 0.6740 0.6328 0.5984
7.0853 10.9726 6.2490 0.7951 1.5327 6.5629 10.2030 9.5884 5.9419 2.1658 0.2983 0.7077 2.5735 4.7623 6.4331 7.2018 6.9997 6.1495 4.9360 3.6551 2.4938 1.5368 0.8466 0.4049 0.1660 0.0867 0.1174 0.2165 0.3496 0.4973 0.6366 0.7607 0.8632 0.9405 1.0053 1.0407 1.0586 1.0648 1.0502 1.0266 0.9998 0.9747 0.9364 0.8933 0.8515 0.8095 0.7659 0.7219 0.6756 0.6372
8.7460 2.2204 0.5802 4.9683 9.9297 10.9294 7.8926 3.5948 0.7387 0.3897 2.0423 4.5019 6.6542 7.8769 8.0615 7.3941 6.1330 4.6898 3.2947 2.1198 1.2294 0.6187 0.2665 0.1172 0.1133 0.2063 0.3541 0.5241 0.6912 0.8501 0.9815 1.0874 1.1653 1.2151 1.2546 1.2628 1.2550 1.2382 1.2020 1.1600 1.1179 1.0806 1.0309 0.9779 0.9278 0.8781 0.8268 0.7765 0.7246 0.6819
0.4498 4.6353 10.0503 11.6666 8.8385 4.2795 0.9993 0.3673 2.0286 4.7462 7.2518 8.8076 9.1607 8.4785 7.1598 5.5674 3.9633 2.5889 1.5205 0.7854 0.3481 0.1499 0.1310 0.2323 0.4009 0.6029 0.8085 0.9993 1.1589 1.2969 1.3967 1.4672 1.5072 1.5207 1.5293 1.5059 1.4689 1.4265 1.3675 1.3060 1.2478 1.1962 1.1338 1.0707 1.0118 0.9541 0.8947 0.8377 0.7800 0.7325
11.3643 11.8402 8.2230 3.5562 0.6816 0.6662 2.8809 5.9475 8.6006 10.1103 10.2781 9.3990 7.8340 5.9830 4.2143 2.7158 1.5661 0.7910 0.3444 0.1651 0.1809 0.3236 0.5399 0.7908 1.0343 1.2627 1.4573 1.6168 1.7283 1.8154 1.8627 1.8828 1.8743 1.8442 1.8174 1.7587 1.6900 1.6199 1.5371 1.4555 1.3809 1.3145 1.2391 1.1659 1.0982 1.0323 0.9645 0.9008 0.8371 0.7848
5.1145 1.3795 0.4475 2.2365 5.4796 8.6989 10.8752 11.6167 11.0507 9.5581 7.5721 5.5406 3.7113 2.2378 1.1962 0.5561 0.2515 0.2055 0.3376 0.5797 0.8782 1.1836 1.4765 1.7456 1.9547 2.1261 2.2462 2.3289 2.3591 2.3720 2.3530 2.3139 2.2504 2.1726 2.1076 2.0129 1.9123 1.8154 1.7102 1.6092 1.5181 1.4371 1.3491 1.2665 1.1899 1.1158 1.0396 0.9691 0.8993 0.8421
3.6846 7.3181 10.5570 12.5265 12.9415 11.9905 10.1301 7.8497 5.6108 3.6700 2.1591 1.1217 0.5179 0.2777 0.3137 0.5372 0.8697 1.2540 1.6386 2.0017 2.3267 2.5812 2.7848 2.9475 3.0338 3.0869 3.0912 3.0661 2.9945 2.9207 2.8326 2.7343 2.6157 2.4889 2.3852 2.2572 2.1291 2.0099 1.8876 1.7700 1.6632 1.5686 1.4691 1.3782 1.2926 1.2101 1.1260 1.0487 0.9725 0.9101
13.7657 12.2697 10.0644 7.6302 5.3157 3.3634 1.8976 0.9441 0.4666 0.3706 0.5570 0.9326 1.4126 1.9248 2.4277 2.8884 3.2798 3.6076 3.8517 4.0395 4.1731 4.2159 4.2185 4.2001 4.1193 4.0273 3.9013 3.7606 3.5853 3.4258 3.2742 3.1226 2.9539 2.7823 2.6435 2.4864 2.3344 2.1962 2.0600 1.9279 1.8067 1.6996 1.5894 1.4914 1.3973 1.3066 1.2149 1.1308 1.0484 0.9809
1.2364 0.6485 0.5005 0.7104 1.1813 1.8203 2.5407 3.2536 3.9431 4.5760 5.1355 5.6010 5.9481 6.1732 6.3134 6.3741 6.3512 6.2901 6.1702 6.0427 5.9004 5.6858 5.4661 5.2617 5.0240 4.8021 4.5640 4.3241 4.0623 3.8331 3.6326 3.4403 3.2328 3.0261 2.8598 2.6803 2.5101 2.3578 2.2116 2.0684 1.9354 1.8179 1.6991 1.5955 1.4945 1.3968 1.2980 1.2079 1.1198 1.0478
10.2111 10.6437 10.9711 11.2350 11.4210 11.5210 11.5074 11.3399 11.1452 10.9145 10.6370 10.3428 9.9975 9.6047 9.2082 8.8057 8.3737 7.9707 7.5603 7.1956 6.8582 6.4771 6.1099 5.7810 5.4421 5.1456 4.8514 4.5516 4.2445 3.9868 3.7538 3.5358 3.3127 3.0936 2.9171 2.7246 2.5456 2.3873 2.2334 2.0855 1.9504 1.8309 1.7103 1.6051 1.5060 1.4089 1.3047 1.2125 1.1236 1.0511
