0.0000 0.0000 0.0000 0.0000 0.0000 0.0000 0.0000 0.0000 0.0000 0.0000 0.0000 0.0000 0.0000 0.0000 0.0000 0.0000 0.0000 0.0008 0.0003 0.0005 0.0036 0.0065 0.0058 0.0025 0.0012 0.0045 0.0107 0.0163 0.0183 0.0164 0.0118 0.0066 0.0026 0.0005 0.0004 0.0020 0.0045 0.0074 0.0101 0.0123 0.0138 0.0147 0.0149 0.0146 0.0139 0.0129 0.0117 0.0105 0.0093 0.0081
0.0000 0.0000 0.0000 0.0000 0.0000 0.0000 0.0000 0.0000 0.0000 0.0000 0.0000 0.0000 0.0000 0.0000 0.0000 0.0000 0.0000 0.0023 0.0008 0.0015 0.0110 0.0198 0.0174 0.0075 0.0037 0.0137 0.0325 0.0490 0.0550 0.0492 0.0353 0.0198 0.0076 0.0014 0.0013 0.0060 0.0137 0.0223 0.0303 0.0369 0.0416 0.0441 0.0448 0.0439 0.0417 0.0386 0.0351 0.0315 0.0278 0.0242
0.0000 0.0000 0.0000 0.0000 0.0000 0.0000 0.0000 0.0000 0.0000 0.0000 0.0000 0.0000 0.0000 0.0000 0.0000 0.0000 0.0000 0.0036 0.0010 0.0029 0.0192 0.0335 0.0291 0.0125 0.0066 0.0239 0.0552 0.0823 0.0918 0.0816 0.0583 0.0324 0.0124 0.0022 0.0022 0.0103 0.0232 0.0374 0.0508 0.0617 0.0694 0.0735 0.0746 0.0731 0.0694 0.0642 0.0583 0.0523 0.0462 0.0402
0.0000 0.0000 0.0000 0.0000 0.0000 0.0000 0.0000 0.0000 0.0000 0.0000 0.0000 0.0000 0.0000 0.0000 0.0000 0.0000 0.0000 0.0045 0.0009 0.0050 0.0287 0.0482 0.0409 0.0176 0.0104 0.0354 0.0793 0.1166 0.1287 0.1135 0.0804 0.0443 0.0166 0.0028 0.0033 0.0149 0.0331 0.0531 0.0716 0.0868 0.0974 0.1030 0.1044 0.1022 0.0969 0.0896 0.0814 0.0729 0.0643 0.0560
0.0000 0.0000 0.0000 0.0000 0.0000 0.0000 0.0000 0.0000 0.0000 0.0000 0.0000 0.0000 0.0000 0.0000 0.0000 0.0000 0.0000 0.0049 0.0006 0.0084 0.0402 0.0643 0.0532 0.0231 0.0152 0.0489 0.1053 0.1518 0.1655 0.1444 0.1012 0.0549 0.0200 0.0032 0.0046 0.0201 0.0436 0.0693 0.0930 0.1122 0.1255 0.1325 0.1340 0.1311 0.1242 0.1147 0.1041 0.0932 0.0822 0.0715
0.0000 0.0000 0.0000 0.0000 0.0000 0.0000 0.0000 0.0000 0.0000 0.0000 0.0000 0.0000 0.0000 0.0000 0.0000 0.0000 0.0000 0.0047 0.0004 0.0138 0.0547 0.0823 0.0662 0.0290 0.0215 0.0644 0.1331 0.1877 0.2016 0.1736 0.1201 0.0639 0.0225 0.0034 0.0063 0.0259 0.0550 0.0864 0.1150 0.1381 0.1540 0.1621 0.1636 0.1597 0.1511 0.1394 0.1264 0.1131 0.0997 0.0867
0.0000 0.0000 0.0000 0.0000 0.0000 0.0000 0.0000 0.0000 0.0000 0.0000 0.0000 0.0000 0.0000 0.0000 0.0000 0.0000 0.0000 0.0041 0.0008 0.0222 0.0731 0.1029 0.0799 0.0355 0.0291 0.0819 0.1624 0.2235 0.2360 0.2003 0.1362 0.0708 0.0237 0.0032 0.0083 0.0326 0.0674 0.1044 0.1378 0.1645 0.1826 0.1916 0.1929 0.1880 0.1775 0.1636 0.1481 0.1324 0.1166 0.1014
0.0000 0.0000 0.0000 0.0000 0.0000 0.0000 0.0000 0.0000 0.0000 0.0000 0.0000 0.0000 0.0000 0.0000 0.0000 0.0000 0.0000 0.0034 0.0029 0.0349 0.0959 0.1259 0.0942 0.0423 0.0379 0.1008 0.1919 0.2579 0.2673 0.2230 0.1486 0.0749 0.0234 0.0027 0.0109 0.0404 0.0811 0.1236 0.1615 0.1915 0.2115 0.2211 0.2220 0.2158 0.2034 0.1872 0.1693 0.1511 0.1330 0.1155
0.0000 0.0000 0.0000 0.0000 0.0000 0.0000 0.0000 0.0000 0.0000 0.0000 0.0000 0.0000 0.0000 0.0000 0.0000 0.0000 0.0000 0.0030 0.0076 0.0527 0.1233 0.1508 0.1083 0.0486 0.0469 0.1198 0.2201 0.2888 0.2935 0.2400 0.1561 0.0756 0.0215 0.0020 0.0144 0.0496 0.0964 0.1443 0.1864 0.2193 0.2407 0.2506 0.2507 0.2431 0.2287 0.2101 0.1897 0.1692 0.1487 0.1291
0.0000 0.0000 0.0000 0.0000 0.0000 0.0000 0.0000 0.0000 0.0000 0.0000 0.0000 0.0000 0.0000 0.0000 0.0000 0.0000 0.0000 0.0037 0.0161 0.0759 0.1539 0.1755 0.1201 0.0529 0.0546 0.1371 0.2446 0.3137 0.3123 0.2497 0.1576 0.0724 0.0178 0.0014 0.0192 0.0609 0.1139 0.1668 0.2127 0.2480 0.2705 0.2802 0.2792 0.2699 0.2533 0.2322 0.2093 0.1864 0.1637 0.1420
0.0000 0.0000 0.0000 0.0000 0.0000 0.0000 0.0000 0.0000 0.0000 0.0000 0.0000 0.0000 0.0000 0.0000 0.0000 0.0000 0.0000 0.0064 0.0290 0.1031 0.1846 0.1959 0.1262 0.0528 0.0595 0.1511 0.2638 0.3308 0.3220 0.2508 0.1525 0.0653 0.0128 0.0016 0.0263 0.0751 0.1344 0.1922 0.2414 0.2785 0.3015 0.3105 0.3081 0.2967 0.2776 0.2539 0.2285 0.2032 0.1782 0.1544
0.0000 0.0000 0.0000 0.0000 0.0000 0.0000 0.0000 0.0000 0.0000 0.0000 0.0000 0.0000 0.0000 0.0000 0.0000 0.0000 0.0000 0.0117 0.0457 0.1306 0.2092 0.2059 0.1220 0.0458 0.0605 0.1617 0.2776 0.3400 0.3226 0.2434 0.1411 0.0549 0.0074 0.0038 0.0368 0.0935 0.1592 0.2215 0.2734 0.3117 0.3344 0.3422 0.3378 0.3240 0.3021 0.2755 0.2474 0.2197 0.1924 0.1665
0.0000 0.0000 0.0000 0.0000 0.0000 0.0000 0.0000 0.0000 0.0000 0.0000 0.0000 0.0000 0.0000 0.0000 0.0000 0.0000 0.0000 0.0194 0.0632 0.1513 0.2188 0.1975 0.1028 0.0312 0.0597 0.1718 0.2889 0.3439 0.3163 0.2296 0.1255 0.0431 0.0034 0.0094 0.0521 0.1171 0.1890 0.2552 0.3090 0.3476 0.3693 0.3752 0.3683 0.3515 0.3264 0.2968 0.2659 0.2356 0.2060 0.1780
0.0000 0.0000 0.0000 0.0000 0.0000 0.0000 0.0000 0.0000 0.0000 0.0000 0.0000 0.0000 0.0000 0.0000 0.0000 0.0000 0.0000 0.0281 0.0757 0.1559 0.2040 0.1648 0.0683 0.0136 0.0653 0.1912 0.3074 0.3514 0.3107 0.2155 0.1103 0.0333 0.0031 0.0200 0.0731 0.1464 0.2241 0.2934 0.3483 0.3863 0.4061 0.4094 0.3993 0.3792 0.3505 0.3175 0.2839 0.2510 0.2190 0.1889
0.0000 0.0000 0.0000 0.0000 0.0000 0.0000 0.0000 0.0000 0.0000 0.0000 0.0000 0.0000 0.0000 0.0000 0.0000 0.0000 0.0000 0.0348 0.0758 0.1360 0.1609 0.1104 0.0275 0.0073 0.0941 0.2372 0.3494 0.3765 0.3172 0.2097 0.1014 0.0289 0.0080 0.0358 0.0989 0.1802 0.2629 0.3345 0.3895 0.4262 0.4435 0.4436 0.4300 0.4062 0.3738 0.3374 0.3009 0.2655 0.2312 0.1991
0.0000 0.0000 0.0000 0.0000 0.0000 0.0000 0.0000 0.0000 0.0000 0.0000 0.0000 0.0000 0.0000 0.0000 0.0000 0.0000 0.0000 0.0349 0.0579 0.0934 0.1016 0.0549 0.0054 0.0376 0.1687 0.3288 0.4305 0.4318 0.3454 0.2186 0.1021 0.0307 0.0167 0.0536 0.1256 0.2137 0.3006 0.3739 0.4288 0.4638 0.4784 0.4754 0.4584 0.4309 0.3949 0.3553 0.3162 0.2784 0.2421 0.2082
0.0000 0.0000 0.0000 0.0000 0.0000 0.0000 0.0000 0.0000 0.0000 0.0000 0.0000 0.0000 0.0000 0.0000 0.0000 0.0000 0.0000 0.0251 0.0272 0.0534 0.0679 0.0450 0.0415 0.1280 0.2962 0.4611 0.5397 0.5048 0.3836 0.2324 0.1040 0.0311 0.0221 0.0668 0.1465 0.2407 0.3315 0.4064 0.4612 0.4949 0.5073 0.5017 0.4817 0.4513 0.4122 0.3699 0.3287 0.2890 0.2509 0.2155
0.0000 0.0000 0.0000 0.0000 0.0000 0.0000 0.0000 0.0000 0.0000 0.0000 0.0000 0.0000 0.0000 0.0000 0.0000 0.0000 0.0000 0.0082 0.0119 0.0801 0.1380 0.1436 0.1571 0.2479 0.4023 0.5365 0.5771 0.5077 0.3636 0.2034 0.0776 0.0146 0.0183 0.0753 0.1649 0.2659 0.3604 0.4365 0.4908 0.5228 0.5327 0.5244 0.5017 0.4684 0.4265 0.3818 0.3388 0.2975 0.2580 0.2214
0.0000 0.0000 0.0000 0.0000 0.0000 0.0000 0.0000 0.0000 0.0000 0.0000 0.0000 0.0000 0.0000 0.0000 0.0000 0.0000 0.0000 0.0033 0.0710 0.2386 0.3149 0.2450 0.1265 0.0799 0.1345 0.2252 0.2743 0.2511 0.1747 0.0880 0.0302 0.0225 0.0658 0.1478 0.2500 0.3541 0.4451 0.5135 0.5585 0.5810 0.5817 0.5650 0.5348 0.4951 0.4480 0.3991 0.3526 0.3085 0.2668 0.2284
0.0000 0.0000 0.0000 0.0000 0.0000 0.0000 0.0000 0.0000 0.0000 0.0000 0.0000 0.0000 0.0000 0.0000 0.0000 0.0000 0.0000 0.0072 0.1039 0.2682 0.3007 0.2004 0.0909 0.0774 0.1583 0.2523 0.2873 0.2467 0.1604 0.0752 0.0281 0.0356 0.0942 0.1883 0.2984 0.4060 0.4965 0.5617 0.6018 0.6188 0.6142 0.5922 0.5572 0.5132 0.4628 0.4112 0.3623 0.3162 0.2730 0.2333
0.0000 0.0000 0.0000 0.0000 0.0000 0.0000 0.0000 0.0000 0.0000 0.0000 0.0000 0.0000 0.0000 0.0000 0.0000 0.0000 0.0000 0.0168 0.1389 0.2840 0.2686 0.1492 0.0625 0.0878 0.1914 0.2818 0.2978 0.2388 0.1448 0.0643 0.0310 0.0555 0.1297 0.2354 0.3522 0.4617 0.5503 0.6107 0.6448 0.6557 0.6451 0.6175 0.5774 0.5292 0.4757 0.4214 0.3702 0.3225 0.2778 0.2370
0.0000 0.0000 0.0000 0.0000 0.0000 0.0000 0.0000 0.0000 0.0000 0.0000 0.0000 0.0000 0.0000 0.0000 0.0000 0.0000 0.0000 0.0316 0.1703 0.2810 0.2206 0.0978 0.0473 0.1135 0.2331 0.3118 0.3043 0.2272 0.1286 0.0568 0.0401 0.0831 0.1729 0.2893 0.4112 0.5208 0.6057 0.6601 0.6870 0.6909 0.6740 0.6404 0.5952 0.5428 0.4863 0.4296 0.3764 0.3271 0.2813 0.2396
0.0000 0.0000 0.0000 0.0000 0.0000 0.0000 0.0000 0.0000 0.0000 0.0000 0.0000 0.0000 0.0000 0.0000 0.0000 0.0000 0.0000 0.0500 0.1919 0.2565 0.1615 0.0545 0.0509 0.1556 0.2814 0.3397 0.3056 0.2120 0.1130 0.0541 0.0569 0.1194 0.2242 0.3497 0.4748 0.5826 0.6620 0.7089 0.7275 0.7238 0.7002 0.6605 0.6103 0.5537 0.4944 0.4357 0.3805 0.3299 0.2832 0.2408
0.0000 0.0000 0.0000 0.0000 0.0000 0.0000 0.0000 0.0000 0.0000 0.0000 0.0000 0.0000 0.0000 0.0000 0.0000 0.0000 0.0000 0.0686 0.1979 0.2117 0.1001 0.0281 0.0775 0.2127 0.3325 0.3623 0.3002 0.1937 0.0996 0.0581 0.0828 0.1651 0.2838 0.4164 0.5424 0.6463 0.7187 0.7569 0.7667 0.7548 0.7241 0.6783 0.6231 0.5625 0.5004 0.4396 0.3829 0.3312 0.2837 0.2408
0.0000 0.0000 0.0000 0.0000 0.0000 0.0000 0.0000 0.0000 0.0000 0.0000 0.0000 0.0000 0.0000 0.0000 0.0000 0.0000 0.0000 0.0830 0.1845 0.1524 0.0473 0.0268 0.1282 0.2811 0.3812 0.3760 0.2872 0.1734 0.0903 0.0704 0.1189 0.2207 0.3516 0.4888 0.6132 0.7110 0.7747 0.8034 0.8038 0.7834 0.7452 0.6935 0.6335 0.5690 0.5040 0.4412 0.3832 0.3307 0.2828 0.2396
0.0000 0.0000 0.0000 0.0000 0.0000 0.0000 0.0000 0.0000 0.0000 0.0000 0.0000 0.0000 0.0000 0.0000 0.0000 0.0000 0.0000 0.0890 0.1519 0.0888 0.0152 0.0559 0.2005 0.3539 0.4213 0.3777 0.2666 0.1528 0.0873 0.0930 0.1662 0.2862 0.4269 0.5658 0.6857 0.7751 0.8286 0.8467 0.8371 0.8080 0.7621 0.7048 0.6402 0.5722 0.5048 0.4404 0.3815 0.3284 0.2802 0.2370
0.0000 0.0000 0.0000 0.0000 0.0000 0.0000 0.0000 0.0000 0.0000 0.0000 0.0000 0.0000 0.0000 0.0000 0.0000 0.0000 0.0000 0.0838 0.1055 0.0350 0.0142 0.1164 0.2875 0.4222 0.4464 0.3651 0.2392 0.1344 0.0931 0.1275 0.2254 0.3615 0.5087 0.6461 0.7586 0.8374 0.8791 0.8857 0.8658 0.8278 0.7745 0.7118 0.6431 0.5720 0.5025 0.4369 0.3774 0.3242 0.2760 0.2331
0.0000 0.0000 0.0000 0.0000 0.0000 0.0000 0.0000 0.0000 0.0000 0.0000 0.0000 0.0000 0.0000 0.0000 0.0000 0.0000 0.0000 0.0674 0.0557 0.0055 0.0504 0.2030 0.3781 0.4757 0.4510 0.3378 0.2077 0.1216 0.1106 0.1756 0.2969 0.4459 0.5957 0.7279 0.8302 0.8963 0.9249 0.9194 0.8890 0.8421 0.7818 0.7141 0.6419 0.5682 0.4971 0.4308 0.3712 0.3181 0.2703 0.2279
0.0000 0.0000 0.0000 0.0000 0.0000 0.0000 0.0000 0.0000 0.0000 0.0000 0.0000 0.0000 0.0000 0.0000 0.0000 0.0000 0.0000 0.0435 0.0163 0.0120 0.1227 0.3047 0.4588 0.5048 0.4321 0.2977 0.1765 0.1190 0.1431 0.2390 0.3808 0.5382 0.6863 0.8099 0.8994 0.9513 0.9657 0.9472 0.9055 0.8496 0.7826 0.7100 0.6347 0.5598 0.4883 0.4221 0.3630 0.3105 0.2633 0.2217
0.0000 0.0000 0.0000 0.0000 0.0000 0.0000 0.0000 0.0000 0.0000 0.0000 0.0000 0.0000 0.0000 0.0000 0.0000 0.0000 0.0000 0.0191 0.0006 0.0593 0.2216 0.4045 0.5146 0.5022 0.3897 0.2495 0.1511 0.1310 0.1931 0.3183 0.4762 0.6366 0.7784 0.8895 0.9637 0.9999 0.9994 0.9677 0.9149 0.8506 0.7776 0.7007 0.6232 0.5476 0.4763 0.4108 0.3526 0.3010 0.2549 0.2143
0.0000 0.0000 0.0000 0.0000 0.0000 0.0000 0.0000 0.0000 0.0000 0.0000 0.0000 0.0000 0.0000 0.0000 0.0000 0.0000 0.0000 0.0029 0.0177 0.1420 0.3294 0.4833 0.5332 0.4653 0.3288 0.2009 0.1387 0.1623 0.2626 0.4133 0.5813 0.7387 0.8692 0.9644 1.0210 1.0404 1.0246 0.9801 0.9167 0.8448 0.7665 0.6863 0.6074 0.5318 0.4613 0.3969 0.3401 0.2898 0.2450 0.2057
0.0000 0.0000 0.0000 0.0000 0.0000 0.0000 0.0000 0.0000 0.0000 0.0000 0.0000 0.0000 0.0000 0.0000 0.0000 0.0000 0.0000 0.0022 0.0678 0.2441 0.4232 0.5232 0.5081 0.3980 0.2588 0.1618 0.1468 0.2172 0.3527 0.5228 0.6936 0.8417 0.9562 1.0321 1.0693 1.0713 1.0402 0.9835 0.9106 0.8320 0.7495 0.6669 0.5873 0.5124 0.4433 0.3806 0.3255 0.2769 0.2337 0.1960
0.0000 0.0000 0.0000 0.0000 0.0000 0.0000 0.0000 0.0000 0.0000 0.0000 0.0000 0.0000 0.0000 0.0000 0.0000 0.0000 0.0000 0.0199 0.1409 0.3421 0.4812 0.5137 0.4422 0.3124 0.1942 0.1445 0.1834 0.2991 0.4633 0.6440 0.8107 0.9443 1.0384 1.0924 1.1086 1.0920 1.0461 0.9781 0.8981 0.8148 0.7295 0.6457 0.5659 0.4916 0.4239 0.3630 0.3097 0.2629 0.2216 0.1856
0.0000 0.0000 0.0000 0.0000 0.0000 0.0000 0.0000 0.0000 0.0000 0.0000 0.0000 0.0000 0.0000 0.0000 0.0000 0.0000 0.0000 0.0526 0.2176 0.4091 0.4859 0.4530 0.3459 0.2241 0.1497 0.1592 0.2534 0.4084 0.5917 0.7728 0.9271 1.0404 1.1104 1.1404 1.1351 1.1004 1.0405 0.9627 0.8770 0.7903 0.7034 0.6194 0.5404 0.4675 0.4018 0.3431 0.2921 0.2475 0.2083 0.1743
0.0000 0.0000 0.0000 0.0000 0.0000 0.0000 0.0000 0.0000 0.0000 0.0000 0.0000 0.0000 0.0000 0.0000 0.0000 0.0000 0.0000 0.0902 0.2741 0.4242 0.4330 0.3527 0.2400 0.1545 0.1416 0.2151 0.3593 0.5428 0.7328 0.9033 1.0375 1.1255 1.1684 1.1735 1.1469 1.0952 1.0229 0.9371 0.8473 0.7586 0.6713 0.5883 0.5110 0.4402 0.3772 0.3213 0.2729 0.2309 0.1940 0.1621
0.0000 0.0000 0.0000 0.0000 0.0000 0.0000 0.0000 0.0000 0.0000 0.0000 0.0000 0.0000 0.0000 0.0000 0.0000 0.0000 0.0000 0.1197 0.2909 0.3803 0.3343 0.2372 0.1516 0.1256 0.1832 0.3169 0.4995 0.6971 0.8808 1.0309 1.1379 1.1962 1.2107 1.1910 1.1443 1.0774 0.9948 0.9028 0.8103 0.7209 0.6345 0.5534 0.4787 0.4108 0.3509 0.2981 0.2526 0.2134 0.1791 0.1495
0.0000 0.0000 0.0000 0.0000 0.0000 0.0000 0.0000 0.0000 0.0000 0.0000 0.0000 0.0000 0.0000 0.0000 0.0000 0.0000 0.0000 0.1292 0.2604 0.2884 0.2165 0.1381 0.1077 0.1550 0.2815 0.4629 0.6668 0.8628 1.0281 1.1500 1.2238 1.2496 1.2356 1.1924 1.1275 1.0479 0.9573 0.8611 0.7671 0.6782 0.5938 0.5155 0.4442 0.3801 0.3235 0.2739 0.2317 0.1954 0.1638 0.1366
0.0000 0.0000 0.0000 0.0000 0.0000 0.0000 0.0000 0.0000 0.0000 0.0000 0.0000 0.0000 0.0000 0.0000 0.0000 0.0000 0.0000 0.1138 0.1908 0.1764 0.1149 0.0871 0.1295 0.2509 0.4333 0.6426 0.8477 1.0256 1.1607 1.2474 1.2847 1.2774 1.2366 1.1723 1.0922 1.0029 0.9071 0.8093 0.7158 0.6292 0.5482 0.4738 0.4068 0.3470 0.2943 0.2485 0.2099 0.1767 0.1480 0.1232
0.0000 0.0000 0.0000 0.0000 0.0000 0.0000 0.0000 0.0000 0.0000 0.0000 0.0000 0.0000 0.0000 0.0000 0.0000 0.0000 0.0000 0.0789 0.1073 0.0832 0.0659 0.1084 0.2261 0.4089 0.6251 0.8384 1.0243 1.1697 1.2659 1.3136 1.3138 1.2754 1.2112 1.1296 1.0381 0.9426 0.8448 0.7479 0.6572 0.5744 0.4982 0.4288 0.3668 0.3121 0.2638 0.2221 0.1873 0.1575 0.1317 0.1095
0.0000 0.0000 0.0000 0.0000 0.0000 0.0000 0.0000 0.0000 0.0000 0.0000 0.0000 0.0000 0.0000 0.0000 0.0000 0.0000 0.0000 0.0393 0.0435 0.0466 0.0949 0.2107 0.3912 0.6126 0.8366 1.0311 1.1814 1.2839 1.3359 1.3430 1.3094 1.2449 1.1617 1.0682 0.9701 0.8720 0.7749 0.6813 0.5947 0.5168 0.4457 0.3823 0.3261 0.2767 0.2334 0.1962 0.1651 0.1386 0.1158 0.0962
0.0000 0.0000 0.0000 0.0000 0.0000 0.0000 0.0000 0.0000 0.0000 0.0000 0.0000 0.0000 0.0000 0.0000 0.0000 0.0000 0.0000 0.0130 0.0283 0.0881 0.2054 0.3802 0.5986 0.8298 1.0351 1.1912 1.2943 1.3489 1.3568 1.3265 1.2649 1.1806 1.0846 0.9846 0.8848 0.7881 0.6951 0.6072 0.5268 0.4552 0.3906 0.3339 0.2840 0.2404 0.2025 0.1699 0.1428 0.1197 0.0998 0.0829
0.0000 0.0000 0.0000 0.0000 0.0000 0.0000 0.0000 0.0000 0.0000 0.0000 0.0000 0.0000 0.0000 0.0000 0.0000 0.0000 0.0000 0.0145 0.0750 0.2044 0.3755 0.5822 0.8079 1.0205 1.1859 1.2916 1.3433 1.3515 1.3208 1.2606 1.1789 1.0827 0.9810 0.8805 0.7838 0.6924 0.6066 0.5269 0.4546 0.3907 0.3336 0.2843 0.2413 0.2038 0.1714 0.1436 0.1205 0.1009 0.0840 0.0697
0.0000 0.0000 0.0000 0.0000 0.0000 0.0000 0.0000 0.0000 0.0000 0.0000 0.0000 0.0000 0.0000 0.0000 0.0000 0.0000 0.0000 0.0465 0.1725 0.3645 0.5620 0.7692 0.9735 1.1464 1.2610 1.3145 1.3190 1.2888 1.2293 1.1499 1.0577 0.9581 0.8581 0.7628 0.6734 0.5905 0.5139 0.4438 0.3809 0.3261 0.2777 0.2362 0.2001 0.1686 0.1415 0.1184 0.0992 0.0829 0.0690 0.0572
0.0000 0.0000 0.0000 0.0000 0.0000 0.0000 0.0000 0.0000 0.0000 0.0000 0.0000 0.0000 0.0000 0.0000 0.0000 0.0000 0.0000 0.0976 0.2873 0.5176 0.7107 0.8910 1.0537 1.1761 1.2402 1.2486 1.2171 1.1607 1.0852 0.9984 0.9056 0.8109 0.7196 0.6344 0.5561 0.4845 0.4191 0.3598 0.3073 0.2623 0.2231 0.1897 0.1605 0.1349 0.1130 0.0944 0.0789 0.0659 0.0548 0.0455
0.0000 0.0000 0.0000 0.0000 0.0000 0.0000 0.0000 0.0000 0.0000 0.0000 0.0000 0.0000 0.0000 0.0000 0.0000 0.0000 0.0000 0.1457 0.3744 0.6089 0.7722 0.9088 1.0217 1.0947 1.1171 1.0940 1.0418 0.9741 0.8958 0.8129 0.7289 0.6465 0.5693 0.4985 0.4343 0.3763 0.3238 0.2766 0.2352 0.2003 0.1703 0.1448 0.1223 0.1026 0.0858 0.0715 0.0597 0.0499 0.0415 0.0344
0.0000 0.0000 0.0000 0.0000 0.0000 0.0000 0.0000 0.0000 0.0000 0.0000 0.0000 0.0000 0.0000 0.0000 0.0000 0.0000 0.0000 0.1678 0.3953 0.6001 0.7198 0.8094 0.8765 0.9105 0.9056 0.8679 0.8114 0.7470 0.6779 0.6083 0.5406 0.4760 0.4165 0.3627 0.3145 0.2715 0.2326 0.1980 0.1679 0.1427 0.1213 0.1030 0.0870 0.0729 0.0608 0.0507 0.0423 0.0353 0.0293 0.0243
0.0000 0.0000 0.0000 0.0000 0.0000 0.0000 0.0000 0.0000 0.0000 0.0000 0.0000 0.0000 0.0000 0.0000 0.0000 0.0000 0.0000 0.1514 0.3363 0.4871 0.5623 0.6128 0.6460 0.6558 0.6392 0.6025 0.5557 0.5057 0.4543 0.4037 0.3568 0.3127 0.2723 0.2361 0.2040 0.1759 0.1505 0.1278 0.1082 0.0920 0.0782 0.0663 0.0559 0.0469 0.0391 0.0326 0.0272 0.0227 0.0188 0.0156
0.0000 0.0000 0.0000 0.0000 0.0000 0.0000 0.0000 0.0000 0.0000 0.0000 0.0000 0.0000 0.0000 0.0000 0.0000 0.0000 0.0000 0.1030 0.2201 0.3089 0.3474 0.3706 0.3835 0.3831 0.3679 0.3427 0.3130 0.2826 0.2520 0.2223 0.1958 0.1711 0.1485 0.1284 0.1107 0.0954 0.0815 0.0691 0.0585 0.0497 0.0424 0.0358 0.0302 0.0253 0.0212 0.0176 0.0147 0.0122 0.0102 0.0084
0.0000 0.0000 0.0000 0.0000 0.0000 0.0000 0.0000 0.0000 0.0000 0.0000 0.0000 0.0000 0.0000 0.0000 0.0000 0.0000 0.0000 0.0448 0.0935 0.1287 0.1424 0.1500 0.1534 0.1517 0.1443 0.1334 0.1211 0.1088 0.0965 0.0848 0.0745 0.0650 0.0563 0.0486 0.0418 0.0361 0.0308 0.0261 0.0221 0.0188 0.0160 0.0135 0.0114 0.0096 0.0080 0.0067 0.0056 0.0046 0.0039 0.0032
0.0000 0.0000 0.0000 0.0000 0.0000 0.0000 0.0000 0.0000 0.0000 0.0000 0.0000 0.0000 0.0000 0.0000 0.0000 0.0000 0.0000 0.0054 0.0112 0.0152 0.0167 0.0175 0.0178 0.0174 0.0165 0.0152 0.0138 0.0123 0.0109 0.0096 0.0084 0.0073 0.0063 0.0055 0.0047 0.0040 0.0035 0.0029 0.0025 0.0021 0.0018 0.0015 0.0013 0.0011 0.0009 0.0007 0.0006 0.0005 0.0004 0.0004
