0.2185 0.2177 0.2174 0.1859 0.1752 0.1651 0.1537 0.1451 0.1405 0.1517 0.1128 0.1077 0.1199 0.1204 0.1143 0.1028 0.0832 0.0613 0.0520 0.0598 0.0727 0.0781 0.0705 0.0557 0.0404 0.0291 0.0226 0.0198 0.0189 0.0185 0.0177 0.0165 0.0148 0.0132 0.0115 0.0099 0.0085 0.0073 0.0063 0.0054 0.0047 0.0041 0.0036 0.0032 0.0028 0.0025 0.0022 0.0020 0.0018 0.0016
0.6547 0.6506 0.6501 0.5581 0.5258 0.4947 0.4603 0.4341 0.4207 0.4538 0.3385 0.3230 0.3611 0.3632 0.3441 0.3091 0.2506 0.1845 0.1557 0.1777 0.2160 0.2330 0.2115 0.1681 0.1223 0.0881 0.0681 0.0592 0.0564 0.0550 0.0527 0.0492 0.0444 0.0394 0.0344 0.0297 0.0255 0.0219 0.0188 0.0162 0.0140 0.0122 0.0108 0.0096 0.0085 0.0075 0.0067 0.0060 0.0054 0.0048
1.0899 1.0771 1.0760 0.9311 0.8779 0.8225 0.7642 0.7201 0.6987 0.7526 0.5644 0.5385 0.6068 0.6119 0.5780 0.5179 0.4203 0.3096 0.2581 0.2906 0.3532 0.3843 0.3526 0.2833 0.2077 0.1496 0.1147 0.0984 0.0929 0.0903 0.0866 0.0812 0.0736 0.0656 0.0575 0.0497 0.0427 0.0367 0.0316 0.0272 0.0234 0.0205 0.0181 0.0160 0.0142 0.0126 0.0112 0.0100 0.0089 0.0080
1.5251 1.4964 1.4916 1.3041 1.2337 1.1478 1.0636 1.0023 0.9725 1.0470 0.7908 0.7546 0.8606 0.8705 0.8178 0.7301 0.5939 0.4381 0.3590 0.3955 0.4801 0.5288 0.4933 0.4029 0.2990 0.2158 0.1634 0.1375 0.1280 0.1237 0.1189 0.1119 0.1021 0.0915 0.0806 0.0699 0.0603 0.0519 0.0446 0.0384 0.0331 0.0289 0.0254 0.0225 0.0199 0.0177 0.0157 0.0140 0.0125 0.0112
1.9638 1.9124 1.8962 1.6746 1.5971 1.4714 1.3571 1.2812 1.2392 1.3379 1.0174 0.9721 1.1273 1.1426 1.0644 0.9455 0.7725 0.5723 0.4592 0.4901 0.5925 0.6630 0.6324 0.5282 0.3987 0.2892 0.2161 0.1773 0.1616 0.1546 0.1487 0.1408 0.1294 0.1169 0.1036 0.0903 0.0781 0.0674 0.0580 0.0500 0.0430 0.0375 0.0330 0.0291 0.0257 0.0228 0.0202 0.0180 0.0161 0.0144
2.4106 2.3327 2.2958 2.0382 1.9733 1.7959 1.6446 1.5585 1.4962 1.6283 1.2436 1.1931 1.4130 1.4312 1.3170 1.1628 0.9569 0.7151 0.5610 0.5734 0.6866 0.7827 0.7678 0.6599 0.5096 0.3731 0.2754 0.2196 0.1943 0.1831 0.1755 0.1671 0.1549 0.1411 0.1261 0.1107 0.0963 0.0834 0.0719 0.0619 0.0533 0.0464 0.0407 0.0359 0.0316 0.0280 0.0248 0.0221 0.0197 0.0176
2.8693 2.7646 2.7068 2.3917 2.3662 2.1280 1.9281 1.8366 1.7416 1.9235 1.4676 1.4214 1.7246 1.7372 1.5718 1.3785 1.1474 0.8707 0.6690 0.6467 0.7593 0.8830 0.8959 0.7971 0.6336 0.4709 0.3452 0.2672 0.2280 0.2095 0.1992 0.1902 0.1777 0.1636 0.1476 0.1307 0.1145 0.0996 0.0861 0.0743 0.0640 0.0557 0.0488 0.0430 0.0378 0.0334 0.0295 0.0262 0.0233 0.0208
3.3402 3.2073 3.1532 2.7409 2.7724 2.4805 2.2126 2.1167 1.9771 2.2296 1.6859 1.6641 2.0693 2.0578 1.8216 1.5872 1.3441 1.0449 0.7910 0.7149 0.8102 0.9593 1.0116 0.9374 0.7716 0.5864 0.4299 0.3243 0.2656 0.2357 0.2203 0.2098 0.1972 0.1833 0.1672 0.1495 0.1321 0.1157 0.1005 0.0870 0.0750 0.0653 0.0572 0.0503 0.0441 0.0389 0.0344 0.0304 0.0271 0.0241
3.8132 3.6486 3.6524 3.1130 3.1744 2.8761 2.5040 2.3981 2.2104 2.5499 1.8938 1.9321 2.4517 2.3844 2.0550 1.7819 1.5471 1.2452 0.9388 0.7878 0.8421 1.0076 1.1077 1.0750 0.9221 0.7218 0.5345 0.3965 0.3119 0.2649 0.2403 0.2263 0.2130 0.1995 0.1839 0.1663 0.1483 0.1310 0.1145 0.0996 0.0862 0.0752 0.0658 0.0579 0.0507 0.0446 0.0394 0.0348 0.0309 0.0275
4.2564 4.0747 4.1872 3.5646 3.5368 3.3463 2.8050 2.6784 2.4552 2.8784 2.0872 2.2395 2.8695 2.7005 2.2576 1.9554 1.7566 1.4804 1.1276 0.8812 0.8638 1.0264 1.1756 1.2000 1.0785 0.8762 0.6623 0.4895 0.3731 0.3021 0.2627 0.2414 0.2253 0.2117 0.1967 0.1797 0.1621 0.1445 0.1274 0.1116 0.0970 0.0849 0.0745 0.0655 0.0574 0.0505 0.0445 0.0393 0.0349 0.0309
4.6157 4.4858 4.6885 4.1628 3.8228 3.9222 3.1123 2.9624 2.7305 3.1968 2.2709 2.6035 3.3101 2.9837 2.4172 2.1050 1.9752 1.7602 1.3777 1.0204 0.8946 1.0212 1.2078 1.2989 1.2290 1.0438 0.8145 0.6094 0.4575 0.3557 0.2945 0.2601 0.2374 0.2214 0.2062 0.1898 0.1728 0.1556 0.1385 0.1223 0.1071 0.0942 0.0830 0.0732 0.0643 0.0566 0.0499 0.0441 0.0390 0.0346
4.8917 4.8847 5.0715 4.9121 4.0331 4.5958 3.4118 3.2637 3.0429 3.4694 2.4589 3.0309 3.7418 3.2075 2.5274 2.2324 2.2027 2.0868 1.7037 1.2331 0.9620 1.0056 1.1990 1.3532 1.3522 1.2081 0.9834 0.7567 0.5713 0.4347 0.3446 0.2901 0.2551 0.2325 0.2146 0.1974 0.1806 0.1640 0.1473 0.1312 0.1159 0.1027 0.0911 0.0807 0.0711 0.0628 0.0555 0.0490 0.0435 0.0385
5.2916 5.2260 5.3288 5.6604 4.2490 5.2659 3.6872 3.5953 3.3612 3.6467 2.6673 3.4981 4.1101 3.3464 2.5903 2.3406 2.4268 2.4398 2.0977 1.5342 1.0930 0.9983 1.1463 1.3393 1.4137 1.3359 1.1445 0.9180 0.7111 0.5422 0.4196 0.3389 0.2848 0.2500 0.2250 0.2042 0.1861 0.1692 0.1529 0.1373 0.1223 0.1092 0.0975 0.0869 0.0770 0.0683 0.0605 0.0536 0.0476 0.0423
6.1389 5.4489 5.5568 6.1177 4.6168 5.7328 3.9645 3.9633 3.6245 3.7068 2.9225 3.9474 4.3567 3.4023 2.6313 2.4386 2.6216 2.7700 2.5221 1.9234 1.3197 1.0373 1.0673 1.2450 1.3783 1.3829 1.2578 1.0651 0.8620 0.6752 0.5246 0.4155 0.3370 0.2838 0.2460 0.2169 0.1939 0.1746 0.1573 0.1414 0.1266 0.1136 0.1021 0.0916 0.0816 0.0728 0.0648 0.0576 0.0514 0.0457
7.2028 5.7071 5.7939 6.1261 5.1626 5.8108 4.3053 4.3310 3.7846 3.6925 3.2295 4.2775 4.4475 3.4213 2.6941 2.5284 2.7354 2.9830 2.8851 2.3594 1.6651 1.1826 1.0173 1.0923 1.2293 1.3049 1.2694 1.1488 0.9876 0.8125 0.6520 0.5225 0.4202 0.3451 0.2891 0.2459 0.2131 0.1874 0.1660 0.1479 0.1317 0.1180 0.1061 0.0955 0.0854 0.0764 0.0682 0.0609 0.0545 0.0486
7.4542 6.2567 5.9808 5.9590 5.5851 5.5826 4.7016 4.6475 3.9158 3.7205 3.5312 4.3718 4.4203 3.5025 2.8209 2.5929 2.6971 2.9480 3.0312 2.7343 2.1197 1.5157 1.1151 0.9819 1.0160 1.0966 1.1346 1.1067 1.0257 0.9036 0.7676 0.6412 0.5282 0.4365 0.3622 0.3018 0.2546 0.2177 0.1881 0.1641 0.1438 0.1273 0.1134 0.1015 0.0904 0.0807 0.0721 0.0644 0.0577 0.0515
6.9540 6.5880 6.4257 6.0014 5.5980 5.4839 4.9461 5.0238 4.2727 3.8892 3.6996 4.1751 4.4146 3.7727 3.0199 2.6025 2.4815 2.5801 2.7823 2.8505 2.5855 2.0973 1.5500 1.1488 0.9389 0.8796 0.8897 0.9093 0.9081 0.8669 0.7947 0.7088 0.6154 0.5282 0.4486 0.3775 0.3181 0.2693 0.2293 0.1967 0.1695 0.1473 0.1291 0.1139 0.1003 0.0888 0.0787 0.0699 0.0623 0.0554
7.1187 6.5384 7.2218 6.5118 6.0016 5.7684 4.9198 5.8496 4.9984 4.1361 3.7319 3.7941 4.5460 4.2754 3.2444 2.5775 2.2944 2.1096 2.1378 2.4322 2.7113 2.7442 2.4247 1.9363 1.4469 1.0757 0.8435 0.7271 0.6824 0.6611 0.6408 0.6126 0.5699 0.5210 0.4670 0.4104 0.3575 0.3099 0.2680 0.2319 0.2005 0.1739 0.1516 0.1327 0.1159 0.1017 0.0893 0.0787 0.0697 0.0616
7.9424 7.4821 8.1180 7.0021 6.6868 6.5810 5.7481 5.6675 5.2244 4.5441 4.8180 3.8990 3.6638 3.8878 3.2721 2.6726 2.8038 2.9764 2.6238 2.0183 1.6460 1.7216 2.0412 2.3545 2.4724 2.3708 2.0972 1.7529 1.4170 1.1157 0.8718 0.6900 0.5536 0.4565 0.3846 0.3284 0.2852 0.2508 0.2224 0.1984 0.1772 0.1585 0.1421 0.1276 0.1138 0.1017 0.0906 0.0809 0.0723 0.0644
9.2572 7.8759 8.1147 7.9716 6.7461 7.2496 5.8968 6.2662 5.3007 5.0433 5.0540 4.0427 4.0488 4.1199 3.3590 2.8721 3.0792 3.1633 2.7055 2.0868 1.7660 1.8908 2.2220 2.5171 2.6063 2.4802 2.1894 1.8335 1.4897 1.1810 0.9294 0.7402 0.5967 0.4933 0.4161 0.3552 0.3081 0.2703 0.2391 0.2130 0.1901 0.1700 0.1523 0.1366 0.1217 0.1086 0.0969 0.0865 0.0774 0.0689
9.9894 9.0008 8.0168 8.6645 7.1596 7.6116 6.2893 6.7079 5.4398 5.5879 5.1906 4.2596 4.4541 4.2958 3.4516 3.1118 3.3595 3.3266 2.7726 2.1616 1.9018 2.0723 2.4062 2.6759 2.7330 2.5822 2.2759 1.9104 1.5607 1.2462 0.9880 0.7919 0.6415 0.5320 0.4493 0.3837 0.3324 0.2911 0.2569 0.2285 0.2038 0.1821 0.1631 0.1460 0.1300 0.1159 0.1034 0.0923 0.0826 0.0736
9.7276 10.0684 8.5044 8.7919 7.9945 7.6557 6.9561 6.9173 5.7449 6.0861 5.2617 4.5750 4.8419 4.4156 3.5706 3.3912 3.6322 3.4618 2.8294 2.2478 2.0552 2.2645 2.5912 2.8286 2.8513 2.6764 2.3563 1.9837 1.6300 1.3112 1.0474 0.8450 0.6881 0.5726 0.4845 0.4139 0.3582 0.3132 0.2759 0.2450 0.2184 0.1950 0.1745 0.1559 0.1386 0.1235 0.1102 0.0984 0.0880 0.0785
9.6974 10.2376 9.6105 8.6650 8.9093 7.6489 7.7280 6.9570 6.2498 6.4490 5.3375 4.9860 5.1720 4.4948 3.7363 3.7021 3.8838 3.5681 2.8827 2.3507 2.2263 2.4648 2.7740 2.9734 2.9604 2.7626 2.4311 2.0534 1.6976 1.3761 1.1076 0.8996 0.7364 0.6152 0.5215 0.4460 0.3858 0.3368 0.2960 0.2625 0.2338 0.2087 0.1865 0.1664 0.1476 0.1315 0.1173 0.1047 0.0937 0.0836
10.8269 9.9637 10.5035 8.9297 9.4108 7.9321 8.3123 7.0058 6.8682 6.6355 5.4961 5.4525 5.4160 4.5618 3.9593 4.0285 4.1036 3.6501 2.9417 2.4751 2.4150 2.6708 2.9525 3.1096 3.0607 2.8414 2.5003 2.1201 1.7640 1.4412 1.1692 0.9565 0.7873 0.6600 0.5606 0.4800 0.4152 0.3622 0.3178 0.2814 0.2503 0.2231 0.1991 0.1774 0.1574 0.1401 0.1250 0.1115 0.0997 0.0890
11.9360 10.4391 10.5911 9.7893 9.4119 8.6056 8.5434 7.2596 7.4395 6.6955 5.7908 5.9096 5.5714 4.6538 4.2402 4.3503 4.2851 3.7160 3.0156 2.6239 2.6188 2.8791 3.1244 3.2367 3.1526 2.9136 2.5649 2.1843 1.8294 1.5064 1.2324 1.0156 0.8409 0.7073 0.6017 0.5159 0.4466 0.3896 0.3415 0.3017 0.2679 0.2383 0.2124 0.1890 0.1678 0.1495 0.1334 0.1189 0.1063 0.0948
11.8905 11.5889 10.4556 10.6811 9.3866 9.3946 8.5529 7.7808 7.8292 6.7553 6.2187 6.2935 5.6674 4.8061 4.5681 4.6480 4.4281 3.7764 3.1114 2.7967 2.8337 3.0854 3.2876 3.3541 3.2366 2.9802 2.6259 2.2464 1.8938 1.5717 1.2962 1.0761 0.8961 0.7564 0.6447 0.5537 0.4798 0.4188 0.3667 0.3235 0.2866 0.2545 0.2265 0.2013 0.1789 0.1596 0.1422 0.1267 0.1132 0.1010
11.8496 12.1938 10.9621 11.0182 9.8029 9.9039 8.6507 8.4195 8.0148 6.9368 6.7114 6.5709 5.7558 5.0356 4.9189 4.9075 4.5411 3.8446 3.2349 2.9916 3.0554 3.2871 3.4418 3.4628 3.3142 3.0427 2.6846 2.3071 1.9576 1.6369 1.3607 1.1376 0.9528 0.8071 0.6893 0.5932 0.5147 0.4498 0.3934 0.3467 0.3066 0.2717 0.2414 0.2144 0.1907 0.1702 0.1516 0.1350 0.1205 0.1075
12.7586 12.1735 11.8799 11.0393 10.5563 10.0730 9.0384 8.9524 8.1137 7.2845 7.1757 6.7579 5.8895 5.3363 5.2650 5.1252 4.6387 3.9329 3.3880 3.2050 3.2803 3.4828 3.5876 3.5647 3.3873 3.1027 2.7421 2.3670 2.0208 1.7021 1.4255 1.2000 1.0106 0.8593 0.7356 0.6345 0.5515 0.4824 0.4219 0.3713 0.3279 0.2901 0.2573 0.2283 0.2032 0.1815 0.1616 0.1438 0.1283 0.1144
13.3963 12.4085 12.3321 11.2670 11.1087 10.1538 9.5763 9.2506 8.2571 7.7189 7.5253 6.8875 6.0826 5.6763 5.5838 5.3084 4.7383 4.0516 3.5738 3.4388 3.5129 3.6789 3.7310 3.6634 3.4579 3.1625 2.8022 2.4310 2.0892 1.7715 1.4936 1.2655 1.0719 0.9157 0.7865 0.6797 0.5916 0.5182 0.4541 0.4000 0.3529 0.3115 0.2758 0.2446 0.2176 0.1943 0.1731 0.1540 0.1374 0.1225
13.5629 13.0057 12.5016 11.7928 11.3982 10.4430 10.0815 9.4504 8.5402 8.1647 7.7937 7.0408 6.3486 6.0309 5.8714 5.4742 4.8541 4.2020 3.7843 3.6829 3.7453 3.8709 3.8709 3.7604 3.5282 3.2227 2.8628 2.4954 2.1575 1.8408 1.5617 1.3316 1.1340 0.9732 0.8390 0.7265 0.6335 0.5558 0.4882 0.4304 0.3795 0.3343 0.2956 0.2619 0.2329 0.2079 0.1854 0.1650 0.1472 0.1311
13.8619 13.4873 12.7979 12.2860 11.6670 10.8593 10.4885 9.6879 8.9124 8.5712 8.0338 7.2465 6.6624 6.3813 6.1373 5.6401 4.9942 4.3819 4.0148 3.9351 3.9786 4.0618 4.0102 3.8581 3.5997 3.2839 2.9241 2.5599 2.2256 1.9095 1.6297 1.3978 1.1967 1.0318 0.8927 0.7747 0.6769 0.5950 0.5241 0.4625 0.4077 0.3585 0.3165 0.2804 0.2491 0.2224 0.1985 0.1767 0.1576 0.1403
14.1146 14.0317 13.0921 12.8060 11.9603 11.2989 10.8890 9.9705 9.3133 8.9626 8.2842 7.4945 7.0022 6.7295 6.3982 5.8171 5.1590 4.5873 4.2629 4.1965 4.2158 4.2549 4.1519 3.9583 3.6736 3.3470 2.9863 2.6247 2.2934 1.9775 1.6972 1.4641 1.2599 1.0912 0.9477 0.8244 0.7219 0.6358 0.5617 0.4964 0.4376 0.3842 0.3389 0.3001 0.2665 0.2380 0.2126 0.1893 0.1688 0.1502
14.8261 14.2554 13.5573 13.3011 12.1818 11.8623 11.2531 10.2411 9.7679 9.3675 8.5390 7.7735 7.3723 7.0995 6.6762 6.0165 5.3555 4.8261 4.5401 4.4806 4.4702 4.4606 4.3065 4.0746 3.7667 3.4268 3.0595 2.6955 2.3650 2.0505 1.7704 1.5357 1.3289 1.1570 1.0095 0.8814 0.7736 0.6821 0.6027 0.5334 0.4714 0.4153 0.3670 0.3249 0.2885 0.2574 0.2297 0.2044 0.1823 0.1622
15.6392 14.2445 14.4671 13.3878 12.6572 12.5086 11.4492 10.5988 10.3309 9.7399 8.7652 8.0932 7.7940 7.4886 6.9537 6.2200 5.5701 5.0902 4.8406 4.7817 4.7352 4.6723 4.4648 4.1935 3.8614 3.5073 3.1326 2.7660 2.4365 2.1237 1.8437 1.6078 1.3988 1.2241 1.0730 0.9404 0.8273 0.7303 0.6456 0.5722 0.5070 0.4484 0.3971 0.3515 0.3120 0.2782 0.2480 0.2207 0.1967 0.1750
15.2082 15.2857 14.8046 13.4862 13.5885 12.8230 11.5975 11.2205 10.9084 9.9881 8.9918 8.5081 8.2787 7.8770 7.2112 6.4217 5.8075 5.3872 5.1704 5.1022 5.0102 4.8878 4.6242 4.3125 3.9557 3.5872 3.2050 2.8361 2.5078 2.1973 1.9173 1.6802 1.4695 1.2924 1.1382 1.0012 0.8828 0.7803 0.6902 0.6127 0.5446 0.4835 0.4293 0.3800 0.3372 0.3005 0.2676 0.2381 0.2122 0.1888
15.9397 16.2661 14.5047 14.5449 14.2592 12.7839 12.1589 12.0515 11.2969 10.1472 9.3548 9.0785 8.8100 8.2337 7.4426 6.6416 6.0936 5.7374 5.5407 5.4473 5.2975 5.1098 4.7876 4.4346 4.0524 3.6699 3.2810 2.9112 2.5849 2.2767 1.9965 1.7583 1.5457 1.3663 1.2088 1.0674 0.9438 0.8357 0.7401 0.6582 0.5864 0.5219 0.4642 0.4112 0.3650 0.3253 0.2897 0.2577 0.2298 0.2044
17.7157 15.7430 15.5176 15.7256 14.1458 13.1924 13.2374 12.6835 11.4404 10.4389 9.9846 9.7776 9.3216 8.5308 7.6655 6.9184 6.4597 6.1567 5.9559 5.8157 5.5952 5.3382 4.9564 4.5624 4.1556 3.7609 3.3672 2.9979 2.6740 2.3673 2.0868 1.8475 1.6323 1.4501 1.2890 1.1427 1.0137 0.9001 0.7988 0.7118 0.6352 0.5652 0.5030 0.4463 0.3965 0.3538 0.3156 0.2809 0.2505 0.2228
16.9634 16.5269 17.1393 15.5515 14.3035 14.4338 14.0999 12.7940 11.5923 11.0622 10.8039 10.4211 9.6911 8.7477 7.9053 7.2688 6.9023 6.6259 6.3900 6.1818 5.8805 5.5528 5.1145 4.6839 4.2576 3.8540 3.4573 3.0892 2.7677 2.4624 2.1817 1.9414 1.7235 1.5384 1.3737 1.2225 1.0879 0.9685 0.8613 0.7689 0.6873 0.6115 0.5444 0.4840 0.4304 0.3844 0.3436 0.3060 0.2729 0.2429
17.6224 18.5171 16.8569 15.4797 15.7051 15.5094 14.1602 12.7937 12.1884 12.0008 11.5765 10.8495 9.9089 8.9523 8.2279 7.7224 7.4184 7.1252 6.8210 6.5274 6.1417 5.7471 5.2595 4.7994 4.3602 3.9519 3.5541 3.1875 2.8683 2.5640 2.2828 2.0413 1.8204 1.6323 1.4638 1.3073 1.1669 1.0414 0.9281 0.8300 0.7431 0.6610 0.5887 0.5244 0.4668 0.4174 0.3738 0.3332 0.2971 0.2645
20.0162 18.0743 16.7929 17.2354 17.0277 15.5522 14.1009 13.4708 13.3167 12.9608 12.1104 11.0942 10.1160 9.2934 8.7277 8.3179 8.0167 7.6585 7.2614 6.8737 6.4053 5.9513 5.4242 4.9432 4.4937 4.0823 3.6841 3.3190 3.0009 2.6948 2.4121 2.1681 1.9426 1.7486 1.5731 1.4088 1.2623 1.1316 1.0123 0.9077 0.8138 0.7257 0.6478 0.5781 0.5149 0.4607 0.4134 0.3691 0.3295 0.2935
18.9998 18.2269 18.9422 18.5259 16.8336 15.4195 14.9088 14.7677 14.3651 13.4959 12.3239 11.2822 10.4564 9.8233 9.3739 8.9830 8.6189 8.1581 7.6577 7.1820 6.6454 6.1466 5.5928 5.1000 4.6452 4.2331 3.8354 3.4715 3.1536 2.8441 2.5586 2.3110 2.0797 1.8781 1.6941 1.5206 1.3676 1.2317 1.1062 0.9945 0.8927 0.7983 0.7144 0.6387 0.5691 0.5094 0.4582 0.4097 0.3662 0.3264
19.9761 20.7248 19.7787 17.9492 16.7800 16.5143 16.3833 15.8006 14.7891 13.6120 12.4885 11.6616 11.0407 10.5289 10.0925 9.6357 9.1617 8.5860 7.9932 7.4497 6.8664 6.3402 5.7723 5.2756 4.8193 4.4079 4.0103 3.6469 3.3276 3.0127 2.7226 2.4699 2.2314 2.0207 1.8268 1.6429 1.4827 1.3413 1.2093 1.0899 0.9794 0.8781 0.7877 0.7056 0.6288 0.5632 0.5078 0.4547 0.4068 0.3628
22.2969 20.6125 18.9890 18.4016 18.3710 18.1046 17.2491 16.0027 14.7723 13.7483 12.9113 12.3228 11.8147 11.2980 10.7749 10.1946 9.6075 8.9359 8.2734 7.6895 7.0836 6.5479 5.9771 5.4830 5.0290 4.6186 4.2190 3.8564 3.5362 3.2165 2.9196 2.6596 2.4119 2.1914 1.9870 1.7924 1.6228 1.4728 1.3330 1.2047 1.0846 0.9740 0.8757 0.7869 0.7035 0.6317 0.5701 0.5113 0.4583 0.4095
21.1671 20.4022 20.4666 20.4170 19.7272 18.5297 17.1689 15.9448 15.0232 14.3233 13.6782 13.1521 12.6012 11.9795 11.3269 10.6201 9.9541 9.2256 8.5223 7.9246 7.3161 6.7859 6.2199 5.7315 5.2809 4.8700 4.4651 4.1034 3.7829 3.4589 3.1529 2.8833 2.6242 2.3931 2.1782 1.9724 1.7909 1.6291 1.4800 1.3417 1.2109 1.0883 0.9805 0.8849 0.7956 0.7175 0.6472 0.5814 0.5225 0.4680
22.7369 22.7710 22.1313 20.9122 19.5169 18.2945 17.3201 16.5336 15.8929 15.2728 14.5531 13.8985 13.2098 12.4697 11.7190 10.9353 10.2407 9.4970 8.7804 8.1882 7.5891 7.0713 6.5116 6.0279 5.5773 5.1620 4.7479 4.3852 4.0627 3.7326 3.4153 3.1340 2.8615 2.6183 2.3914 2.1734 1.9787 1.8037 1.6445 1.4952 1.3524 1.2163 1.0980 0.9953 0.8998 0.8150 0.7348 0.6612 0.5957 0.5350
24.4106 23.0468 21.7111 20.5987 19.7383 19.0591 18.4059 17.6772 16.9128 16.0860 15.1574 14.3476 13.5623 12.7621 11.9798 11.1808 10.4983 9.7664 9.0536 8.4759 7.8895 7.3851 6.8309 6.3501 5.8959 5.4731 5.0469 4.6793 4.3526 4.0164 3.6890 3.3974 3.1123 2.8578 2.6197 2.3904 2.1829 1.9948 1.8236 1.6631 1.5094 1.3619 1.2337 1.1228 1.0196 0.9269 0.8366 0.7545 0.6818 0.6141
24.1531 23.3180 22.6385 21.9785 21.2672 20.4655 19.5432 18.5112 17.4742 16.4390 15.3950 14.5405 13.7599 12.9448 12.1682 11.3858 10.7227 10.0066 9.3085 8.7452 8.1681 7.6738 7.1250 6.6487 6.1903 5.7600 5.3220 4.9421 4.6086 4.2691 3.9398 3.6454 3.3536 3.0927 2.8478 2.6118 2.3955 2.1974 2.0099 1.8394 1.6800 1.5305 1.3967 1.2752 1.1601 1.0571 0.9591 0.8686 0.7877 0.7121
26.3373 25.4508 24.4515 23.3695 22.2622 21.1335 19.9765 18.7993 17.6738 16.5945 15.5656 14.7596 14.0422 13.2340 12.4649 11.6889 11.0338 10.3215 9.6280 9.0688 8.4917 8.0005 7.4524 6.9772 6.5119 6.0714 5.6191 5.2245 4.8830 4.5403 4.2095 3.9129 3.6147 3.3477 3.0962 2.8540 2.6290 2.4204 2.2151 2.0340 1.8696 1.7199 1.5811 1.4480 1.3196 1.2052 1.0991 0.9996 0.9099 0.8256
27.4008 26.1487 24.9033 23.6898 22.5430 21.4099 20.2677 19.1174 17.9967 16.9140 15.9083 15.1408 14.4649 13.6360 12.8463 12.0505 11.3857 10.6633 9.9636 9.3988 8.8143 8.3212 7.7704 7.2945 6.8227 6.3727 5.9070 5.4971 5.1476 4.8021 4.4700 4.1718 3.8686 3.5970 3.3404 3.0930 2.8602 2.6419 2.4190 2.2281 2.0599 1.9114 1.7688 1.6244 1.4825 1.3570 1.2435 1.1352 1.0369 0.9439
27.1551 25.9966 24.8502 23.6998 22.5743 21.4585 20.3385 19.2372 18.1404 17.0661 16.0433 15.2585 14.5632 13.7200 12.9137 12.0994 11.4390 10.7166 10.0068 9.4274 8.8296 8.3296 7.7708 7.2890 6.8289 6.3890 5.9319 5.5163 5.1612 4.8097 4.4705 4.1684 3.8674 3.6003 3.3473 3.0986 2.8639 2.6438 2.4219 2.2319 2.0641 1.9118 1.7664 1.6211 1.4799 1.3556 1.2442 1.1364 1.0380 0.9447
