0.2187 0.2177 0.2165 0.1855 0.1757 0.1649 0.1532 0.1450 0.1396 0.1516 0.1134 0.1071 0.1201 0.1217 0.1158 0.1041 0.0843 0.0618 0.0518 0.0590 0.0718 0.0776 0.0706 0.0562 0.0409 0.0294 0.0227 0.0197 0.0188 0.0183 0.0176 0.0164 0.0149 0.0132 0.0115 0.0099 0.0085 0.0073 0.0063 0.0054 0.0047 0.0041 0.0036 0.0032 0.0028 0.0025 0.0022 0.0020 0.0018 0.0016
0.6554 0.6506 0.6473 0.5569 0.5274 0.4939 0.4587 0.4340 0.4180 0.4536 0.3403 0.3213 0.3618 0.3671 0.3487 0.3131 0.2536 0.1861 0.1550 0.1753 0.2133 0.2316 0.2117 0.1694 0.1238 0.0891 0.0685 0.0591 0.0561 0.0546 0.0524 0.0491 0.0444 0.0395 0.0346 0.0298 0.0256 0.0220 0.0189 0.0163 0.0140 0.0123 0.0108 0.0096 0.0085 0.0076 0.0067 0.0060 0.0054 0.0048
1.0912 1.0773 1.0716 0.9290 0.8808 0.8213 0.7616 0.7201 0.6943 0.7524 0.5675 0.5356 0.6080 0.6185 0.5856 0.5244 0.4254 0.3123 0.2572 0.2867 0.3487 0.3817 0.3528 0.2854 0.2102 0.1514 0.1154 0.0983 0.0924 0.0897 0.0862 0.0810 0.0736 0.0658 0.0577 0.0499 0.0429 0.0369 0.0317 0.0273 0.0235 0.0206 0.0181 0.0160 0.0142 0.0126 0.0112 0.0100 0.0089 0.0080
1.5273 1.4974 1.4861 1.3012 1.2384 1.1464 1.0604 1.0025 0.9662 1.0472 0.7952 0.7505 0.8625 0.8800 0.8284 0.7390 0.6010 0.4422 0.3582 0.3902 0.4737 0.5249 0.4933 0.4058 0.3025 0.2185 0.1647 0.1376 0.1274 0.1229 0.1182 0.1116 0.1021 0.0917 0.0808 0.0702 0.0606 0.0522 0.0448 0.0386 0.0332 0.0290 0.0255 0.0226 0.0199 0.0177 0.0157 0.0140 0.0125 0.0112
1.9675 1.9148 1.8903 1.6706 1.6043 1.4699 1.3537 1.2817 1.2312 1.3387 1.0233 0.9668 1.1302 1.1553 1.0780 0.9567 0.7816 0.5780 0.4590 0.4838 0.5842 0.6575 0.6319 0.5316 0.4034 0.2931 0.2181 0.1778 0.1610 0.1537 0.1478 0.1403 0.1292 0.1170 0.1038 0.0906 0.0785 0.0678 0.0583 0.0502 0.0432 0.0377 0.0331 0.0292 0.0257 0.0228 0.0203 0.0180 0.0161 0.0144
2.4167 2.3373 2.2909 2.0331 1.9841 1.7947 1.6417 1.5595 1.4864 1.6303 1.2510 1.1864 1.4172 1.4473 1.3333 1.1759 0.9678 0.7228 0.5620 0.5666 0.6764 0.7752 0.7664 0.6635 0.5153 0.3782 0.2785 0.2207 0.1940 0.1821 0.1745 0.1664 0.1545 0.1411 0.1263 0.1111 0.0967 0.0838 0.0722 0.0622 0.0536 0.0466 0.0409 0.0360 0.0317 0.0281 0.0249 0.0221 0.0197 0.0176
2.8793 2.7720 2.7044 2.3853 2.3816 2.1273 1.9267 1.8383 1.7304 1.9273 1.4765 1.4134 1.7305 1.7566 1.5905 1.3930 1.1601 0.8809 0.6721 0.6403 0.7477 0.8734 0.8930 0.8006 0.6403 0.4775 0.3497 0.2692 0.2281 0.2086 0.1981 0.1893 0.1772 0.1634 0.1477 0.1310 0.1149 0.1000 0.0865 0.0747 0.0643 0.0560 0.0490 0.0431 0.0379 0.0334 0.0296 0.0262 0.0234 0.0208
3.3560 3.2183 3.1555 2.7330 2.7934 2.4813 2.2136 2.1192 1.9651 2.2359 1.6960 1.6548 2.0772 2.0805 1.8420 1.6024 1.3583 1.0581 0.7974 0.7101 0.7977 0.9473 1.0065 0.9401 0.7790 0.5945 0.4361 0.3277 0.2667 0.2352 0.2192 0.2087 0.1964 0.1829 0.1671 0.1497 0.1324 0.1161 0.1009 0.0874 0.0754 0.0656 0.0574 0.0505 0.0443 0.0390 0.0345 0.0305 0.0271 0.0241
3.8363 3.6643 3.6609 3.1041 3.2008 2.8796 2.5082 2.4013 2.1981 2.5589 1.9046 1.9215 2.4617 2.4097 2.0761 1.7972 1.5626 1.2620 0.9497 0.7862 0.8299 0.9935 1.0999 1.0760 0.9294 0.7312 0.5425 0.4017 0.3143 0.2651 0.2395 0.2251 0.2120 0.1989 0.1836 0.1663 0.1485 0.1313 0.1149 0.1000 0.0865 0.0755 0.0661 0.0581 0.0509 0.0448 0.0395 0.0349 0.0310 0.0275
4.2852 4.0963 4.2026 3.5559 3.5666 3.3545 2.8121 2.6825 2.4434 2.8900 2.0979 2.2275 2.8814 2.7273 2.2781 1.9700 1.7732 1.5011 1.1446 0.8849 0.8536 1.0108 1.1646 1.1983 1.0847 0.8863 0.6721 0.4968 0.3773 0.3036 0.2626 0.2405 0.2242 0.2108 0.1961 0.1794 0.1620 0.1447 0.1277 0.1119 0.0973 0.0852 0.0747 0.0657 0.0576 0.0507 0.0447 0.0394 0.0349 0.0310
4.6428 4.5141 4.7093 4.1561 3.8514 3.9373 3.1203 2.9677 2.7195 3.2096 2.2802 2.5898 3.3229 3.0106 2.4361 2.1184 1.9927 1.7850 1.4017 1.0315 0.8887 1.0055 1.1935 1.2931 1.2326 1.0532 0.8253 0.6186 0.4638 0.3591 0.2956 0.2598 0.2366 0.2204 0.2054 0.1892 0.1724 0.1555 0.1385 0.1224 0.1073 0.0944 0.0832 0.0734 0.0644 0.0568 0.0500 0.0442 0.0391 0.0347
4.9049 4.9168 5.0952 4.9079 4.0545 4.6188 3.4170 3.2708 3.0322 3.4808 2.4653 3.0148 3.7539 3.2325 2.5440 2.2446 2.2205 2.1148 1.7347 1.2533 0.9631 0.9918 1.1819 1.3424 1.3510 1.2149 0.9939 0.7672 0.5798 0.4402 0.3474 0.2911 0.2549 0.2318 0.2137 0.1966 0.1800 0.1636 0.1470 0.1311 0.1159 0.1028 0.0912 0.0808 0.0712 0.0629 0.0556 0.0491 0.0435 0.0386
5.2824 5.2521 5.3530 5.6558 4.2577 5.2939 3.6853 3.6047 3.3490 3.6536 2.6695 3.4783 4.1189 3.3683 2.6049 2.3523 2.4442 2.4687 2.1338 1.5637 1.1034 0.9895 1.1282 1.3230 1.4058 1.3372 1.1520 0.9281 0.7208 0.5498 0.4247 0.3417 0.2859 0.2501 0.2246 0.2036 0.1854 0.1687 0.1524 0.1369 0.1221 0.1091 0.0974 0.0869 0.0770 0.0683 0.0606 0.0537 0.0477 0.0423
6.1095 5.4555 5.5792 6.1069 4.6098 5.7582 3.9532 3.9740 3.6087 3.7068 2.9193 3.9214 4.3596 3.4214 2.6458 2.4509 2.6374 2.7955 2.5583 1.9596 1.3409 1.0374 1.0519 1.2249 1.3628 1.3760 1.2591 1.0718 0.8709 0.6838 0.5316 0.4205 0.3402 0.2855 0.2467 0.2169 0.1936 0.1742 0.1568 0.1410 0.1262 0.1134 0.1019 0.0915 0.0815 0.0727 0.0647 0.0576 0.0514 0.0457
7.1584 5.6913 5.8094 6.1074 5.1398 5.8254 4.2860 4.3400 3.7671 3.6869 3.2207 4.2425 4.4434 3.4405 2.7119 2.5423 2.7471 2.9987 2.9125 2.3955 1.6957 1.1958 1.0109 1.0737 1.2085 1.2891 1.2616 1.1484 0.9923 0.8197 0.6596 0.5293 0.4255 0.3490 0.2917 0.2475 0.2140 0.1877 0.1661 0.1478 0.1315 0.1178 0.1059 0.0953 0.0852 0.0763 0.0682 0.0609 0.0545 0.0486
7.4001 6.2292 5.9916 5.9398 5.5505 5.5868 4.6776 4.6523 3.9087 3.7148 3.5173 4.3263 4.4112 3.5286 2.8462 2.6085 2.7028 2.9481 3.0391 2.7586 2.1535 1.5440 1.1267 0.9758 0.9987 1.0765 1.1182 1.0969 1.0225 0.9055 0.7725 0.6474 0.5344 0.4420 0.3667 0.3053 0.2572 0.2195 0.1893 0.1648 0.1443 0.1275 0.1135 0.1015 0.0904 0.0807 0.0720 0.0644 0.0576 0.0515
6.9179 6.5564 6.4617 5.9869 5.5759 5.4904 4.9197 5.0319 4.2980 3.8889 3.6833 4.1223 4.4066 3.8150 3.0565 2.6185 2.4819 2.5662 2.7655 2.8494 2.6082 2.1350 1.5855 1.1700 0.9427 0.8703 0.8744 0.8940 0.8964 0.8601 0.7925 0.7100 0.6186 0.5324 0.4531 0.3817 0.3218 0.2723 0.2317 0.1985 0.1709 0.1483 0.1299 0.1145 0.1007 0.0891 0.0789 0.0700 0.0624 0.0555
7.1053 6.5444 7.2961 6.5041 6.0499 5.7809 4.9006 5.8760 5.0672 4.1377 3.7273 3.7500 4.5401 4.3364 3.2944 2.5905 2.2945 2.1017 2.1148 2.4040 2.6998 2.7617 2.4656 1.9850 1.4884 1.1025 0.8549 0.7269 0.6756 0.6520 0.6323 0.6060 0.5656 0.5188 0.4665 0.4109 0.3588 0.3115 0.2697 0.2334 0.2019 0.1751 0.1526 0.1336 0.1165 0.1022 0.0897 0.0790 0.0700 0.0618
7.9040 7.5102 8.1283 6.9651 6.7225 6.5467 5.7787 5.6342 5.2548 4.5219 4.8149 3.9235 3.6363 3.8764 3.2996 2.6727 2.7669 2.9548 2.6403 2.0448 1.6458 1.6850 1.9854 2.3036 2.4429 2.3668 2.1138 1.7814 1.4496 1.1464 0.8975 0.7098 0.5679 0.4662 0.3908 0.3321 0.2872 0.2517 0.2227 0.1983 0.1770 0.1582 0.1418 0.1274 0.1136 0.1015 0.0905 0.0808 0.0723 0.0644
9.2065 7.8563 8.1469 7.9299 6.7634 7.2287 5.9088 6.2392 5.3275 5.0095 5.0624 4.0568 4.0146 4.1166 3.3853 2.8624 3.0395 3.1464 2.7253 2.1108 1.7599 1.8488 2.1632 2.4651 2.5765 2.4758 2.2054 1.8613 1.5217 1.2115 0.9552 0.7603 0.6114 0.5035 0.4228 0.3593 0.3104 0.2715 0.2396 0.2131 0.1900 0.1698 0.1521 0.1364 0.1215 0.1085 0.0968 0.0864 0.0773 0.0689
9.9789 8.9440 8.0346 8.6462 7.1420 7.6140 6.2739 6.6966 5.4526 5.5501 5.2086 4.2592 4.4173 4.3012 3.4735 3.0920 3.3187 3.3153 2.7949 2.1819 1.8893 2.0251 2.3449 2.6233 2.7031 2.5775 2.2911 1.9374 1.5920 1.2762 1.0136 0.8122 0.6566 0.5427 0.4565 0.3883 0.3351 0.2926 0.2577 0.2288 0.2038 0.1820 0.1629 0.1458 0.1298 0.1158 0.1033 0.0922 0.0825 0.0736
9.7519 10.0242 8.4769 8.8043 7.9467 7.6755 6.9160 6.9244 5.7362 6.0535 5.2839 4.5586 4.8074 4.4286 3.5852 3.3618 3.5925 3.4567 2.8533 2.2634 2.0358 2.2124 2.5280 2.7760 2.8217 2.6715 2.3709 2.0098 1.6604 1.3407 1.0728 0.8654 0.7035 0.5837 0.4921 0.4189 0.3614 0.3150 0.2769 0.2454 0.2185 0.1950 0.1744 0.1558 0.1384 0.1234 0.1101 0.0983 0.0879 0.0784
9.6909 10.2382 9.5479 8.6833 8.8569 7.6656 7.6785 6.9752 6.2189 6.4296 5.3564 4.9548 5.1447 4.5131 3.7408 3.6648 3.8477 3.5694 2.9070 2.3605 2.2001 2.4083 2.7096 2.9214 2.9315 2.7578 2.4450 2.0785 1.7270 1.4048 1.1326 0.9199 0.7519 0.6265 0.5295 0.4514 0.3893 0.3390 0.2973 0.2632 0.2341 0.2088 0.1865 0.1663 0.1475 0.1314 0.1172 0.1046 0.0936 0.0835
10.7592 9.9777 10.4527 8.9175 9.3829 7.9231 8.2742 7.0203 6.8225 6.6327 5.5039 5.4113 5.3997 4.5818 3.9520 3.9858 4.0733 3.6577 2.9650 2.4783 2.3820 2.6106 2.8877 3.0588 3.0330 2.8369 2.5137 2.1441 1.7923 1.4689 1.1936 0.9765 0.8029 0.6716 0.5689 0.4858 0.4191 0.3647 0.3194 0.2823 0.2508 0.2234 0.1992 0.1774 0.1573 0.1400 0.1249 0.1115 0.0997 0.0890
11.8694 10.4086 10.5842 9.7357 9.4159 8.5637 8.5305 7.2554 7.3927 6.7063 5.7818 5.8656 5.5677 4.6711 4.2208 4.3056 4.2625 3.7292 3.0365 2.6199 2.5795 2.8163 3.0602 3.1878 3.1266 2.9097 2.5778 2.2072 1.8564 1.5330 1.2560 1.0352 0.8563 0.7190 0.6103 0.5220 0.4507 0.3924 0.3433 0.3029 0.2686 0.2387 0.2126 0.1891 0.1678 0.1495 0.1333 0.1189 0.1062 0.0948
11.8858 11.5158 10.4679 10.6181 9.3987 9.3368 8.5623 7.7509 7.7963 6.7710 6.1918 6.2553 5.6753 4.8162 4.5378 4.6052 4.4148 3.7940 3.1285 2.7852 2.7888 3.0212 3.2251 3.3079 3.2127 2.9772 2.6386 2.2683 1.9195 1.5970 1.3189 1.0951 0.9112 0.7681 0.6534 0.5599 0.4842 0.4218 0.3687 0.3248 0.2875 0.2550 0.2268 0.2015 0.1790 0.1596 0.1422 0.1267 0.1132 0.1010
11.8576 12.1468 10.9402 10.9902 9.7890 9.8613 8.6631 8.3715 8.0047 6.9455 6.6714 6.5460 5.7713 5.0351 4.8807 4.8706 4.5376 3.8650 3.2467 2.9727 3.0061 3.2228 3.3820 3.4201 3.2928 3.0408 2.6970 2.3279 1.9818 1.6609 1.3823 1.1559 0.9674 0.8186 0.6980 0.5996 0.5193 0.4530 0.3957 0.3482 0.3076 0.2724 0.2418 0.2147 0.1908 0.1703 0.1516 0.1350 0.1205 0.1075
12.7061 12.1847 11.8180 11.0521 10.5081 10.0661 9.0314 8.9061 8.1243 7.2769 7.1325 6.7501 5.9066 5.3235 5.2235 5.0976 4.6447 3.9539 3.3936 3.1792 3.2280 3.4198 3.5317 3.5261 3.3689 3.1020 2.7542 2.3866 2.0436 1.7246 1.4459 1.2174 1.0247 0.8704 0.7441 0.6408 0.5561 0.4858 0.4243 0.3730 0.3290 0.2909 0.2578 0.2287 0.2034 0.1817 0.1617 0.1438 0.1283 0.1144
13.3359 12.4159 12.2892 11.2771 11.0580 10.1728 9.5426 9.2269 8.2753 7.6931 7.4910 6.8961 6.0950 5.6524 5.5445 5.2925 4.7523 4.0712 3.5725 3.4072 3.4593 3.6189 3.6801 3.6295 3.4427 3.1632 2.8141 2.4495 2.1103 1.7924 1.5125 1.2817 1.0852 0.9263 0.7948 0.6859 0.5963 0.5216 0.4566 0.4017 0.3541 0.3124 0.2765 0.2450 0.2178 0.1945 0.1732 0.1541 0.1374 0.1225
13.5785 12.9607 12.5173 11.7636 11.3859 10.4551 10.0383 9.4573 8.5491 8.1282 7.7781 7.0601 6.3511 5.9996 5.8396 5.4711 4.8738 4.2180 3.7760 3.6468 3.6922 3.8153 3.8258 3.7317 3.5163 3.2247 2.8745 2.5126 2.1770 1.8600 1.5791 1.3465 1.1464 0.9832 0.8469 0.7325 0.6381 0.5592 0.4907 0.4322 0.3808 0.3353 0.2963 0.2624 0.2332 0.2082 0.1856 0.1651 0.1472 0.1312
13.8903 13.4525 12.8263 12.2433 11.6951 10.8418 10.4655 9.7137 8.9019 8.5390 8.0400 7.2675 6.6530 6.3485 6.1174 5.6488 5.0163 4.3925 3.9999 3.8963 3.9277 4.0117 3.9714 3.8345 3.5910 3.2871 2.9354 2.5758 2.2433 1.9269 1.6453 1.4113 1.2080 1.0410 0.9000 0.7804 0.6813 0.5983 0.5265 0.4644 0.4091 0.3595 0.3173 0.2809 0.2495 0.2227 0.1987 0.1769 0.1577 0.1404
14.0804 14.0668 13.0756 12.8065 11.9865 11.2661 10.9027 9.9916 9.2878 8.9493 8.3071 7.5082 6.9829 6.7021 6.3926 5.8350 5.1804 4.5914 4.2425 4.1568 4.1687 4.2113 4.1196 3.9398 3.6678 3.3510 2.9970 2.6390 2.3091 1.9930 1.7111 1.4761 1.2700 1.0995 0.9543 0.8297 0.7260 0.6390 0.5641 0.4982 0.4390 0.3853 0.3396 0.3006 0.2669 0.2383 0.2128 0.1895 0.1689 0.1503
14.8204 14.2928 13.5313 13.3460 12.1730 11.8528 11.2897 10.2407 9.7450 9.3794 8.5668 7.7746 7.3491 7.0833 6.6843 6.0397 5.3731 4.8234 4.5157 4.4419 4.4282 4.4239 4.2806 4.0608 3.7634 3.4315 3.0694 2.7082 2.3787 2.0639 1.7824 1.5462 1.3378 1.1643 1.0155 0.8862 0.7774 0.6850 0.6049 0.5351 0.4727 0.4163 0.3678 0.3255 0.2889 0.2577 0.2299 0.2046 0.1824 0.1623
15.7032 14.2278 14.4981 13.4167 12.6373 12.5399 11.4764 10.5820 10.3288 9.7700 8.7852 8.0827 7.7747 7.4866 6.9725 6.2440 5.5816 5.0812 4.8140 4.7457 4.6991 4.6425 4.4449 4.1837 3.8601 3.5123 3.1416 2.7771 2.4481 2.1350 1.8539 1.6167 1.4063 1.2304 1.0782 0.9445 0.8306 0.7329 0.6476 0.5737 0.5082 0.4493 0.3979 0.3521 0.3124 0.2785 0.2482 0.2209 0.1969 0.1751
15.2266 15.2921 14.8601 13.4756 13.6044 12.8678 11.5978 11.2102 10.9321 10.0204 8.9972 8.4928 8.2701 7.8887 7.2355 6.4420 5.8118 5.3732 5.1435 5.0703 4.9804 4.8646 4.6097 4.3061 3.9558 3.5921 3.2128 2.8454 2.5175 2.2065 1.9257 1.6876 1.4758 1.2977 1.1426 1.0047 0.8857 0.7826 0.6920 0.6142 0.5457 0.4843 0.4299 0.3805 0.3376 0.3008 0.2678 0.2383 0.2124 0.1889
15.9308 16.3288 14.5141 14.5472 14.3090 12.8035 12.1481 12.0664 11.3336 10.1666 9.3478 9.0677 8.8153 8.2550 7.4668 6.6553 6.0908 5.7201 5.5153 5.4203 5.2740 5.0925 4.7774 4.4307 4.0534 3.6744 3.2876 2.9187 2.5927 2.2841 2.0032 1.7642 1.5507 1.3706 1.2124 1.0703 0.9461 0.8376 0.7416 0.6594 0.5874 0.5227 0.4648 0.4117 0.3653 0.3256 0.2899 0.2579 0.2299 0.2045
17.7740 15.7710 15.5128 15.7721 14.1800 13.1860 13.2450 12.7194 11.4692 10.4409 9.9750 9.7783 9.3388 8.5553 7.6846 6.9242 6.4513 6.1384 5.9335 5.7940 5.5775 5.3259 4.9496 4.5603 4.1570 3.7647 3.3724 3.0038 2.6800 2.3730 2.0920 1.8521 1.6363 1.4535 1.2918 1.1450 1.0156 0.9017 0.8001 0.7128 0.6360 0.5659 0.5035 0.4467 0.3968 0.3540 0.3158 0.2811 0.2506 0.2230
17.0017 16.5193 17.1800 15.5930 14.3019 14.4365 14.1327 12.8273 11.6010 11.0549 10.8020 10.4343 9.7141 8.7688 7.9162 7.2671 6.8903 6.6083 6.3715 6.1652 5.8678 5.5443 5.1101 4.6829 4.2590 3.8570 3.4612 3.0935 2.7721 2.4666 2.1855 1.9448 1.7264 1.5410 1.3759 1.2242 1.0894 0.9697 0.8624 0.7697 0.6880 0.6120 0.5448 0.4843 0.4307 0.3846 0.3437 0.3062 0.2730 0.2429
17.6123 18.5533 16.8991 15.4797 15.7050 15.5389 14.1940 12.8055 12.1829 11.9976 11.5866 10.8700 9.9299 8.9655 8.2303 7.7152 7.4052 7.1099 6.8066 6.5154 6.1329 5.7416 5.2568 4.7989 4.3613 3.9541 3.5568 3.1905 2.8714 2.5669 2.2855 2.0437 1.8225 1.6341 1.4654 1.3086 1.1680 1.0424 0.9288 0.8306 0.7436 0.6614 0.5891 0.5247 0.4670 0.4176 0.3739 0.3333 0.2972 0.2646
20.0517 18.1116 16.7899 17.2341 17.0549 15.5837 14.1119 13.4652 13.3127 12.9689 12.1283 11.1134 10.1290 9.2972 8.7232 8.3079 8.0042 7.6463 7.2509 6.8655 6.3997 5.9478 5.4225 4.9430 4.4945 4.0837 3.6859 3.3209 3.0028 2.6967 2.4139 2.1697 1.9440 1.7498 1.5742 1.4097 1.2631 1.1323 1.0129 0.9081 0.8142 0.7260 0.6481 0.5784 0.5151 0.4608 0.4136 0.3692 0.3296 0.2936
19.0254 18.2172 18.9419 18.5519 16.8599 15.4257 14.9014 14.7633 14.3722 13.5115 12.3403 11.2932 10.4597 9.8197 9.3658 8.9728 8.6086 8.1491 7.6507 7.1769 6.6419 6.1445 5.5918 5.0999 4.6456 4.2339 3.8364 3.4726 3.1547 2.8452 2.5596 2.3119 2.0805 1.8788 1.6948 1.5212 1.3681 1.2321 1.1066 0.9948 0.8930 0.7985 0.7146 0.6389 0.5692 0.5095 0.4583 0.4098 0.3662 0.3264
19.9601 20.7291 19.8033 17.9666 16.7784 16.5043 16.3793 15.8076 14.8027 13.6249 12.4961 11.6627 11.0366 10.5215 10.0839 9.6274 9.1543 8.5801 7.9889 7.4467 6.8644 6.3389 5.7716 5.2755 4.8195 4.4083 4.0108 3.6475 3.3282 3.0133 2.7232 2.4704 2.2319 2.0212 1.8272 1.6432 1.4831 1.3415 1.2095 1.0901 0.9796 0.8782 0.7878 0.7057 0.6289 0.5633 0.5078 0.4547 0.4069 0.3629
22.3092 20.6316 18.9933 18.3916 18.3601 18.1029 17.2567 16.0138 14.7810 13.7517 12.9094 12.3173 11.8074 11.2903 10.7680 10.1888 9.6028 8.9323 8.2709 7.6878 7.0824 6.5472 5.9767 5.4827 5.0290 4.6187 4.2192 3.8566 3.5364 3.2167 2.9198 2.6598 2.4122 2.1916 1.9873 1.7926 1.6230 1.4730 1.3331 1.2048 1.0847 0.9741 0.8758 0.7870 0.7036 0.6318 0.5701 0.5113 0.4584 0.4095
21.1722 20.3924 20.4524 20.4096 19.7293 18.5373 17.1763 15.9482 15.0218 14.3181 13.6711 13.1447 12.5944 11.9738 11.3225 10.6168 9.9516 9.2238 8.5210 7.9237 7.3155 6.7854 6.2195 5.7313 5.2808 4.8699 4.4651 4.1034 3.7829 3.4589 3.1530 2.8834 2.6243 2.3932 2.1783 1.9725 1.7910 1.6292 1.4800 1.3418 1.2109 1.0883 0.9805 0.8850 0.7956 0.7175 0.6472 0.5814 0.5225 0.4681
22.7211 22.7617 22.1308 20.9169 19.5217 18.2961 17.3176 16.5280 15.8856 15.2652 14.5462 13.8929 13.2055 12.4665 11.7168 10.9338 10.2397 9.4962 8.7798 8.1878 7.5888 7.0710 6.5114 6.0277 5.5771 5.1619 4.7478 4.3852 4.0627 3.7326 3.4153 3.1340 2.8615 2.6183 2.3914 2.1735 1.9787 1.8038 1.6445 1.4952 1.3525 1.2164 1.0980 0.9953 0.8999 0.8150 0.7348 0.6612 0.5957 0.5350
24.4110 23.0498 21.7128 20.5972 19.7336 19.0523 18.3984 17.6701 16.9066 16.0810 15.1534 14.3448 13.5605 12.7610 11.9790 11.1803 10.4980 9.7661 9.0534 8.4757 7.8894 7.3850 6.8307 6.3500 5.8958 5.4731 5.0468 4.6793 4.3526 4.0164 3.6890 3.3974 3.1123 2.8578 2.6197 2.3904 2.1829 1.9949 1.8236 1.6631 1.5094 1.3619 1.2337 1.1228 1.0196 0.9269 0.8366 0.7546 0.6818 0.6141
24.1504 23.3127 22.6316 21.9712 21.2605 20.4598 19.5387 18.5080 17.4718 16.4373 15.3938 14.5397 13.7595 12.9446 12.1680 11.3857 10.7226 10.0065 9.3084 8.7451 8.1680 7.6738 7.1250 6.6486 6.1902 5.7599 5.3220 4.9421 4.6085 4.2691 3.9397 3.6454 3.3536 3.0927 2.8477 2.6118 2.3955 2.1974 2.0099 1.8394 1.6800 1.5305 1.3967 1.2752 1.1601 1.0571 0.9591 0.8686 0.7877 0.7121
26.3316 25.4461 24.4478 23.3668 22.2604 21.1324 19.9758 18.7989 17.6735 16.5943 15.5655 14.7596 14.0422 13.2340 12.4649 11.6889 11.0338 10.3215 9.6280 9.0687 8.4917 8.0005 7.4524 6.9772 6.5119 6.0714 5.6191 5.2244 4.8830 4.5403 4.2095 3.9129 3.6147 3.3477 3.0962 2.8540 2.6290 2.4204 2.2151 2.0340 1.8696 1.7199 1.5811 1.4480 1.3196 1.2052 1.0991 0.9996 0.9099 0.8256
27.4006 26.1487 24.9033 23.6899 22.5431 21.4100 20.2678 19.1175 17.9968 16.9140 15.9083 15.1408 14.4649 13.6360 12.8464 12.0505 11.3857 10.6633 9.9636 9.3988 8.8143 8.3212 7.7704 7.2945 6.8227 6.3727 5.9070 5.4971 5.1476 4.8021 4.4700 4.1718 3.8686 3.5970 3.3404 3.0930 2.8602 2.6419 2.4190 2.2281 2.0599 1.9114 1.7688 1.6244 1.4825 1.3570 1.2435 1.1352 1.0369 0.9439
27.1552 25.9966 24.8502 23.6998 22.5743 21.4585 20.3385 19.2372 18.1404 17.0661 16.0433 15.2585 14.5632 13.7200 12.9137 12.0994 11.4390 10.7166 10.0068 9.4274 8.8296 8.3296 7.7708 7.2890 6.8289 6.3890 5.9319 5.5163 5.1612 4.8097 4.4705 4.1684 3.8674 3.6003 3.3473 3.0986 2.8639 2.6438 2.4219 2.2319 2.0641 1.9118 1.7664 1.6211 1.4799 1.3556 1.2442 1.1364 1.0380 0.9447
