0.1260 0.0672 0.0067 0.0637 0.1421 0.0224 0.0840 0.0755 0.0514 0.0672 0.0726 0.0187 0.1014 0.0193 0.0316 0.0846 0.0316 0.0041 0.0460 0.0642 0.0328 0.0035 0.0082 0.0310 0.0441 0.0387 0.0224 0.0076 0.0010 0.0028 0.0092 0.0161 0.0209 0.0224 0.0214 0.0183 0.0144 0.0105 0.0070 0.0043 0.0023 0.0011 0.0005 0.0002 0.0003 0.0006 0.0010 0.0014 0.0017 0.0020
0.3903 0.2167 0.0231 0.1787 0.4279 0.0744 0.2427 0.2347 0.1468 0.2083 0.2119 0.0597 0.3038 0.0550 0.0981 0.2536 0.0923 0.0130 0.1398 0.1924 0.0969 0.0100 0.0255 0.0938 0.1325 0.1155 0.0666 0.0223 0.0030 0.0086 0.0279 0.0487 0.0628 0.0673 0.0641 0.0548 0.0431 0.0314 0.0210 0.0128 0.0069 0.0033 0.0013 0.0007 0.0010 0.0018 0.0029 0.0041 0.0051 0.0061
0.6869 0.4118 0.0531 0.2576 0.7153 0.1500 0.3733 0.4184 0.2207 0.3687 0.3340 0.1122 0.5048 0.0824 0.1746 0.4219 0.1454 0.0246 0.2391 0.3192 0.1564 0.0151 0.0451 0.1594 0.2215 0.1910 0.1089 0.0357 0.0047 0.0149 0.0475 0.0821 0.1052 0.1124 0.1067 0.0910 0.0714 0.0519 0.0346 0.0210 0.0114 0.0053 0.0022 0.0012 0.0017 0.0031 0.0049 0.0068 0.0086 0.0103
1.0204 0.6809 0.1192 0.2812 0.9948 0.2700 0.4569 0.6410 0.2606 0.5604 0.4267 0.1856 0.7009 0.0974 0.2680 0.5879 0.1864 0.0413 0.3472 0.4433 0.2082 0.0182 0.0688 0.2295 0.3114 0.2641 0.1479 0.0470 0.0062 0.0224 0.0687 0.1169 0.1485 0.1576 0.1491 0.1267 0.0990 0.0717 0.0476 0.0288 0.0155 0.0072 0.0030 0.0017 0.0025 0.0044 0.0070 0.0097 0.0122 0.0145
1.3647 1.0411 0.2603 0.2423 1.2417 0.4605 0.4771 0.9121 0.2584 0.7925 0.4783 0.2912 0.8856 0.0980 0.3856 0.7480 0.2111 0.0665 0.4672 0.5627 0.2494 0.0193 0.0986 0.3055 0.4021 0.3335 0.1823 0.0557 0.0074 0.0315 0.0922 0.1536 0.1930 0.2032 0.1910 0.1616 0.1257 0.0906 0.0599 0.0360 0.0193 0.0089 0.0036 0.0022 0.0033 0.0059 0.0092 0.0127 0.0159 0.0188
1.6481 1.4781 0.5284 0.1575 1.4133 0.7475 0.4258 1.2316 0.2146 1.0684 0.4794 0.4415 1.0475 0.0857 0.5343 0.8966 0.2169 0.1051 0.6010 0.6743 0.2773 0.0190 0.1368 0.3890 0.4931 0.3980 0.2110 0.0610 0.0087 0.0428 0.1186 0.1927 0.2387 0.2489 0.2323 0.1953 0.1511 0.1084 0.0712 0.0425 0.0225 0.0103 0.0042 0.0027 0.0042 0.0075 0.0116 0.0159 0.0198 0.0233
1.7543 1.9191 0.9692 0.0826 1.4536 1.1468 0.3128 1.5819 0.1436 1.3812 0.4260 0.6488 1.1711 0.0672 0.7195 1.0250 0.2029 0.1633 0.7495 0.7740 0.2897 0.0187 0.1860 0.4808 0.5837 0.4559 0.2326 0.0627 0.0103 0.0570 0.1484 0.2345 0.2858 0.2948 0.2727 0.2276 0.1750 0.1246 0.0813 0.0481 0.0252 0.0114 0.0047 0.0032 0.0053 0.0093 0.0142 0.0193 0.0238 0.0280
1.5630 2.2177 1.5822 0.1196 1.3114 1.6440 0.1775 1.9213 0.0803 1.7079 0.3250 0.9216 1.2372 0.0552 0.9431 1.1215 0.1711 0.2483 0.9116 0.8565 0.2850 0.0213 0.2488 0.5815 0.6724 0.5054 0.2463 0.0609 0.0129 0.0748 0.1824 0.2794 0.3343 0.3405 0.3119 0.2582 0.1969 0.1392 0.0900 0.0526 0.0272 0.0121 0.0050 0.0038 0.0065 0.0113 0.0171 0.0229 0.0282 0.0329
1.0484 2.1850 2.2662 0.4018 0.9761 2.1738 0.0963 2.1811 0.0818 2.0055 0.2000 1.2591 1.2263 0.0697 1.2011 1.1723 0.1275 0.3680 1.0835 0.9157 0.2632 0.0304 0.3281 0.6907 0.7571 0.5446 0.2512 0.0557 0.0173 0.0972 0.2211 0.3276 0.3841 0.3857 0.3494 0.2865 0.2166 0.1517 0.0971 0.0561 0.0286 0.0125 0.0053 0.0045 0.0079 0.0136 0.0202 0.0268 0.0327 0.0380
0.4071 1.6998 2.7853 1.0357 0.5245 2.6061 0.1786 2.2729 0.2224 2.2102 0.0960 1.6454 1.1246 0.1367 1.4803 1.1632 0.0833 0.5295 1.2581 0.9449 0.2257 0.0513 0.4264 0.8072 0.8351 0.5715 0.2468 0.0478 0.0247 0.1250 0.2650 0.3791 0.4350 0.4301 0.3850 0.3123 0.2338 0.1621 0.1026 0.0584 0.0292 0.0126 0.0055 0.0054 0.0096 0.0162 0.0237 0.0311 0.0376 0.0434
0.1069 0.8789 2.8252 1.9920 0.1568 2.7629 0.5385 2.1143 0.5742 2.2493 0.0800 2.0449 0.9319 0.2858 1.7593 1.0849 0.0554 0.7377 1.4256 0.9386 0.1768 0.0902 0.5464 0.9302 0.9046 0.5850 0.2334 0.0386 0.0364 0.1597 0.3152 0.4348 0.4876 0.4741 0.4188 0.3359 0.2487 0.1704 0.1065 0.0597 0.0292 0.0123 0.0057 0.0064 0.0116 0.0192 0.0276 0.0358 0.0429 0.0491
0.6858 0.1943 2.1927 2.9958 0.1741 2.4857 1.2367 1.6720 1.1736 2.0619 0.2314 2.3963 0.6684 0.5456 2.0081 0.9367 0.0659 0.9925 1.5716 0.8919 0.1230 0.1546 0.6901 1.0575 0.9626 0.5841 0.2116 0.0296 0.0543 0.2028 0.3728 0.4954 0.5423 0.5182 0.4514 0.3575 0.2615 0.1770 0.1089 0.0599 0.0287 0.0119 0.0060 0.0077 0.0140 0.0226 0.0320 0.0410 0.0486 0.0554
2.2163 0.3329 1.0827 3.5501 0.8379 1.7543 2.2043 1.0209 1.9762 1.6315 0.6176 2.6107 0.3813 0.9348 2.1871 0.7295 0.1402 1.2834 1.6736 0.8004 0.0739 0.2515 0.8555 1.1817 1.0028 0.5659 0.1822 0.0229 0.0805 0.2553 0.4379 0.5602 0.5981 0.5611 0.4815 0.3762 0.2716 0.1812 0.1097 0.0591 0.0276 0.0114 0.0065 0.0093 0.0168 0.0266 0.0369 0.0466 0.0548 0.0620
3.7820 1.6626 0.1989 3.1922 2.1201 0.8099 3.1891 0.3892 2.8211 1.0270 1.2585 2.5979 0.1520 1.4494 2.2558 0.4926 0.3038 1.5940 1.7138 0.6686 0.0433 0.3871 1.0386 1.2956 1.0203 0.5298 0.1473 0.0215 0.1172 0.3186 0.5107 0.6289 0.6545 0.6022 0.5086 0.3916 0.2787 0.1831 0.1088 0.0572 0.0260 0.0107 0.0071 0.0114 0.0202 0.0311 0.0424 0.0529 0.0616 0.0691
3.8948 3.5460 0.4618 1.9168 3.5291 0.1693 3.7766 0.1203 3.4487 0.4325 2.0882 2.2989 0.0851 2.0428 2.1716 0.2692 0.5796 1.9069 1.6847 0.5120 0.0479 0.5642 1.2314 1.3897 1.0106 0.4762 0.1098 0.0286 0.1665 0.3932 0.5910 0.7006 0.7100 0.6403 0.5316 0.4030 0.2823 0.1822 0.1060 0.0543 0.0239 0.0101 0.0081 0.0140 0.0242 0.0364 0.0486 0.0598 0.0689 0.0767
2.1012 4.3976 2.1484 0.5321 4.2201 0.4047 3.5607 0.5206 3.6005 0.1275 2.9304 1.7280 0.2831 2.6196 1.9028 0.1143 0.9801 2.2007 1.5868 0.3532 0.1050 0.7825 1.4240 1.4554 0.9709 0.4077 0.0744 0.0480 0.2304 0.4795 0.6776 0.7733 0.7629 0.6737 0.5493 0.4092 0.2816 0.1782 0.1011 0.0502 0.0214 0.0096 0.0096 0.0173 0.0291 0.0425 0.0557 0.0675 0.0769 0.0850
0.2783 3.0949 4.1897 0.2713 3.5909 1.7365 2.4606 1.6548 3.0945 0.3551 3.5620 1.0332 0.8094 3.0516 1.4614 0.0927 1.4832 2.4214 1.4057 0.2104 0.2319 1.0463 1.6135 1.4912 0.9045 0.3302 0.0469 0.0836 0.3105 0.5770 0.7689 0.8453 0.8113 0.7008 0.5605 0.4098 0.2765 0.1710 0.0943 0.0451 0.0187 0.0094 0.0118 0.0215 0.0349 0.0496 0.0637 0.0760 0.0858 0.0939
0.9896 0.8607 4.6701 1.7781 1.8749 3.6040 1.0514 3.2098 1.9716 1.1888 3.7382 0.4331 1.6373 3.2180 0.9301 0.2763 2.0344 2.4942 1.1210 0.0969 0.4385 1.3517 1.7917 1.4938 0.8145 0.2504 0.0336 0.1393 0.4078 0.6851 0.8634 0.9148 0.8540 0.7212 0.5651 0.4049 0.2673 0.1612 0.0860 0.0395 0.0162 0.0099 0.0148 0.0266 0.0417 0.0577 0.0725 0.0853 0.0952 0.1034
4.0331 0.3422 2.8578 4.1842 0.3170 4.8431 0.1627 4.4378 0.7526 2.5180 3.2343 0.1087 2.5858 3.0165 0.4342 0.6910 2.5435 2.3859 0.7831 0.0585 0.7110 1.6415 1.8987 1.4252 0.6872 0.1680 0.0366 0.2145 0.5185 0.7976 0.9545 0.9759 0.8866 0.7318 0.5616 0.3940 0.2542 0.1490 0.0767 0.0338 0.0141 0.0111 0.0189 0.0328 0.0496 0.0667 0.0823 0.0955 0.1055 0.1137
5.3924 3.0412 0.4708 5.3044 0.6454 4.3867 0.7752 4.6011 0.1393 3.9439 2.1720 0.4198 3.5170 2.4398 0.1228 1.3656 2.9705 2.1087 0.4494 0.1489 1.0852 1.9427 1.9601 1.3091 0.5416 0.0975 0.0684 0.3209 0.6537 0.9249 1.0510 1.0357 0.9143 0.7363 0.5522 0.3784 0.2377 0.1348 0.0665 0.0281 0.0127 0.0134 0.0242 0.0404 0.0589 0.0772 0.0933 0.1068 0.1167 0.1248
2.4878 5.7378 0.8596 3.5522 3.1454 2.2647 2.8889 3.3096 0.7750 4.7115 0.9349 1.4233 4.0477 1.5835 0.1730 2.2006 3.1749 1.6642 0.1866 0.3884 1.5212 2.2006 1.9427 1.1403 0.3883 0.0513 0.1351 0.4568 0.8058 1.0569 1.1430 1.0863 0.9314 0.7311 0.5350 0.3573 0.2177 0.1189 0.0559 0.0229 0.0124 0.0171 0.0310 0.0496 0.0697 0.0890 0.1055 0.1191 0.1288 0.1366
0.1455 4.2267 4.2870 0.7339 5.6474 0.3460 5.1370 1.3042 2.6267 4.2799 0.1757 2.8905 3.9105 0.7071 0.6887 3.0380 3.0725 1.1178 0.0726 0.7862 1.9811 2.3793 1.8353 0.9280 0.2434 0.0423 0.2428 0.6223 0.9718 1.1893 1.2267 1.1247 0.9362 0.7155 0.5098 0.3308 0.1948 0.1018 0.0454 0.0187 0.0135 0.0225 0.0396 0.0605 0.0821 0.1022 0.1191 0.1325 0.1419 0.1494
3.4210 0.6177 6.2706 0.7136 5.2999 0.8778 5.5801 0.1791 4.7404 2.7208 0.4871 4.2801 3.0508 0.1639 1.6446 3.6681 2.6370 0.5804 0.1776 1.3235 2.4118 2.4449 1.6363 0.6895 0.1263 0.0831 0.3956 0.8153 1.1465 1.3166 1.2977 1.1481 0.9271 0.6888 0.4769 0.2997 0.1696 0.0842 0.0357 0.0160 0.0165 0.0300 0.0503 0.0733 0.0963 0.1171 0.1339 0.1471 0.1560 0.1629
6.7672 1.5428 3.5171 4.2845 2.1715 3.9251 3.5352 1.2249 5.6535 0.9143 1.9898 4.9204 1.7380 0.2788 2.8441 3.8833 1.9296 0.1945 0.5436 1.9497 2.7520 2.3740 1.3578 0.4507 0.0588 0.1846 0.5943 1.0306 1.3228 1.4322 1.3515 1.1543 0.9036 0.6516 0.4370 0.2647 0.1430 0.0670 0.0275 0.0154 0.0219 0.0399 0.0633 0.0883 0.1124 0.1336 0.1502 0.1630 0.1712 0.1774
3.1925 6.2313 0.2892 6.8023 0.2261 6.4730 0.8350 4.0272 4.4925 0.1827 4.0678 4.3723 0.5515 1.1821 3.9390 3.5574 1.1103 0.1033 1.1646 2.5816 2.9385 2.1560 1.0241 0.2430 0.0623 0.3543 0.8357 1.2600 1.4917 1.5291 1.3837 1.1409 0.8650 0.6040 0.3911 0.2269 0.1161 0.0511 0.0215 0.0175 0.0302 0.0526 0.0789 0.1056 0.1305 0.1518 0.1681 0.1802 0.1875 0.1928
0.3060 5.9276 2.7022 4.2573 2.6683 5.3990 0.5287 6.3050 1.9835 1.3714 5.5513 2.7896 0.1617 2.6777 4.5306 2.7216 0.4187 0.4092 1.9704 3.1100 2.9170 1.8000 0.6737 0.1022 0.1554 0.5943 1.1121 1.4928 1.6439 1.6004 1.3898 1.1058 0.8105 0.5464 0.3398 0.1875 0.0901 0.0376 0.0186 0.0230 0.0418 0.0686 0.0975 0.1254 0.1507 0.1719 0.1875 0.1987 0.2049 0.2092
5.4870 0.9455 7.2322 0.4777 6.7236 1.7377 3.5351 5.7692 0.2696 3.9830 5.3948 1.0051 0.9729 4.2352 4.3279 1.6038 0.1157 1.1276 2.8265 3.4219 2.6633 1.3451 0.3593 0.0647 0.3507 0.8994 1.4101 1.7150 1.7685 1.6392 1.3667 1.0482 0.7410 0.4803 0.2851 0.1482 0.0663 0.0275 0.0197 0.0325 0.0574 0.0882 0.1192 0.1479 0.1733 0.1939 0.2085 0.2186 0.2234 0.2265
7.1500 2.2046 5.4011 2.2911 6.4601 0.4023 6.8515 2.6949 1.2277 6.1967 3.5222 0.1838 2.8019 5.1648 3.3175 0.5971 0.3955 2.1548 3.5517 3.4267 2.1949 0.8577 0.1412 0.1610 0.6504 1.2559 1.7116 1.9109 1.8548 1.6396 1.3122 0.9684 0.6580 0.4078 0.2291 0.1109 0.0464 0.0222 0.0259 0.0469 0.0774 0.1117 0.1443 0.1732 0.1982 0.2179 0.2312 0.2398 0.2431 0.2448
1.0268 7.8037 0.5596 7.3071 1.9608 3.8647 6.4251 0.3268 4.4426 6.1307 1.1730 1.1003 4.8290 4.9600 1.8563 0.1423 1.2928 3.2699 3.9602 3.0869 1.5788 0.4262 0.0775 0.4089 1.0442 1.6433 2.0003 2.0714 1.8995 1.6008 1.2282 0.8696 0.5651 0.3323 0.1745 0.0780 0.0322 0.0231 0.0380 0.0668 0.1022 0.1393 0.1729 0.2019 0.2258 0.2441 0.2561 0.2630 0.2644 0.2645
3.0988 5.0507 3.1394 6.4984 0.6627 7.6905 2.5197 1.7117 7.0400 3.6308 0.2332 3.4669 5.9230 3.5908 0.5813 0.5467 2.6243 4.1713 3.9106 2.4409 0.9293 0.1468 0.2126 0.8072 1.5063 2.0295 2.2461 2.1732 1.8878 1.5169 1.1136 0.7535 0.4652 0.2567 0.1244 0.0517 0.0255 0.0315 0.0571 0.0929 0.1324 0.1714 0.2053 0.2337 0.2561 0.2724 0.2827 0.2876 0.2869 0.2851
8.6265 0.3641 8.3835 1.1274 5.4572 6.1043 0.3108 5.7849 6.2757 0.8373 1.7780 5.8673 5.3240 1.6950 0.1821 1.8102 4.0032 4.5660 3.3671 1.6145 0.3924 0.1069 0.5657 1.3310 1.9966 2.3775 2.4229 2.2020 1.8147 1.3889 0.9724 0.6250 0.3629 0.1852 0.0819 0.0345 0.0282 0.0486 0.0840 0.1256 0.1681 0.2082 0.2415 0.2687 0.2888 0.3027 0.3110 0.3137 0.3105 0.3067
2.6255 5.8554 4.7412 2.0862 8.3953 1.2991 3.3552 7.8445 2.7192 0.5685 4.9119 6.5861 3.2593 0.3451 1.0343 3.5465 4.9470 4.2773 2.4362 0.8067 0.1167 0.3618 1.1203 1.9308 2.4636 2.6484 2.5077 2.1479 1.6796 1.2214 0.8112 0.4908 0.2643 0.1227 0.0508 0.0291 0.0419 0.0757 0.1194 0.1656 0.2098 0.2498 0.2816 0.3069 0.3241 0.3350 0.3410 0.3411 0.3352 0.3293
2.0419 8.1195 0.3980 8.1426 3.9344 1.2495 7.8494 5.1047 0.2977 3.5192 7.1319 4.9208 1.0138 0.4803 2.9154 5.0848 5.0661 3.3423 1.3672 0.2486 0.2168 0.9175 1.8254 2.5472 2.8646 2.8184 2.4892 2.0103 1.4893 1.0259 0.6409 0.3600 0.1764 0.0743 0.0348 0.0381 0.0687 0.1142 0.1646 0.2137 0.2582 0.2972 0.3266 0.3491 0.3631 0.3707 0.3736 0.3707 0.3618 0.3536
9.1508 1.1371 6.1268 6.6880 0.3619 6.6875 7.1846 0.9370 2.1691 7.0675 6.3876 2.0272 0.2296 2.2634 4.9988 5.7211 4.2338 2.0295 0.4880 0.1398 0.7366 1.7159 2.5860 3.0891 3.1312 2.8468 2.3534 1.7912 1.2522 0.8107 0.4700 0.2402 0.1053 0.0445 0.0371 0.0638 0.1099 0.1649 0.2198 0.2698 0.3130 0.3497 0.3757 0.3944 0.4045 0.4084 0.4079 0.4016 0.3896 0.3788
3.1383 3.8492 8.5230 0.6454 5.1285 8.5469 2.0941 1.1932 6.5968 7.5411 3.1597 0.2558 1.7112 4.8153 6.2077 5.0816 2.7177 0.8014 0.1280 0.5899 1.6234 2.6351 3.2818 3.4698 3.2163 2.7180 2.1046 1.5046 0.9850 0.5914 0.3117 0.1415 0.0583 0.0385 0.0612 0.1082 0.1668 0.2283 0.2851 0.3339 0.3740 0.4071 0.4286 0.4429 0.4484 0.4480 0.4436 0.4337 0.4183 0.4049
2.2115 9.3734 1.4825 3.8189 9.2488 3.2937 0.6551 6.0719 8.3425 4.2203 0.4479 1.3237 4.6729 6.6296 5.8190 3.3851 1.1317 0.1608 0.4940 1.5631 2.7251 3.5124 3.7914 3.6198 3.0943 2.4366 1.7640 1.1762 0.7114 0.3874 0.1804 0.0742 0.0423 0.0605 0.1098 0.1732 0.2406 0.3056 0.3616 0.4070 0.4424 0.4705 0.4863 0.4950 0.4953 0.4902 0.4817 0.4679 0.4488 0.4325
9.7578 2.2208 3.0767 9.6012 4.1687 0.4414 5.7742 8.9352 5.0141 0.6565 1.1275 4.6824 7.0953 6.4931 3.9424 1.4209 0.2058 0.4542 1.5804 2.8690 3.8164 4.1736 4.0125 3.4985 2.7672 2.0275 1.3638 0.8367 0.4567 0.2180 0.0899 0.0476 0.0636 0.1149 0.1857 0.2607 0.3327 0.3980 0.4505 0.4905 0.5197 0.5413 0.5500 0.5516 0.5460 0.5358 0.5228 0.5049 0.4819 0.4623
2.3241 2.9987 9.8597 4.4422 0.4129 5.9143 9.3993 5.4000 0.7298 1.1441 4.9424 7.6240 7.0761 4.3352 1.5815 0.2292 0.4750 1.7083 3.1275 4.1786 4.6273 4.4514 3.8727 3.1008 2.2658 1.5321 0.9425 0.5180 0.2455 0.1021 0.0531 0.0701 0.1272 0.2043 0.2901 0.3708 0.4427 0.5043 0.5502 0.5823 0.6036 0.6173 0.6175 0.6110 0.5989 0.5832 0.5654 0.5431 0.5161 0.4930
3.7523 10.1110 3.9329 0.5799 6.6637 9.7581 5.2189 0.5894 1.4408 5.6008 8.2636 7.4763 4.4683 1.5502 0.2096 0.5883 1.9892 3.5576 4.6725 5.1168 4.9310 4.2554 3.3737 2.4767 1.6563 1.0145 0.5530 0.2603 0.1065 0.0585 0.0818 0.1487 0.2370 0.3304 0.4234 0.5033 0.5699 0.6240 0.6601 0.6819 0.6934 0.6977 0.6884 0.6728 0.6537 0.6321 0.6092 0.5824 0.5511 0.5244
10.0748 2.6100 1.2808 8.1207 9.8243 4.3437 0.3208 2.2307 6.7710 9.0707 7.6158 4.2135 1.2794 0.1743 0.8646 2.5268 4.2200 5.3592 5.7136 5.3965 4.6281 3.6120 2.6044 1.7332 1.0369 0.5534 0.2533 0.1034 0.0653 0.1033 0.1856 0.2893 0.3968 0.4965 0.5889 0.6613 0.7171 0.7593 0.7817 0.7906 0.7907 0.7858 0.7674 0.7430 0.7167 0.6887 0.6594 0.6271 0.5911 0.5606
0.8060 3.2442 9.9755 8.9065 2.6822 0.3344 3.8445 8.4412 9.6990 7.2446 3.4505 0.7887 0.2446 1.4480 3.4060 5.1915 6.2099 6.3830 5.8377 4.8712 3.7452 2.6311 1.6971 0.9921 0.5043 0.2202 0.0931 0.0802 0.1419 0.2477 0.3703 0.4938 0.6064 0.7009 0.7839 0.8414 0.8808 0.9069 0.9123 0.9060 0.8932 0.8786 0.8504 0.8169 0.7831 0.7481 0.7119 0.6739 0.6328 0.5984
7.0858 10.9742 6.2531 0.7985 1.5330 6.5614 10.2028 9.5907 5.9457 2.1691 0.2997 0.7071 2.5716 4.7599 6.4312 7.2008 6.9997 6.1503 4.9373 3.6566 2.4952 1.5380 0.8476 0.4055 0.1663 0.0868 0.1172 0.2162 0.3492 0.4969 0.6362 0.7603 0.8628 0.9401 1.0049 1.0404 1.0584 1.0646 1.0500 1.0265 0.9996 0.9746 0.9363 0.8932 0.8515 0.8094 0.7659 0.7219 0.6756 0.6372
8.7502 2.2260 0.5836 4.9689 9.9301 10.9318 7.8970 3.5997 0.7422 0.3912 2.0420 4.5007 6.6531 7.8764 8.0620 7.3954 6.1349 4.6920 3.2968 2.1217 1.2310 0.6198 0.2672 0.1177 0.1135 0.2062 0.3539 0.5238 0.6908 0.8497 0.9811 1.0870 1.1649 1.2148 1.2543 1.2625 1.2548 1.2380 1.2019 1.1599 1.1178 1.0805 1.0309 0.9778 0.9277 0.8781 0.8268 0.7765 0.7246 0.6819
0.4552 4.6376 10.0515 11.6694 8.8435 4.2854 1.0043 0.3704 2.0297 4.7462 7.2516 8.8078 9.1618 8.4805 7.1623 5.5702 3.9661 2.5914 1.5226 0.7870 0.3494 0.1508 0.1315 0.2325 0.4009 0.6028 0.8082 0.9990 1.1585 1.2965 1.3964 1.4669 1.5070 1.5204 1.5291 1.5057 1.4688 1.4263 1.3674 1.3059 1.2478 1.1962 1.1338 1.0707 1.0118 0.9540 0.8946 0.8377 0.7799 0.7325
11.3658 11.8435 8.2285 3.5626 0.6871 0.6697 2.8826 5.9482 8.6011 10.1113 10.2800 9.4016 7.8371 5.9864 4.2177 2.7189 1.5687 0.7932 0.3460 0.1663 0.1817 0.3241 0.5401 0.7909 1.0342 1.2626 1.4571 1.6166 1.7281 1.8152 1.8625 1.8826 1.8741 1.8441 1.8173 1.7586 1.6899 1.6198 1.5371 1.4555 1.3808 1.3144 1.2390 1.1659 1.0982 1.0323 0.9645 0.9008 0.8371 0.7848
5.1206 1.3855 0.4520 2.2391 5.4809 8.6996 10.8761 11.6184 11.0533 9.5613 7.5758 5.5445 3.7150 2.2411 1.1991 0.5585 0.2534 0.2069 0.3386 0.5804 0.8786 1.1838 1.4766 1.7456 1.9547 2.1260 2.2461 2.3288 2.3590 2.3719 2.3529 2.3138 2.2503 2.1725 2.1075 2.0128 1.9123 1.8153 1.7101 1.6092 1.5181 1.4371 1.3491 1.2664 1.1899 1.1158 1.0396 0.9691 0.8993 0.8421
3.6865 7.3188 10.5575 12.5274 12.9432 11.9931 10.1334 7.8534 5.6147 3.6737 2.1626 1.1247 0.5205 0.2798 0.3154 0.5385 0.8707 1.2547 1.6391 2.0020 2.3269 2.5813 2.7849 2.9475 3.0338 3.0868 3.0912 3.0661 2.9945 2.9206 2.8326 2.7343 2.6157 2.4889 2.3852 2.2572 2.1291 2.0099 1.8876 1.7700 1.6632 1.5686 1.4691 1.3782 1.2926 1.2101 1.1260 1.0487 0.9725 0.9101
13.7672 12.2720 10.0674 7.6335 5.3192 3.3668 1.9008 0.9470 0.4690 0.3727 0.5587 0.9340 1.4137 1.9256 2.4283 2.8889 3.2801 3.6078 3.8518 4.0396 4.1731 4.2160 4.2185 4.2001 4.1193 4.0273 3.9013 3.7606 3.5853 3.4258 3.2742 3.1226 2.9539 2.7823 2.6435 2.4864 2.3344 2.1962 2.0600 1.9279 1.8067 1.6996 1.5894 1.4914 1.3973 1.3066 1.2149 1.1308 1.0484 0.9809
1.2387 0.6506 0.5024 0.7119 1.1826 1.8214 2.5416 3.2543 3.9436 4.5764 5.1359 5.6012 5.9483 6.1733 6.3135 6.3742 6.3513 6.2901 6.1702 6.0428 5.9005 5.6858 5.4661 5.2617 5.0240 4.8021 4.5640 4.3241 4.0623 3.8331 3.6326 3.4403 3.2328 3.0261 2.8598 2.6803 2.5101 2.3578 2.2116 2.0684 1.9354 1.8179 1.6991 1.5955 1.4945 1.3968 1.2980 1.2079 1.1198 1.0478
10.2112 10.6438 10.9712 11.2351 11.4210 11.5210 11.5074 11.3399 11.1452 10.9145 10.6370 10.3428 9.9975 9.6047 9.2082 8.8057 8.3737 7.9707 7.5603 7.1956 6.8582 6.4771 6.1099 5.7810 5.4421 5.1456 4.8514 4.5516 4.2445 3.9868 3.7538 3.5358 3.3127 3.0936 2.9171 2.7246 2.5456 2.3873 2.2334 2.0855 1.9504 1.8309 1.7103 1.6051 1.5060 1.4089 1.3047 1.2125 1.1236 1.0511
