0.2187 0.2176 0.2163 0.1854 0.1758 0.1648 0.1531 0.1450 0.1394 0.1516 0.1136 0.1069 0.1202 0.1220 0.1161 0.1044 0.0845 0.0619 0.0518 0.0588 0.0716 0.0775 0.0706 0.0563 0.0410 0.0295 0.0228 0.0197 0.0188 0.0183 0.0176 0.0164 0.0149 0.0132 0.0115 0.0099 0.0085 0.0073 0.0063 0.0054 0.0047 0.0041 0.0036 0.0032 0.0028 0.0025 0.0022 0.0020 0.0018 0.0016
0.6556 0.6505 0.6467 0.5566 0.5278 0.4937 0.4583 0.4340 0.4174 0.4535 0.3408 0.3209 0.3619 0.3680 0.3497 0.3140 0.2543 0.1864 0.1549 0.1747 0.2127 0.2313 0.2118 0.1697 0.1241 0.0894 0.0686 0.0591 0.0560 0.0545 0.0524 0.0490 0.0444 0.0396 0.0346 0.0299 0.0257 0.0221 0.0189 0.0163 0.0141 0.0123 0.0108 0.0096 0.0085 0.0076 0.0067 0.0060 0.0054 0.0048
1.0915 1.0774 1.0706 0.9286 0.8815 0.8210 0.7611 0.7201 0.6933 0.7524 0.5683 0.5350 0.6082 0.6201 0.5873 0.5259 0.4265 0.3130 0.2570 0.2858 0.3476 0.3811 0.3529 0.2859 0.2107 0.1519 0.1156 0.0983 0.0923 0.0896 0.0861 0.0809 0.0736 0.0658 0.0577 0.0500 0.0430 0.0370 0.0318 0.0273 0.0236 0.0206 0.0181 0.0160 0.0142 0.0126 0.0112 0.0100 0.0089 0.0080
1.5279 1.4976 1.4848 1.3005 1.2395 1.1460 1.0597 1.0025 0.9648 1.0472 0.7963 0.7496 0.8629 0.8822 0.8309 0.7411 0.6026 0.4432 0.3581 0.3890 0.4722 0.5240 0.4933 0.4064 0.3033 0.2192 0.1650 0.1376 0.1272 0.1227 0.1181 0.1115 0.1020 0.0917 0.0809 0.0703 0.0606 0.0522 0.0449 0.0386 0.0333 0.0290 0.0255 0.0226 0.0199 0.0177 0.0157 0.0140 0.0125 0.0112
1.9684 1.9153 1.8890 1.6698 1.6061 1.4695 1.3529 1.2818 1.2293 1.3389 1.0247 0.9655 1.1309 1.1582 1.0811 0.9593 0.7837 0.5794 0.4590 0.4824 0.5823 0.6562 0.6318 0.5324 0.4045 0.2939 0.2186 0.1779 0.1608 0.1535 0.1476 0.1401 0.1292 0.1170 0.1039 0.0907 0.0786 0.0679 0.0584 0.0503 0.0432 0.0377 0.0331 0.0292 0.0258 0.0228 0.0203 0.0180 0.0161 0.0144
2.4182 2.3383 2.2897 2.0320 1.9867 1.7944 1.6411 1.5598 1.4842 1.6307 1.2528 1.1849 1.4181 1.4509 1.3371 1.1789 0.9703 0.7246 0.5623 0.5651 0.6741 0.7735 0.7660 0.6643 0.5167 0.3794 0.2793 0.2209 0.1939 0.1818 0.1743 0.1662 0.1544 0.1411 0.1264 0.1111 0.0968 0.0839 0.0723 0.0623 0.0536 0.0467 0.0409 0.0361 0.0317 0.0281 0.0249 0.0221 0.0197 0.0176
2.8816 2.7737 2.7038 2.3839 2.3853 2.1272 1.9264 1.8386 1.7279 1.9282 1.4786 1.4116 1.7317 1.7611 1.5948 1.3963 1.1630 0.8833 0.6729 0.6389 0.7450 0.8711 0.8922 0.8014 0.6418 0.4790 0.3507 0.2697 0.2282 0.2084 0.1978 0.1890 0.1770 0.1634 0.1477 0.1311 0.1150 0.1001 0.0866 0.0748 0.0644 0.0560 0.0490 0.0431 0.0379 0.0335 0.0296 0.0262 0.0234 0.0208
3.3597 3.2209 3.1559 2.7313 2.7984 2.4814 2.2139 2.1197 1.9624 2.2373 1.6984 1.6527 2.0789 2.0856 1.8466 1.6059 1.3616 1.0612 0.7989 0.7091 0.7949 0.9446 1.0053 0.9406 0.7806 0.5964 0.4375 0.3285 0.2669 0.2351 0.2189 0.2084 0.1962 0.1828 0.1671 0.1498 0.1325 0.1162 0.1010 0.0875 0.0755 0.0657 0.0575 0.0505 0.0443 0.0390 0.0345 0.0305 0.0271 0.0241
3.8418 3.6679 3.6629 3.1021 3.2070 2.8803 2.5093 2.4020 2.1953 2.5609 1.9072 1.9190 2.4639 2.4154 2.0808 1.8006 1.5661 1.2659 0.9523 0.7860 0.8272 0.9903 1.0981 1.0762 0.9310 0.7334 0.5443 0.4029 0.3149 0.2652 0.2393 0.2249 0.2117 0.1987 0.1835 0.1662 0.1486 0.1314 0.1150 0.1001 0.0866 0.0756 0.0662 0.0581 0.0509 0.0448 0.0395 0.0349 0.0310 0.0275
4.2921 4.1013 4.2060 3.5539 3.5736 3.3563 2.8138 2.6834 2.4408 2.8926 2.1005 2.2248 2.8840 2.7334 2.2828 1.9733 1.7770 1.5059 1.1486 0.8859 0.8514 1.0072 1.1620 1.1978 1.0861 0.8885 0.6743 0.4985 0.3783 0.3040 0.2626 0.2403 0.2240 0.2105 0.1960 0.1794 0.1620 0.1447 0.1277 0.1119 0.0974 0.0852 0.0748 0.0658 0.0576 0.0507 0.0447 0.0394 0.0350 0.0310
4.6492 4.5207 4.7140 4.1545 3.8582 3.9407 3.1223 2.9689 2.7171 3.2124 2.2824 2.5866 3.3257 3.0166 2.4404 2.1215 1.9966 1.7907 1.4073 1.0342 0.8874 1.0019 1.1901 1.2917 1.2333 1.0553 0.8278 0.6208 0.4653 0.3599 0.2959 0.2598 0.2364 0.2202 0.2052 0.1891 0.1724 0.1555 0.1385 0.1224 0.1073 0.0945 0.0833 0.0735 0.0645 0.0568 0.0501 0.0442 0.0391 0.0347
4.9081 4.9244 5.1005 4.9067 4.0596 4.6239 3.4183 3.2724 3.0298 3.4833 2.4669 3.0110 3.7564 3.2381 2.5477 2.2474 2.2245 2.1212 1.7420 1.2581 0.9634 0.9888 1.1780 1.3398 1.3507 1.2163 0.9962 0.7696 0.5817 0.4415 0.3481 0.2913 0.2549 0.2316 0.2135 0.1964 0.1799 0.1635 0.1470 0.1311 0.1159 0.1028 0.0912 0.0809 0.0713 0.0629 0.0556 0.0491 0.0435 0.0386
5.2804 5.2582 5.3585 5.6544 4.2598 5.3000 3.6850 3.6068 3.3462 3.6550 2.6700 3.4736 4.1207 3.3732 2.6082 2.3549 2.4482 2.4752 2.1422 1.5706 1.1060 0.9876 1.1240 1.3192 1.4039 1.3374 1.1537 0.9303 0.7230 0.5516 0.4259 0.3424 0.2862 0.2502 0.2245 0.2034 0.1852 0.1685 0.1523 0.1369 0.1220 0.1090 0.0974 0.0869 0.0770 0.0684 0.0606 0.0537 0.0477 0.0423
6.1026 5.4571 5.5842 6.1040 4.6083 5.7637 3.9507 3.9763 3.6051 3.7066 2.9187 3.9152 4.3600 3.4256 2.6492 2.4537 2.6409 2.8012 2.5665 1.9679 1.3459 1.0376 1.0484 1.2203 1.3592 1.3743 1.2594 1.0733 0.8729 0.6858 0.5332 0.4217 0.3409 0.2860 0.2469 0.2170 0.1936 0.1741 0.1567 0.1410 0.1262 0.1133 0.1018 0.0915 0.0815 0.0727 0.0647 0.0576 0.0514 0.0457
7.1479 5.6878 5.8128 6.1027 5.1346 5.8284 4.2816 4.3418 3.7631 3.6855 3.2188 4.2344 4.4422 3.4449 2.7160 2.5455 2.7497 3.0022 2.9186 2.4037 1.7029 1.1990 1.0096 1.0695 1.2037 1.2854 1.2597 1.1482 0.9933 0.8213 0.6613 0.5308 0.4267 0.3499 0.2923 0.2479 0.2142 0.1878 0.1661 0.1478 0.1315 0.1178 0.1059 0.0953 0.0852 0.0763 0.0681 0.0609 0.0545 0.0486
7.3874 6.2231 5.9941 5.9352 5.5427 5.5875 4.6722 4.6532 3.9073 3.7135 3.5142 4.3157 4.4088 3.5345 2.8521 2.6121 2.7040 2.9479 3.0407 2.7639 2.1612 1.5507 1.1295 0.9745 0.9948 1.0719 1.1144 1.0945 1.0217 0.9058 0.7736 0.6488 0.5358 0.4433 0.3678 0.3061 0.2578 0.2199 0.1896 0.1650 0.1444 0.1276 0.1135 0.1015 0.0904 0.0807 0.0720 0.0643 0.0576 0.0514
6.9097 6.5497 6.4704 5.9835 5.5713 5.4918 4.9140 5.0336 4.3043 3.8889 3.6797 4.1101 4.4045 3.8248 3.0651 2.6223 2.4820 2.5630 2.7614 2.8488 2.6132 2.1436 1.5938 1.1751 0.9438 0.8684 0.8710 0.8905 0.8937 0.8585 0.7919 0.7102 0.6193 0.5334 0.4541 0.3826 0.3226 0.2730 0.2323 0.1990 0.1712 0.1486 0.1300 0.1146 0.1008 0.0891 0.0789 0.0700 0.0624 0.0555
7.1022 6.5466 7.3135 6.5021 6.0618 5.7836 4.8967 5.8818 5.0836 4.1382 3.7264 3.7400 4.5385 4.3504 3.3062 2.5936 2.2945 2.0999 2.1096 2.3974 2.6969 2.7654 2.4748 1.9962 1.4982 1.1089 0.8578 0.7271 0.6741 0.6499 0.6303 0.6045 0.5646 0.5182 0.4663 0.4110 0.3590 0.3118 0.2700 0.2338 0.2022 0.1753 0.1528 0.1338 0.1167 0.1023 0.0898 0.0791 0.0700 0.0618
7.8951 7.5166 8.1296 6.9565 6.7304 6.5382 5.7857 5.6262 5.2614 4.5169 4.8135 3.9292 3.6301 3.8732 3.3057 2.6731 2.7585 2.9494 2.6436 2.0509 1.6462 1.6770 1.9726 2.2915 2.4355 2.3653 2.1171 1.7876 1.4569 1.1534 0.9035 0.7145 0.5713 0.4685 0.3923 0.3330 0.2877 0.2519 0.2228 0.1983 0.1769 0.1581 0.1418 0.1273 0.1135 0.1014 0.0905 0.0808 0.0722 0.0644
9.1939 7.8520 8.1537 7.9196 6.7675 7.2231 5.9118 6.2323 5.3336 5.0016 5.0637 4.0602 4.0067 4.1153 3.3912 2.8605 3.0303 3.1420 2.7294 2.1164 1.7589 1.8395 2.1496 2.4528 2.5690 2.4742 2.2086 1.8674 1.5290 1.2185 0.9612 0.7651 0.6149 0.5060 0.4244 0.3604 0.3110 0.2718 0.2398 0.2131 0.1900 0.1697 0.1520 0.1363 0.1215 0.1084 0.0967 0.0864 0.0773 0.0689
9.9753 8.9306 8.0388 8.6410 7.1383 7.6137 6.2706 6.6932 5.4557 5.5411 5.2122 4.2594 4.4086 4.3018 3.4786 3.0878 3.3092 3.3121 2.7997 2.1867 1.8869 2.0146 2.3307 2.6108 2.6957 2.5758 2.2941 1.9434 1.5991 1.2831 1.0196 0.8170 0.6602 0.5453 0.4583 0.3894 0.3358 0.2930 0.2579 0.2289 0.2039 0.1820 0.1629 0.1458 0.1297 0.1157 0.1033 0.0922 0.0825 0.0735
9.7569 10.0130 8.4709 8.8064 7.9356 7.6796 6.9068 6.9253 5.7345 6.0455 5.2888 4.5551 4.7991 4.4311 3.5887 3.3554 3.5831 3.4550 2.8586 2.2672 2.0319 2.2007 2.5133 2.7635 2.8144 2.6698 2.3738 2.0155 1.6672 1.3474 1.0787 0.8702 0.7071 0.5864 0.4939 0.4202 0.3622 0.3155 0.2771 0.2456 0.2186 0.1950 0.1743 0.1558 0.1384 0.1234 0.1101 0.0983 0.0879 0.0784
9.6898 10.2375 9.5333 8.6875 8.8443 7.6695 7.6669 6.9790 6.2121 6.4245 5.3607 4.9479 5.1379 4.5170 3.7421 3.6564 3.8390 3.5693 2.9125 2.3631 2.1945 2.3955 2.6947 2.9090 2.9244 2.7562 2.4478 2.0840 1.7337 1.4114 1.1384 0.9247 0.7556 0.6293 0.5315 0.4527 0.3902 0.3395 0.2976 0.2633 0.2342 0.2088 0.1865 0.1663 0.1475 0.1314 0.1172 0.1046 0.0936 0.0835
10.7437 9.9809 10.4403 8.9151 9.3757 7.9214 8.2649 7.0237 6.8120 6.6314 5.5059 5.4019 5.3954 4.5863 3.9507 3.9761 4.0659 3.6590 2.9704 2.4794 2.3748 2.5970 2.8727 3.0468 3.0261 2.8354 2.5164 2.1494 1.7987 1.4752 1.1993 0.9812 0.8065 0.6744 0.5709 0.4871 0.4200 0.3653 0.3198 0.2825 0.2509 0.2234 0.1993 0.1774 0.1573 0.1400 0.1249 0.1114 0.0997 0.0889
11.8534 10.4021 10.5820 9.7237 9.4163 8.5544 8.5269 7.2547 7.3817 6.7084 5.7800 5.8554 5.5664 4.6752 4.2167 4.2953 4.2570 3.7319 3.0414 2.6194 2.5709 2.8020 3.0453 3.1762 3.1201 2.9084 2.5804 2.2123 1.8625 1.5391 1.2614 1.0398 0.8599 0.7218 0.6123 0.5234 0.4517 0.3931 0.3437 0.3032 0.2687 0.2388 0.2126 0.1891 0.1678 0.1495 0.1333 0.1188 0.1062 0.0948
11.8842 11.4990 10.4709 10.6033 9.4017 9.3235 8.5642 7.7444 7.7883 6.7746 6.1859 6.2463 5.6768 4.8188 4.5312 4.5952 4.4113 3.7978 3.1326 2.7830 2.7789 3.0065 3.2106 3.2970 3.2068 2.9761 2.6411 2.2731 1.9253 1.6028 1.3242 1.0995 0.9148 0.7708 0.6554 0.5614 0.4852 0.4226 0.3692 0.3252 0.2877 0.2552 0.2268 0.2016 0.1790 0.1596 0.1422 0.1267 0.1132 0.1010
11.8601 12.1355 10.9359 10.9833 9.7864 9.8512 8.6662 8.3607 8.0020 6.9478 6.6625 6.5399 5.7747 5.0353 4.8722 4.8619 4.5365 3.8696 3.2497 2.9688 2.9951 3.2081 3.3681 3.4099 3.2876 3.0400 2.6995 2.3325 1.9873 1.6664 1.3872 1.1601 0.9709 0.8213 0.7001 0.6011 0.5204 0.4538 0.3962 0.3486 0.3079 0.2726 0.2419 0.2147 0.1909 0.1703 0.1516 0.1350 0.1205 0.1075
12.6947 12.1872 11.8040 11.0551 10.4974 10.0642 9.0303 8.8953 8.1266 7.2756 7.1226 6.7480 5.9107 5.3210 5.2141 5.0910 4.6458 3.9588 3.3952 3.1738 3.2162 3.4054 3.5187 3.5169 3.3643 3.1016 2.7567 2.3910 2.0488 1.7297 1.4505 1.2214 1.0280 0.8730 0.7461 0.6423 0.5572 0.4866 0.4248 0.3734 0.3293 0.2910 0.2580 0.2288 0.2035 0.1817 0.1617 0.1438 0.1283 0.1144
13.3218 12.4183 12.2791 11.2801 11.0462 10.1773 9.5353 9.2212 8.2797 7.6875 7.4829 6.8979 6.0982 5.6473 5.5354 5.2886 4.7553 4.0758 3.5725 3.4003 3.4472 3.6051 3.6682 3.6215 3.4389 3.1631 2.8167 2.4536 2.1151 1.7972 1.5168 1.2855 1.0883 0.9288 0.7967 0.6874 0.5974 0.5225 0.4572 0.4022 0.3544 0.3126 0.2766 0.2451 0.2179 0.1945 0.1732 0.1541 0.1375 0.1225
13.5821 12.9509 12.5209 11.7575 11.3829 10.4584 10.0285 9.4588 8.5516 8.1201 7.7743 7.0646 6.3520 5.9927 5.8322 5.4701 4.8782 4.2219 3.7744 3.6389 3.6802 3.8025 3.8152 3.7248 3.5133 3.2249 2.8770 2.5164 2.1814 1.8644 1.5831 1.3499 1.1492 0.9855 0.8487 0.7339 0.6392 0.5600 0.4913 0.4326 0.3812 0.3355 0.2964 0.2626 0.2333 0.2082 0.1856 0.1652 0.1473 0.1312
13.8977 13.4444 12.8334 12.2336 11.7018 10.8383 10.4601 9.7199 8.8999 8.5316 8.0413 7.2726 6.6512 6.3411 6.1127 5.6507 5.0215 4.3952 3.9969 3.8877 3.9161 4.0001 3.9623 3.8289 3.5887 3.2876 2.9378 2.5793 2.2473 1.9309 1.6489 1.4144 1.2106 1.0431 0.9018 0.7818 0.6823 0.5991 0.5271 0.4648 0.4094 0.3598 0.3174 0.2810 0.2496 0.2228 0.1988 0.1769 0.1577 0.1404
14.0731 14.0750 13.0724 12.8066 11.9931 11.2588 10.9059 9.9969 9.2823 8.9461 8.3125 7.5117 6.9788 6.6958 6.3911 5.8391 5.1854 4.5927 4.2382 4.1479 4.1579 4.2012 4.1120 3.9353 3.6663 3.3518 2.9993 2.6422 2.3127 1.9965 1.7143 1.4789 1.2723 1.1014 0.9559 0.8309 0.7270 0.6397 0.5646 0.4987 0.4393 0.3855 0.3398 0.3008 0.2670 0.2384 0.2129 0.1895 0.1690 0.1503
14.8190 14.3022 13.5254 13.3566 12.1714 11.8506 11.2983 10.2411 9.7397 9.3820 8.5735 7.7752 7.3439 7.0794 6.6861 6.0451 5.3773 4.8231 4.5104 4.4332 4.4186 4.4154 4.2746 4.0574 3.7625 3.4325 3.0716 2.7111 2.3818 2.0669 1.7852 1.5486 1.3398 1.1660 1.0169 0.8873 0.7782 0.6857 0.6055 0.5355 0.4730 0.4165 0.3680 0.3256 0.2890 0.2578 0.2300 0.2047 0.1824 0.1623
15.7183 14.2243 14.5052 13.4239 12.6328 12.5471 11.4831 10.5784 10.3282 9.7770 8.7902 8.0806 7.7703 7.4860 6.9767 6.2496 5.5845 5.0794 4.8081 4.7375 4.6908 4.6356 4.4402 4.1813 3.8596 3.5133 3.1436 2.7795 2.4508 2.1375 1.8562 1.6187 1.4081 1.2318 1.0794 0.9455 0.8313 0.7335 0.6481 0.5741 0.5085 0.4495 0.3980 0.3522 0.3125 0.2786 0.2483 0.2209 0.1969 0.1751
15.2313 15.2935 14.8732 13.4734 13.6079 12.8784 11.5982 11.2077 10.9376 10.0280 8.9987 8.4894 8.2681 7.8913 7.2411 6.4469 5.8130 5.3702 5.1374 5.0630 4.9736 4.8592 4.6062 4.3045 3.9557 3.5931 3.2145 2.8475 2.5197 2.2086 1.9276 1.6893 1.4772 1.2989 1.1436 1.0055 0.8864 0.7831 0.6924 0.6145 0.5459 0.4845 0.4301 0.3806 0.3377 0.3009 0.2679 0.2383 0.2124 0.1889
15.9286 16.3433 14.5167 14.5476 14.3205 12.8083 12.1457 12.0698 11.3421 10.1713 9.3464 9.0652 8.8164 8.2599 7.4724 6.6586 6.0904 5.7163 5.5095 5.4141 5.2685 5.0884 4.7749 4.4297 4.0536 3.6753 3.2891 2.9204 2.5944 2.2858 2.0048 1.7656 1.5519 1.3715 1.2132 1.0710 0.9467 0.8381 0.7420 0.6597 0.5876 0.5229 0.4650 0.4118 0.3654 0.3257 0.2900 0.2580 0.2299 0.2045
17.7874 15.7778 15.5116 15.7828 14.1881 13.1847 13.2467 12.7276 11.4760 10.4415 9.9728 9.7784 9.3427 8.5609 7.6890 6.9257 6.4495 6.1343 5.9283 5.7890 5.5733 5.3229 4.9479 4.5597 4.1573 3.7655 3.3735 3.0051 2.6814 2.3743 2.0932 1.8532 1.6372 1.4542 1.2925 1.1456 1.0161 0.9020 0.8004 0.7130 0.6362 0.5660 0.5036 0.4468 0.3969 0.3541 0.3159 0.2811 0.2506 0.2230
17.0108 16.5175 17.1893 15.6028 14.3016 14.4370 14.1402 12.8351 11.6032 11.0533 10.8015 10.4373 9.7193 8.7737 7.9188 7.2668 6.8876 6.6043 6.3672 6.1613 5.8647 5.5423 5.1090 4.6826 4.2593 3.8577 3.4621 3.0945 2.7731 2.4676 2.1864 1.9455 1.7271 1.5416 1.3763 1.2247 1.0897 0.9700 0.8626 0.7699 0.6881 0.6122 0.5449 0.4844 0.4307 0.3847 0.3438 0.3062 0.2730 0.2430
17.6099 18.5615 16.9090 15.4798 15.7049 15.5456 14.2019 12.8083 12.1817 11.9968 11.5888 10.8746 9.9347 8.9686 8.2309 7.7137 7.4022 7.1064 6.8032 6.5126 6.1308 5.7402 5.2561 4.7987 4.3616 3.9545 3.5574 3.1911 2.8721 2.5675 2.2861 2.0442 1.8229 1.6345 1.4657 1.3089 1.1682 1.0426 0.9290 0.8307 0.7437 0.6615 0.5892 0.5248 0.4671 0.4176 0.3739 0.3333 0.2973 0.2646
20.0597 18.1202 16.7892 17.2337 17.0610 15.5910 14.1145 13.4639 13.3118 12.9707 12.1324 11.1178 10.1321 9.2982 8.7223 8.3056 8.0014 7.6434 7.2485 6.8636 6.3983 5.9469 5.4221 4.9429 4.4946 4.0840 3.6863 3.3213 3.0033 2.6971 2.4143 2.1701 1.9443 1.7501 1.5744 1.4099 1.2632 1.1324 1.0130 0.9083 0.8143 0.7261 0.6482 0.5784 0.5151 0.4609 0.4136 0.3692 0.3296 0.2936
19.0313 18.2149 18.9416 18.5578 16.8660 15.4272 14.8996 14.7622 14.3737 13.5151 12.3441 11.2958 10.4605 9.8189 9.3639 8.9705 8.6062 8.1470 7.6490 7.1757 6.6411 6.1440 5.5915 5.0998 4.6457 4.2340 3.8366 3.4729 3.1550 2.8455 2.5599 2.3121 2.0807 1.8790 1.6949 1.5213 1.3682 1.2322 1.1067 0.9949 0.8931 0.7985 0.7146 0.6389 0.5692 0.5096 0.4584 0.4098 0.3663 0.3264
19.9563 20.7300 19.8089 17.9706 16.7781 16.5020 16.3783 15.8091 14.8057 13.6279 12.4978 11.6630 11.0356 10.5198 10.0819 9.6254 9.1526 8.5787 7.9878 7.4459 6.8639 6.3386 5.7714 5.2754 4.8195 4.4083 4.0109 3.6476 3.3283 3.0135 2.7233 2.4705 2.2320 2.0213 1.8273 1.6433 1.4831 1.3416 1.2096 1.0901 0.9796 0.8783 0.7879 0.7057 0.6289 0.5633 0.5078 0.4548 0.4069 0.3629
22.3120 20.6360 18.9944 18.3892 18.3575 18.1024 17.2584 16.0163 14.7830 13.7525 12.9090 12.3160 11.8057 11.2886 10.7664 10.1875 9.6017 8.9315 8.2703 7.6874 7.0821 6.5470 5.9766 5.4827 5.0289 4.6187 4.2192 3.8567 3.5365 3.2168 2.9199 2.6599 2.4122 2.1916 1.9873 1.7926 1.6230 1.4730 1.3331 1.2048 1.0847 0.9741 0.8758 0.7870 0.7036 0.6318 0.5701 0.5113 0.4584 0.4095
21.1734 20.3901 20.4491 20.4078 19.7297 18.5390 17.1780 15.9490 15.0215 14.3170 13.6695 13.1429 12.5928 11.9724 11.3215 10.6160 9.9510 9.2234 8.5207 7.9234 7.3153 6.7853 6.2194 5.7312 5.2807 4.8699 4.4651 4.1034 3.7829 3.4590 3.1530 2.8834 2.6244 2.3933 2.1783 1.9725 1.7910 1.6292 1.4801 1.3418 1.2109 1.0883 0.9805 0.8850 0.7956 0.7175 0.6472 0.5814 0.5225 0.4681
22.7174 22.7595 22.1307 20.9179 19.5228 18.2965 17.3170 16.5267 15.8839 15.2634 14.5446 13.8915 13.2045 12.4658 11.7163 10.9334 10.2394 9.4960 8.7796 8.1876 7.5887 7.0709 6.5113 6.0277 5.5771 5.1619 4.7478 4.3852 4.0626 3.7326 3.4153 3.1340 2.8615 2.6183 2.3914 2.1735 1.9787 1.8038 1.6445 1.4952 1.3525 1.2164 1.0980 0.9953 0.8999 0.8150 0.7348 0.6612 0.5957 0.5350
24.4110 23.0504 21.7132 20.5968 19.7325 19.0507 18.3966 17.6685 16.9052 16.0798 15.1525 14.3442 13.5601 12.7607 11.9789 11.1802 10.4979 9.7660 9.0533 8.4757 7.8893 7.3850 6.8307 6.3500 5.8958 5.4730 5.0468 4.6793 4.3526 4.0164 3.6890 3.3974 3.1123 2.8578 2.6197 2.3904 2.1829 1.9949 1.8236 1.6631 1.5094 1.3619 1.2337 1.1228 1.0196 0.9269 0.8366 0.7546 0.6818 0.6141
24.1497 23.3115 22.6300 21.9695 21.2589 20.4585 19.5377 18.5072 17.4713 16.4369 15.3935 14.5395 13.7595 12.9445 12.1680 11.3857 10.7226 10.0065 9.3084 8.7451 8.1680 7.6737 7.1250 6.6486 6.1902 5.7599 5.3220 4.9421 4.6085 4.2690 3.9397 3.6454 3.3536 3.0927 2.8477 2.6118 2.3955 2.1974 2.0099 1.8394 1.6800 1.5305 1.3967 1.2752 1.1601 1.0571 0.9591 0.8686 0.7877 0.7121
26.3302 25.4449 24.4470 23.3662 22.2600 21.1321 19.9756 18.7988 17.6735 16.5942 15.5655 14.7596 14.0422 13.2340 12.4649 11.6889 11.0338 10.3215 9.6280 9.0687 8.4917 8.0005 7.4524 6.9772 6.5119 6.0714 5.6191 5.2244 4.8830 4.5403 4.2095 3.9129 3.6147 3.3477 3.0962 2.8540 2.6290 2.4204 2.2151 2.0340 1.8696 1.7199 1.5811 1.4480 1.3196 1.2052 1.0991 0.9996 0.9099 0.8256
27.4005 26.1486 24.9033 23.6899 22.5432 21.4100 20.2678 19.1175 17.9968 16.9140 15.9083 15.1408 14.4649 13.6360 12.8464 12.0505 11.3857 10.6633 9.9636 9.3988 8.8143 8.3212 7.7704 7.2945 6.8227 6.3727 5.9070 5.4971 5.1476 4.8021 4.4700 4.1718 3.8686 3.5970 3.3404 3.0930 2.8602 2.6419 2.4190 2.2281 2.0599 1.9114 1.7688 1.6244 1.4825 1.3570 1.2435 1.1352 1.0369 0.9439
27.1552 25.9966 24.8502 23.6998 22.5744 21.4585 20.3385 19.2372 18.1404 17.0661 16.0433 15.2585 14.5632 13.7200 12.9137 12.0994 11.4390 10.7166 10.0068 9.4274 8.8296 8.3296 7.7708 7.2890 6.8289 6.3890 5.9319 5.5163 5.1612 4.8097 4.4705 4.1684 3.8674 3.6003 3.3473 3.0986 2.8639 2.6438 2.4219 2.2319 2.0641 1.9118 1.7664 1.6211 1.4799 1.3556 1.2442 1.1364 1.0380 0.9447
