0.1568 0.0319 0.1062 0.3906 0.2692 0.0326 0.3711 0.0308 0.3132 0.0420 0.2882 0.0678 0.0847 0.1851 0.0810 0.0205 0.0434 0.1127 0.1703 0.1464 0.0692 0.0237 0.0409 0.0816 0.0974 0.0780 0.0415 0.0123 0.0022 0.0100 0.0269 0.0438 0.0548 0.0580 0.0548 0.0467 0.0367 0.0266 0.0177 0.0107 0.0058 0.0027 0.0011 0.0007 0.0010 0.0018 0.0029 0.0039 0.0049 0.0058
0.5192 0.1116 0.2876 1.1478 0.8384 0.0860 1.1098 0.1023 0.9326 0.1300 0.8651 0.1931 0.2625 0.5509 0.2338 0.0618 0.1370 0.3452 0.5143 0.4384 0.2054 0.0699 0.1224 0.2435 0.2897 0.2310 0.1223 0.0358 0.0065 0.0306 0.0816 0.1322 0.1649 0.1740 0.1643 0.1398 0.1098 0.0795 0.0528 0.0320 0.0172 0.0080 0.0034 0.0021 0.0031 0.0055 0.0086 0.0118 0.0148 0.0175
1.0345 0.2540 0.3851 1.8252 1.4963 0.1113 1.8314 0.2080 1.5265 0.2330 1.4405 0.2892 0.4655 0.9023 0.3603 0.1055 0.2511 0.5988 0.8673 0.7266 0.3344 0.1125 0.2025 0.4019 0.4749 0.3754 0.1962 0.0559 0.0109 0.0535 0.1391 0.2228 0.2763 0.2903 0.2732 0.2319 0.1818 0.1313 0.0870 0.0525 0.0282 0.0131 0.0055 0.0035 0.0053 0.0094 0.0145 0.0199 0.0249 0.0294
1.8137 0.5460 0.3763 2.3463 2.2850 0.1164 2.5019 0.3858 2.0659 0.3692 2.0046 0.3421 0.7097 1.2248 0.4463 0.1585 0.4011 0.8850 1.2314 1.0054 0.4500 0.1489 0.2801 0.5540 0.6477 0.5053 0.2589 0.0707 0.0158 0.0803 0.2014 0.3174 0.3899 0.4071 0.3813 0.3224 0.2518 0.1812 0.1196 0.0718 0.0383 0.0177 0.0074 0.0049 0.0076 0.0134 0.0207 0.0283 0.0352 0.0415
2.9441 1.1249 0.2992 2.6135 3.2103 0.1502 3.0567 0.6921 2.5054 0.5685 2.5346 0.3468 1.0084 1.4979 0.4845 0.2362 0.6039 1.2110 1.6019 1.2640 0.5438 0.1755 0.3540 0.6969 0.8031 0.6151 0.3062 0.0789 0.0221 0.1133 0.2710 0.4179 0.5070 0.5248 0.4884 0.4108 0.3193 0.2287 0.1502 0.0897 0.0475 0.0217 0.0092 0.0064 0.0101 0.0178 0.0272 0.0370 0.0458 0.0539
4.4079 2.1519 0.2872 2.5316 4.2117 0.3153 3.3981 1.2008 2.7831 0.8734 2.9911 0.3123 1.3686 1.6953 0.4790 0.3632 0.8750 1.5756 1.9646 1.4853 0.6047 0.1894 0.4237 0.8284 0.9365 0.7000 0.3353 0.0801 0.0315 0.1552 0.3507 0.5264 0.6287 0.6439 0.5945 0.4967 0.3838 0.2733 0.1783 0.1056 0.0554 0.0251 0.0106 0.0079 0.0130 0.0226 0.0342 0.0462 0.0570 0.0667
5.9598 3.7203 0.5853 2.0642 5.1310 0.7644 3.4105 1.9888 2.8290 1.3356 3.3180 0.2662 1.7852 1.7886 0.4514 0.5732 1.2241 1.9640 2.2920 1.6445 0.6207 0.1889 0.4911 0.9485 1.0453 0.7571 0.3448 0.0752 0.0466 0.2094 0.4436 0.6455 0.7567 0.7652 0.6997 0.5799 0.4449 0.3145 0.2036 0.1194 0.0619 0.0277 0.0118 0.0096 0.0161 0.0279 0.0418 0.0559 0.0686 0.0801
7.0424 5.6917 1.5065 1.3191 5.7067 1.6621 3.0044 3.1020 2.5871 2.0049 3.4483 0.2573 2.2352 1.7558 0.4467 0.9036 1.6464 2.3423 2.5424 1.7112 0.5807 0.1775 0.5633 1.0618 1.1311 0.7867 0.3362 0.0670 0.0713 0.2799 0.5531 0.7774 0.8924 0.8894 0.8042 0.6603 0.5023 0.3520 0.2258 0.1310 0.0669 0.0295 0.0129 0.0114 0.0198 0.0338 0.0501 0.0664 0.0809 0.0940
6.9092 7.5215 3.2770 0.6276 5.6307 3.0954 2.1937 4.5001 2.0540 2.9073 3.3181 0.3537 2.6735 1.5947 0.5345 1.3837 2.1113 2.6535 2.6616 1.6545 0.4810 0.1681 0.6567 1.1813 1.2024 0.7950 0.3145 0.0605 0.1101 0.3704 0.6819 0.9239 1.0367 1.0167 0.9079 0.7376 0.5557 0.3857 0.2447 0.1402 0.0704 0.0305 0.0137 0.0135 0.0240 0.0404 0.0591 0.0776 0.0939 0.1085
5.1290 8.2658 5.7655 0.5422 4.6993 4.9434 1.1906 5.9920 1.3316 4.0141 2.8922 0.6328 3.0347 1.3404 0.8028 2.0151 2.5525 2.8198 2.5937 1.4547 0.3345 0.1896 0.8014 1.3310 1.2764 0.7944 0.2890 0.0624 0.1674 0.4834 0.8309 1.0850 1.1890 1.1463 1.0101 0.8113 0.6047 0.4152 0.2603 0.1469 0.0725 0.0309 0.0145 0.0160 0.0289 0.0478 0.0690 0.0896 0.1077 0.1237
2.3585 7.0300 8.2048 1.6535 3.0376 6.7651 0.4621 7.1950 0.6760 5.2073 2.1981 1.1651 3.2491 1.0821 1.3381 2.7501 2.8670 2.7608 2.3044 1.1231 0.1826 0.2930 1.0444 1.5489 1.3817 0.8050 0.2724 0.0795 0.2454 0.6181 0.9980 1.2582 1.3471 1.2767 1.1095 0.8804 0.6488 0.4403 0.2724 0.1513 0.0731 0.0307 0.0154 0.0191 0.0346 0.0563 0.0799 0.1027 0.1225 0.1399
0.6740 3.9623 9.2322 4.1862 1.2858 7.8370 0.6538 7.5888 0.5051 6.2514 1.3606 1.9888 3.2639 0.9615 2.1854 3.4679 2.9276 2.4245 1.8138 0.7238 0.1041 0.5500 1.4426 1.8780 1.5492 0.8479 0.2766 0.1154 0.3416 0.7679 1.1750 1.4354 1.5042 1.4023 1.2021 0.9422 0.6861 0.4599 0.2805 0.1530 0.0723 0.0301 0.0165 0.0229 0.0413 0.0659 0.0922 0.1172 0.1386 0.1573
2.3604 1.0863 7.6507 7.5157 0.5313 7.4621 2.2930 6.7322 1.3047 6.8001 0.6283 3.0793 3.0670 1.1440 3.2918 3.9653 2.6196 1.8391 1.2370 0.3947 0.2146 1.0358 2.0373 2.3403 1.7921 0.9305 0.3029 0.1644 0.4437 0.9160 1.3432 1.5984 1.6437 1.5096 1.2774 0.9891 0.7116 0.4706 0.2826 0.1511 0.0697 0.0290 0.0181 0.0278 0.0495 0.0771 0.1060 0.1331 0.1559 0.1758
7.3563 1.5045 3.8421 9.9799 1.8381 5.4893 5.3216 4.6291 3.3825 6.4778 0.3713 4.3313 2.7199 1.7645 4.4683 4.0074 1.9365 1.1940 0.8269 0.3458 0.6336 1.7835 2.8111 2.9033 2.0820 1.0325 0.3346 0.2089 0.5312 1.0397 1.4796 1.7256 1.7473 1.5837 1.3240 1.0129 0.7195 0.4690 0.2767 0.1445 0.0650 0.0275 0.0205 0.0341 0.0595 0.0902 0.1217 0.1507 0.1750 0.1958
11.9249 6.3822 0.7717 9.5333 5.4725 2.7387 8.7585 2.0830 6.4752 5.0654 1.0247 5.5413 2.3422 2.8350 5.3879 3.4299 1.0811 0.8835 0.9531 0.7949 1.3969 2.6937 3.6070 3.4159 2.3072 1.0831 0.3308 0.2243 0.5863 1.1227 1.5684 1.8022 1.8015 1.6136 1.3333 1.0073 0.7058 0.4525 0.2613 0.1328 0.0581 0.0260 0.0243 0.0426 0.0719 0.1059 0.1399 0.1708 0.1961 0.2177
11.2311 12.3283 2.2861 5.6128 10.1543 0.8482 10.9685 0.6079 9.4052 2.8121 2.9427 6.3842 2.0502 4.1668 5.6734 2.2945 0.5313 1.4440 1.9598 1.8012 2.3051 3.4143 4.0433 3.5573 2.2508 0.9643 0.2469 0.2100 0.6292 1.1914 1.6339 1.8472 1.8203 1.6086 1.3114 0.9765 0.6729 0.4227 0.2378 0.1168 0.0500 0.0252 0.0300 0.0539 0.0875 0.1246 0.1610 0.1935 0.2195 0.2416
4.8153 13.6726 8.3744 1.2810 12.7723 1.5058 10.6534 1.4806 10.2768 0.7826 6.0916 6.3626 1.8774 5.3831 5.0899 1.0161 0.9273 3.2476 3.8080 2.9795 2.7588 3.2886 3.5359 2.8980 1.6665 0.5895 0.1115 0.2627 0.7851 1.3735 1.7903 1.9554 1.8773 1.6235 1.2976 0.9472 0.6388 0.3911 0.2130 0.1005 0.0426 0.0260 0.0379 0.0676 0.1055 0.1459 0.1846 0.2184 0.2450 0.2673
0.8735 7.8213 13.5827 1.6469 9.6265 5.6808 7.5742 4.3900 7.8459 0.8163 9.4028 4.7563 1.8721 6.1537 3.7714 0.2824 2.5779 5.7649 5.4092 3.1691 1.8386 1.7423 1.8187 1.4038 0.6789 0.1805 0.1964 0.6680 1.3269 1.9149 2.2462 2.2958 2.1044 1.7563 1.3631 0.9687 0.6362 0.3783 0.1989 0.0902 0.0383 0.0284 0.0467 0.0818 0.1240 0.1674 0.2085 0.2437 0.2708 0.2933
7.8928 0.7615 11.4810 8.3704 2.9361 11.5320 1.6285 9.6411 4.1222 3.8048 9.1852 0.9251 4.0988 7.8325 2.4898 0.5398 4.3557 5.8581 3.1678 0.5079 0.4788 1.9938 3.0500 2.9020 2.0049 1.2062 0.9354 1.1805 1.6647 2.1208 2.3509 2.3270 2.0860 1.7099 1.3047 0.9105 0.5853 0.3388 0.1721 0.0758 0.0350 0.0345 0.0602 0.1010 0.1473 0.1935 0.2363 0.2724 0.2996 0.3219
16.0931 4.9609 4.1098 14.3679 0.6955 13.1725 0.7564 12.1699 1.1767 7.6648 7.4948 0.3900 6.7391 7.2972 1.1419 1.5740 5.8224 5.8039 2.3293 0.2360 1.0279 2.7931 3.5901 3.0819 1.9911 1.1939 1.0201 1.3579 1.8788 2.3161 2.4909 2.4020 2.1040 1.6882 1.2610 0.8599 0.5379 0.3009 0.1465 0.0629 0.0337 0.0430 0.0766 0.1233 0.1737 0.2226 0.2670 0.3036 0.3306 0.3525
11.9028 14.8253 0.9235 13.0660 5.2117 9.2691 4.5842 10.8731 0.7514 11.0161 4.4511 1.6605 9.0265 5.7067 0.3656 3.3063 7.0192 5.2368 1.4396 0.2731 1.8578 3.6626 4.0495 3.1537 1.9158 1.1742 1.1268 1.5595 2.1038 2.5054 2.6119 2.4515 2.0958 1.6438 1.1996 0.7971 0.4833 0.2599 0.1208 0.0520 0.0357 0.0556 0.0972 0.1497 0.2039 0.2553 0.3008 0.3377 0.3640 0.3851
1.5867 15.7298 8.3712 5.0814 13.3297 2.9147 11.1619 6.1254 4.0095 11.8872 1.5075 4.7300 10.0402 3.4643 0.6296 5.4883 7.6327 4.1965 0.6971 0.7214 2.9354 4.5192 4.3681 3.0982 1.7859 1.1607 1.2642 1.7867 2.3358 2.6828 2.7085 2.4719 2.0598 1.5763 1.1212 0.7236 0.4233 0.2174 0.0966 0.0444 0.0421 0.0729 0.1226 0.1806 0.2384 0.2918 0.3380 0.3746 0.4000 0.4198
5.8661 5.0974 17.6202 0.8824 16.3086 0.9883 15.1786 1.4637 9.6637 9.3502 0.5482 8.6421 9.1561 1.3809 2.1778 7.6477 7.4209 2.8604 0.3306 1.6317 4.1732 5.2590 4.4912 2.9096 1.6188 1.1712 1.4412 2.0394 2.5692 2.8416 2.7753 2.4599 1.9947 1.4863 1.0275 0.6413 0.3598 0.1756 0.0757 0.0416 0.0540 0.0959 0.1534 0.2166 0.2775 0.3324 0.3787 0.4145 0.4384 0.4566
19.5072 1.9264 14.2381 8.2502 9.7362 7.1933 12.3874 1.4527 14.0774 4.6451 2.7971 11.6746 6.4938 0.4557 4.8403 9.1781 6.3221 1.5427 0.5504 2.9734 5.4292 5.7717 4.3820 2.6018 1.4428 1.2273 1.6663 2.3153 2.7973 2.9744 2.8079 2.4142 1.9020 1.3762 0.9211 0.5532 0.2957 0.1367 0.0599 0.0451 0.0725 0.1256 0.1907 0.2585 0.3218 0.3775 0.4232 0.4578 0.4796 0.4958
14.7736 14.9543 2.8315 18.5213 1.5907 16.0593 4.9009 7.4443 13.6306 1.0259 7.7073 12.1215 3.1375 1.4591 7.9549 9.5240 4.5370 0.6434 1.4833 4.6133 6.5205 5.9576 4.0316 2.2103 1.2963 1.3512 1.9445 2.6088 3.0109 3.0736 2.8015 2.3334 1.7823 1.2482 0.8051 0.4623 0.2338 0.1032 0.0512 0.0565 0.0991 0.1630 0.2350 0.3068 0.3716 0.4272 0.4719 0.5045 0.5237 0.5374
1.1756 20.6525 4.3072 16.0008 4.2443 17.1889 0.8751 14.9995 8.1208 1.7836 12.7273 9.4038 0.8511 4.4603 10.4886 8.4206 2.5481 0.5541 3.1088 6.3166 7.2512 5.7512 3.4689 1.7944 1.2256 1.5634 2.2756 2.9102 3.1990 3.1307 2.7513 2.2157 1.6363 1.1049 0.6828 0.3720 0.1771 0.0775 0.0517 0.0773 0.1347 0.2088 0.2869 0.3616 0.4270 0.4817 0.5245 0.5544 0.5704 0.5811
11.9224 6.6531 18.8056 3.8486 16.1535 8.3387 6.2587 16.8848 2.0851 7.4152 14.5687 4.8282 1.2511 8.5552 11.3969 6.0946 1.0358 1.5256 5.2182 7.7749 7.4538 5.1471 2.7681 1.4319 1.2767 1.8771 2.6526 3.2055 3.3488 3.1379 2.6545 2.0621 1.4675 0.9506 0.5590 0.2866 0.1291 0.0626 0.0634 0.1091 0.1805 0.2638 0.3469 0.4234 0.4882 0.5410 0.5811 0.6077 0.6198 0.6271
24.3384 3.3019 19.7539 3.5272 20.3767 1.1348 16.3898 10.5318 1.6609 14.2982 11.5750 1.2666 4.7638 12.0512 10.1200 3.3189 0.6780 3.5390 7.4187 8.6666 7.0359 4.2163 2.0450 1.2102 1.4883 2.2942 3.0597 3.4762 3.4466 3.0883 2.5100 1.8754 1.2806 0.7909 0.4389 0.2106 0.0936 0.0613 0.0887 0.1535 0.2376 0.3287 0.4153 0.4922 0.5552 0.6051 0.6417 0.6643 0.6719 0.6753
7.5053 20.8562 4.4131 18.0720 9.4823 7.1190 19.2270 2.4385 8.5320 16.8195 5.5517 1.5280 9.9886 13.1696 6.9965 1.2280 1.8829 6.2313 9.2028 8.7441 6.0285 3.1138 1.4468 1.2141 1.8835 2.8022 3.4754 3.7060 3.4858 2.9840 2.3219 1.6608 1.0823 0.6327 0.3286 0.1490 0.0744 0.0764 0.1293 0.2116 0.3064 0.4032 0.4913 0.5675 0.6279 0.6743 0.7069 0.7249 0.7275 0.7266
5.1760 19.8876 5.4275 21.6854 1.2639 19.3939 10.4977 2.5270 16.8714 12.3576 1.2113 6.2220 14.1331 11.1099 3.3597 0.8990 4.5476 8.9312 10.0711 7.9062 4.5886 2.0498 1.1191 1.5001 2.4559 3.3674 3.8617 3.8637 3.4459 2.8137 2.0900 1.4247 0.8800 0.4827 0.2340 0.1065 0.0752 0.1107 0.1873 0.2848 0.3880 0.4882 0.5760 0.6498 0.7064 0.7482 0.7760 0.7887 0.7858 0.7802
25.7334 2.2425 22.8191 6.7434 11.3729 19.7087 1.5866 12.1119 18.1133 4.5709 2.6813 12.7123 14.5560 6.7315 1.0457 2.8294 7.9679 10.8240 9.6987 6.2782 3.0118 1.2708 1.1853 2.0868 3.1682 3.9387 4.1767 3.9238 3.3165 2.5777 1.8210 1.1762 0.6831 0.3491 0.1615 0.0880 0.0995 0.1667 0.2642 0.3740 0.4828 0.5839 0.6693 0.7391 0.7905 0.8268 0.8489 0.8556 0.8465 0.8357
13.4380 12.7786 18.4113 3.2872 23.4251 6.8400 5.9079 20.3131 10.3517 1.0869 9.6320 16.4625 10.6647 2.4278 1.5197 6.5531 10.9912 11.2224 8.0834 4.2221 1.6768 1.0019 1.7094 2.9383 3.9501 4.4511 4.3762 3.8643 3.0926 2.2813 1.5254 0.9269 0.5021 0.2405 0.1180 0.0984 0.1508 0.2465 0.3613 0.4799 0.5911 0.6905 0.7711 0.8353 0.8802 0.9099 0.9255 0.9254 0.9096 0.8932
3.1206 26.0338 1.8751 20.1295 15.0539 1.9242 18.5995 16.3967 2.0299 6.2129 16.5840 14.3515 4.7995 0.9350 4.9694 10.6614 12.4329 9.8743 5.6268 2.2815 0.9620 1.3893 2.6753 3.9730 4.7233 4.8529 4.4344 3.6784 2.7796 1.9364 1.2196 0.6926 0.3497 0.1666 0.1104 0.1426 0.2324 0.3524 0.4808 0.6050 0.7160 0.8117 0.8856 0.9418 0.9782 0.9997 1.0073 0.9996 0.9765 0.9540
25.7717 7.0415 13.3792 22.0339 1.6927 14.5697 20.9736 4.9665 3.4319 15.5343 17.2203 7.6669 1.0833 3.5969 9.9210 13.3009 11.5572 7.0986 3.0332 1.0313 1.1348 2.4407 3.9580 5.0344 5.3546 5.0531 4.3044 3.3539 2.3863 1.5616 0.9195 0.4861 0.2366 0.1355 0.1447 0.2245 0.3465 0.4855 0.6226 0.7482 0.8555 0.9444 1.0092 1.0552 1.0817 1.0938 1.0925 1.0765 1.0456 1.0166
14.4183 7.3743 25.7577 4.2751 10.3401 23.4842 8.7298 1.8342 13.8153 19.3446 10.5002 1.7584 2.5860 9.1894 13.7933 13.0712 8.5470 3.8324 1.1788 0.9340 2.2654 4.0033 5.3436 5.9402 5.7260 4.9944 3.9731 2.9032 1.9361 1.1822 0.6473 0.3251 0.1759 0.1564 0.2265 0.3475 0.4950 0.6466 0.7871 0.9094 1.0090 1.0882 1.1414 1.1751 1.1902 1.1918 1.1806 1.1557 1.1165 1.0808
3.7942 26.9051 7.6924 7.2581 24.5465 12.1933 1.2579 12.3627 20.6990 13.0519 2.6253 1.9534 8.7273 14.3301 14.2959 9.8737 4.5837 1.3367 0.7972 2.1541 4.1682 5.7789 6.5683 6.5145 5.7490 4.6531 3.4562 2.3607 1.4671 0.8318 0.4293 0.2289 0.1809 0.2377 0.3616 0.5152 0.6803 0.8376 0.9754 1.0897 1.1778 1.2440 1.2832 1.3031 1.3050 1.2947 1.2730 1.2385 1.1905 1.1475
27.4981 10.2913 5.7550 25.1614 14.6359 1.2142 11.7298 21.9407 14.8961 3.3445 1.6723 8.6955 15.1881 15.5285 10.8859 5.1627 1.4335 0.7131 2.1841 4.4592 6.4175 7.3788 7.3674 6.6197 5.3815 4.0461 2.7984 1.7776 1.0244 0.5457 0.2920 0.2163 0.2642 0.3879 0.5551 0.7311 0.9051 1.0608 1.1894 1.2904 1.3630 1.4132 1.4361 1.4409 1.4276 1.4037 1.3708 1.3262 1.2688 1.2180
10.8005 5.8269 26.1600 15.4662 1.2538 12.2982 23.3207 15.8935 3.5148 1.7443 9.3203 16.3799 16.8105 11.6222 5.3607 1.3884 0.6931 2.4148 5.0133 7.2219 8.4138 8.3802 7.5081 6.1711 4.6339 3.2292 2.0676 1.2143 0.6559 0.3596 0.2608 0.3041 0.4359 0.6120 0.8089 0.9946 1.1673 1.3129 1.4255 1.5079 1.5610 1.5920 1.5963 1.5845 1.5543 1.5156 1.4710 1.4158 1.3486 1.2896
7.8781 27.8349 14.2131 1.3694 14.5588 24.8437 15.6488 2.9576 2.3074 11.0109 18.0670 17.8600 11.9254 5.1190 1.1455 0.8001 2.9757 5.9450 8.3690 9.5861 9.5643 8.4769 6.8997 5.2074 3.6047 2.3143 1.3645 0.7511 0.4203 0.3138 0.3612 0.5071 0.7038 0.9132 1.1235 1.3049 1.4651 1.5920 1.6817 1.7405 1.7702 1.7791 1.7626 1.7326 1.6843 1.6299 1.5730 1.5068 1.4295 1.3622
29.4978 10.5010 2.5260 19.0542 26.1223 13.6479 1.8135 3.9318 14.0197 20.5034 18.4936 11.3748 4.3230 0.7875 1.1991 4.0822 7.4719 9.9915 11.0861 10.7876 9.5075 7.6061 5.6505 3.9081 2.4778 1.4596 0.8107 0.4753 0.3763 0.4461 0.6158 0.8387 1.0755 1.2967 1.5036 1.6668 1.8043 1.9045 1.9642 1.9929 1.9936 1.9784 1.9397 1.8902 1.8243 1.7546 1.6844 1.6061 1.5178 1.4420
4.5674 7.0908 25.4258 25.2215 9.3422 1.0309 7.6513 18.6281 22.7959 18.2105 9.6230 2.8959 0.5732 2.2526 5.9660 9.7468 12.1459 12.8305 12.0591 10.3115 8.1492 5.9073 3.9906 2.5100 1.4556 0.8204 0.5157 0.4594 0.5684 0.7809 1.0358 1.3015 1.5488 1.7574 1.9422 2.0724 2.1761 2.2415 2.2646 2.2581 2.2256 2.1842 2.1219 2.0517 1.9678 1.8825 1.7986 1.7077 1.6080 1.5236
17.8702 30.5551 19.4248 3.6705 3.0866 14.6143 24.1382 23.7289 15.6643 6.5550 1.3025 1.1678 4.5672 9.0433 12.7355 14.7232 14.6526 13.1229 10.8000 8.2271 5.8400 3.8112 2.3213 1.3396 0.7775 0.5597 0.5826 0.7634 1.0268 1.3298 1.6221 1.8907 2.1158 2.2867 2.4311 2.5139 2.5737 2.5969 2.5776 2.5316 2.4628 2.3936 2.3067 2.2151 2.1127 2.0116 1.9136 1.8101 1.6989 1.6058
26.9891 8.3677 1.5740 11.5205 24.3673 27.7943 20.9224 10.3368 2.7413 0.8807 3.7904 8.8715 13.6013 16.4575 17.1762 16.0854 13.6069 10.6294 7.7307 5.2293 3.3000 1.9305 1.1109 0.7275 0.6575 0.8063 1.0812 1.4202 1.7627 2.0930 2.3700 2.6012 2.7741 2.8845 2.9720 2.9945 3.0005 2.9733 2.9061 2.8192 2.7159 2.6199 2.5078 2.3926 2.2699 2.1516 2.0386 1.9221 1.7993 1.6971
1.5574 11.5810 26.1709 31.1532 24.3259 12.5518 3.5921 1.0348 4.1291 9.9823 15.5241 19.1409 20.1351 18.8626 16.1875 12.8735 9.4281 6.4231 4.0797 2.4255 1.4065 0.8924 0.7750 0.9286 1.2354 1.6262 2.0328 2.4255 2.7595 3.0499 3.2593 3.4147 3.5089 3.5386 3.5550 3.5064 3.4495 3.3648 3.2454 3.1174 2.9828 2.8614 2.7242 2.5832 2.4384 2.3015 2.1726 2.0430 1.9086 1.7969
32.0540 33.8724 24.0746 11.1035 2.7095 1.7147 6.4935 13.5072 19.6670 23.2637 23.6296 21.7116 18.2210 14.1578 10.2616 6.9362 4.3315 2.5399 1.4752 0.9928 0.9422 1.1676 1.5665 2.0545 2.5377 2.9985 3.3926 3.7254 3.9630 4.1497 4.2444 4.2914 4.2848 4.2185 4.1533 4.0263 3.9016 3.7559 3.5824 3.4132 3.2483 3.1026 2.9408 2.7736 2.6069 2.4515 2.3069 2.1645 2.0187 1.8977
16.5361 5.0757 1.5820 5.6136 13.5616 21.4843 26.7608 28.3900 26.9123 23.3234 18.4754 13.6847 9.4025 6.0085 3.5923 2.0728 1.2900 1.0843 1.2806 1.7271 2.3078 2.8998 3.4809 4.0232 4.4495 4.8005 5.0456 5.2187 5.2875 5.3195 5.2686 5.1878 5.0673 4.8965 4.7455 4.5406 4.3489 4.1434 3.9179 3.7097 3.5165 3.3450 3.1587 2.9684 2.7808 2.6075 2.4471 2.2921 2.1351 2.0047
10.3516 20.2345 28.7742 33.6172 34.2377 31.3802 26.3317 20.3624 14.6579 9.8189 6.0397 3.5001 2.0047 1.3528 1.3341 1.7437 2.3931 3.1540 3.9313 4.6626 5.3219 5.8179 6.2252 6.5538 6.7152 6.8122 6.8118 6.7629 6.6197 6.4654 6.2625 6.0536 5.8164 5.5412 5.3077 5.0368 4.7870 4.5288 4.2590 4.0168 3.7978 3.5938 3.3819 3.1761 2.9704 2.7803 2.6038 2.4360 2.2676 2.1273
41.1762 36.0478 29.0968 21.7988 15.1454 9.7317 5.7699 3.2215 1.9097 1.5588 1.8796 2.6509 3.6471 4.7022 5.7509 6.7356 7.5393 8.1762 8.6514 8.9976 9.2442 9.2875 9.2719 9.2172 8.9981 8.7731 8.4915 8.2043 7.8444 7.5042 7.1606 6.8357 6.4924 6.1233 5.8168 5.4904 5.1906 4.8863 4.5781 4.3072 4.0672 3.8327 3.5975 3.3791 3.1572 2.9514 2.7597 2.5800 2.4008 2.2510
4.4969 2.6118 2.0594 2.5175 3.6483 5.1640 6.8318 8.4474 9.9425 11.2704 12.2760 13.1299 13.7145 14.0342 14.2534 14.3946 14.2818 14.0301 13.6758 13.3060 12.9407 12.4266 11.9366 11.4822 10.8940 10.3732 9.8459 9.3564 8.8166 8.3240 7.8728 7.4602 7.0348 6.5924 6.2296 5.8633 5.5263 5.1872 4.8497 4.5564 4.2996 4.0396 3.7860 3.5595 3.3247 3.1059 2.9010 2.7110 2.5226 2.3647
30.7467 31.1529 31.2779 31.1538 30.7591 30.2049 29.4631 28.4788 27.4602 26.4538 25.2078 24.1344 22.9875 21.7720 20.7254 19.8249 18.7817 17.7409 16.7260 15.8202 15.0199 14.1290 13.3202 12.6029 11.8052 11.1162 10.4487 9.8358 9.2007 8.6438 8.1393 7.6824 7.2163 6.7368 6.3444 5.9558 5.6073 5.2620 4.9115 4.5979 4.3143 4.0510 3.7986 3.5774 3.3420 3.1212 2.9135 2.7210 2.5306 2.3719
