0.0000 0.0000 0.0000 0.0000 0.0000 0.0000 0.0000 0.0000 0.0000 0.0000 0.0000 0.0000 0.0000 0.0000 0.0000 0.0000 0.0000 0.0008 0.0003 0.0005 0.0036 0.0066 0.0059 0.0026 0.0012 0.0045 0.0107 0.0163 0.0184 0.0165 0.0119 0.0067 0.0026 0.0005 0.0004 0.0020 0.0045 0.0074 0.0101 0.0123 0.0138 0.0147 0.0149 0.0146 0.0139 0.0129 0.0117 0.0105 0.0093 0.0081
0.0000 0.0000 0.0000 0.0000 0.0000 0.0000 0.0000 0.0000 0.0000 0.0000 0.0000 0.0000 0.0000 0.0000 0.0000 0.0000 0.0000 0.0023 0.0007 0.0015 0.0111 0.0200 0.0177 0.0077 0.0038 0.0138 0.0325 0.0490 0.0551 0.0493 0.0354 0.0199 0.0077 0.0014 0.0013 0.0060 0.0137 0.0222 0.0303 0.0369 0.0415 0.0441 0.0448 0.0439 0.0417 0.0386 0.0351 0.0315 0.0278 0.0242
0.0000 0.0000 0.0000 0.0000 0.0000 0.0000 0.0000 0.0000 0.0000 0.0000 0.0000 0.0000 0.0000 0.0000 0.0000 0.0000 0.0000 0.0036 0.0009 0.0030 0.0194 0.0339 0.0296 0.0129 0.0069 0.0240 0.0552 0.0824 0.0920 0.0818 0.0585 0.0326 0.0124 0.0022 0.0022 0.0103 0.0231 0.0374 0.0507 0.0617 0.0693 0.0735 0.0746 0.0731 0.0694 0.0642 0.0583 0.0523 0.0462 0.0402
0.0000 0.0000 0.0000 0.0000 0.0000 0.0000 0.0000 0.0000 0.0000 0.0000 0.0000 0.0000 0.0000 0.0000 0.0000 0.0000 0.0000 0.0044 0.0009 0.0051 0.0291 0.0489 0.0417 0.0182 0.0107 0.0355 0.0794 0.1167 0.1289 0.1137 0.0807 0.0444 0.0167 0.0029 0.0033 0.0149 0.0330 0.0530 0.0715 0.0867 0.0973 0.1030 0.1043 0.1022 0.0969 0.0896 0.0814 0.0729 0.0643 0.0560
0.0000 0.0000 0.0000 0.0000 0.0000 0.0000 0.0000 0.0000 0.0000 0.0000 0.0000 0.0000 0.0000 0.0000 0.0000 0.0000 0.0000 0.0048 0.0006 0.0086 0.0408 0.0653 0.0543 0.0239 0.0156 0.0489 0.1053 0.1518 0.1656 0.1446 0.1015 0.0551 0.0201 0.0033 0.0046 0.0200 0.0435 0.0692 0.0929 0.1121 0.1254 0.1325 0.1340 0.1310 0.1241 0.1147 0.1041 0.0932 0.0822 0.0715
0.0000 0.0000 0.0000 0.0000 0.0000 0.0000 0.0000 0.0000 0.0000 0.0000 0.0000 0.0000 0.0000 0.0000 0.0000 0.0000 0.0000 0.0047 0.0005 0.0141 0.0556 0.0837 0.0676 0.0300 0.0219 0.0643 0.1329 0.1876 0.2016 0.1738 0.1203 0.0641 0.0226 0.0034 0.0062 0.0258 0.0549 0.0862 0.1149 0.1380 0.1538 0.1620 0.1635 0.1596 0.1510 0.1394 0.1263 0.1130 0.0996 0.0867
0.0000 0.0000 0.0000 0.0000 0.0000 0.0000 0.0000 0.0000 0.0000 0.0000 0.0000 0.0000 0.0000 0.0000 0.0000 0.0000 0.0000 0.0041 0.0010 0.0228 0.0742 0.1046 0.0817 0.0366 0.0294 0.0816 0.1618 0.2231 0.2358 0.2003 0.1363 0.0709 0.0238 0.0032 0.0082 0.0325 0.0673 0.1042 0.1376 0.1643 0.1824 0.1915 0.1928 0.1879 0.1774 0.1636 0.1481 0.1324 0.1166 0.1014
0.0000 0.0000 0.0000 0.0000 0.0000 0.0000 0.0000 0.0000 0.0000 0.0000 0.0000 0.0000 0.0000 0.0000 0.0000 0.0000 0.0000 0.0034 0.0032 0.0356 0.0973 0.1280 0.0963 0.0435 0.0380 0.1001 0.1909 0.2570 0.2668 0.2227 0.1486 0.0750 0.0235 0.0027 0.0108 0.0402 0.0809 0.1234 0.1613 0.1913 0.2113 0.2209 0.2218 0.2157 0.2033 0.1871 0.1692 0.1511 0.1330 0.1155
0.0000 0.0000 0.0000 0.0000 0.0000 0.0000 0.0000 0.0000 0.0000 0.0000 0.0000 0.0000 0.0000 0.0000 0.0000 0.0000 0.0000 0.0032 0.0080 0.0535 0.1248 0.1531 0.1105 0.0497 0.0466 0.1185 0.2184 0.2872 0.2924 0.2394 0.1558 0.0755 0.0214 0.0019 0.0142 0.0494 0.0962 0.1440 0.1861 0.2190 0.2405 0.2504 0.2505 0.2429 0.2285 0.2100 0.1896 0.1691 0.1487 0.1291
0.0000 0.0000 0.0000 0.0000 0.0000 0.0000 0.0000 0.0000 0.0000 0.0000 0.0000 0.0000 0.0000 0.0000 0.0000 0.0000 0.0000 0.0040 0.0166 0.0766 0.1554 0.1776 0.1220 0.0536 0.0537 0.1350 0.2421 0.3114 0.3106 0.2486 0.1570 0.0722 0.0177 0.0013 0.0191 0.0607 0.1136 0.1666 0.2125 0.2477 0.2703 0.2800 0.2791 0.2698 0.2531 0.2321 0.2092 0.1864 0.1637 0.1419
0.0000 0.0000 0.0000 0.0000 0.0000 0.0000 0.0000 0.0000 0.0000 0.0000 0.0000 0.0000 0.0000 0.0000 0.0000 0.0000 0.0000 0.0068 0.0295 0.1035 0.1855 0.1975 0.1275 0.0528 0.0578 0.1482 0.2605 0.3278 0.3197 0.2493 0.1516 0.0649 0.0126 0.0016 0.0263 0.0750 0.1343 0.1921 0.2412 0.2783 0.3013 0.3103 0.3079 0.2966 0.2775 0.2538 0.2284 0.2031 0.1781 0.1543
0.0000 0.0000 0.0000 0.0000 0.0000 0.0000 0.0000 0.0000 0.0000 0.0000 0.0000 0.0000 0.0000 0.0000 0.0000 0.0000 0.0000 0.0121 0.0458 0.1301 0.2091 0.2064 0.1223 0.0450 0.0582 0.1582 0.2737 0.3365 0.3199 0.2416 0.1401 0.0544 0.0073 0.0038 0.0369 0.0936 0.1592 0.2215 0.2734 0.3116 0.3344 0.3422 0.3378 0.3240 0.3020 0.2755 0.2474 0.2196 0.1924 0.1664
0.0000 0.0000 0.0000 0.0000 0.0000 0.0000 0.0000 0.0000 0.0000 0.0000 0.0000 0.0000 0.0000 0.0000 0.0000 0.0000 0.0000 0.0197 0.0626 0.1496 0.2171 0.1965 0.1020 0.0297 0.0572 0.1685 0.2853 0.3408 0.3139 0.2280 0.1247 0.0428 0.0035 0.0096 0.0524 0.1174 0.1893 0.2554 0.3092 0.3477 0.3694 0.3753 0.3683 0.3516 0.3264 0.2968 0.2659 0.2356 0.2060 0.1780
0.0000 0.0000 0.0000 0.0000 0.0000 0.0000 0.0000 0.0000 0.0000 0.0000 0.0000 0.0000 0.0000 0.0000 0.0000 0.0000 0.0000 0.0282 0.0740 0.1525 0.2007 0.1624 0.0666 0.0121 0.0635 0.1892 0.3055 0.3498 0.3095 0.2148 0.1101 0.0334 0.0034 0.0205 0.0736 0.1469 0.2245 0.2938 0.3486 0.3865 0.4063 0.4095 0.3994 0.3793 0.3505 0.3176 0.2839 0.2510 0.2191 0.1890
0.0000 0.0000 0.0000 0.0000 0.0000 0.0000 0.0000 0.0000 0.0000 0.0000 0.0000 0.0000 0.0000 0.0000 0.0000 0.0000 0.0000 0.0343 0.0730 0.1316 0.1568 0.1076 0.0261 0.0070 0.0945 0.2381 0.3506 0.3778 0.3185 0.2109 0.1024 0.0297 0.0087 0.0363 0.0994 0.1805 0.2631 0.3347 0.3897 0.4263 0.4436 0.4437 0.4301 0.4063 0.3738 0.3375 0.3010 0.2655 0.2313 0.1992
0.0000 0.0000 0.0000 0.0000 0.0000 0.0000 0.0000 0.0000 0.0000 0.0000 0.0000 0.0000 0.0000 0.0000 0.0000 0.0000 0.0000 0.0338 0.0547 0.0896 0.0992 0.0541 0.0062 0.0397 0.1720 0.3330 0.4351 0.4362 0.3492 0.2216 0.1041 0.0320 0.0172 0.0538 0.1254 0.2134 0.3003 0.3736 0.4285 0.4635 0.4782 0.4752 0.4582 0.4309 0.3948 0.3553 0.3162 0.2784 0.2421 0.2082
0.0000 0.0000 0.0000 0.0000 0.0000 0.0000 0.0000 0.0000 0.0000 0.0000 0.0000 0.0000 0.0000 0.0000 0.0000 0.0000 0.0000 0.0238 0.0251 0.0533 0.0706 0.0491 0.0456 0.1317 0.2999 0.4652 0.5443 0.5093 0.3876 0.2354 0.1058 0.0319 0.0219 0.0660 0.1453 0.2393 0.3301 0.4051 0.4601 0.4939 0.5065 0.5010 0.4812 0.4509 0.4119 0.3696 0.3285 0.2888 0.2508 0.2154
0.0000 0.0000 0.0000 0.0000 0.0000 0.0000 0.0000 0.0000 0.0000 0.0000 0.0000 0.0000 0.0000 0.0000 0.0000 0.0000 0.0000 0.0074 0.0129 0.0861 0.1472 0.1516 0.1606 0.2461 0.3971 0.5305 0.5720 0.5042 0.3615 0.2022 0.0769 0.0140 0.0175 0.0742 0.1637 0.2646 0.3591 0.4352 0.4897 0.5218 0.5318 0.5237 0.5011 0.4679 0.4261 0.3815 0.3385 0.2973 0.2578 0.2212
0.0000 0.0000 0.0000 0.0000 0.0000 0.0000 0.0000 0.0000 0.0000 0.0000 0.0000 0.0000 0.0000 0.0000 0.0000 0.0000 0.0000 0.0031 0.0711 0.2381 0.3113 0.2373 0.1156 0.0685 0.1252 0.2193 0.2720 0.2517 0.1771 0.0911 0.0335 0.0255 0.0683 0.1498 0.2515 0.3552 0.4459 0.5141 0.5589 0.5812 0.5818 0.5651 0.5348 0.4951 0.4480 0.3991 0.3526 0.3085 0.2668 0.2284
0.0000 0.0000 0.0000 0.0000 0.0000 0.0000 0.0000 0.0000 0.0000 0.0000 0.0000 0.0000 0.0000 0.0000 0.0000 0.0000 0.0000 0.0071 0.1040 0.2668 0.2956 0.1916 0.0802 0.0677 0.1519 0.2498 0.2882 0.2498 0.1645 0.0794 0.0319 0.0387 0.0965 0.1900 0.2996 0.4068 0.4970 0.5620 0.6020 0.6190 0.6143 0.5922 0.5572 0.5132 0.4628 0.4112 0.3623 0.3162 0.2730 0.2333
0.0000 0.0000 0.0000 0.0000 0.0000 0.0000 0.0000 0.0000 0.0000 0.0000 0.0000 0.0000 0.0000 0.0000 0.0000 0.0000 0.0000 0.0167 0.1386 0.2814 0.2623 0.1399 0.0529 0.0807 0.1884 0.2829 0.3018 0.2442 0.1504 0.0693 0.0350 0.0585 0.1317 0.2368 0.3530 0.4621 0.5504 0.6108 0.6448 0.6556 0.6451 0.6174 0.5773 0.5291 0.4756 0.4214 0.3702 0.3224 0.2778 0.2370
0.0000 0.0000 0.0000 0.0000 0.0000 0.0000 0.0000 0.0000 0.0000 0.0000 0.0000 0.0000 0.0000 0.0000 0.0000 0.0000 0.0000 0.0317 0.1696 0.2773 0.2133 0.0888 0.0396 0.1097 0.2341 0.3166 0.3112 0.2345 0.1352 0.0621 0.0440 0.0858 0.1745 0.2901 0.4115 0.5208 0.6055 0.6598 0.6867 0.6906 0.6738 0.6402 0.5951 0.5427 0.4862 0.4296 0.3763 0.3270 0.2812 0.2395
0.0000 0.0000 0.0000 0.0000 0.0000 0.0000 0.0000 0.0000 0.0000 0.0000 0.0000 0.0000 0.0000 0.0000 0.0000 0.0000 0.0000 0.0500 0.1907 0.2518 0.1540 0.0467 0.0461 0.1557 0.2863 0.3479 0.3149 0.2208 0.1203 0.0595 0.0605 0.1214 0.2252 0.3498 0.4745 0.5821 0.6614 0.7083 0.7270 0.7233 0.6998 0.6602 0.6100 0.5535 0.4943 0.4356 0.3804 0.3299 0.2832 0.2408
0.0000 0.0000 0.0000 0.0000 0.0000 0.0000 0.0000 0.0000 0.0000 0.0000 0.0000 0.0000 0.0000 0.0000 0.0000 0.0000 0.0000 0.0685 0.1960 0.2064 0.0930 0.0225 0.0762 0.2169 0.3412 0.3733 0.3112 0.2033 0.1069 0.0630 0.0856 0.1663 0.2839 0.4158 0.5415 0.6452 0.7176 0.7560 0.7659 0.7542 0.7235 0.6779 0.6227 0.5622 0.5002 0.4394 0.3827 0.3311 0.2837 0.2408
0.0000 0.0000 0.0000 0.0000 0.0000 0.0000 0.0000 0.0000 0.0000 0.0000 0.0000 0.0000 0.0000 0.0000 0.0000 0.0000 0.0000 0.0827 0.1820 0.1470 0.0416 0.0242 0.1308 0.2892 0.3930 0.3890 0.2992 0.1830 0.0970 0.0744 0.1207 0.2209 0.3508 0.4875 0.6116 0.7094 0.7732 0.8021 0.8027 0.7825 0.7444 0.6929 0.6330 0.5687 0.5038 0.4410 0.3831 0.3306 0.2827 0.2395
0.0000 0.0000 0.0000 0.0000 0.0000 0.0000 0.0000 0.0000 0.0000 0.0000 0.0000 0.0000 0.0000 0.0000 0.0000 0.0000 0.0000 0.0885 0.1491 0.0840 0.0117 0.0568 0.2070 0.3654 0.4354 0.3917 0.2785 0.1616 0.0928 0.0957 0.1668 0.2854 0.4251 0.5637 0.6835 0.7731 0.8267 0.8451 0.8358 0.8069 0.7613 0.7041 0.6397 0.5718 0.5045 0.4401 0.3813 0.3283 0.2801 0.2369
0.0000 0.0000 0.0000 0.0000 0.0000 0.0000 0.0000 0.0000 0.0000 0.0000 0.0000 0.0000 0.0000 0.0000 0.0000 0.0000 0.0000 0.0831 0.1028 0.0315 0.0134 0.1208 0.2975 0.4362 0.4616 0.3790 0.2501 0.1417 0.0971 0.1287 0.2247 0.3595 0.5060 0.6432 0.7558 0.8349 0.8769 0.8838 0.8643 0.8265 0.7736 0.7110 0.6425 0.5716 0.5022 0.4366 0.3773 0.3240 0.2759 0.2330
0.0000 0.0000 0.0000 0.0000 0.0000 0.0000 0.0000 0.0000 0.0000 0.0000 0.0000 0.0000 0.0000 0.0000 0.0000 0.0000 0.0000 0.0666 0.0535 0.0039 0.0526 0.2106 0.3906 0.4909 0.4661 0.3505 0.2168 0.1270 0.1127 0.1751 0.2947 0.4428 0.5922 0.7244 0.8270 0.8934 0.9224 0.9174 0.8874 0.8408 0.7808 0.7133 0.6412 0.5677 0.4968 0.4305 0.3710 0.3179 0.2702 0.2278
0.0000 0.0000 0.0000 0.0000 0.0000 0.0000 0.0000 0.0000 0.0000 0.0000 0.0000 0.0000 0.0000 0.0000 0.0000 0.0000 0.0000 0.0427 0.0149 0.0127 0.1278 0.3148 0.4726 0.5199 0.4458 0.3083 0.1832 0.1220 0.1432 0.2369 0.3774 0.5341 0.6822 0.8059 0.8958 0.9482 0.9631 0.9451 0.9037 0.8482 0.7815 0.7091 0.6341 0.5592 0.4879 0.4218 0.3628 0.3103 0.2632 0.2216
0.0000 0.0000 0.0000 0.0000 0.0000 0.0000 0.0000 0.0000 0.0000 0.0000 0.0000 0.0000 0.0000 0.0000 0.0000 0.0000 0.0000 0.0185 0.0005 0.0623 0.2290 0.4160 0.5283 0.5159 0.4010 0.2573 0.1550 0.1316 0.1911 0.3147 0.4717 0.6318 0.7737 0.8852 0.9599 0.9967 0.9967 0.9655 0.9131 0.8492 0.7764 0.6999 0.6226 0.5471 0.4759 0.4105 0.3524 0.3008 0.2548 0.2142
0.0000 0.0000 0.0000 0.0000 0.0000 0.0000 0.0000 0.0000 0.0000 0.0000 0.0000 0.0000 0.0000 0.0000 0.0000 0.0000 0.0000 0.0027 0.0189 0.1468 0.3380 0.4948 0.5456 0.4764 0.3369 0.2054 0.1398 0.1606 0.2589 0.4085 0.5760 0.7335 0.8644 0.9600 1.0172 1.0372 1.0219 0.9779 0.9150 0.8434 0.7654 0.6855 0.6067 0.5313 0.4609 0.3966 0.3398 0.2896 0.2449 0.2056
0.0000 0.0000 0.0000 0.0000 0.0000 0.0000 0.0000 0.0000 0.0000 0.0000 0.0000 0.0000 0.0000 0.0000 0.0000 0.0000 0.0000 0.0025 0.0702 0.2501 0.4320 0.5335 0.5180 0.4058 0.2635 0.1632 0.1453 0.2135 0.3477 0.5172 0.6880 0.8363 0.9513 1.0279 1.0657 1.0683 1.0378 0.9815 0.9090 0.8307 0.7485 0.6661 0.5867 0.5119 0.4429 0.3803 0.3253 0.2767 0.2336 0.1959
0.0000 0.0000 0.0000 0.0000 0.0000 0.0000 0.0000 0.0000 0.0000 0.0000 0.0000 0.0000 0.0000 0.0000 0.0000 0.0000 0.0000 0.0207 0.1441 0.3483 0.4891 0.5218 0.4489 0.3167 0.1956 0.1431 0.1798 0.2941 0.4576 0.6381 0.8050 0.9391 1.0339 1.0885 1.1053 1.0893 1.0438 0.9763 0.8967 0.8137 0.7286 0.6450 0.5654 0.4912 0.4236 0.3627 0.3095 0.2628 0.2215 0.1855
0.0000 0.0000 0.0000 0.0000 0.0000 0.0000 0.0000 0.0000 0.0000 0.0000 0.0000 0.0000 0.0000 0.0000 0.0000 0.0000 0.0000 0.0536 0.2209 0.4146 0.4919 0.4582 0.3493 0.2250 0.1482 0.1557 0.2485 0.4027 0.5858 0.7670 0.9219 1.0358 1.1064 1.1370 1.1322 1.0981 1.0386 0.9612 0.8758 0.7894 0.7026 0.6188 0.5400 0.4671 0.4015 0.3429 0.2919 0.2474 0.2083 0.1742
0.0000 0.0000 0.0000 0.0000 0.0000 0.0000 0.0000 0.0000 0.0000 0.0000 0.0000 0.0000 0.0000 0.0000 0.0000 0.0000 0.0000 0.0914 0.2770 0.4281 0.4366 0.3550 0.2404 0.1528 0.1381 0.2103 0.3538 0.5370 0.7272 0.8982 1.0329 1.1215 1.1650 1.1707 1.1446 1.0933 1.0214 0.9359 0.8463 0.7578 0.6707 0.5878 0.5107 0.4399 0.3770 0.3211 0.2728 0.2308 0.1940 0.1621
0.0000 0.0000 0.0000 0.0000 0.0000 0.0000 0.0000 0.0000 0.0000 0.0000 0.0000 0.0000 0.0000 0.0000 0.0000 0.0000 0.0000 0.1206 0.2929 0.3824 0.3355 0.2370 0.1496 0.1222 0.1786 0.3117 0.4940 0.6918 0.8760 1.0265 1.1341 1.1931 1.2080 1.1888 1.1425 1.0760 0.9937 0.9019 0.8096 0.7203 0.6341 0.5531 0.4785 0.4106 0.3507 0.2980 0.2525 0.2133 0.1791 0.1495
0.0000 0.0000 0.0000 0.0000 0.0000 0.0000 0.0000 0.0000 0.0000 0.0000 0.0000 0.0000 0.0000 0.0000 0.0000 0.0000 0.0000 0.1298 0.2612 0.2887 0.2157 0.1361 0.1044 0.1508 0.2767 0.4580 0.6621 0.8585 1.0242 1.1467 1.2210 1.2473 1.2338 1.1909 1.1263 1.0469 0.9566 0.8605 0.7666 0.6779 0.5936 0.5153 0.4441 0.3799 0.3234 0.2739 0.2317 0.1954 0.1638 0.1366
0.0000 0.0000 0.0000 0.0000 0.0000 0.0000 0.0000 0.0000 0.0000 0.0000 0.0000 0.0000 0.0000 0.0000 0.0000 0.0000 0.0000 0.1140 0.1906 0.1753 0.1128 0.0841 0.1258 0.2468 0.4291 0.6385 0.8440 1.0224 1.1579 1.2452 1.2828 1.2759 1.2355 1.1714 1.0915 1.0023 0.9067 0.8090 0.7156 0.6290 0.5480 0.4737 0.4067 0.3469 0.2943 0.2485 0.2098 0.1767 0.1479 0.1232
0.0000 0.0000 0.0000 0.0000 0.0000 0.0000 0.0000 0.0000 0.0000 0.0000 0.0000 0.0000 0.0000 0.0000 0.0000 0.0000 0.0000 0.0787 0.1064 0.0814 0.0634 0.1054 0.2228 0.4055 0.6219 0.8355 1.0218 1.1676 1.2642 1.3123 1.3127 1.2746 1.2106 1.1292 1.0378 0.9424 0.8446 0.7478 0.6571 0.5744 0.4981 0.4287 0.3668 0.3120 0.2638 0.2221 0.1873 0.1575 0.1317 0.1095
0.0000 0.0000 0.0000 0.0000 0.0000 0.0000 0.0000 0.0000 0.0000 0.0000 0.0000 0.0000 0.0000 0.0000 0.0000 0.0000 0.0000 0.0389 0.0423 0.0447 0.0926 0.2082 0.3887 0.6103 0.8346 1.0295 1.1801 1.2829 1.3352 1.3424 1.3090 1.2447 1.1616 1.0681 0.9700 0.8720 0.7750 0.6813 0.5947 0.5168 0.4458 0.3823 0.3261 0.2767 0.2334 0.1962 0.1651 0.1386 0.1158 0.0962
0.0000 0.0000 0.0000 0.0000 0.0000 0.0000 0.0000 0.0000 0.0000 0.0000 0.0000 0.0000 0.0000 0.0000 0.0000 0.0000 0.0000 0.0125 0.0272 0.0866 0.2038 0.3786 0.5972 0.8286 1.0341 1.1906 1.2939 1.3486 1.3567 1.3266 1.2650 1.1807 1.0848 0.9848 0.8850 0.7882 0.6952 0.6073 0.5269 0.4553 0.3906 0.3339 0.2841 0.2405 0.2025 0.1699 0.1428 0.1197 0.0998 0.0829
0.0000 0.0000 0.0000 0.0000 0.0000 0.0000 0.0000 0.0000 0.0000 0.0000 0.0000 0.0000 0.0000 0.0000 0.0000 0.0000 0.0000 0.0141 0.0742 0.2035 0.3747 0.5815 0.8074 1.0202 1.1858 1.2917 1.3435 1.3518 1.3211 1.2609 1.1792 1.0830 0.9812 0.8808 0.7841 0.6926 0.6067 0.5270 0.4547 0.3908 0.3337 0.2844 0.2414 0.2039 0.1714 0.1436 0.1205 0.1009 0.0840 0.0697
0.0000 0.0000 0.0000 0.0000 0.0000 0.0000 0.0000 0.0000 0.0000 0.0000 0.0000 0.0000 0.0000 0.0000 0.0000 0.0000 0.0000 0.0463 0.1722 0.3642 0.5618 0.7692 0.9736 1.1466 1.2614 1.3149 1.3195 1.2893 1.2298 1.1503 1.0581 0.9585 0.8584 0.7631 0.6737 0.5907 0.5141 0.4440 0.3810 0.3262 0.2777 0.2363 0.2002 0.1687 0.1415 0.1184 0.0992 0.0829 0.0690 0.0572
0.0000 0.0000 0.0000 0.0000 0.0000 0.0000 0.0000 0.0000 0.0000 0.0000 0.0000 0.0000 0.0000 0.0000 0.0000 0.0000 0.0000 0.0976 0.2873 0.5177 0.7109 0.8913 1.0541 1.1766 1.2408 1.2491 1.2176 1.1612 1.0856 0.9988 0.9060 0.8112 0.7198 0.6346 0.5563 0.4846 0.4192 0.3599 0.3074 0.2624 0.2232 0.1898 0.1606 0.1349 0.1130 0.0944 0.0789 0.0659 0.0549 0.0455
0.0000 0.0000 0.0000 0.0000 0.0000 0.0000 0.0000 0.0000 0.0000 0.0000 0.0000 0.0000 0.0000 0.0000 0.0000 0.0000 0.0000 0.1458 0.3746 0.6092 0.7725 0.9092 1.0221 1.0952 1.1175 1.0944 1.0422 0.9744 0.8961 0.8132 0.7292 0.6467 0.5694 0.4986 0.4344 0.3764 0.3238 0.2767 0.2353 0.2004 0.1703 0.1448 0.1224 0.1026 0.0858 0.0715 0.0597 0.0499 0.0415 0.0344
0.0000 0.0000 0.0000 0.0000 0.0000 0.0000 0.0000 0.0000 0.0000 0.0000 0.0000 0.0000 0.0000 0.0000 0.0000 0.0000 0.0000 0.1679 0.3955 0.6003 0.7201 0.8097 0.8768 0.9108 0.9059 0.8682 0.8117 0.7472 0.6781 0.6084 0.5408 0.4761 0.4167 0.3628 0.3146 0.2715 0.2327 0.1980 0.1679 0.1427 0.1213 0.1031 0.0870 0.0729 0.0609 0.0507 0.0423 0.0353 0.0293 0.0243
0.0000 0.0000 0.0000 0.0000 0.0000 0.0000 0.0000 0.0000 0.0000 0.0000 0.0000 0.0000 0.0000 0.0000 0.0000 0.0000 0.0000 0.1514 0.3364 0.4873 0.5624 0.6129 0.6462 0.6560 0.6393 0.6026 0.5558 0.5058 0.4544 0.4038 0.3569 0.3128 0.2724 0.2362 0.2041 0.1759 0.1505 0.1278 0.1082 0.0920 0.0782 0.0663 0.0559 0.0469 0.0391 0.0326 0.0272 0.0227 0.0189 0.0156
0.0000 0.0000 0.0000 0.0000 0.0000 0.0000 0.0000 0.0000 0.0000 0.0000 0.0000 0.0000 0.0000 0.0000 0.0000 0.0000 0.0000 0.1030 0.2201 0.3089 0.3474 0.3707 0.3836 0.3831 0.3680 0.3427 0.3131 0.2826 0.2520 0.2224 0.1958 0.1711 0.1485 0.1284 0.1107 0.0954 0.0815 0.0692 0.0585 0.0497 0.0424 0.0358 0.0302 0.0254 0.0212 0.0176 0.0147 0.0123 0.0102 0.0084
0.0000 0.0000 0.0000 0.0000 0.0000 0.0000 0.0000 0.0000 0.0000 0.0000 0.0000 0.0000 0.0000 0.0000 0.0000 0.0000 0.0000 0.0448 0.0935 0.1287 0.1424 0.1500 0.1534 0.1517 0.1443 0.1334 0.1211 0.1088 0.0965 0.0848 0.0745 0.0650 0.0563 0.0486 0.0418 0.0361 0.0308 0.0261 0.0221 0.0188 0.0160 0.0135 0.0114 0.0096 0.0080 0.0067 0.0056 0.0046 0.0039 0.0032
0.0000 0.0000 0.0000 0.0000 0.0000 0.0000 0.0000 0.0000 0.0000 0.0000 0.0000 0.0000 0.0000 0.0000 0.0000 0.0000 0.0000 0.0054 0.0112 0.0152 0.0167 0.0175 0.0178 0.0174 0.0165 0.0152 0.0138 0.0123 0.0109 0.0096 0.0084 0.0073 0.0063 0.0055 0.0047 0.0040 0.0035 0.0029 0.0025 0.0021 0.0018 0.0015 0.0013 0.0011 0.0009 0.0007 0.0006 0.0005 0.0004 0.0004
