0.2186 0.2177 0.2168 0.1856 0.1755 0.1649 0.1534 0.1450 0.1398 0.1516 0.1132 0.1073 0.1200 0.1213 0.1153 0.1037 0.0839 0.0617 0.0519 0.0592 0.0721 0.0778 0.0705 0.0560 0.0407 0.0293 0.0227 0.0198 0.0189 0.0184 0.0176 0.0164 0.0149 0.0132 0.0115 0.0099 0.0085 0.0073 0.0063 0.0054 0.0047 0.0041 0.0036 0.0032 0.0028 0.0025 0.0022 0.0020 0.0018 0.0016
0.6552 0.6506 0.6482 0.5573 0.5269 0.4942 0.4592 0.4340 0.4188 0.4536 0.3398 0.3218 0.3616 0.3659 0.3473 0.3119 0.2527 0.1856 0.1552 0.1760 0.2141 0.2321 0.2117 0.1690 0.1233 0.0888 0.0684 0.0592 0.0562 0.0547 0.0525 0.0491 0.0444 0.0395 0.0345 0.0298 0.0256 0.0220 0.0189 0.0163 0.0140 0.0123 0.0108 0.0096 0.0085 0.0075 0.0067 0.0060 0.0054 0.0048
1.0908 1.0773 1.0730 0.9296 0.8799 0.8216 0.7624 0.7201 0.6956 0.7525 0.5666 0.5365 0.6076 0.6165 0.5832 0.5224 0.4238 0.3115 0.2574 0.2879 0.3501 0.3825 0.3528 0.2848 0.2094 0.1509 0.1152 0.0983 0.0926 0.0899 0.0863 0.0810 0.0736 0.0657 0.0576 0.0498 0.0429 0.0369 0.0317 0.0273 0.0235 0.0205 0.0181 0.0160 0.0142 0.0126 0.0112 0.0100 0.0089 0.0080
1.5266 1.4971 1.4878 1.3020 1.2369 1.1468 1.0613 1.0025 0.9681 1.0472 0.7938 0.7518 0.8620 0.8771 0.8251 0.7363 0.5988 0.4410 0.3584 0.3918 0.4757 0.5261 0.4933 0.4049 0.3014 0.2177 0.1643 0.1375 0.1276 0.1231 0.1184 0.1117 0.1021 0.0916 0.0808 0.0701 0.0605 0.0521 0.0448 0.0385 0.0332 0.0290 0.0255 0.0225 0.0199 0.0177 0.0157 0.0140 0.0125 0.0112
1.9664 1.9140 1.8921 1.6718 1.6021 1.4704 1.3547 1.2816 1.2336 1.3385 1.0214 0.9684 1.1294 1.1514 1.0738 0.9533 0.7788 0.5763 0.4590 0.4857 0.5868 0.6592 0.6321 0.5306 0.4020 0.2919 0.2175 0.1776 0.1611 0.1540 0.1481 0.1404 0.1293 0.1169 0.1037 0.0905 0.0784 0.0677 0.0582 0.0501 0.0431 0.0376 0.0330 0.0292 0.0257 0.0228 0.0203 0.0180 0.0161 0.0144
2.4148 2.3359 2.2924 2.0346 1.9808 1.7951 1.6425 1.5592 1.4894 1.6297 1.2487 1.1884 1.4159 1.4423 1.3283 1.1719 0.9645 0.7204 0.5617 0.5687 0.6795 0.7775 0.7669 0.6624 0.5136 0.3766 0.2776 0.2203 0.1941 0.1824 0.1748 0.1666 0.1546 0.1411 0.1262 0.1109 0.0966 0.0837 0.0721 0.0622 0.0535 0.0466 0.0408 0.0360 0.0317 0.0280 0.0249 0.0221 0.0197 0.0176
2.8761 2.7697 2.7052 2.3872 2.3768 2.1276 1.9270 1.8378 1.7338 1.9262 1.4737 1.4158 1.7287 1.7507 1.5848 1.3885 1.1562 0.8777 0.6711 0.6423 0.7513 0.8764 0.8939 0.7996 0.6382 0.4755 0.3483 0.2686 0.2281 0.2089 0.1985 0.1895 0.1773 0.1635 0.1477 0.1309 0.1147 0.0999 0.0864 0.0746 0.0642 0.0559 0.0489 0.0431 0.0378 0.0334 0.0296 0.0262 0.0234 0.0208
3.3510 3.2149 3.1548 2.7354 2.7868 2.4811 2.2132 2.1184 1.9687 2.2340 1.6928 1.6576 2.0748 2.0735 1.8357 1.5978 1.3539 1.0540 0.7954 0.7115 0.8015 0.9510 1.0081 0.9393 0.7767 0.5920 0.4342 0.3267 0.2663 0.2354 0.2195 0.2090 0.1967 0.1831 0.1672 0.1497 0.1323 0.1160 0.1008 0.0873 0.0753 0.0655 0.0574 0.0504 0.0442 0.0390 0.0344 0.0305 0.0271 0.0241
3.8291 3.6594 3.6584 3.1068 3.1926 2.8785 2.5068 2.4003 2.2018 2.5562 1.9012 1.9247 2.4587 2.4020 2.0696 1.7925 1.5578 1.2568 0.9463 0.7866 0.8336 0.9979 1.1023 1.0758 0.9271 0.7283 0.5400 0.4001 0.3136 0.2650 0.2398 0.2255 0.2123 0.1991 0.1837 0.1663 0.1485 0.1312 0.1148 0.0999 0.0864 0.0754 0.0660 0.0580 0.0508 0.0447 0.0395 0.0349 0.0310 0.0275
4.2762 4.0896 4.1979 3.5586 3.5573 3.3520 2.8098 2.6813 2.4470 2.8865 2.0945 2.2312 2.8779 2.7191 2.2719 1.9656 1.7682 1.4947 1.1393 0.8836 0.8567 1.0156 1.1680 1.1989 1.0828 0.8832 0.6691 0.4945 0.3760 0.3031 0.2627 0.2407 0.2246 0.2110 0.1963 0.1795 0.1620 0.1446 0.1276 0.1118 0.0972 0.0851 0.0747 0.0657 0.0575 0.0506 0.0446 0.0394 0.0349 0.0310
4.6343 4.5053 4.7030 4.1582 3.8425 3.9327 3.1177 2.9661 2.7228 3.2058 2.2773 2.5940 3.3191 3.0024 2.4304 2.1143 1.9873 1.7773 1.3942 1.0280 0.8904 1.0103 1.1979 1.2950 1.2315 1.0503 0.8220 0.6158 0.4619 0.3580 0.2952 0.2599 0.2368 0.2207 0.2056 0.1894 0.1726 0.1556 0.1385 0.1224 0.1072 0.0944 0.0832 0.0734 0.0644 0.0567 0.0500 0.0441 0.0391 0.0346
4.9007 4.9069 5.0880 4.9093 4.0478 4.6119 3.4154 3.2687 3.0354 3.4774 2.4633 3.0198 3.7503 3.2249 2.5389 2.2409 2.2150 2.1062 1.7251 1.2470 0.9626 0.9960 1.1872 1.3458 1.3515 1.2128 0.9907 0.7640 0.5772 0.4385 0.3465 0.2908 0.2549 0.2320 0.2140 0.1968 0.1802 0.1637 0.1471 0.1312 0.1159 0.1028 0.0911 0.0808 0.0712 0.0629 0.0555 0.0491 0.0435 0.0386
5.2852 5.2440 5.3457 5.6574 4.2549 5.2855 3.6859 3.6019 3.3527 3.6516 2.6687 3.4845 4.1164 3.3617 2.6004 2.3487 2.4389 2.4598 2.1227 1.5545 1.1001 0.9921 1.1337 1.3281 1.4083 1.3369 1.1498 0.9250 0.7178 0.5475 0.4231 0.3408 0.2856 0.2501 0.2247 0.2038 0.1856 0.1688 0.1526 0.1370 0.1221 0.1091 0.0974 0.0869 0.0770 0.0683 0.0606 0.0537 0.0477 0.0423
6.1186 5.4534 5.5724 6.1105 4.6119 5.7507 3.9567 3.9708 3.6135 3.7070 2.9203 3.9294 4.3590 3.4156 2.6414 2.4471 2.6326 2.7877 2.5472 1.9484 1.3343 1.0372 1.0566 1.2311 1.3676 1.3782 1.2588 1.0698 0.8682 0.6812 0.5294 0.4190 0.3392 0.2850 0.2465 0.2169 0.1937 0.1743 0.1570 0.1412 0.1263 0.1135 0.1019 0.0915 0.0816 0.0727 0.0647 0.0576 0.0514 0.0457
7.1722 5.6961 5.8047 6.1134 5.1468 5.8212 4.2919 4.3374 3.7724 3.6888 3.2234 4.2534 4.4449 3.4347 2.7064 2.5380 2.7435 2.9940 2.9042 2.3844 1.6862 1.1916 1.0128 1.0794 1.2149 1.2941 1.2641 1.1486 0.9909 0.8175 0.6573 0.5272 0.4239 0.3478 0.2909 0.2470 0.2137 0.1876 0.1661 0.1478 0.1316 0.1179 0.1060 0.0954 0.0853 0.0763 0.0682 0.0609 0.0545 0.0486
7.4169 6.2374 5.9883 5.9458 5.5611 5.5857 4.6848 4.6510 3.9107 3.7166 3.5215 4.3404 4.4142 3.5206 2.8383 2.6036 2.7010 2.9482 3.0369 2.7513 2.1431 1.5352 1.1229 0.9775 1.0039 1.0827 1.1233 1.1000 1.0236 0.9050 0.7711 0.6455 0.5325 0.4403 0.3653 0.3042 0.2564 0.2189 0.1889 0.1646 0.1442 0.1274 0.1134 0.1015 0.0904 0.0807 0.0721 0.0644 0.0576 0.0515
6.9289 6.5658 6.4504 5.9914 5.5824 5.4885 4.9275 5.0295 4.2899 3.8890 3.6882 4.1385 4.4093 3.8020 3.0451 2.6135 2.4818 2.5705 2.7708 2.8499 2.6014 2.1235 1.5744 1.1633 0.9413 0.8730 0.8790 0.8987 0.9000 0.8623 0.7932 0.7097 0.6176 0.5311 0.4518 0.3804 0.3206 0.2714 0.2310 0.1979 0.1705 0.1480 0.1296 0.1143 0.1006 0.0890 0.0788 0.0700 0.0624 0.0555
7.1093 6.5420 7.2730 6.5065 6.0345 5.7771 4.9061 5.8681 5.0456 4.1372 3.7286 3.7633 4.5421 4.3177 3.2788 2.5864 2.2944 2.1041 2.1218 2.4127 2.7036 2.7566 2.4532 1.9700 1.4755 1.0941 0.8512 0.7268 0.6776 0.6547 0.6349 0.6081 0.5670 0.5195 0.4667 0.4108 0.3584 0.3110 0.2692 0.2330 0.2015 0.1747 0.1523 0.1333 0.1163 0.1020 0.0896 0.0789 0.0699 0.0617
7.9158 7.5015 8.1260 6.9766 6.7118 6.5576 5.7694 5.6447 5.2457 4.5286 4.8163 3.9159 3.6447 3.8804 3.2913 2.6724 2.7782 2.9618 2.6355 2.0366 1.6456 1.6960 2.0025 2.3195 2.4524 2.3685 2.1091 1.7729 1.4397 1.1369 0.8895 0.7036 0.5634 0.4631 0.3888 0.3309 0.2866 0.2514 0.2226 0.1983 0.1770 0.1583 0.1419 0.1274 0.1137 0.1015 0.0906 0.0808 0.0723 0.0644
9.2227 7.8622 8.1375 7.9433 6.7579 7.2358 5.9050 6.2480 5.3193 5.0199 5.0603 4.0523 4.0251 4.1181 3.3773 2.8651 3.0517 3.1520 2.7195 2.1033 1.7614 1.8615 2.1813 2.4814 2.5861 2.4776 2.2008 1.8530 1.5120 1.2021 0.9472 0.7540 0.6068 0.5003 0.4206 0.3580 0.3096 0.2711 0.2395 0.2130 0.1900 0.1698 0.1522 0.1364 0.1216 0.1085 0.0968 0.0864 0.0773 0.0689
9.9831 8.9617 8.0291 8.6526 7.1472 7.6139 6.2784 6.7007 5.4485 5.5619 5.2034 4.2591 4.4287 4.3000 3.4667 3.0978 3.3314 3.3191 2.7883 2.1755 1.8928 2.0394 2.3638 2.6397 2.7127 2.5794 2.2868 1.9294 1.5825 1.2670 1.0057 0.8059 0.6519 0.5393 0.4542 0.3868 0.3342 0.2921 0.2574 0.2287 0.2038 0.1820 0.1630 0.1459 0.1298 0.1158 0.1033 0.0922 0.0825 0.0736
9.7448 10.0385 8.4852 8.8011 7.9614 7.6698 6.9282 6.9227 5.7387 6.0639 5.2773 4.5634 4.8183 4.4249 3.5806 3.3706 3.6049 3.4587 2.8461 2.2584 2.0414 2.2282 2.5475 2.7924 2.8312 2.6734 2.3668 2.0020 1.6511 1.3316 1.0649 0.8591 0.6987 0.5802 0.4897 0.4173 0.3604 0.3144 0.2765 0.2453 0.2185 0.1950 0.1744 0.1558 0.1385 0.1234 0.1101 0.0983 0.0879 0.0785
9.6927 10.2386 9.5673 8.6778 8.8734 7.6605 7.6940 6.9699 6.2283 6.4360 5.3506 4.9642 5.1535 4.5077 3.7392 3.6761 3.8590 3.5694 2.8996 2.3572 2.2078 2.4255 2.7295 2.9377 2.9408 2.7597 2.4411 2.0710 1.7181 1.3960 1.1249 0.9136 0.7471 0.6230 0.5270 0.4497 0.3882 0.3383 0.2969 0.2629 0.2340 0.2088 0.1865 0.1663 0.1476 0.1314 0.1173 0.1046 0.0936 0.0835
10.7799 9.9734 10.4689 8.9210 9.3920 7.9256 8.2864 7.0158 6.8366 6.6340 5.5013 5.4239 5.4051 4.5757 3.9540 3.9989 4.0829 3.6557 2.9579 2.4771 2.3918 2.6290 2.9077 3.0747 3.0419 2.8387 2.5099 2.1369 1.7837 1.4604 1.1861 0.9703 0.7980 0.6680 0.5663 0.4839 0.4178 0.3639 0.3189 0.2820 0.2506 0.2233 0.1992 0.1774 0.1573 0.1401 0.1250 0.1115 0.0997 0.0890
11.8904 10.4176 10.5868 9.7520 9.4150 8.5764 8.5349 7.2564 7.4073 6.7032 5.7843 5.8792 5.5692 4.6657 4.2265 4.3193 4.2698 3.7253 3.0300 2.6208 2.5913 2.8354 3.0800 3.2031 3.1349 2.9112 2.5741 2.2003 1.8482 1.5249 1.2487 1.0292 0.8515 0.7154 0.6076 0.5200 0.4494 0.3915 0.3427 0.3025 0.2683 0.2386 0.2125 0.1891 0.1678 0.1495 0.1333 0.1189 0.1062 0.0948
11.8876 11.5382 10.4640 10.6376 9.3949 9.3546 8.5596 7.7598 7.8068 6.7662 6.1998 6.2673 5.6731 4.8129 4.5469 4.6184 4.4192 3.7887 3.1231 2.7884 2.8023 3.0408 3.2444 3.3224 3.2203 2.9784 2.6349 2.2617 1.9117 1.5893 1.3119 1.0892 0.9065 0.7644 0.6506 0.5580 0.4828 0.4209 0.3680 0.3244 0.2872 0.2549 0.2267 0.2014 0.1790 0.1596 0.1422 0.1267 0.1132 0.1010
11.8547 12.1616 10.9465 10.9992 9.7929 9.8747 8.6591 8.3861 8.0081 6.9426 6.6836 6.5539 5.7666 5.0350 4.8923 4.8821 4.5389 3.8588 3.2428 2.9782 3.0210 3.2424 3.4005 3.4335 3.2997 3.0416 2.6934 2.3216 1.9745 1.6535 1.3756 1.1503 0.9629 0.8150 0.6953 0.5976 0.5179 0.4520 0.3950 0.3477 0.3073 0.2722 0.2417 0.2146 0.1908 0.1703 0.1516 0.1350 0.1205 0.1075
12.7218 12.1813 11.8368 11.0482 10.5226 10.0685 9.0332 8.9204 8.1211 7.2789 7.1458 6.7527 5.9013 5.3271 5.2361 5.1063 4.6430 3.9474 3.3916 3.1868 3.2438 3.4391 3.5490 3.5382 3.3748 3.1025 2.7507 2.3807 2.0367 1.7177 1.4396 1.2120 1.0204 0.8670 0.7414 0.6388 0.5547 0.4847 0.4235 0.3725 0.3287 0.2906 0.2577 0.2286 0.2034 0.1816 0.1616 0.1438 0.1283 0.1144
13.3546 12.4131 12.3026 11.2736 11.0736 10.1668 9.5526 9.2344 8.2695 7.7007 7.5016 6.8936 6.0910 5.6594 5.5565 5.2976 4.7481 4.0651 3.5726 3.4166 3.4756 3.6373 3.6959 3.6402 3.4476 3.1632 2.8106 2.4440 2.1039 1.7860 1.5067 1.2768 1.0811 0.9230 0.7922 0.6840 0.5948 0.5206 0.4558 0.4012 0.3537 0.3121 0.2763 0.2449 0.2178 0.1944 0.1732 0.1541 0.1374 0.1225
13.5737 12.9741 12.5124 11.7721 11.3898 10.4509 10.0515 9.4553 8.5460 8.1393 7.7830 7.0542 6.3500 6.0090 5.8494 5.4722 4.8678 4.2129 3.7782 3.6576 3.7084 3.8324 3.8397 3.7407 3.5202 3.2243 2.8710 2.5074 2.1710 1.8541 1.5738 1.3419 1.1426 0.9801 0.8444 0.7306 0.6367 0.5581 0.4899 0.4316 0.3804 0.3350 0.2961 0.2623 0.2331 0.2081 0.1855 0.1651 0.1472 0.1311
13.8810 13.4632 12.8170 12.2563 11.6863 10.8468 10.4727 9.7056 8.9048 8.5489 8.0382 7.2609 6.6556 6.3585 6.1237 5.6463 5.0095 4.3890 4.0042 3.9080 3.9432 4.0271 3.9834 3.8419 3.5938 3.2863 2.9320 2.5710 2.2379 1.9216 1.6405 1.4071 1.2045 1.0381 0.8978 0.7787 0.6799 0.5972 0.5258 0.4638 0.4087 0.3592 0.3170 0.2807 0.2494 0.2226 0.1987 0.1768 0.1577 0.1404
14.0905 14.0559 13.0802 12.8065 11.9780 11.2761 10.8986 9.9848 9.2955 8.9535 8.3000 7.5037 6.9886 6.7105 6.3944 5.8296 5.1737 4.5899 4.2485 4.1688 4.1831 4.2247 4.1296 3.9456 3.6697 3.3499 2.9938 2.6347 2.3043 1.9883 1.7069 1.4724 1.2669 1.0969 0.9523 0.8280 0.7248 0.6380 0.5633 0.4977 0.4386 0.3849 0.3394 0.3004 0.2668 0.2382 0.2127 0.1894 0.1689 0.1503
14.8222 14.2808 13.5393 13.3320 12.1753 11.8558 11.2782 10.2405 9.7520 9.3758 8.5581 7.7740 7.3561 7.0883 6.6819 6.0326 5.3675 4.8240 4.5230 4.4536 4.4411 4.4352 4.2887 4.0652 3.7646 3.4302 3.0665 2.7044 2.3746 2.0598 1.7788 1.5430 1.3351 1.1621 1.0136 0.8847 0.7762 0.6841 0.6042 0.5346 0.4723 0.4160 0.3675 0.3253 0.2888 0.2576 0.2298 0.2046 0.1824 0.1622
15.6833 14.2326 14.4886 13.4074 12.6434 12.5302 11.4677 10.5870 10.3295 9.7607 8.7788 8.0858 7.7806 7.4873 6.9667 6.2365 5.5779 5.0838 4.8220 4.7566 4.7101 4.6517 4.4511 4.1868 3.8606 3.5109 3.1389 2.7737 2.4446 2.1315 1.8508 1.6139 1.4040 1.2284 1.0766 0.9432 0.8295 0.7321 0.6470 0.5732 0.5079 0.4490 0.3976 0.3519 0.3123 0.2784 0.2482 0.2208 0.1968 0.1751
15.2205 15.2902 14.8428 13.4786 13.5996 12.8539 11.5975 11.2133 10.9249 10.0103 8.9953 8.4974 8.2728 7.8852 7.2280 6.4357 5.8103 5.3774 5.1516 5.0800 4.9896 4.8718 4.6142 4.3082 3.9559 3.5906 3.2105 2.8426 2.5146 2.2037 1.9232 1.6854 1.4738 1.2961 1.1412 1.0036 0.8848 0.7819 0.6915 0.6137 0.5453 0.4841 0.4297 0.3803 0.3374 0.3007 0.2678 0.2382 0.2123 0.1888
15.9336 16.3094 14.5110 14.5466 14.2936 12.7972 12.1514 12.0619 11.3223 10.1605 9.3498 9.0711 8.8137 8.2485 7.4593 6.6509 6.0915 5.7253 5.5230 5.4286 5.2812 5.0978 4.7806 4.4320 4.0532 3.6731 3.2856 2.9165 2.5903 2.2818 2.0012 1.7624 1.5492 1.3692 1.2113 1.0694 0.9454 0.8370 0.7411 0.6590 0.5871 0.5224 0.4646 0.4115 0.3652 0.3255 0.2899 0.2579 0.2299 0.2045
17.7561 15.7621 15.5143 15.7578 14.1693 13.1879 13.2428 12.7083 11.4602 10.4402 9.9779 9.7782 9.3335 8.5477 7.6786 6.9223 6.4537 6.1440 5.9403 5.8007 5.5829 5.3297 4.9518 4.5610 4.1567 3.7636 3.3708 3.0020 2.6782 2.3713 2.0904 1.8507 1.6351 1.4524 1.2910 1.1443 1.0151 0.9012 0.7997 0.7125 0.6358 0.5657 0.5033 0.4466 0.3967 0.3540 0.3157 0.2811 0.2506 0.2229
16.9898 16.5217 17.1676 15.5801 14.3023 14.4357 14.1226 12.8170 11.5983 11.0571 10.8026 10.4303 9.7070 8.7623 7.9128 7.2676 6.8939 6.6137 6.3772 6.1703 5.8717 5.5470 5.1115 4.6832 4.2586 3.8562 3.4600 3.0922 2.7708 2.4653 2.1843 1.9437 1.7255 1.5402 1.3752 1.2237 1.0889 0.9694 0.8621 0.7695 0.6878 0.6119 0.5447 0.4842 0.4306 0.3846 0.3437 0.3061 0.2730 0.2429
17.6155 18.5423 16.8861 15.4797 15.7052 15.5299 14.1836 12.8018 12.1846 11.9986 11.5836 10.8637 9.9234 8.9614 8.2295 7.7174 7.4092 7.1146 6.8110 6.5191 6.1357 5.7433 5.2576 4.7991 4.3610 3.9534 3.5560 3.1896 2.8704 2.5660 2.2847 2.0430 1.8218 1.6336 1.4649 1.3082 1.1677 1.0421 0.9286 0.8304 0.7434 0.6613 0.5890 0.5246 0.4670 0.4175 0.3739 0.3333 0.2972 0.2646
20.0409 18.1001 16.7908 17.2346 17.0466 15.5740 14.1085 13.4669 13.3140 12.9665 12.1229 11.1075 10.1250 9.2960 8.7246 8.3109 8.0081 7.6501 7.2542 6.8681 6.4014 5.9489 5.4231 4.9431 4.4943 4.0833 3.6854 3.3203 3.0022 2.6961 2.4133 2.1692 1.9436 1.7494 1.5738 1.4094 1.2628 1.1321 1.0127 0.9080 0.8141 0.7259 0.6480 0.5783 0.5150 0.4608 0.4135 0.3692 0.3296 0.2935
19.0175 18.2202 18.9421 18.5440 16.8518 15.4238 14.9037 14.7647 14.3701 13.5068 12.3353 11.2898 10.4587 9.8208 9.3683 8.9760 8.6118 8.1519 7.6529 7.1785 6.6430 6.1452 5.5921 5.0999 4.6455 4.2336 3.8361 3.4723 3.1544 2.8449 2.5593 2.3116 2.0803 1.8786 1.6946 1.5210 1.3680 1.2320 1.1065 0.9947 0.8929 0.7984 0.7145 0.6389 0.5691 0.5095 0.4583 0.4098 0.3662 0.3264
19.9651 20.7279 19.7957 17.9612 16.7789 16.5075 16.3806 15.8055 14.7985 13.6209 12.4938 11.6624 11.0379 10.5238 10.0866 9.6299 9.1566 8.5820 7.9902 7.4476 6.8650 6.3393 5.7718 5.2755 4.8194 4.4082 4.0106 3.6473 3.3280 3.0132 2.7230 2.4703 2.2318 2.0210 1.8270 1.6431 1.4830 1.3415 1.2095 1.0900 0.9795 0.8782 0.7878 0.7057 0.6289 0.5632 0.5078 0.4547 0.4069 0.3629
22.3055 20.6257 18.9920 18.3947 18.3635 18.1035 17.2544 16.0104 14.7783 13.7507 12.9100 12.3190 11.8096 11.2927 10.7702 10.1906 9.6043 8.9334 8.2717 7.6884 7.0828 6.5474 5.9768 5.4828 5.0290 4.6187 4.2191 3.8566 3.5364 3.2167 2.9197 2.6598 2.4121 2.1915 1.9872 1.7925 1.6229 1.4729 1.3330 1.2048 1.0847 0.9741 0.8758 0.7870 0.7035 0.6318 0.5701 0.5113 0.4584 0.4095
21.1707 20.3954 20.4568 20.4119 19.7287 18.5350 17.1741 15.9472 15.0222 14.3197 13.6733 13.1470 12.5965 11.9755 11.3239 10.6178 9.9524 9.2244 8.5214 7.9239 7.3157 6.7856 6.2196 5.7313 5.2808 4.8699 4.4651 4.1034 3.7829 3.4589 3.1530 2.8834 2.6243 2.3932 2.1782 1.9725 1.7910 1.6292 1.4800 1.3417 1.2109 1.0883 0.9805 0.8850 0.7956 0.7175 0.6472 0.5814 0.5225 0.4681
22.7260 22.7646 22.1310 20.9154 19.5202 18.2956 17.3184 16.5297 15.8879 15.2675 14.5483 13.8946 13.2068 12.4675 11.7175 10.9342 10.2400 9.4965 8.7800 8.1879 7.5889 7.0711 6.5114 6.0278 5.5772 5.1619 4.7478 4.3852 4.0627 3.7326 3.4153 3.1340 2.8615 2.6183 2.3914 2.1735 1.9787 1.8037 1.6445 1.4952 1.3525 1.2164 1.0980 0.9953 0.8999 0.8150 0.7348 0.6612 0.5957 0.5350
24.4109 23.0489 21.7123 20.5977 19.7350 19.0544 18.4007 17.6723 16.9085 16.0825 15.1547 14.3457 13.5611 12.7613 11.9793 11.1804 10.4981 9.7662 9.0535 8.4758 7.8894 7.3850 6.8308 6.3501 5.8958 5.4731 5.0468 4.6793 4.3526 4.0164 3.6890 3.3974 3.1123 2.8578 2.6197 2.3904 2.1829 1.9949 1.8236 1.6631 1.5094 1.3619 1.2337 1.1228 1.0196 0.9269 0.8366 0.7545 0.6818 0.6141
24.1512 23.3143 22.6337 21.9734 21.2626 20.4616 19.5401 18.5090 17.4726 16.4378 15.3941 14.5399 13.7597 12.9447 12.1681 11.3857 10.7226 10.0065 9.3085 8.7451 8.1681 7.6738 7.1250 6.6486 6.1902 5.7600 5.3220 4.9421 4.6086 4.2691 3.9398 3.6454 3.3536 3.0927 2.8477 2.6118 2.3955 2.1974 2.0099 1.8394 1.6800 1.5305 1.3967 1.2752 1.1601 1.0571 0.9591 0.8686 0.7877 0.7121
26.3333 25.4475 24.4490 23.3676 22.2610 21.1327 19.9760 18.7991 17.6736 16.5943 15.5656 14.7596 14.0422 13.2340 12.4649 11.6889 11.0338 10.3215 9.6280 9.0687 8.4917 8.0005 7.4524 6.9772 6.5119 6.0714 5.6191 5.2244 4.8830 4.5403 4.2095 3.9129 3.6147 3.3477 3.0962 2.8540 2.6290 2.4204 2.2151 2.0340 1.8696 1.7199 1.5811 1.4480 1.3196 1.2052 1.0991 0.9996 0.9099 0.8256
27.4006 26.1487 24.9033 23.6899 22.5431 21.4100 20.2678 19.1175 17.9967 16.9140 15.9083 15.1408 14.4649 13.6360 12.8463 12.0505 11.3857 10.6633 9.9636 9.3988 8.8143 8.3212 7.7704 7.2945 6.8227 6.3727 5.9070 5.4971 5.1476 4.8021 4.4700 4.1718 3.8686 3.5970 3.3404 3.0930 2.8602 2.6419 2.4190 2.2281 2.0599 1.9114 1.7688 1.6244 1.4825 1.3570 1.2435 1.1352 1.0369 0.9439
27.1552 25.9966 24.8502 23.6998 22.5743 21.4585 20.3385 19.2372 18.1404 17.0661 16.0433 15.2585 14.5632 13.7200 12.9137 12.0994 11.4390 10.7166 10.0068 9.4274 8.8296 8.3296 7.7708 7.2890 6.8289 6.3890 5.9319 5.5163 5.1612 4.8097 4.4705 4.1684 3.8674 3.6003 3.3473 3.0986 2.8639 2.6438 2.4219 2.2319 2.0641 1.9118 1.7664 1.6211 1.4799 1.3556 1.2442 1.1364 1.0380 0.9447
