0.1260 0.0672 0.0066 0.0636 0.1421 0.0224 0.0840 0.0755 0.0513 0.0672 0.0725 0.0187 0.1014 0.0193 0.0316 0.0846 0.0316 0.0041 0.0460 0.0642 0.0328 0.0035 0.0082 0.0310 0.0441 0.0387 0.0224 0.0076 0.0010 0.0028 0.0092 0.0161 0.0209 0.0224 0.0214 0.0183 0.0144 0.0105 0.0070 0.0043 0.0023 0.0011 0.0005 0.0002 0.0003 0.0006 0.0010 0.0014 0.0017 0.0020
0.3903 0.2167 0.0230 0.1785 0.4278 0.0744 0.2426 0.2348 0.1467 0.2083 0.2119 0.0597 0.3038 0.0550 0.0981 0.2536 0.0922 0.0130 0.1398 0.1923 0.0969 0.0100 0.0255 0.0939 0.1325 0.1155 0.0666 0.0223 0.0029 0.0086 0.0279 0.0487 0.0628 0.0673 0.0641 0.0548 0.0431 0.0314 0.0210 0.0128 0.0069 0.0033 0.0013 0.0007 0.0010 0.0018 0.0029 0.0041 0.0051 0.0061
0.6869 0.4118 0.0530 0.2574 0.7152 0.1499 0.3731 0.4185 0.2205 0.3687 0.3339 0.1122 0.5047 0.0824 0.1746 0.4218 0.1454 0.0246 0.2391 0.3191 0.1563 0.0151 0.0451 0.1594 0.2215 0.1910 0.1089 0.0357 0.0047 0.0149 0.0475 0.0821 0.1052 0.1124 0.1067 0.0910 0.0714 0.0519 0.0346 0.0210 0.0114 0.0053 0.0022 0.0012 0.0017 0.0031 0.0049 0.0068 0.0086 0.0103
1.0204 0.6810 0.1191 0.2809 0.9947 0.2700 0.4567 0.6411 0.2604 0.5604 0.4265 0.1856 0.7009 0.0973 0.2680 0.5878 0.1863 0.0413 0.3472 0.4433 0.2081 0.0182 0.0688 0.2295 0.3114 0.2641 0.1479 0.0470 0.0062 0.0224 0.0688 0.1169 0.1485 0.1576 0.1491 0.1267 0.0990 0.0717 0.0476 0.0288 0.0155 0.0072 0.0030 0.0017 0.0025 0.0044 0.0070 0.0097 0.0122 0.0145
1.3646 1.0413 0.2603 0.2419 1.2415 0.4604 0.4768 0.9122 0.2582 0.7926 0.4781 0.2911 0.8855 0.0978 0.3856 0.7479 0.2110 0.0665 0.4672 0.5626 0.2494 0.0193 0.0986 0.3056 0.4021 0.3335 0.1823 0.0557 0.0074 0.0315 0.0922 0.1536 0.1930 0.2032 0.1910 0.1616 0.1257 0.0906 0.0599 0.0360 0.0193 0.0089 0.0036 0.0022 0.0033 0.0059 0.0092 0.0127 0.0159 0.0188
1.6480 1.4783 0.5285 0.1571 1.4131 0.7475 0.4255 1.2316 0.2143 1.0686 0.4791 0.4415 1.0474 0.0856 0.5342 0.8965 0.2168 0.1051 0.6010 0.6742 0.2773 0.0189 0.1368 0.3891 0.4932 0.3980 0.2110 0.0610 0.0087 0.0428 0.1186 0.1927 0.2387 0.2489 0.2323 0.1953 0.1511 0.1084 0.0712 0.0425 0.0225 0.0103 0.0042 0.0027 0.0042 0.0075 0.0116 0.0159 0.0198 0.0233
1.7540 1.9191 0.9695 0.0823 1.4533 1.1468 0.3125 1.5819 0.1434 1.3814 0.4257 0.6490 1.1710 0.0671 0.7194 1.0248 0.2028 0.1633 0.7495 0.7739 0.2896 0.0187 0.1860 0.4809 0.5838 0.4559 0.2326 0.0627 0.0103 0.0570 0.1484 0.2345 0.2858 0.2948 0.2727 0.2277 0.1750 0.1246 0.0813 0.0481 0.0252 0.0114 0.0047 0.0032 0.0053 0.0093 0.0142 0.0193 0.0238 0.0280
1.5625 2.2175 1.5827 0.1196 1.3111 1.6441 0.1773 1.9213 0.0802 1.7081 0.3248 0.9218 1.2371 0.0552 0.9431 1.1214 0.1710 0.2483 0.9115 0.8564 0.2850 0.0213 0.2489 0.5815 0.6724 0.5054 0.2463 0.0609 0.0129 0.0748 0.1824 0.2795 0.3344 0.3405 0.3119 0.2582 0.1969 0.1392 0.0900 0.0527 0.0272 0.0121 0.0050 0.0038 0.0065 0.0113 0.0171 0.0229 0.0282 0.0329
1.0479 2.1846 2.2665 0.4022 0.9758 2.1740 0.0963 2.1809 0.0819 2.0056 0.1999 1.2595 1.2263 0.0697 1.2012 1.1722 0.1275 0.3681 1.0835 0.9156 0.2631 0.0304 0.3282 0.6908 0.7572 0.5446 0.2511 0.0557 0.0173 0.0972 0.2211 0.3276 0.3842 0.3857 0.3495 0.2865 0.2166 0.1517 0.0971 0.0561 0.0286 0.0125 0.0053 0.0045 0.0079 0.0136 0.0202 0.0268 0.0327 0.0380
0.4069 1.6993 2.7853 1.0364 0.5243 2.6063 0.1788 2.2727 0.2227 2.2102 0.0960 1.6460 1.1246 0.1368 1.4806 1.1632 0.0833 0.5296 1.2581 0.9448 0.2257 0.0513 0.4265 0.8073 0.8352 0.5715 0.2467 0.0478 0.0247 0.1251 0.2651 0.3792 0.4351 0.4301 0.3850 0.3124 0.2338 0.1621 0.1026 0.0584 0.0292 0.0126 0.0055 0.0054 0.0096 0.0162 0.0237 0.0311 0.0376 0.0434
0.1071 0.8788 2.8250 1.9926 0.1569 2.7631 0.5389 2.1141 0.5747 2.2491 0.0802 2.0455 0.9319 0.2861 1.7598 1.0850 0.0554 0.7378 1.4257 0.9385 0.1768 0.0903 0.5465 0.9303 0.9046 0.5850 0.2333 0.0386 0.0364 0.1598 0.3153 0.4349 0.4876 0.4742 0.4189 0.3360 0.2487 0.1705 0.1065 0.0597 0.0292 0.0123 0.0057 0.0064 0.0116 0.0192 0.0276 0.0358 0.0429 0.0491
0.6863 0.1946 2.1924 2.9962 0.1745 2.4858 1.2373 1.6719 1.1741 2.0617 0.2318 2.3966 0.6683 0.5461 2.0087 0.9368 0.0660 0.9928 1.5717 0.8919 0.1230 0.1547 0.6902 1.0576 0.9626 0.5840 0.2116 0.0296 0.0544 0.2029 0.3729 0.4955 0.5424 0.5183 0.4514 0.3575 0.2615 0.1770 0.1089 0.0599 0.0287 0.0119 0.0060 0.0077 0.0140 0.0226 0.0320 0.0410 0.0486 0.0554
2.2167 0.3332 1.0827 3.5502 0.8384 1.7541 2.2050 1.0210 1.9767 1.6313 0.6181 2.6108 0.3811 0.9354 2.1875 0.7295 0.1404 1.2837 1.6737 0.8004 0.0740 0.2517 0.8556 1.1818 1.0028 0.5658 0.1822 0.0229 0.0806 0.2554 0.4380 0.5603 0.5982 0.5612 0.4815 0.3762 0.2716 0.1812 0.1097 0.0591 0.0276 0.0114 0.0065 0.0093 0.0168 0.0266 0.0369 0.0466 0.0549 0.0620
3.7822 1.6627 0.1988 3.1920 2.1205 0.8093 3.1895 0.3891 2.8215 1.0268 1.2591 2.5977 0.1518 1.4498 2.2558 0.4924 0.3040 1.5943 1.7139 0.6686 0.0434 0.3873 1.0388 1.2956 1.0202 0.5296 0.1472 0.0215 0.1173 0.3187 0.5108 0.6290 0.6545 0.6022 0.5086 0.3916 0.2787 0.1831 0.1088 0.0572 0.0260 0.0107 0.0071 0.0114 0.0202 0.0311 0.0424 0.0529 0.0616 0.0691
3.8946 3.5461 0.4613 1.9162 3.5294 0.1686 3.7764 0.1198 3.4486 0.4321 2.0886 2.2983 0.0849 2.0431 2.1711 0.2687 0.5797 1.9071 1.6845 0.5118 0.0480 0.5644 1.2315 1.3897 1.0104 0.4761 0.1098 0.0286 0.1666 0.3933 0.5911 0.7006 0.7100 0.6403 0.5316 0.4029 0.2822 0.1822 0.1060 0.0543 0.0239 0.0101 0.0081 0.0140 0.0242 0.0364 0.0486 0.0598 0.0689 0.0767
2.1000 4.3974 2.1483 0.5308 4.2196 0.4046 3.5598 0.5201 3.5998 0.1269 2.9303 1.7270 0.2832 2.6197 1.9020 0.1139 0.9801 2.2005 1.5863 0.3529 0.1050 0.7826 1.4239 1.4551 0.9707 0.4075 0.0743 0.0480 0.2305 0.4796 0.6776 0.7733 0.7629 0.6736 0.5492 0.4092 0.2816 0.1782 0.1011 0.0502 0.0214 0.0096 0.0096 0.0173 0.0291 0.0425 0.0557 0.0675 0.0769 0.0850
0.2769 3.0933 4.1900 0.2706 3.5894 1.7366 2.4590 1.6554 3.0934 0.3547 3.5613 1.0322 0.8096 3.0512 1.4606 0.0926 1.4834 2.4212 1.4053 0.2101 0.2318 1.0462 1.6132 1.4908 0.9042 0.3301 0.0468 0.0836 0.3105 0.5771 0.7689 0.8453 0.8113 0.7008 0.5605 0.4097 0.2765 0.1710 0.0943 0.0451 0.0187 0.0094 0.0118 0.0215 0.0349 0.0496 0.0637 0.0760 0.0858 0.0939
0.9901 0.8598 4.6690 1.7790 1.8738 3.6045 1.0507 3.2103 1.9705 1.1897 3.7382 0.4329 1.6376 3.2174 0.9296 0.2767 2.0350 2.4944 1.1209 0.0969 0.4386 1.3518 1.7917 1.4937 0.8144 0.2504 0.0336 0.1394 0.4079 0.6851 0.8634 0.9148 0.8540 0.7212 0.5651 0.4049 0.2673 0.1612 0.0860 0.0395 0.0162 0.0099 0.0149 0.0266 0.0417 0.0577 0.0725 0.0853 0.0952 0.1034
4.0341 0.3428 2.8572 4.1853 0.3169 4.8436 0.1627 4.4386 0.7519 2.5193 3.2337 0.1088 2.5869 3.0161 0.4337 0.6917 2.5442 2.3856 0.7826 0.0586 0.7116 1.6420 1.8988 1.4250 0.6869 0.1678 0.0366 0.2147 0.5187 0.7978 0.9546 0.9759 0.8866 0.7318 0.5616 0.3940 0.2541 0.1490 0.0766 0.0338 0.0141 0.0111 0.0189 0.0328 0.0496 0.0668 0.0823 0.0955 0.1055 0.1137
5.3924 3.0422 0.4704 5.3044 0.6461 4.3860 0.7761 4.6007 0.1392 3.9448 2.1709 0.4203 3.5177 2.4389 0.1225 1.3665 2.9708 2.1080 0.4489 0.1491 1.0858 1.9431 1.9600 1.3088 0.5413 0.0974 0.0685 0.3211 0.6539 0.9251 1.0511 1.0357 0.9142 0.7363 0.5521 0.3783 0.2376 0.1348 0.0665 0.0281 0.0127 0.0134 0.0242 0.0405 0.0589 0.0772 0.0933 0.1068 0.1167 0.1248
2.4869 5.7380 0.8601 3.5510 3.1465 2.2633 2.8900 3.3083 0.7756 4.7115 0.9338 1.4242 4.0476 1.5824 0.1732 2.2014 3.1747 1.6634 0.1862 0.3888 1.5217 2.2007 1.9424 1.1398 0.3880 0.0513 0.1353 0.4570 0.8060 1.0570 1.1431 1.0863 0.9313 0.7310 0.5349 0.3572 0.2177 0.1189 0.0559 0.0229 0.0124 0.0171 0.0310 0.0496 0.0697 0.0890 0.1056 0.1191 0.1288 0.1367
0.1449 4.2255 4.2878 0.7326 5.6476 0.3450 5.1374 1.3026 2.6277 4.2787 0.1751 2.8913 3.9096 0.7060 0.6892 3.0385 3.0718 1.1169 0.0724 0.7866 1.9815 2.3792 1.8348 0.9275 0.2431 0.0423 0.2430 0.6225 0.9719 1.1893 1.2267 1.1246 0.9361 0.7153 0.5097 0.3307 0.1948 0.1018 0.0454 0.0187 0.0135 0.0225 0.0397 0.0605 0.0821 0.1023 0.1191 0.1325 0.1419 0.1494
3.4214 0.6163 6.2700 0.7134 5.2985 0.8779 5.5791 0.1783 4.7407 2.7189 0.4872 4.2803 3.0492 0.1633 1.6452 3.6679 2.6359 0.5796 0.1776 1.3239 2.4119 2.4445 1.6357 0.6890 0.1261 0.0831 0.3958 0.8155 1.1466 1.3166 1.2976 1.1480 0.9270 0.6887 0.4768 0.2996 0.1696 0.0842 0.0357 0.0160 0.0165 0.0300 0.0503 0.0733 0.0963 0.1171 0.1339 0.1471 0.1560 0.1629
6.7667 1.5427 3.5149 4.2850 2.1692 3.9256 3.5329 1.2251 5.6525 0.9125 1.9903 4.9196 1.7363 0.2787 2.8445 3.8826 1.9283 0.1939 0.5438 1.9500 2.7518 2.3734 1.3571 0.4502 0.0587 0.1846 0.5945 1.0308 1.3228 1.4322 1.3514 1.1541 0.9035 0.6514 0.4369 0.2646 0.1430 0.0670 0.0274 0.0154 0.0219 0.0399 0.0633 0.0883 0.1124 0.1336 0.1503 0.1630 0.1712 0.1774
3.1901 6.2313 0.2875 6.8015 0.2248 6.4724 0.8329 4.0276 4.4903 0.1818 4.0681 4.3706 0.5502 1.1824 3.9388 3.5561 1.1091 0.1031 1.1648 2.5816 2.9380 2.1552 1.0235 0.2427 0.0622 0.3544 0.8359 1.2601 1.4917 1.5289 1.3835 1.1407 0.8648 0.6039 0.3910 0.2268 0.1161 0.0511 0.0214 0.0175 0.0302 0.0526 0.0789 0.1056 0.1305 0.1518 0.1681 0.1802 0.1875 0.1929
0.3046 5.9255 2.7022 4.2546 2.6685 5.3966 0.5280 6.3043 1.9811 1.3715 5.5506 2.7875 0.1611 2.6780 4.5299 2.7201 0.4178 0.4092 1.9706 3.1098 2.9163 1.7993 0.6731 0.1020 0.1554 0.5944 1.1121 1.4928 1.6438 1.6002 1.3897 1.1057 0.8104 0.5463 0.3397 0.1875 0.0900 0.0375 0.0186 0.0230 0.0418 0.0686 0.0975 0.1254 0.1507 0.1719 0.1875 0.1987 0.2049 0.2092
5.4873 0.9429 7.2318 0.4756 6.7233 1.7350 3.5354 5.7670 0.2681 3.9833 5.3930 1.0034 0.9729 4.2351 4.3266 1.6024 0.1153 1.1277 2.8265 3.4214 2.6625 1.3444 0.3589 0.0646 0.3507 0.8995 1.4101 1.7149 1.7684 1.6390 1.3665 1.0480 0.7408 0.4802 0.2850 0.1482 0.0662 0.0275 0.0197 0.0325 0.0574 0.0882 0.1192 0.1479 0.1733 0.1939 0.2085 0.2186 0.2234 0.2265
7.1481 2.2045 5.3984 2.2912 6.4578 0.4014 6.8511 2.6922 1.2277 6.1962 3.5200 0.1830 2.8021 5.1641 3.3160 0.5962 0.3954 2.1549 3.5514 3.4260 2.1941 0.8572 0.1410 0.1610 0.6505 1.2559 1.7115 1.9108 1.8546 1.6394 1.3120 0.9682 0.6578 0.4077 0.2290 0.1109 0.0464 0.0222 0.0259 0.0469 0.0774 0.1117 0.1443 0.1732 0.1982 0.2179 0.2312 0.2398 0.2431 0.2448
1.0244 7.8034 0.5576 7.3070 1.9582 3.8652 6.4230 0.3255 4.4430 6.1291 1.1713 1.1004 4.8290 4.9587 1.8550 0.1418 1.2929 3.2699 3.9598 3.0862 1.5781 0.4258 0.0773 0.4090 1.0442 1.6433 2.0002 2.0713 1.8993 1.6006 1.2280 0.8695 0.5650 0.3322 0.1745 0.0780 0.0322 0.0231 0.0380 0.0668 0.1022 0.1393 0.1729 0.2019 0.2258 0.2441 0.2561 0.2630 0.2644 0.2645
3.0994 5.0480 3.1402 6.4961 0.6625 7.6902 2.5174 1.7122 7.0397 3.6288 0.2327 3.4674 5.9224 3.5894 0.5805 0.5468 2.6246 4.1712 3.9100 2.4402 0.9288 0.1466 0.2126 0.8073 1.5064 2.0295 2.2460 2.1731 1.8877 1.5167 1.1134 0.7534 0.4651 0.2566 0.1243 0.0517 0.0255 0.0315 0.0571 0.0929 0.1324 0.1714 0.2053 0.2337 0.2561 0.2724 0.2827 0.2876 0.2869 0.2851
8.6258 0.3635 8.3833 1.1257 5.4582 6.1023 0.3104 5.7858 6.2742 0.8363 1.7787 5.8676 5.3230 1.6939 0.1820 1.8107 4.0034 4.5657 3.3665 1.6140 0.3921 0.1068 0.5658 1.3311 1.9967 2.3775 2.4229 2.2019 1.8146 1.3887 0.9723 0.6249 0.3629 0.1852 0.0819 0.0345 0.0282 0.0486 0.0840 0.1256 0.1681 0.2082 0.2415 0.2687 0.2888 0.3027 0.3110 0.3137 0.3105 0.3067
2.6238 5.8567 4.7393 2.0875 8.3947 1.2979 3.3566 7.8441 2.7178 0.5690 4.9129 6.5858 3.2583 0.3448 1.0348 3.5471 4.9471 4.2770 2.4357 0.8064 0.1167 0.3619 1.1205 1.9310 2.4637 2.6485 2.5077 2.1479 1.6795 1.2213 0.8111 0.4907 0.2643 0.1227 0.0508 0.0291 0.0419 0.0757 0.1194 0.1656 0.2098 0.2498 0.2816 0.3069 0.3242 0.3350 0.3410 0.3411 0.3352 0.3293
2.0434 8.1185 0.3986 8.1434 3.9330 1.2508 7.8502 5.1035 0.2979 3.5207 7.1323 4.9200 1.0134 0.4808 2.9164 5.0853 5.0661 3.3420 1.3669 0.2485 0.2169 0.9178 1.8258 2.5474 2.8648 2.8184 2.4892 2.0103 1.4893 1.0259 0.6409 0.3599 0.1764 0.0743 0.0348 0.0381 0.0687 0.1142 0.1646 0.2137 0.2582 0.2972 0.3266 0.3491 0.3631 0.3707 0.3736 0.3707 0.3618 0.3536
9.1511 1.1370 6.1287 6.6871 0.3628 6.6892 7.1840 0.9369 2.1708 7.0686 6.3873 2.0268 0.2301 2.2646 4.9998 5.7214 4.2336 2.0292 0.4880 0.1400 0.7370 1.7163 2.5864 3.0894 3.1314 2.8470 2.3535 1.7912 1.2522 0.8106 0.4700 0.2402 0.1053 0.0446 0.0372 0.0638 0.1100 0.1649 0.2198 0.2698 0.3130 0.3497 0.3757 0.3945 0.4045 0.4084 0.4079 0.4016 0.3896 0.3788
3.1379 3.8513 8.5227 0.6460 5.1306 8.5468 2.0939 1.1949 6.5984 7.5412 3.1593 0.2563 1.7125 4.8166 6.2084 5.0817 2.7176 0.8014 0.1283 0.5903 1.6240 2.6357 3.2823 3.4702 3.2165 2.7181 2.1047 1.5046 0.9850 0.5914 0.3117 0.1415 0.0583 0.0385 0.0612 0.1083 0.1668 0.2283 0.2851 0.3339 0.3740 0.4071 0.4286 0.4429 0.4484 0.4480 0.4436 0.4337 0.4183 0.4049
2.2135 9.3736 1.4829 3.8210 9.2493 3.2935 0.6566 6.0738 8.3430 4.2201 0.4484 1.3251 4.6745 6.6305 5.8192 3.3850 1.1317 0.1611 0.4946 1.5638 2.7258 3.5130 3.7918 3.6201 3.0944 2.4367 1.7640 1.1762 0.7114 0.3874 0.1804 0.0742 0.0423 0.0606 0.1098 0.1733 0.2406 0.3056 0.3616 0.4070 0.4424 0.4705 0.4863 0.4950 0.4953 0.4902 0.4817 0.4679 0.4488 0.4325
9.7582 2.2211 3.0786 9.6018 4.1686 0.4428 5.7761 8.9358 5.0140 0.6570 1.1289 4.6841 7.0964 6.4934 3.9423 1.4209 0.2061 0.4548 1.5812 2.8698 3.8172 4.1741 4.0128 3.4988 2.7673 2.0275 1.3638 0.8367 0.4567 0.2180 0.0899 0.0476 0.0636 0.1149 0.1857 0.2607 0.3328 0.3980 0.4506 0.4905 0.5198 0.5414 0.5500 0.5516 0.5460 0.5358 0.5228 0.5049 0.4819 0.4623
2.3244 3.0002 9.8602 4.4421 0.4142 5.9160 9.3998 5.3998 0.7302 1.1454 4.9440 7.6250 7.0764 4.3350 1.5814 0.2295 0.4756 1.7092 3.1285 4.1794 4.6279 4.4518 3.8729 3.1009 2.2658 1.5321 0.9424 0.5180 0.2455 0.1021 0.0531 0.0701 0.1273 0.2043 0.2901 0.3709 0.4428 0.5044 0.5503 0.5824 0.6036 0.6173 0.6175 0.6110 0.5990 0.5832 0.5654 0.5431 0.5161 0.4930
3.7532 10.1112 3.9327 0.5809 6.6649 9.7583 5.2186 0.5897 1.4420 5.6022 8.2644 7.4764 4.4680 1.5501 0.2099 0.5890 1.9901 3.5586 4.6733 5.1173 4.9313 4.2556 3.3737 2.4766 1.6562 1.0144 0.5529 0.2603 0.1065 0.0586 0.0818 0.1488 0.2370 0.3305 0.4234 0.5034 0.5700 0.6241 0.6601 0.6819 0.6935 0.6977 0.6884 0.6728 0.6537 0.6321 0.6092 0.5824 0.5511 0.5244
10.0747 2.6097 1.2814 8.1214 9.8242 4.3433 0.3210 2.2317 6.7720 9.0711 7.6156 4.2131 1.2792 0.1746 0.8652 2.5276 4.2208 5.3598 5.7141 5.3967 4.6281 3.6120 2.6043 1.7330 1.0368 0.5533 0.2532 0.1035 0.0653 0.1034 0.1857 0.2894 0.3969 0.4966 0.5890 0.6614 0.7172 0.7594 0.7817 0.7906 0.7908 0.7859 0.7674 0.7430 0.7168 0.6887 0.6594 0.6271 0.5911 0.5606
0.8055 3.2444 9.9757 8.9060 2.6816 0.3345 3.8452 8.4417 9.6990 7.2441 3.4499 0.7884 0.2448 1.4485 3.4067 5.1921 6.2103 6.3833 5.8377 4.8711 3.7450 2.6309 1.6969 0.9919 0.5042 0.2202 0.0931 0.0803 0.1420 0.2478 0.3704 0.4939 0.6065 0.7010 0.7840 0.8414 0.8809 0.9070 0.9124 0.9060 0.8933 0.8786 0.8505 0.8169 0.7831 0.7481 0.7119 0.6739 0.6328 0.5984
7.0857 10.9738 6.2522 0.7978 1.5329 6.5617 10.2028 9.5902 5.9449 2.1684 0.2994 0.7072 2.5720 4.7604 6.4316 7.2010 6.9997 6.1501 4.9370 3.6562 2.4949 1.5377 0.8474 0.4054 0.1662 0.0867 0.1173 0.2162 0.3493 0.4970 0.6363 0.7604 0.8629 0.9402 1.0050 1.0405 1.0584 1.0646 1.0501 1.0265 0.9996 0.9746 0.9364 0.8932 0.8515 0.8094 0.7659 0.7219 0.6756 0.6372
8.7493 2.2247 0.5828 4.9688 9.9300 10.9312 7.8960 3.5986 0.7414 0.3909 2.0420 4.5010 6.6533 7.8765 8.0619 7.3951 6.1344 4.6915 3.2963 2.1213 1.2306 0.6195 0.2671 0.1176 0.1134 0.2062 0.3539 0.5238 0.6909 0.8498 0.9812 1.0871 1.1650 1.2148 1.2544 1.2626 1.2549 1.2381 1.2019 1.1599 1.1178 1.0805 1.0309 0.9778 0.9277 0.8781 0.8268 0.7765 0.7246 0.6819
0.4540 4.6371 10.0513 11.6688 8.8424 4.2841 1.0032 0.3697 2.0294 4.7462 7.2516 8.8078 9.1616 8.4801 7.1617 5.5696 3.9655 2.5909 1.5222 0.7867 0.3491 0.1506 0.1314 0.2324 0.4009 0.6028 0.8083 0.9990 1.1586 1.2966 1.3965 1.4669 1.5070 1.5205 1.5292 1.5057 1.4688 1.4264 1.3674 1.3059 1.2478 1.1962 1.1338 1.0707 1.0118 0.9541 0.8946 0.8377 0.7799 0.7325
11.3655 11.8428 8.2273 3.5612 0.6859 0.6690 2.8822 5.9480 8.6010 10.1111 10.2796 9.4010 7.8365 5.9857 4.2169 2.7182 1.5681 0.7927 0.3457 0.1661 0.1815 0.3240 0.5401 0.7909 1.0342 1.2626 1.4571 1.6166 1.7281 1.8152 1.8626 1.8827 1.8741 1.8441 1.8173 1.7586 1.6899 1.6199 1.5371 1.4555 1.3808 1.3144 1.2390 1.1659 1.0982 1.0323 0.9645 0.9008 0.8371 0.7848
5.1193 1.3842 0.4510 2.2386 5.4806 8.6995 10.8759 11.6180 11.0527 9.5606 7.5750 5.5436 3.7142 2.2404 1.1984 0.5580 0.2530 0.2066 0.3384 0.5803 0.8785 1.1838 1.4766 1.7456 1.9547 2.1260 2.2461 2.3288 2.3590 2.3719 2.3529 2.3138 2.2503 2.1725 2.1075 2.0128 1.9123 1.8153 1.7102 1.6092 1.5181 1.4371 1.3491 1.2664 1.1899 1.1158 1.0396 0.9691 0.8993 0.8421
3.6861 7.3187 10.5574 12.5272 12.9428 11.9925 10.1327 7.8526 5.6139 3.6729 2.1618 1.1241 0.5199 0.2793 0.3150 0.5382 0.8705 1.2546 1.6389 2.0019 2.3269 2.5812 2.7849 2.9475 3.0338 3.0868 3.0912 3.0661 2.9945 2.9207 2.8326 2.7343 2.6157 2.4889 2.3852 2.2572 2.1291 2.0099 1.8876 1.7700 1.6632 1.5686 1.4691 1.3782 1.2926 1.2101 1.1260 1.0487 0.9725 0.9101
13.7668 12.2715 10.0667 7.6328 5.3185 3.3661 1.9001 0.9464 0.4685 0.3722 0.5583 0.9337 1.4134 1.9254 2.4282 2.8888 3.2800 3.6078 3.8518 4.0396 4.1731 4.2160 4.2185 4.2001 4.1193 4.0273 3.9013 3.7606 3.5853 3.4258 3.2742 3.1226 2.9539 2.7823 2.6435 2.4864 2.3344 2.1962 2.0600 1.9279 1.8067 1.6996 1.5894 1.4914 1.3973 1.3066 1.2149 1.1308 1.0484 0.9809
1.2382 0.6502 0.5020 0.7116 1.1823 1.8212 2.5414 3.2541 3.9435 4.5763 5.1358 5.6012 5.9482 6.1733 6.3134 6.3742 6.3513 6.2901 6.1702 6.0428 5.9005 5.6858 5.4661 5.2617 5.0240 4.8021 4.5640 4.3241 4.0623 3.8331 3.6326 3.4403 3.2328 3.0261 2.8598 2.6803 2.5101 2.3578 2.2116 2.0684 1.9354 1.8179 1.6991 1.5955 1.4945 1.3968 1.2980 1.2079 1.1198 1.0478
10.2112 10.6437 10.9712 11.2351 11.4210 11.5210 11.5074 11.3399 11.1452 10.9145 10.6370 10.3428 9.9975 9.6047 9.2082 8.8057 8.3737 7.9707 7.5603 7.1956 6.8582 6.4771 6.1099 5.7810 5.4421 5.1456 4.8514 4.5516 4.2445 3.9868 3.7538 3.5358 3.3127 3.0936 2.9171 2.7246 2.5456 2.3873 2.2334 2.0855 1.9504 1.8309 1.7103 1.6051 1.5060 1.4089 1.3047 1.2125 1.1236 1.0511
