0.1260 0.0672 0.0066 0.0636 0.1421 0.0224 0.0839 0.0755 0.0513 0.0673 0.0725 0.0187 0.1013 0.0193 0.0316 0.0845 0.0316 0.0041 0.0460 0.0642 0.0328 0.0035 0.0082 0.0310 0.0441 0.0387 0.0224 0.0076 0.0010 0.0028 0.0092 0.0161 0.0209 0.0224 0.0214 0.0183 0.0144 0.0105 0.0070 0.0043 0.0023 0.0011 0.0005 0.0002 0.0003 0.0006 0.0010 0.0014 0.0017 0.0020
0.3903 0.2168 0.0229 0.1783 0.4278 0.0743 0.2424 0.2348 0.1466 0.2083 0.2118 0.0596 0.3037 0.0549 0.0981 0.2535 0.0922 0.0130 0.1398 0.1923 0.0968 0.0099 0.0255 0.0939 0.1325 0.1155 0.0666 0.0223 0.0029 0.0086 0.0279 0.0487 0.0628 0.0673 0.0641 0.0548 0.0431 0.0314 0.0210 0.0128 0.0069 0.0033 0.0013 0.0007 0.0010 0.0018 0.0029 0.0041 0.0051 0.0061
0.6870 0.4119 0.0528 0.2570 0.7151 0.1499 0.3728 0.4186 0.2203 0.3688 0.3337 0.1121 0.5046 0.0822 0.1745 0.4217 0.1452 0.0246 0.2391 0.3191 0.1562 0.0150 0.0451 0.1595 0.2215 0.1910 0.1088 0.0357 0.0047 0.0149 0.0475 0.0821 0.1052 0.1123 0.1067 0.0910 0.0714 0.0519 0.0346 0.0210 0.0114 0.0053 0.0022 0.0012 0.0017 0.0031 0.0049 0.0068 0.0086 0.0103
1.0205 0.6812 0.1189 0.2805 0.9945 0.2699 0.4563 0.6412 0.2601 0.5606 0.4263 0.1855 0.7007 0.0971 0.2679 0.5876 0.1861 0.0413 0.3472 0.4432 0.2080 0.0182 0.0688 0.2295 0.3114 0.2641 0.1478 0.0470 0.0062 0.0224 0.0688 0.1169 0.1485 0.1576 0.1491 0.1267 0.0990 0.0717 0.0476 0.0288 0.0155 0.0072 0.0030 0.0017 0.0025 0.0044 0.0070 0.0097 0.0122 0.0145
1.3646 1.0416 0.2603 0.2413 1.2413 0.4604 0.4763 0.9123 0.2578 0.7928 0.4778 0.2911 0.8853 0.0976 0.3855 0.7477 0.2108 0.0665 0.4672 0.5625 0.2492 0.0193 0.0987 0.3056 0.4021 0.3335 0.1823 0.0556 0.0074 0.0315 0.0922 0.1536 0.1930 0.2032 0.1910 0.1616 0.1257 0.0906 0.0599 0.0360 0.0193 0.0089 0.0036 0.0022 0.0033 0.0059 0.0092 0.0127 0.0159 0.0188
1.6477 1.4785 0.5288 0.1565 1.4127 0.7475 0.4249 1.2317 0.2139 1.0689 0.4788 0.4416 1.0473 0.0854 0.5341 0.8962 0.2166 0.1051 0.6010 0.6741 0.2771 0.0189 0.1369 0.3891 0.4932 0.3980 0.2109 0.0610 0.0087 0.0428 0.1186 0.1927 0.2387 0.2489 0.2323 0.1953 0.1511 0.1084 0.0712 0.0425 0.0225 0.0103 0.0042 0.0027 0.0042 0.0075 0.0116 0.0159 0.0198 0.0233
1.7534 1.9191 0.9701 0.0818 1.4528 1.1468 0.3120 1.5819 0.1431 1.3817 0.4254 0.6491 1.1709 0.0669 0.7194 1.0246 0.2026 0.1633 0.7494 0.7737 0.2895 0.0187 0.1861 0.4810 0.5838 0.4558 0.2326 0.0627 0.0103 0.0570 0.1485 0.2346 0.2858 0.2948 0.2728 0.2277 0.1750 0.1246 0.0813 0.0481 0.0252 0.0114 0.0047 0.0032 0.0053 0.0093 0.0142 0.0193 0.0238 0.0280
1.5617 2.2172 1.5834 0.1195 1.3105 1.6443 0.1769 1.9211 0.0801 1.7084 0.3245 0.9222 1.2371 0.0550 0.9431 1.1212 0.1709 0.2483 0.9115 0.8562 0.2848 0.0213 0.2490 0.5817 0.6725 0.5053 0.2462 0.0608 0.0129 0.0748 0.1825 0.2795 0.3344 0.3405 0.3119 0.2582 0.1969 0.1392 0.0900 0.0527 0.0272 0.0121 0.0050 0.0038 0.0065 0.0113 0.0171 0.0229 0.0282 0.0328
1.0471 2.1839 2.2670 0.4028 0.9753 2.1742 0.0962 2.1806 0.0820 2.0057 0.1997 1.2601 1.2263 0.0697 1.2013 1.1721 0.1274 0.3681 1.0834 0.9154 0.2630 0.0305 0.3284 0.6909 0.7572 0.5445 0.2511 0.0556 0.0173 0.0972 0.2212 0.3277 0.3843 0.3858 0.3495 0.2866 0.2166 0.1517 0.0972 0.0561 0.0286 0.0125 0.0053 0.0045 0.0079 0.0136 0.0202 0.0268 0.0327 0.0380
0.4065 1.6986 2.7853 1.0374 0.5241 2.6066 0.1791 2.2723 0.2231 2.2101 0.0961 1.6468 1.1246 0.1370 1.4809 1.1632 0.0833 0.5297 1.2581 0.9446 0.2256 0.0514 0.4267 0.8075 0.8352 0.5714 0.2467 0.0478 0.0247 0.1252 0.2652 0.3793 0.4352 0.4302 0.3851 0.3124 0.2339 0.1621 0.1026 0.0584 0.0292 0.0126 0.0055 0.0054 0.0096 0.0162 0.0237 0.0311 0.0376 0.0434
0.1075 0.8785 2.8245 1.9937 0.1571 2.7633 0.5396 2.1138 0.5754 2.2488 0.0806 2.0463 0.9319 0.2866 1.7604 1.0852 0.0556 0.7381 1.4257 0.9384 0.1768 0.0904 0.5467 0.9304 0.9046 0.5849 0.2333 0.0386 0.0365 0.1599 0.3154 0.4350 0.4878 0.4743 0.4190 0.3360 0.2488 0.1705 0.1065 0.0597 0.0292 0.0123 0.0057 0.0064 0.0116 0.0192 0.0276 0.0358 0.0429 0.0491
0.6872 0.1950 2.1921 2.9967 0.1752 2.4858 1.2384 1.6718 1.1750 2.0613 0.2324 2.3972 0.6682 0.5468 2.0095 0.9370 0.0663 0.9932 1.5719 0.8919 0.1230 0.1549 0.6905 1.0577 0.9626 0.5839 0.2115 0.0296 0.0545 0.2030 0.3731 0.4956 0.5425 0.5184 0.4515 0.3576 0.2616 0.1770 0.1089 0.0599 0.0287 0.0119 0.0060 0.0077 0.0140 0.0226 0.0320 0.0410 0.0486 0.0554
2.2172 0.3337 1.0827 3.5502 0.8392 1.7538 2.2060 1.0211 1.9776 1.6310 0.6189 2.6109 0.3808 0.9363 2.1881 0.7295 0.1408 1.2843 1.6740 0.8004 0.0740 0.2520 0.8559 1.1819 1.0027 0.5656 0.1821 0.0229 0.0807 0.2556 0.4382 0.5605 0.5983 0.5613 0.4815 0.3762 0.2716 0.1812 0.1097 0.0591 0.0276 0.0114 0.0065 0.0093 0.0168 0.0266 0.0369 0.0466 0.0549 0.0620
3.7825 1.6628 0.1988 3.1916 2.1213 0.8085 3.1901 0.3889 2.8222 1.0265 1.2600 2.5973 0.1514 1.4506 2.2558 0.4920 0.3044 1.5950 1.7141 0.6684 0.0435 0.3877 1.0391 1.2957 1.0201 0.5294 0.1471 0.0215 0.1174 0.3188 0.5110 0.6291 0.6546 0.6023 0.5085 0.3916 0.2786 0.1831 0.1088 0.0572 0.0260 0.0107 0.0071 0.0114 0.0202 0.0311 0.0424 0.0529 0.0616 0.0691
3.8942 3.5463 0.4606 1.9152 3.5299 0.1677 3.7762 0.1191 3.4486 0.4316 2.0893 2.2974 0.0847 2.0435 2.1704 0.2680 0.5800 1.9073 1.6843 0.5114 0.0481 0.5647 1.2317 1.3896 1.0102 0.4758 0.1096 0.0286 0.1667 0.3935 0.5912 0.7006 0.7100 0.6402 0.5315 0.4029 0.2822 0.1822 0.1059 0.0542 0.0239 0.0101 0.0081 0.0140 0.0242 0.0364 0.0486 0.0598 0.0689 0.0767
2.0981 4.3969 2.1480 0.5288 4.2188 0.4045 3.5585 0.5194 3.5987 0.1259 2.9302 1.7255 0.2834 2.6200 1.9008 0.1131 0.9802 2.2001 1.5855 0.3523 0.1050 0.7828 1.4239 1.4548 0.9702 0.4072 0.0742 0.0481 0.2306 0.4797 0.6777 0.7733 0.7628 0.6736 0.5492 0.4091 0.2815 0.1782 0.1011 0.0501 0.0214 0.0096 0.0096 0.0173 0.0291 0.0425 0.0557 0.0675 0.0770 0.0850
0.2746 3.0908 4.1904 0.2693 3.5871 1.7369 2.4565 1.6563 3.0915 0.3540 3.5602 1.0305 0.8100 3.0507 1.4592 0.0923 1.4837 2.4209 1.4045 0.2096 0.2316 1.0460 1.6128 1.4903 0.9037 0.3298 0.0468 0.0837 0.3107 0.5772 0.7690 0.8453 0.8113 0.7008 0.5604 0.4097 0.2764 0.1710 0.0943 0.0451 0.0187 0.0094 0.0118 0.0215 0.0349 0.0496 0.0637 0.0760 0.0858 0.0939
0.9910 0.8583 4.6673 1.7804 1.8720 3.6052 1.0494 3.2109 1.9687 1.1912 3.7382 0.4325 1.6380 3.2164 0.9287 0.2773 2.0359 2.4946 1.1208 0.0969 0.4388 1.3520 1.7917 1.4935 0.8143 0.2503 0.0336 0.1394 0.4079 0.6851 0.8634 0.9148 0.8539 0.7211 0.5651 0.4048 0.2673 0.1611 0.0860 0.0395 0.0162 0.0099 0.0149 0.0266 0.0417 0.0577 0.0725 0.0853 0.0952 0.1034
4.0357 0.3440 2.8563 4.1872 0.3167 4.8445 0.1629 4.4398 0.7510 2.5215 3.2327 0.1089 2.5888 3.0155 0.4330 0.6930 2.5453 2.3851 0.7818 0.0587 0.7125 1.6428 1.8990 1.4247 0.6865 0.1676 0.0367 0.2149 0.5191 0.7981 0.9548 0.9761 0.8866 0.7317 0.5615 0.3939 0.2540 0.1489 0.0766 0.0337 0.0141 0.0111 0.0189 0.0328 0.0496 0.0668 0.0823 0.0955 0.1055 0.1137
5.3924 3.0440 0.4698 5.3044 0.6474 4.3850 0.7775 4.6002 0.1392 3.9463 2.1692 0.4213 3.5189 2.4376 0.1222 1.3679 2.9714 2.1071 0.4481 0.1494 1.0867 1.9437 1.9599 1.3083 0.5408 0.0972 0.0686 0.3215 0.6543 0.9254 1.0512 1.0358 0.9142 0.7362 0.5520 0.3782 0.2375 0.1347 0.0664 0.0281 0.0127 0.0134 0.0242 0.0405 0.0590 0.0772 0.0933 0.1068 0.1167 0.1248
2.4855 5.7385 0.8609 3.5492 3.1483 2.2612 2.8919 3.3062 0.7767 4.7114 0.9321 1.4257 4.0476 1.5806 0.1734 2.2027 3.1744 1.6620 0.1856 0.3894 1.5225 2.2009 1.9419 1.1391 0.3875 0.0511 0.1355 0.4574 0.8064 1.0573 1.1432 1.0862 0.9312 0.7309 0.5347 0.3571 0.2176 0.1188 0.0558 0.0229 0.0124 0.0171 0.0311 0.0496 0.0697 0.0890 0.1056 0.1191 0.1288 0.1367
0.1442 4.2236 4.2890 0.7307 5.6480 0.3435 5.1382 1.3002 2.6292 4.2769 0.1742 2.8927 3.9082 0.7044 0.6900 3.0392 3.0707 1.1154 0.0722 0.7873 1.9821 2.3790 1.8341 0.9267 0.2427 0.0423 0.2432 0.6228 0.9722 1.1895 1.2267 1.1245 0.9359 0.7152 0.5095 0.3306 0.1947 0.1017 0.0454 0.0187 0.0135 0.0226 0.0397 0.0605 0.0822 0.1023 0.1191 0.1325 0.1419 0.1494
3.4221 0.6140 6.2692 0.7133 5.2963 0.8781 5.5774 0.1770 4.7414 2.7160 0.4874 4.2806 3.0468 0.1623 1.6462 3.6678 2.6342 0.5783 0.1777 1.3246 2.4121 2.4440 1.6347 0.6882 0.1258 0.0832 0.3960 0.8158 1.1468 1.3166 1.2975 1.1478 0.9267 0.6885 0.4766 0.2994 0.1695 0.0842 0.0357 0.0160 0.0165 0.0300 0.0503 0.0734 0.0963 0.1171 0.1339 0.1471 0.1560 0.1629
6.7659 1.5425 3.5116 4.2858 2.1656 3.9265 3.5293 1.2255 5.6511 0.9098 1.9911 4.9184 1.7336 0.2785 2.8452 3.8814 1.9263 0.1930 0.5442 1.9504 2.7515 2.3725 1.3561 0.4495 0.0585 0.1848 0.5947 1.0310 1.3229 1.4321 1.3512 1.1539 0.9032 0.6512 0.4367 0.2645 0.1429 0.0670 0.0274 0.0154 0.0219 0.0399 0.0633 0.0883 0.1124 0.1336 0.1503 0.1630 0.1712 0.1774
3.1864 6.2314 0.2848 6.8001 0.2227 6.4715 0.8297 4.0283 4.4869 0.1805 4.0685 4.3679 0.5481 1.1828 3.9387 3.5541 1.1072 0.1027 1.1652 2.5817 2.9372 2.1540 1.0225 0.2421 0.0621 0.3546 0.8361 1.2602 1.4916 1.5288 1.3832 1.1405 0.8646 0.6037 0.3908 0.2267 0.1160 0.0511 0.0214 0.0175 0.0302 0.0527 0.0790 0.1056 0.1305 0.1519 0.1681 0.1802 0.1875 0.1929
0.3024 5.9222 2.7023 4.2503 2.6687 5.3929 0.5270 6.3033 1.9773 1.3716 5.5495 2.7841 0.1601 2.6784 4.5286 2.7177 0.4164 0.4092 1.9709 3.1094 2.9152 1.7980 0.6722 0.1016 0.1554 0.5946 1.1123 1.4928 1.6436 1.5999 1.3893 1.1054 0.8101 0.5461 0.3396 0.1874 0.0900 0.0375 0.0186 0.0230 0.0418 0.0686 0.0975 0.1254 0.1507 0.1719 0.1875 0.1987 0.2049 0.2092
5.4876 0.9389 7.2311 0.4722 6.7229 1.7307 3.5359 5.7635 0.2659 3.9837 5.3903 1.0006 0.9729 4.2349 4.3245 1.6001 0.1145 1.1280 2.8264 3.4206 2.6612 1.3433 0.3582 0.0644 0.3508 0.8996 1.4101 1.7148 1.7681 1.6387 1.3662 1.0477 0.7406 0.4800 0.2849 0.1481 0.0662 0.0275 0.0197 0.0326 0.0574 0.0882 0.1192 0.1479 0.1733 0.1939 0.2085 0.2186 0.2234 0.2265
7.1450 2.2043 5.3940 2.2913 6.4541 0.3999 6.8503 2.6880 1.2276 6.1953 3.5165 0.1816 2.8025 5.1630 3.3135 0.5945 0.3952 2.1551 3.5510 3.4249 2.1928 0.8562 0.1405 0.1609 0.6506 1.2560 1.7114 1.9106 1.8543 1.6391 1.3117 0.9680 0.6576 0.4076 0.2289 0.1108 0.0464 0.0222 0.0259 0.0469 0.0774 0.1117 0.1443 0.1732 0.1982 0.2179 0.2312 0.2398 0.2431 0.2448
1.0204 7.8030 0.5544 7.3069 1.9539 3.8661 6.4196 0.3233 4.4437 6.1264 1.1685 1.1006 4.8290 4.9567 1.8528 0.1411 1.2932 3.2699 3.9590 3.0849 1.5770 0.4251 0.0771 0.4090 1.0443 1.6433 2.0001 2.0710 1.8990 1.6003 1.2277 0.8693 0.5649 0.3321 0.1744 0.0779 0.0322 0.0231 0.0380 0.0668 0.1022 0.1393 0.1730 0.2019 0.2258 0.2441 0.2561 0.2630 0.2644 0.2645
3.1004 5.0438 3.1413 6.4925 0.6621 7.6896 2.5137 1.7129 7.0390 3.6256 0.2320 3.4682 5.9215 3.5872 0.5792 0.5469 2.6250 4.1709 3.9091 2.4391 0.9280 0.1462 0.2126 0.8074 1.5065 2.0295 2.2459 2.1729 1.8874 1.5165 1.1132 0.7533 0.4650 0.2565 0.1243 0.0516 0.0255 0.0315 0.0571 0.0929 0.1324 0.1714 0.2053 0.2337 0.2561 0.2724 0.2827 0.2876 0.2869 0.2851
8.6248 0.3625 8.3829 1.1231 5.4599 6.0990 0.3098 5.7870 6.2717 0.8344 1.7798 5.8679 5.3213 1.6922 0.1818 1.8113 4.0037 4.5652 3.3656 1.6132 0.3917 0.1068 0.5660 1.3313 1.9968 2.3775 2.4228 2.2017 1.8144 1.3886 0.9721 0.6248 0.3628 0.1852 0.0819 0.0345 0.0282 0.0486 0.0840 0.1257 0.1681 0.2082 0.2415 0.2687 0.2888 0.3027 0.3110 0.3137 0.3105 0.3067
2.6209 5.8589 4.7361 2.0894 8.3937 1.2960 3.3588 7.8434 2.7155 0.5697 4.9144 6.5851 3.2566 0.3443 1.0356 3.5480 4.9472 4.2764 2.4349 0.8059 0.1166 0.3621 1.1208 1.9313 2.4639 2.6485 2.5077 2.1478 1.6794 1.2212 0.8110 0.4907 0.2643 0.1227 0.0508 0.0291 0.0419 0.0757 0.1194 0.1656 0.2098 0.2498 0.2816 0.3069 0.3242 0.3350 0.3410 0.3411 0.3352 0.3293
2.0458 8.1169 0.3994 8.1448 3.9307 1.2528 7.8514 5.1015 0.2980 3.5230 7.1329 4.9188 1.0126 0.4816 2.9178 5.0861 5.0660 3.3414 1.3664 0.2484 0.2172 0.9183 1.8263 2.5478 2.8650 2.8186 2.4893 2.0103 1.4892 1.0258 0.6408 0.3599 0.1764 0.0743 0.0348 0.0382 0.0687 0.1143 0.1646 0.2137 0.2583 0.2972 0.3266 0.3491 0.3631 0.3707 0.3736 0.3707 0.3618 0.3536
9.1516 1.1368 6.1315 6.6855 0.3642 6.6918 7.1829 0.9366 2.1734 7.0703 6.3867 2.0260 0.2309 2.2664 5.0012 5.7219 4.2333 2.0288 0.4879 0.1404 0.7377 1.7170 2.5870 3.0899 3.1318 2.8471 2.3535 1.7912 1.2522 0.8106 0.4700 0.2402 0.1053 0.0446 0.0372 0.0639 0.1100 0.1649 0.2198 0.2698 0.3130 0.3497 0.3757 0.3945 0.4045 0.4084 0.4079 0.4016 0.3896 0.3788
3.1373 3.8546 8.5222 0.6468 5.1339 8.5468 2.0935 1.1975 6.6010 7.5413 3.1587 0.2570 1.7146 4.8186 6.2094 5.0817 2.7173 0.8013 0.1287 0.5911 1.6249 2.6366 3.2830 3.4707 3.2168 2.7183 2.1047 1.5046 0.9850 0.5914 0.3117 0.1415 0.0583 0.0385 0.0612 0.1083 0.1668 0.2284 0.2852 0.3339 0.3741 0.4071 0.4286 0.4429 0.4484 0.4480 0.4436 0.4337 0.4183 0.4049
2.2165 9.3740 1.4834 3.8244 9.2500 3.2932 0.6591 6.0768 8.3437 4.2196 0.4491 1.3274 4.6769 6.6319 5.8195 3.3848 1.1317 0.1616 0.4955 1.5650 2.7269 3.5140 3.7925 3.6205 3.0947 2.4368 1.7640 1.1762 0.7114 0.3874 0.1804 0.0742 0.0424 0.0606 0.1099 0.1733 0.2406 0.3056 0.3617 0.4071 0.4425 0.4705 0.4864 0.4950 0.4953 0.4902 0.4817 0.4679 0.4488 0.4325
9.7589 2.2216 3.0817 9.6029 4.1683 0.4451 5.7792 8.9367 5.0136 0.6577 1.1312 4.6867 7.0980 6.4939 3.9422 1.4209 0.2066 0.4559 1.5825 2.8711 3.8183 4.1750 4.0134 3.4991 2.7675 2.0276 1.3638 0.8367 0.4567 0.2180 0.0900 0.0477 0.0637 0.1150 0.1858 0.2608 0.3328 0.3981 0.4506 0.4906 0.5198 0.5414 0.5501 0.5516 0.5461 0.5358 0.5228 0.5049 0.4819 0.4623
2.3249 3.0026 9.8611 4.4420 0.4161 5.9187 9.4007 5.3995 0.7309 1.1476 4.9466 7.6267 7.0768 4.3349 1.5814 0.2300 0.4767 1.7106 3.1299 4.1807 4.6288 4.4524 3.8733 3.1010 2.2659 1.5321 0.9424 0.5179 0.2455 0.1021 0.0532 0.0702 0.1274 0.2044 0.2902 0.3710 0.4429 0.5045 0.5504 0.5824 0.6037 0.6173 0.6176 0.6110 0.5990 0.5832 0.5654 0.5431 0.5161 0.4930
3.7549 10.1117 3.9326 0.5824 6.6670 9.7588 5.2182 0.5903 1.4440 5.6044 8.2657 7.4766 4.4677 1.5500 0.2104 0.5901 1.9916 3.5600 4.6745 5.1182 4.9318 4.2558 3.3738 2.4766 1.6561 1.0143 0.5529 0.2603 0.1065 0.0586 0.0819 0.1489 0.2372 0.3306 0.4236 0.5035 0.5701 0.6242 0.6602 0.6820 0.6935 0.6978 0.6885 0.6728 0.6538 0.6321 0.6092 0.5824 0.5512 0.5244
10.0746 2.6094 1.2824 8.1226 9.8241 4.3426 0.3214 2.2333 6.7737 9.0719 7.6153 4.2125 1.2789 0.1750 0.8663 2.5290 4.2221 5.3609 5.7148 5.3970 4.6282 3.6118 2.6041 1.7328 1.0366 0.5532 0.2532 0.1035 0.0654 0.1035 0.1859 0.2895 0.3970 0.4968 0.5891 0.6615 0.7173 0.7595 0.7818 0.7907 0.7908 0.7859 0.7674 0.7431 0.7168 0.6887 0.6594 0.6272 0.5911 0.5606
0.8048 3.2447 9.9760 8.9052 2.6807 0.3346 3.8463 8.4427 9.6990 7.2433 3.4490 0.7880 0.2451 1.4494 3.4079 5.1932 6.2111 6.3837 5.8378 4.8709 3.7447 2.6305 1.6966 0.9916 0.5041 0.2201 0.0931 0.0803 0.1421 0.2480 0.3705 0.4941 0.6067 0.7011 0.7841 0.8416 0.8810 0.9071 0.9125 0.9061 0.8933 0.8786 0.8505 0.8170 0.7831 0.7482 0.7119 0.6739 0.6328 0.5984
7.0855 10.9733 6.2507 0.7966 1.5328 6.5622 10.2029 9.5894 5.9435 2.1672 0.2989 0.7074 2.5726 4.7612 6.4323 7.2013 6.9997 6.1498 4.9366 3.6557 2.4944 1.5373 0.8470 0.4051 0.1661 0.0867 0.1173 0.2163 0.3495 0.4971 0.6364 0.7606 0.8630 0.9403 1.0051 1.0406 1.0585 1.0647 1.0501 1.0266 0.9997 0.9747 0.9364 0.8932 0.8515 0.8094 0.7659 0.7219 0.6756 0.6372
8.7478 2.2228 0.5816 4.9685 9.9299 10.9304 7.8945 3.5969 0.7402 0.3904 2.0421 4.5014 6.6537 7.8767 8.0617 7.3947 6.1338 4.6908 3.2956 2.1206 1.2301 0.6191 0.2668 0.1174 0.1134 0.2062 0.3540 0.5239 0.6910 0.8499 0.9813 1.0873 1.1651 1.2149 1.2545 1.2627 1.2549 1.2381 1.2020 1.1599 1.1179 1.0806 1.0309 0.9778 0.9277 0.8781 0.8268 0.7765 0.7246 0.6819
0.4521 4.6363 10.0509 11.6678 8.8406 4.2820 1.0015 0.3686 2.0290 4.7462 7.2517 8.8077 9.1612 8.4794 7.1609 5.5686 3.9645 2.5900 1.5214 0.7861 0.3486 0.1503 0.1312 0.2324 0.4009 0.6029 0.8084 0.9991 1.1587 1.2967 1.3966 1.4670 1.5071 1.5206 1.5292 1.5058 1.4689 1.4264 1.3675 1.3060 1.2478 1.1962 1.1338 1.0707 1.0118 0.9541 0.8946 0.8377 0.7800 0.7325
11.3650 11.8416 8.2254 3.5589 0.6840 0.6677 2.8816 5.9478 8.6008 10.1107 10.2789 9.4001 7.8353 5.9845 4.2158 2.7172 1.5672 0.7919 0.3451 0.1657 0.1812 0.3238 0.5400 0.7908 1.0342 1.2626 1.4572 1.6167 1.7282 1.8153 1.8627 1.8827 1.8742 1.8442 1.8173 1.7587 1.6899 1.6199 1.5371 1.4555 1.3808 1.3144 1.2390 1.1659 1.0982 1.0323 0.9645 0.9008 0.8371 0.7848
5.1171 1.3821 0.4494 2.2376 5.4802 8.6992 10.8756 11.6174 11.0518 9.5595 7.5737 5.5423 3.7129 2.2392 1.1974 0.5572 0.2523 0.2061 0.3380 0.5800 0.8784 1.1837 1.4766 1.7456 1.9547 2.1260 2.2462 2.3289 2.3591 2.3719 2.3529 2.3138 2.2503 2.1725 2.1076 2.0129 1.9123 1.8154 1.7102 1.6092 1.5181 1.4371 1.3491 1.2664 1.1899 1.1158 1.0396 0.9691 0.8993 0.8421
3.6854 7.3184 10.5572 12.5269 12.9422 11.9916 10.1316 7.8513 5.6125 3.6716 2.1606 1.1230 0.5190 0.2786 0.3144 0.5378 0.8702 1.2543 1.6388 2.0018 2.3268 2.5812 2.7849 2.9475 3.0338 3.0868 3.0912 3.0661 2.9945 2.9207 2.8326 2.7343 2.6157 2.4889 2.3852 2.2572 2.1291 2.0099 1.8876 1.7700 1.6632 1.5686 1.4691 1.3782 1.2926 1.2101 1.1260 1.0487 0.9725 0.9101
13.7663 12.2707 10.0657 7.6317 5.3173 3.3649 1.8990 0.9454 0.4676 0.3715 0.5577 0.9332 1.4131 1.9251 2.4280 2.8886 3.2799 3.6077 3.8518 4.0396 4.1731 4.2159 4.2185 4.2001 4.1193 4.0273 3.9013 3.7606 3.5853 3.4258 3.2742 3.1226 2.9539 2.7823 2.6435 2.4864 2.3344 2.1962 2.0600 1.9279 1.8067 1.6996 1.5894 1.4914 1.3973 1.3066 1.2149 1.1308 1.0484 0.9809
1.2374 0.6495 0.5013 0.7110 1.1819 1.8208 2.5411 3.2539 3.9433 4.5761 5.1357 5.6011 5.9482 6.1732 6.3134 6.3742 6.3512 6.2901 6.1702 6.0427 5.9004 5.6858 5.4661 5.2617 5.0240 4.8021 4.5640 4.3241 4.0623 3.8331 3.6326 3.4403 3.2328 3.0261 2.8598 2.6803 2.5101 2.3578 2.2116 2.0684 1.9354 1.8179 1.6991 1.5955 1.4945 1.3968 1.2980 1.2079 1.1198 1.0478
10.2112 10.6437 10.9711 11.2350 11.4210 11.5210 11.5074 11.3399 11.1452 10.9145 10.6370 10.3428 9.9975 9.6047 9.2082 8.8057 8.3737 7.9707 7.5603 7.1956 6.8582 6.4771 6.1099 5.7810 5.4421 5.1456 4.8514 4.5516 4.2445 3.9868 3.7538 3.5358 3.3127 3.0936 2.9171 2.7246 2.5456 2.3873 2.2334 2.0855 1.9504 1.8309 1.7103 1.6051 1.5060 1.4089 1.3047 1.2125 1.1236 1.0511
