0.0000 0.0000 0.0000 0.0000 0.0000 0.0000 0.0000 0.0000 0.0000 0.0000 0.0000 0.0000 0.0000 0.0000 0.0000 0.0000 0.0000 0.0008 0.0003 0.0005 0.0036 0.0065 0.0058 0.0025 0.0012 0.0045 0.0107 0.0162 0.0183 0.0164 0.0118 0.0066 0.0026 0.0005 0.0004 0.0020 0.0045 0.0074 0.0101 0.0123 0.0138 0.0147 0.0149 0.0147 0.0139 0.0129 0.0117 0.0105 0.0093 0.0081
0.0000 0.0000 0.0000 0.0000 0.0000 0.0000 0.0000 0.0000 0.0000 0.0000 0.0000 0.0000 0.0000 0.0000 0.0000 0.0000 0.0000 0.0023 0.0008 0.0015 0.0110 0.0197 0.0173 0.0074 0.0036 0.0137 0.0324 0.0489 0.0550 0.0491 0.0353 0.0198 0.0076 0.0014 0.0013 0.0060 0.0137 0.0223 0.0303 0.0369 0.0416 0.0441 0.0448 0.0439 0.0417 0.0386 0.0351 0.0315 0.0278 0.0242
0.0000 0.0000 0.0000 0.0000 0.0000 0.0000 0.0000 0.0000 0.0000 0.0000 0.0000 0.0000 0.0000 0.0000 0.0000 0.0000 0.0000 0.0036 0.0010 0.0029 0.0191 0.0334 0.0289 0.0124 0.0066 0.0238 0.0551 0.0823 0.0918 0.0816 0.0583 0.0324 0.0123 0.0022 0.0022 0.0103 0.0232 0.0375 0.0508 0.0617 0.0694 0.0735 0.0746 0.0731 0.0694 0.0642 0.0583 0.0523 0.0462 0.0402
0.0000 0.0000 0.0000 0.0000 0.0000 0.0000 0.0000 0.0000 0.0000 0.0000 0.0000 0.0000 0.0000 0.0000 0.0000 0.0000 0.0000 0.0045 0.0009 0.0050 0.0286 0.0480 0.0407 0.0175 0.0103 0.0354 0.0793 0.1165 0.1287 0.1135 0.0804 0.0442 0.0165 0.0028 0.0033 0.0150 0.0331 0.0531 0.0716 0.0868 0.0974 0.1030 0.1044 0.1022 0.0969 0.0896 0.0814 0.0729 0.0643 0.0560
0.0000 0.0000 0.0000 0.0000 0.0000 0.0000 0.0000 0.0000 0.0000 0.0000 0.0000 0.0000 0.0000 0.0000 0.0000 0.0000 0.0000 0.0049 0.0006 0.0083 0.0401 0.0640 0.0529 0.0229 0.0151 0.0488 0.1053 0.1518 0.1655 0.1443 0.1012 0.0549 0.0200 0.0032 0.0046 0.0201 0.0437 0.0694 0.0930 0.1123 0.1256 0.1326 0.1341 0.1311 0.1242 0.1148 0.1041 0.0932 0.0822 0.0715
0.0000 0.0000 0.0000 0.0000 0.0000 0.0000 0.0000 0.0000 0.0000 0.0000 0.0000 0.0000 0.0000 0.0000 0.0000 0.0000 0.0000 0.0047 0.0004 0.0137 0.0545 0.0820 0.0658 0.0287 0.0214 0.0644 0.1332 0.1877 0.2016 0.1736 0.1200 0.0639 0.0225 0.0034 0.0063 0.0260 0.0551 0.0864 0.1151 0.1382 0.1540 0.1621 0.1636 0.1597 0.1511 0.1395 0.1264 0.1131 0.0997 0.0867
0.0000 0.0000 0.0000 0.0000 0.0000 0.0000 0.0000 0.0000 0.0000 0.0000 0.0000 0.0000 0.0000 0.0000 0.0000 0.0000 0.0000 0.0041 0.0008 0.0221 0.0728 0.1024 0.0794 0.0352 0.0290 0.0820 0.1625 0.2236 0.2361 0.2003 0.1361 0.0707 0.0237 0.0032 0.0083 0.0327 0.0675 0.1045 0.1379 0.1646 0.1826 0.1917 0.1929 0.1880 0.1775 0.1637 0.1481 0.1324 0.1166 0.1014
0.0000 0.0000 0.0000 0.0000 0.0000 0.0000 0.0000 0.0000 0.0000 0.0000 0.0000 0.0000 0.0000 0.0000 0.0000 0.0000 0.0000 0.0034 0.0028 0.0347 0.0955 0.1254 0.0937 0.0420 0.0379 0.1010 0.1922 0.2581 0.2675 0.2230 0.1486 0.0749 0.0234 0.0027 0.0109 0.0404 0.0812 0.1237 0.1616 0.1916 0.2116 0.2212 0.2220 0.2158 0.2034 0.1872 0.1693 0.1511 0.1330 0.1156
0.0000 0.0000 0.0000 0.0000 0.0000 0.0000 0.0000 0.0000 0.0000 0.0000 0.0000 0.0000 0.0000 0.0000 0.0000 0.0000 0.0000 0.0030 0.0075 0.0525 0.1228 0.1502 0.1077 0.0484 0.0470 0.1202 0.2205 0.2891 0.2938 0.2402 0.1562 0.0756 0.0215 0.0020 0.0144 0.0497 0.0965 0.1443 0.1864 0.2193 0.2408 0.2507 0.2508 0.2431 0.2287 0.2101 0.1897 0.1692 0.1487 0.1291
0.0000 0.0000 0.0000 0.0000 0.0000 0.0000 0.0000 0.0000 0.0000 0.0000 0.0000 0.0000 0.0000 0.0000 0.0000 0.0000 0.0000 0.0037 0.0160 0.0756 0.1535 0.1749 0.1195 0.0527 0.0549 0.1377 0.2453 0.3143 0.3127 0.2500 0.1578 0.0725 0.0178 0.0014 0.0193 0.0609 0.1139 0.1669 0.2128 0.2481 0.2706 0.2802 0.2793 0.2699 0.2533 0.2323 0.2093 0.1864 0.1637 0.1420
0.0000 0.0000 0.0000 0.0000 0.0000 0.0000 0.0000 0.0000 0.0000 0.0000 0.0000 0.0000 0.0000 0.0000 0.0000 0.0000 0.0000 0.0063 0.0289 0.1030 0.1843 0.1955 0.1258 0.0527 0.0599 0.1519 0.2647 0.3316 0.3226 0.2512 0.1527 0.0654 0.0128 0.0017 0.0263 0.0751 0.1344 0.1923 0.2414 0.2785 0.3015 0.3105 0.3081 0.2967 0.2776 0.2539 0.2285 0.2032 0.1782 0.1544
0.0000 0.0000 0.0000 0.0000 0.0000 0.0000 0.0000 0.0000 0.0000 0.0000 0.0000 0.0000 0.0000 0.0000 0.0000 0.0000 0.0000 0.0116 0.0457 0.1307 0.2092 0.2058 0.1218 0.0460 0.0612 0.1626 0.2786 0.3409 0.3233 0.2439 0.1414 0.0550 0.0075 0.0038 0.0368 0.0934 0.1591 0.2215 0.2734 0.3117 0.3345 0.3423 0.3379 0.3240 0.3021 0.2755 0.2475 0.2197 0.1924 0.1665
0.0000 0.0000 0.0000 0.0000 0.0000 0.0000 0.0000 0.0000 0.0000 0.0000 0.0000 0.0000 0.0000 0.0000 0.0000 0.0000 0.0000 0.0193 0.0633 0.1518 0.2192 0.1977 0.1030 0.0316 0.0604 0.1727 0.2898 0.3448 0.3169 0.2300 0.1258 0.0432 0.0034 0.0093 0.0520 0.1170 0.1889 0.2551 0.3090 0.3476 0.3693 0.3752 0.3683 0.3515 0.3264 0.2968 0.2659 0.2356 0.2060 0.1780
0.0000 0.0000 0.0000 0.0000 0.0000 0.0000 0.0000 0.0000 0.0000 0.0000 0.0000 0.0000 0.0000 0.0000 0.0000 0.0000 0.0000 0.0281 0.0761 0.1567 0.2049 0.1654 0.0687 0.0140 0.0658 0.1918 0.3079 0.3518 0.3110 0.2156 0.1104 0.0332 0.0030 0.0199 0.0729 0.1463 0.2240 0.2933 0.3482 0.3862 0.4061 0.4093 0.3993 0.3791 0.3504 0.3175 0.2839 0.2510 0.2190 0.1889
0.0000 0.0000 0.0000 0.0000 0.0000 0.0000 0.0000 0.0000 0.0000 0.0000 0.0000 0.0000 0.0000 0.0000 0.0000 0.0000 0.0000 0.0349 0.0765 0.1372 0.1620 0.1111 0.0279 0.0075 0.0940 0.2370 0.3492 0.3762 0.3170 0.2095 0.1011 0.0287 0.0078 0.0357 0.0988 0.1801 0.2628 0.3344 0.3895 0.4261 0.4434 0.4436 0.4300 0.4062 0.3737 0.3374 0.3009 0.2655 0.2312 0.1991
0.0000 0.0000 0.0000 0.0000 0.0000 0.0000 0.0000 0.0000 0.0000 0.0000 0.0000 0.0000 0.0000 0.0000 0.0000 0.0000 0.0000 0.0352 0.0588 0.0945 0.1023 0.0551 0.0053 0.0371 0.1679 0.3277 0.4293 0.4307 0.3444 0.2179 0.1015 0.0304 0.0165 0.0536 0.1256 0.2138 0.3007 0.3740 0.4289 0.4639 0.4785 0.4754 0.4584 0.4310 0.3949 0.3553 0.3162 0.2784 0.2421 0.2082
0.0000 0.0000 0.0000 0.0000 0.0000 0.0000 0.0000 0.0000 0.0000 0.0000 0.0000 0.0000 0.0000 0.0000 0.0000 0.0000 0.0000 0.0255 0.0278 0.0535 0.0672 0.0440 0.0405 0.1270 0.2952 0.4600 0.5385 0.5036 0.3825 0.2316 0.1035 0.0309 0.0221 0.0670 0.1468 0.2410 0.3318 0.4067 0.4615 0.4952 0.5075 0.5019 0.4819 0.4514 0.4123 0.3700 0.3288 0.2890 0.2509 0.2155
0.0000 0.0000 0.0000 0.0000 0.0000 0.0000 0.0000 0.0000 0.0000 0.0000 0.0000 0.0000 0.0000 0.0000 0.0000 0.0000 0.0000 0.0084 0.0116 0.0785 0.1356 0.1415 0.1561 0.2482 0.4035 0.5380 0.5784 0.5085 0.3641 0.2036 0.0777 0.0148 0.0185 0.0755 0.1652 0.2663 0.3608 0.4368 0.4911 0.5231 0.5329 0.5246 0.5019 0.4685 0.4266 0.3819 0.3389 0.2975 0.2580 0.2214
0.0000 0.0000 0.0000 0.0000 0.0000 0.0000 0.0000 0.0000 0.0000 0.0000 0.0000 0.0000 0.0000 0.0000 0.0000 0.0000 0.0000 0.0034 0.0709 0.2387 0.3157 0.2469 0.1293 0.0830 0.1373 0.2270 0.2752 0.2513 0.1743 0.0873 0.0294 0.0217 0.0652 0.1472 0.2496 0.3538 0.4448 0.5133 0.5584 0.5809 0.5816 0.5649 0.5347 0.4950 0.4480 0.3991 0.3526 0.3085 0.2668 0.2283
0.0000 0.0000 0.0000 0.0000 0.0000 0.0000 0.0000 0.0000 0.0000 0.0000 0.0000 0.0000 0.0000 0.0000 0.0000 0.0000 0.0000 0.0072 0.1039 0.2686 0.3019 0.2027 0.0938 0.0802 0.1603 0.2533 0.2874 0.2462 0.1595 0.0742 0.0272 0.0348 0.0935 0.1878 0.2981 0.4057 0.4963 0.5615 0.6017 0.6188 0.6142 0.5922 0.5571 0.5132 0.4628 0.4112 0.3623 0.3162 0.2730 0.2333
0.0000 0.0000 0.0000 0.0000 0.0000 0.0000 0.0000 0.0000 0.0000 0.0000 0.0000 0.0000 0.0000 0.0000 0.0000 0.0000 0.0000 0.0168 0.1389 0.2846 0.2703 0.1517 0.0652 0.0899 0.1925 0.2818 0.2970 0.2376 0.1434 0.0631 0.0299 0.0547 0.1291 0.2350 0.3520 0.4616 0.5502 0.6107 0.6448 0.6557 0.6451 0.6175 0.5774 0.5292 0.4757 0.4214 0.3702 0.3225 0.2778 0.2370
0.0000 0.0000 0.0000 0.0000 0.0000 0.0000 0.0000 0.0000 0.0000 0.0000 0.0000 0.0000 0.0000 0.0000 0.0000 0.0000 0.0000 0.0316 0.1705 0.2819 0.2225 0.1002 0.0495 0.1148 0.2332 0.3109 0.3028 0.2254 0.1269 0.0554 0.0391 0.0824 0.1725 0.2890 0.4111 0.5208 0.6057 0.6601 0.6870 0.6909 0.6740 0.6404 0.5953 0.5428 0.4863 0.4297 0.3764 0.3271 0.2813 0.2396
0.0000 0.0000 0.0000 0.0000 0.0000 0.0000 0.0000 0.0000 0.0000 0.0000 0.0000 0.0000 0.0000 0.0000 0.0000 0.0000 0.0000 0.0500 0.1923 0.2578 0.1636 0.0566 0.0524 0.1558 0.2804 0.3379 0.3034 0.2098 0.1112 0.0527 0.0560 0.1188 0.2239 0.3495 0.4748 0.5827 0.6621 0.7090 0.7276 0.7239 0.7003 0.6606 0.6103 0.5537 0.4944 0.4357 0.3805 0.3300 0.2832 0.2408
0.0000 0.0000 0.0000 0.0000 0.0000 0.0000 0.0000 0.0000 0.0000 0.0000 0.0000 0.0000 0.0000 0.0000 0.0000 0.0000 0.0000 0.0686 0.1984 0.2132 0.1020 0.0297 0.0780 0.2119 0.3305 0.3596 0.2975 0.1913 0.0978 0.0568 0.0820 0.1647 0.2837 0.4164 0.5426 0.6465 0.7189 0.7571 0.7669 0.7550 0.7242 0.6784 0.6231 0.5625 0.5004 0.4396 0.3829 0.3312 0.2838 0.2408
0.0000 0.0000 0.0000 0.0000 0.0000 0.0000 0.0000 0.0000 0.0000 0.0000 0.0000 0.0000 0.0000 0.0000 0.0000 0.0000 0.0000 0.0831 0.1851 0.1538 0.0488 0.0276 0.1276 0.2791 0.3783 0.3728 0.2842 0.1710 0.0886 0.0693 0.1184 0.2205 0.3517 0.4891 0.6135 0.7113 0.7750 0.8037 0.8041 0.7836 0.7453 0.6936 0.6336 0.5691 0.5041 0.4413 0.3833 0.3307 0.2828 0.2396
0.0000 0.0000 0.0000 0.0000 0.0000 0.0000 0.0000 0.0000 0.0000 0.0000 0.0000 0.0000 0.0000 0.0000 0.0000 0.0000 0.0000 0.0891 0.1526 0.0901 0.0162 0.0559 0.1989 0.3510 0.4177 0.3741 0.2635 0.1505 0.0858 0.0922 0.1660 0.2864 0.4272 0.5663 0.6863 0.7756 0.8290 0.8470 0.8375 0.8082 0.7623 0.7049 0.6404 0.5723 0.5049 0.4404 0.3815 0.3284 0.2802 0.2370
0.0000 0.0000 0.0000 0.0000 0.0000 0.0000 0.0000 0.0000 0.0000 0.0000 0.0000 0.0000 0.0000 0.0000 0.0000 0.0000 0.0000 0.0840 0.1063 0.0359 0.0145 0.1154 0.2850 0.4186 0.4425 0.3615 0.2364 0.1324 0.0920 0.1271 0.2256 0.3620 0.5093 0.6467 0.7593 0.8380 0.8796 0.8861 0.8662 0.8281 0.7748 0.7119 0.6433 0.5721 0.5026 0.4369 0.3775 0.3242 0.2761 0.2331
0.0000 0.0000 0.0000 0.0000 0.0000 0.0000 0.0000 0.0000 0.0000 0.0000 0.0000 0.0000 0.0000 0.0000 0.0000 0.0000 0.0000 0.0676 0.0564 0.0059 0.0498 0.2011 0.3749 0.4717 0.4471 0.3345 0.2053 0.1202 0.1100 0.1756 0.2974 0.4466 0.5966 0.7288 0.8310 0.8970 0.9255 0.9199 0.8894 0.8425 0.7821 0.7143 0.6420 0.5683 0.4972 0.4308 0.3712 0.3181 0.2703 0.2279
0.0000 0.0000 0.0000 0.0000 0.0000 0.0000 0.0000 0.0000 0.0000 0.0000 0.0000 0.0000 0.0000 0.0000 0.0000 0.0000 0.0000 0.0437 0.0167 0.0119 0.1214 0.3021 0.4552 0.5009 0.4285 0.2949 0.1747 0.1182 0.1431 0.2395 0.3817 0.5392 0.6874 0.8109 0.9003 0.9521 0.9664 0.9478 0.9059 0.8500 0.7829 0.7102 0.6349 0.5599 0.4884 0.4222 0.3631 0.3105 0.2634 0.2217
0.0000 0.0000 0.0000 0.0000 0.0000 0.0000 0.0000 0.0000 0.0000 0.0000 0.0000 0.0000 0.0000 0.0000 0.0000 0.0000 0.0000 0.0193 0.0007 0.0586 0.2197 0.4016 0.5110 0.4986 0.3867 0.2475 0.1500 0.1308 0.1935 0.3192 0.4773 0.6378 0.7795 0.8905 0.9646 1.0008 1.0001 0.9683 0.9153 0.8510 0.7778 0.7010 0.6234 0.5477 0.4764 0.4108 0.3527 0.3010 0.2549 0.2143
0.0000 0.0000 0.0000 0.0000 0.0000 0.0000 0.0000 0.0000 0.0000 0.0000 0.0000 0.0000 0.0000 0.0000 0.0000 0.0000 0.0000 0.0029 0.0174 0.1408 0.3271 0.4803 0.5299 0.4624 0.3266 0.1996 0.1383 0.1627 0.2635 0.4145 0.5826 0.7400 0.8705 0.9655 1.0219 1.0412 1.0253 0.9806 0.9172 0.8451 0.7668 0.6865 0.6075 0.5319 0.4614 0.3970 0.3401 0.2898 0.2450 0.2057
0.0000 0.0000 0.0000 0.0000 0.0000 0.0000 0.0000 0.0000 0.0000 0.0000 0.0000 0.0000 0.0000 0.0000 0.0000 0.0000 0.0000 0.0021 0.0672 0.2425 0.4209 0.5205 0.5055 0.3959 0.2575 0.1614 0.1472 0.2181 0.3539 0.5242 0.6951 0.8430 0.9574 1.0332 1.0703 1.0721 1.0409 0.9840 0.9110 0.8323 0.7497 0.6671 0.5874 0.5125 0.4434 0.3807 0.3256 0.2769 0.2338 0.1960
0.0000 0.0000 0.0000 0.0000 0.0000 0.0000 0.0000 0.0000 0.0000 0.0000 0.0000 0.0000 0.0000 0.0000 0.0000 0.0000 0.0000 0.0197 0.1401 0.3404 0.4791 0.5116 0.4404 0.3112 0.1938 0.1448 0.1843 0.3004 0.4648 0.6455 0.8121 0.9456 1.0396 1.0934 1.1095 1.0928 1.0466 0.9786 0.8985 0.8151 0.7297 0.6459 0.5661 0.4917 0.4240 0.3630 0.3097 0.2630 0.2216 0.1856
0.0000 0.0000 0.0000 0.0000 0.0000 0.0000 0.0000 0.0000 0.0000 0.0000 0.0000 0.0000 0.0000 0.0000 0.0000 0.0000 0.0000 0.0523 0.2167 0.4076 0.4843 0.4515 0.3450 0.2238 0.1501 0.1601 0.2547 0.4099 0.5932 0.7743 0.9285 1.0417 1.1114 1.1413 1.1358 1.1010 1.0410 0.9631 0.8773 0.7906 0.7036 0.6196 0.5405 0.4675 0.4018 0.3432 0.2921 0.2476 0.2084 0.1743
0.0000 0.0000 0.0000 0.0000 0.0000 0.0000 0.0000 0.0000 0.0000 0.0000 0.0000 0.0000 0.0000 0.0000 0.0000 0.0000 0.0000 0.0899 0.2733 0.4231 0.4320 0.3520 0.2399 0.1549 0.1425 0.2164 0.3608 0.5443 0.7343 0.9047 1.0387 1.1265 1.1692 1.1742 1.1475 1.0957 1.0233 0.9374 0.8475 0.7588 0.6715 0.5884 0.5111 0.4403 0.3772 0.3213 0.2729 0.2309 0.1941 0.1622
0.0000 0.0000 0.0000 0.0000 0.0000 0.0000 0.0000 0.0000 0.0000 0.0000 0.0000 0.0000 0.0000 0.0000 0.0000 0.0000 0.0000 0.1194 0.2904 0.3797 0.3340 0.2373 0.1520 0.1265 0.1844 0.3183 0.5009 0.6985 0.8821 1.0320 1.1388 1.1971 1.2114 1.1916 1.1447 1.0778 0.9951 0.9030 0.8104 0.7210 0.6346 0.5535 0.4788 0.4109 0.3509 0.2981 0.2526 0.2134 0.1791 0.1495
0.0000 0.0000 0.0000 0.0000 0.0000 0.0000 0.0000 0.0000 0.0000 0.0000 0.0000 0.0000 0.0000 0.0000 0.0000 0.0000 0.0000 0.1290 0.2601 0.2883 0.2166 0.1387 0.1085 0.1562 0.2828 0.4642 0.6681 0.8640 1.0291 1.1509 1.2246 1.2502 1.2361 1.1928 1.1278 1.0481 0.9575 0.8613 0.7672 0.6783 0.5939 0.5156 0.4443 0.3801 0.3235 0.2740 0.2318 0.1954 0.1638 0.1366
0.0000 0.0000 0.0000 0.0000 0.0000 0.0000 0.0000 0.0000 0.0000 0.0000 0.0000 0.0000 0.0000 0.0000 0.0000 0.0000 0.0000 0.1138 0.1909 0.1766 0.1154 0.0879 0.1305 0.2520 0.4345 0.6437 0.8487 1.0265 1.1614 1.2481 1.2852 1.2778 1.2370 1.1726 1.0924 1.0030 0.9073 0.8094 0.7159 0.6292 0.5482 0.4738 0.4068 0.3470 0.2943 0.2485 0.2099 0.1767 0.1480 0.1232
0.0000 0.0000 0.0000 0.0000 0.0000 0.0000 0.0000 0.0000 0.0000 0.0000 0.0000 0.0000 0.0000 0.0000 0.0000 0.0000 0.0000 0.0789 0.1076 0.0837 0.0666 0.1092 0.2270 0.4098 0.6260 0.8392 1.0249 1.1702 1.2663 1.3140 1.3140 1.2756 1.2114 1.1298 1.0382 0.9427 0.8448 0.7479 0.6572 0.5744 0.4982 0.4288 0.3668 0.3121 0.2638 0.2221 0.1873 0.1575 0.1317 0.1095
0.0000 0.0000 0.0000 0.0000 0.0000 0.0000 0.0000 0.0000 0.0000 0.0000 0.0000 0.0000 0.0000 0.0000 0.0000 0.0000 0.0000 0.0394 0.0439 0.0471 0.0955 0.2113 0.3919 0.6132 0.8372 1.0316 1.1818 1.2842 1.3361 1.3431 1.3095 1.2450 1.1618 1.0682 0.9701 0.8720 0.7749 0.6813 0.5947 0.5168 0.4457 0.3822 0.3261 0.2767 0.2334 0.1962 0.1651 0.1386 0.1158 0.0962
0.0000 0.0000 0.0000 0.0000 0.0000 0.0000 0.0000 0.0000 0.0000 0.0000 0.0000 0.0000 0.0000 0.0000 0.0000 0.0000 0.0000 0.0132 0.0286 0.0885 0.2058 0.3806 0.5990 0.8301 1.0353 1.1914 1.2944 1.3489 1.3568 1.3265 1.2649 1.1806 1.0846 0.9846 0.8848 0.7880 0.6951 0.6072 0.5268 0.4552 0.3905 0.3338 0.2840 0.2404 0.2025 0.1699 0.1428 0.1197 0.0998 0.0829
0.0000 0.0000 0.0000 0.0000 0.0000 0.0000 0.0000 0.0000 0.0000 0.0000 0.0000 0.0000 0.0000 0.0000 0.0000 0.0000 0.0000 0.0146 0.0752 0.2047 0.3757 0.5824 0.8080 1.0206 1.1859 1.2916 1.3432 1.3515 1.3207 1.2605 1.1788 1.0827 0.9809 0.8805 0.7838 0.6924 0.6065 0.5268 0.4545 0.3907 0.3336 0.2843 0.2413 0.2038 0.1714 0.1436 0.1205 0.1009 0.0840 0.0697
0.0000 0.0000 0.0000 0.0000 0.0000 0.0000 0.0000 0.0000 0.0000 0.0000 0.0000 0.0000 0.0000 0.0000 0.0000 0.0000 0.0000 0.0465 0.1725 0.3646 0.5620 0.7692 0.9735 1.1463 1.2610 1.3144 1.3189 1.2887 1.2292 1.1498 1.0576 0.9580 0.8580 0.7627 0.6734 0.5905 0.5139 0.4438 0.3809 0.3261 0.2776 0.2362 0.2001 0.1686 0.1415 0.1184 0.0992 0.0829 0.0690 0.0572
0.0000 0.0000 0.0000 0.0000 0.0000 0.0000 0.0000 0.0000 0.0000 0.0000 0.0000 0.0000 0.0000 0.0000 0.0000 0.0000 0.0000 0.0976 0.2873 0.5176 0.7106 0.8909 1.0535 1.1760 1.2401 1.2485 1.2170 1.1606 1.0851 0.9983 0.9056 0.8109 0.7195 0.6344 0.5560 0.4844 0.4190 0.3598 0.3073 0.2623 0.2231 0.1897 0.1605 0.1349 0.1130 0.0944 0.0789 0.0659 0.0548 0.0455
0.0000 0.0000 0.0000 0.0000 0.0000 0.0000 0.0000 0.0000 0.0000 0.0000 0.0000 0.0000 0.0000 0.0000 0.0000 0.0000 0.0000 0.1457 0.3744 0.6088 0.7721 0.9087 1.0216 1.0946 1.1170 1.0939 1.0417 0.9740 0.8957 0.8128 0.7289 0.6464 0.5692 0.4984 0.4343 0.3763 0.3237 0.2766 0.2352 0.2003 0.1703 0.1447 0.1223 0.1026 0.0857 0.0715 0.0597 0.0499 0.0415 0.0343
0.0000 0.0000 0.0000 0.0000 0.0000 0.0000 0.0000 0.0000 0.0000 0.0000 0.0000 0.0000 0.0000 0.0000 0.0000 0.0000 0.0000 0.1678 0.3953 0.6000 0.7197 0.8094 0.8764 0.9104 0.9055 0.8678 0.8114 0.7469 0.6779 0.6082 0.5406 0.4760 0.4165 0.3627 0.3145 0.2714 0.2326 0.1980 0.1678 0.1427 0.1213 0.1030 0.0870 0.0729 0.0608 0.0507 0.0423 0.0353 0.0293 0.0243
0.0000 0.0000 0.0000 0.0000 0.0000 0.0000 0.0000 0.0000 0.0000 0.0000 0.0000 0.0000 0.0000 0.0000 0.0000 0.0000 0.0000 0.1514 0.3363 0.4871 0.5622 0.6127 0.6460 0.6558 0.6391 0.6024 0.5556 0.5057 0.4543 0.4037 0.3568 0.3127 0.2723 0.2361 0.2040 0.1759 0.1505 0.1278 0.1082 0.0920 0.0782 0.0663 0.0559 0.0469 0.0391 0.0326 0.0272 0.0227 0.0188 0.0156
0.0000 0.0000 0.0000 0.0000 0.0000 0.0000 0.0000 0.0000 0.0000 0.0000 0.0000 0.0000 0.0000 0.0000 0.0000 0.0000 0.0000 0.1030 0.2201 0.3089 0.3474 0.3706 0.3835 0.3831 0.3679 0.3426 0.3130 0.2826 0.2520 0.2223 0.1958 0.1711 0.1485 0.1284 0.1107 0.0954 0.0815 0.0691 0.0585 0.0497 0.0424 0.0358 0.0302 0.0253 0.0212 0.0176 0.0147 0.0122 0.0102 0.0084
0.0000 0.0000 0.0000 0.0000 0.0000 0.0000 0.0000 0.0000 0.0000 0.0000 0.0000 0.0000 0.0000 0.0000 0.0000 0.0000 0.0000 0.0448 0.0935 0.1287 0.1424 0.1500 0.1534 0.1517 0.1443 0.1334 0.1211 0.1088 0.0965 0.0848 0.0745 0.0650 0.0563 0.0486 0.0418 0.0361 0.0308 0.0261 0.0221 0.0188 0.0160 0.0135 0.0114 0.0096 0.0080 0.0067 0.0056 0.0046 0.0039 0.0032
0.0000 0.0000 0.0000 0.0000 0.0000 0.0000 0.0000 0.0000 0.0000 0.0000 0.0000 0.0000 0.0000 0.0000 0.0000 0.0000 0.0000 0.0054 0.0112 0.0152 0.0167 0.0175 0.0178 0.0174 0.0165 0.0152 0.0138 0.0123 0.0109 0.0096 0.0084 0.0073 0.0063 0.0055 0.0047 0.0040 0.0035 0.0029 0.0025 0.0021 0.0018 0.0015 0.0013 0.0011 0.0009 0.0007 0.0006 0.0005 0.0004 0.0004
