0.1567 0.0319 0.1060 0.3907 0.2693 0.0327 0.3708 0.0308 0.3128 0.0421 0.2887 0.0679 0.0850 0.1860 0.0814 0.0203 0.0431 0.1125 0.1701 0.1461 0.0690 0.0238 0.0413 0.0820 0.0977 0.0782 0.0416 0.0123 0.0022 0.0100 0.0269 0.0438 0.0549 0.0580 0.0548 0.0467 0.0368 0.0266 0.0177 0.0107 0.0058 0.0027 0.0011 0.0007 0.0010 0.0018 0.0029 0.0039 0.0049 0.0058
0.5191 0.1118 0.2872 1.1481 0.8388 0.0862 1.1091 0.1022 0.9314 0.1303 0.8664 0.1935 0.2636 0.5537 0.2351 0.0610 0.1360 0.3448 0.5136 0.4374 0.2048 0.0702 0.1235 0.2448 0.2908 0.2316 0.1226 0.0359 0.0065 0.0306 0.0816 0.1322 0.1650 0.1741 0.1643 0.1398 0.1099 0.0795 0.0528 0.0320 0.0172 0.0080 0.0034 0.0021 0.0031 0.0055 0.0086 0.0118 0.0148 0.0175
1.0342 0.2543 0.3847 1.8258 1.4971 0.1116 1.8306 0.2079 1.5248 0.2336 1.4428 0.2899 0.4674 0.9069 0.3622 0.1038 0.2495 0.5983 0.8665 0.7252 0.3336 0.1132 0.2043 0.4040 0.4766 0.3764 0.1967 0.0560 0.0110 0.0535 0.1391 0.2228 0.2764 0.2904 0.2733 0.2320 0.1818 0.1313 0.0870 0.0525 0.0282 0.0131 0.0055 0.0035 0.0053 0.0094 0.0145 0.0199 0.0249 0.0294
1.8134 0.5464 0.3760 2.3473 2.2867 0.1166 2.5013 0.3854 2.0638 0.3704 2.0081 0.3430 0.7127 1.2311 0.4484 0.1558 0.3991 0.8847 1.2306 1.0038 0.4492 0.1499 0.2827 0.5569 0.6501 0.5068 0.2596 0.0709 0.0158 0.0803 0.2014 0.3174 0.3900 0.4072 0.3814 0.3225 0.2519 0.1813 0.1197 0.0719 0.0384 0.0177 0.0074 0.0049 0.0076 0.0134 0.0207 0.0282 0.0352 0.0415
2.9442 1.1256 0.2992 2.6148 3.2136 0.1501 3.0569 0.6914 2.5032 0.5705 2.5392 0.3480 1.0127 1.5057 0.4861 0.2321 0.6017 1.2115 1.6018 1.2627 0.5431 0.1770 0.3573 0.7006 0.8061 0.6170 0.3071 0.0792 0.0221 0.1132 0.2710 0.4179 0.5070 0.5249 0.4885 0.4109 0.3194 0.2288 0.1502 0.0897 0.0475 0.0218 0.0092 0.0064 0.0101 0.0178 0.0272 0.0370 0.0458 0.0539
4.4092 2.1528 0.2878 2.5333 4.2172 0.3146 3.3997 1.1996 2.7814 0.8766 2.9970 0.3138 1.3744 1.7043 0.4792 0.3575 0.8730 1.5775 1.9658 1.4847 0.6047 0.1915 0.4277 0.8328 0.9400 0.7023 0.3364 0.0804 0.0314 0.1550 0.3505 0.5263 0.6287 0.6439 0.5946 0.4968 0.3839 0.2733 0.1783 0.1056 0.0554 0.0251 0.0106 0.0079 0.0130 0.0226 0.0342 0.0462 0.0570 0.0667
5.9636 3.7220 0.5869 2.0660 5.1395 0.7631 3.4140 1.9870 2.8285 1.3402 3.3253 0.2681 1.7927 1.7979 0.4494 0.5660 1.2232 1.9683 2.2954 1.6453 0.6215 0.1916 0.4954 0.9532 1.0491 0.7594 0.3459 0.0754 0.0464 0.2091 0.4433 0.6452 0.7566 0.7651 0.6997 0.5799 0.4449 0.3145 0.2036 0.1195 0.0619 0.0277 0.0119 0.0096 0.0161 0.0279 0.0418 0.0559 0.0686 0.0801
7.0501 5.6950 1.5093 1.3206 5.7185 1.6605 3.0098 3.0996 2.5884 2.0107 3.4567 0.2596 2.2441 1.7641 0.4413 0.8954 1.6479 2.3502 2.5488 1.7141 0.5825 0.1806 0.5675 1.0662 1.1347 0.7890 0.3372 0.0671 0.0709 0.2794 0.5526 0.7770 0.8921 0.8891 0.8041 0.6602 0.5022 0.3520 0.2258 0.1310 0.0669 0.0295 0.0129 0.0114 0.0198 0.0338 0.0501 0.0664 0.0809 0.0940
6.9209 7.5279 3.2813 0.6288 5.6451 3.0945 2.2000 4.4977 2.0574 2.9141 3.3275 0.3561 2.6831 1.6003 0.5252 1.3757 2.1169 2.6662 2.6718 1.6597 0.4838 0.1709 0.6601 1.1846 1.2049 0.7966 0.3151 0.0605 0.1096 0.3697 0.6812 0.9233 1.0362 1.0163 0.9077 0.7374 0.5556 0.3856 0.2447 0.1402 0.0704 0.0305 0.0137 0.0135 0.0240 0.0404 0.0591 0.0776 0.0939 0.1085
5.1420 8.2768 5.7715 0.5427 4.7143 4.9449 1.1958 5.9907 1.3366 4.0210 2.9020 0.6351 3.0436 1.3413 0.7896 2.0094 2.5641 2.8381 2.6075 1.4619 0.3377 0.1913 0.8027 1.3320 1.2771 0.7947 0.2889 0.0620 0.1668 0.4826 0.8301 1.0843 1.1883 1.1458 1.0097 0.8110 0.6045 0.4151 0.2602 0.1469 0.0725 0.0309 0.0145 0.0161 0.0289 0.0479 0.0690 0.0897 0.1077 0.1237
2.3664 7.0452 8.2131 1.6531 3.0500 6.7707 0.4628 7.1967 0.6808 5.2132 2.2076 1.1662 3.2548 1.0764 1.3225 2.7497 2.8864 2.7843 2.3207 1.1310 0.1850 0.2924 1.0423 1.5463 1.3794 0.8033 0.2713 0.0788 0.2449 0.6175 0.9975 1.2576 1.3465 1.2762 1.1090 0.8800 0.6485 0.4401 0.2723 0.1512 0.0731 0.0307 0.0154 0.0191 0.0346 0.0563 0.0799 0.1028 0.1225 0.1399
0.6703 3.9765 9.2439 4.1838 1.2923 7.8464 0.6472 7.5950 0.5063 6.2556 1.3690 1.9868 3.2636 0.9486 2.1706 3.4763 2.9549 2.4508 1.8294 0.7300 0.1041 0.5458 1.4359 1.8708 1.5432 0.8438 0.2744 0.1145 0.3414 0.7679 1.1750 1.4353 1.5039 1.4020 1.2018 0.9419 0.6859 0.4597 0.2804 0.1529 0.0723 0.0301 0.0165 0.0229 0.0414 0.0659 0.0922 0.1172 0.1386 0.1573
2.3443 1.0901 7.6658 7.5103 0.5296 7.4722 2.2784 6.7429 1.2985 6.8026 0.6341 3.0713 3.0580 1.1255 3.2828 3.9852 2.6526 1.8626 1.2467 0.3958 0.2107 1.0278 2.0263 2.3288 1.7825 0.9242 0.2999 0.1638 0.4444 0.9173 1.3445 1.5994 1.6443 1.5099 1.2775 0.9891 0.7115 0.4705 0.2825 0.1510 0.0697 0.0289 0.0181 0.0278 0.0495 0.0771 0.1060 0.1331 0.1560 0.1758
7.3336 1.4923 3.8558 9.9727 1.8272 5.4947 5.3026 4.6408 3.3673 6.4803 0.3722 4.3143 2.7019 1.7455 4.4711 4.0390 1.9686 1.2065 0.8240 0.3388 0.6260 1.7739 2.7987 2.8899 2.0708 1.0252 0.3316 0.2092 0.5335 1.0427 1.4826 1.7281 1.7492 1.5850 1.3249 1.0134 0.7198 0.4692 0.2767 0.1445 0.0650 0.0275 0.0205 0.0341 0.0595 0.0902 0.1217 0.1508 0.1750 0.1959
11.9009 6.3611 0.7749 9.5292 5.4520 2.7366 8.7410 2.0892 6.4562 5.0707 1.0173 5.5142 2.3190 2.8237 5.4067 3.4682 1.1024 0.8755 0.9328 0.7797 1.3896 2.6886 3.5998 3.4065 2.2986 1.0776 0.3293 0.2262 0.5903 1.1275 1.5731 1.8062 1.8047 1.6159 1.3349 1.0084 0.7064 0.4529 0.2615 0.1329 0.0582 0.0260 0.0243 0.0426 0.0719 0.1058 0.1399 0.1708 0.1960 0.2177
11.2113 12.3100 2.2808 5.6147 10.1287 0.8435 10.9562 0.6063 9.3974 2.8206 2.9242 6.3512 2.0314 4.1725 5.7080 2.3296 0.5313 1.4114 1.9246 1.7849 2.3076 3.4243 4.0513 3.5604 2.2506 0.9636 0.2476 0.2127 0.6334 1.1963 1.6387 1.8515 1.8238 1.6112 1.3133 0.9778 0.6737 0.4232 0.2381 0.1169 0.0501 0.0252 0.0300 0.0538 0.0874 0.1246 0.1610 0.1934 0.2195 0.2416
4.8081 13.6613 8.3851 1.2808 12.7621 1.5052 10.6464 1.4821 10.2968 0.7872 6.0653 6.3373 1.8756 5.4113 5.1332 1.0363 0.9037 3.2013 3.7750 2.9779 2.7832 3.3222 3.5655 2.9178 1.6770 0.5938 0.1129 0.2631 0.7856 1.3745 1.7916 1.9567 1.8786 1.6245 1.2985 0.9478 0.6392 0.3914 0.2132 0.1006 0.0426 0.0260 0.0379 0.0675 0.1055 0.1458 0.1845 0.2184 0.2450 0.2673
0.8625 7.8325 13.6153 1.6456 9.6563 5.6768 7.5809 4.4101 7.8884 0.8058 9.3892 4.7592 1.8887 6.1951 3.8107 0.2830 2.5466 5.7377 5.4107 3.1986 1.8811 1.7824 1.8484 1.4215 0.6863 0.1809 0.1926 0.6624 1.3209 1.9093 2.2414 2.2920 2.1015 1.7542 1.3616 0.9677 0.6355 0.3780 0.1987 0.0901 0.0383 0.0285 0.0467 0.0818 0.1240 0.1675 0.2085 0.2437 0.2708 0.2934
7.8608 0.7651 11.4867 8.3393 2.9500 11.5067 1.6389 9.6146 4.1368 3.7802 9.1822 0.9332 4.0719 7.8237 2.5036 0.5289 4.3230 5.8419 3.1770 0.5165 0.4608 1.9465 2.9893 2.8472 1.9690 1.1916 0.9381 1.1940 1.6827 2.1391 2.3670 2.3398 2.0955 1.7165 1.3091 0.9133 0.5870 0.3397 0.1726 0.0760 0.0351 0.0345 0.0602 0.1010 0.1472 0.1935 0.2363 0.2723 0.2995 0.3219
16.0645 4.9351 4.1224 14.3415 0.6912 13.1605 0.7491 12.1519 1.1834 7.6340 7.4997 0.3859 6.7083 7.2950 1.1504 1.5522 5.7881 5.7925 2.3387 0.2368 0.9992 2.7387 3.5283 3.0312 1.9616 1.1858 1.0282 1.3752 1.8993 2.3358 2.5076 2.4150 2.1135 1.6948 1.2654 0.8627 0.5395 0.3017 0.1469 0.0630 0.0337 0.0430 0.0765 0.1232 0.1736 0.2226 0.2669 0.3036 0.3306 0.3524
11.9010 14.7882 0.9176 13.0591 5.1843 9.2719 4.5576 10.8683 0.7426 10.9876 4.4592 1.6424 8.9974 5.7099 0.3653 3.2751 6.9868 5.2305 1.4470 0.2645 1.8192 3.6037 3.9900 3.1097 1.8944 1.1734 1.1403 1.5803 2.1262 2.5260 2.6288 2.4646 2.1052 1.6502 1.2038 0.7997 0.4849 0.2607 0.1212 0.0521 0.0357 0.0555 0.0970 0.1495 0.2038 0.2552 0.3007 0.3376 0.3640 0.3850
1.5916 15.7117 8.3389 5.0866 13.2926 2.9200 11.1260 6.1294 3.9839 11.8685 1.5115 4.7003 10.0178 3.4693 0.6181 5.4512 7.6053 4.1946 0.6999 0.7027 2.8889 4.4593 4.3141 3.0630 1.7736 1.1672 1.2826 1.8103 2.3594 2.7037 2.7252 2.4845 2.0687 1.5823 1.1251 0.7260 0.4246 0.2181 0.0969 0.0445 0.0420 0.0728 0.1224 0.1805 0.2383 0.2917 0.3379 0.3745 0.3999 0.4197
5.8441 5.0986 17.5833 0.8768 16.2827 0.9795 15.1492 1.4646 9.6287 9.3432 0.5413 8.6070 9.1431 1.3830 2.1551 7.6096 7.4008 2.8611 0.3269 1.6036 4.1221 5.2021 4.4458 2.8852 1.6161 1.1847 1.4638 2.0649 2.5933 2.8620 2.7913 2.4717 2.0030 1.4918 1.0310 0.6435 0.3610 0.1762 0.0759 0.0416 0.0539 0.0958 0.1533 0.2165 0.2774 0.3323 0.3786 0.4145 0.4384 0.4566
19.4675 1.9172 14.2209 8.2223 9.7287 7.1654 12.3737 1.4401 14.0452 4.6446 2.7768 11.6424 6.4890 0.4504 4.8093 9.1441 6.3100 1.5432 0.5389 2.9379 5.3776 5.7218 4.3480 2.5890 1.4492 1.2467 1.6919 2.3416 2.8209 2.9939 2.8227 2.4250 1.9094 1.3811 0.9242 0.5550 0.2966 0.1371 0.0600 0.0451 0.0724 0.1255 0.1905 0.2583 0.3216 0.3774 0.4231 0.4577 0.4796 0.4958
14.7523 14.9230 2.8284 18.4865 1.5878 16.0251 4.8977 7.4176 13.6106 1.0229 7.6778 12.0989 3.1364 1.4444 7.9209 9.4984 4.5315 0.6412 1.4642 4.5740 6.4731 5.9184 4.0106 2.2092 1.3109 1.3751 1.9716 2.6347 3.0331 3.0913 2.8147 2.3428 1.7887 1.2523 0.8076 0.4637 0.2345 0.1034 0.0512 0.0563 0.0989 0.1628 0.2348 0.3066 0.3714 0.4271 0.4718 0.5044 0.5236 0.5373
1.1720 20.6230 4.2952 15.9804 4.2297 17.1657 0.8689 14.9694 8.1133 1.7714 12.6976 9.3926 0.8478 4.4378 10.4582 8.4051 2.5465 0.5471 3.0841 6.2781 7.2126 5.7253 3.4612 1.8037 1.2465 1.5898 2.3025 2.9344 3.2189 3.1461 2.7625 2.2235 1.6415 1.1081 0.6848 0.3730 0.1775 0.0777 0.0516 0.0771 0.1345 0.2086 0.2867 0.3615 0.4268 0.4816 0.5244 0.5544 0.5703 0.5811
11.9097 6.6424 18.7818 3.8424 16.1296 8.3302 6.2425 16.8642 2.0819 7.3949 14.5477 4.8249 1.2418 8.5302 11.3753 6.0885 1.0346 1.5136 5.1915 7.7422 7.4275 5.1356 2.7728 1.4495 1.3015 1.9039 2.6777 3.2269 3.3657 3.1506 2.6635 2.0682 1.4714 0.9530 0.5603 0.2873 0.1293 0.0626 0.0633 0.1089 0.1803 0.2636 0.3467 0.4232 0.4880 0.5409 0.5810 0.6077 0.6198 0.6271
24.3171 3.2979 19.7357 3.5207 20.3588 1.1305 16.3707 10.5242 1.6537 14.2782 11.5662 1.2646 4.7494 12.0307 10.1097 3.3188 0.6747 3.5238 7.3948 8.6441 7.0240 4.2186 2.0598 1.2331 1.5142 2.3193 3.0816 3.4939 3.4600 3.0980 2.5166 1.8797 1.2832 0.7924 0.4396 0.2109 0.0936 0.0612 0.0885 0.1533 0.2374 0.3285 0.4151 0.4921 0.5551 0.6050 0.6417 0.6642 0.6719 0.6752
7.4932 20.8491 4.4064 18.0628 9.4758 7.1116 19.2165 2.4365 8.5212 16.8089 5.5511 1.5229 9.9744 13.1592 6.9961 1.2297 1.8767 6.2164 9.1866 8.7349 6.0309 3.1275 1.4682 1.2389 1.9078 2.8236 3.4928 3.7193 3.4955 2.9907 2.3262 1.6635 1.0838 0.6334 0.3289 0.1490 0.0743 0.0762 0.1291 0.2114 0.3062 0.4030 0.4912 0.5673 0.6278 0.6742 0.7068 0.7248 0.7275 0.7266
5.1783 19.8808 5.4272 21.6814 1.2618 19.3896 10.4969 2.5239 16.8651 12.3580 1.2120 6.2151 14.1261 11.1109 3.3648 0.8993 4.5404 8.9214 10.0662 7.9109 4.6030 2.0709 1.1431 1.5234 2.4761 3.3837 3.8740 3.8725 3.4518 2.8175 2.0922 1.4259 0.8806 0.4828 0.2339 0.1063 0.0750 0.1105 0.1871 0.2846 0.3878 0.4881 0.5759 0.6497 0.7063 0.7482 0.7760 0.7886 0.7857 0.7801
25.7435 2.2389 22.8260 6.7428 11.3747 19.7130 1.5876 12.1109 18.1175 4.5761 2.6801 12.7097 14.5600 6.7402 1.0511 2.8279 7.9635 10.8236 9.7067 6.2948 3.0341 1.2947 1.2076 2.1056 3.1827 3.9492 4.1837 3.9282 3.3190 2.5789 1.8215 1.1762 0.6829 0.3487 0.1612 0.0876 0.0992 0.1664 0.2640 0.3738 0.4827 0.5838 0.6692 0.7390 0.7904 0.8267 0.8489 0.8555 0.8465 0.8357
13.4392 12.7882 18.4199 3.2887 23.4370 6.8462 5.9094 20.3221 10.3626 1.0901 9.6327 16.4701 10.6779 2.4381 1.5226 6.5523 10.9940 11.2335 8.1028 4.2463 1.7016 1.0239 1.7267 2.9507 3.9580 4.4556 4.3783 3.8648 3.0923 2.2806 1.5245 0.9260 0.5013 0.2399 0.1175 0.0980 0.1506 0.2463 0.3612 0.4798 0.5911 0.6904 0.7711 0.8353 0.8801 0.9098 0.9255 0.9254 0.9096 0.8932
3.1219 26.0555 1.8763 20.1441 15.0691 1.9267 18.6105 16.4143 2.0379 6.2151 16.5936 14.3691 4.8150 0.9417 4.9709 10.6659 12.4460 9.8960 5.6532 2.3076 0.9841 1.4053 2.6853 3.9780 4.7248 4.8521 4.4324 3.6760 2.7772 1.9343 1.2179 0.6912 0.3487 0.1658 0.1099 0.1422 0.2322 0.3522 0.4807 0.6049 0.7160 0.8117 0.8856 0.9418 0.9782 0.9997 1.0073 0.9996 0.9765 0.9541
25.7985 7.0493 13.3893 22.0582 1.6978 14.5788 20.9965 4.9806 3.4348 15.5437 17.2409 7.6873 1.0938 3.5997 9.9254 13.3143 11.5801 7.1266 3.0606 1.0535 1.1497 2.4483 3.9599 5.0324 5.3505 5.0482 4.2995 3.3495 2.3827 1.5588 0.9174 0.4846 0.2355 0.1349 0.1442 0.2243 0.3464 0.4854 0.6226 0.7482 0.8555 0.9444 1.0093 1.0552 1.0818 1.0938 1.0925 1.0765 1.0456 1.0167
14.4375 7.3773 25.7868 4.2857 10.3451 23.5089 8.7500 1.8382 13.8224 19.3660 10.5245 1.7723 2.5896 9.1925 13.8051 13.0937 8.5755 3.8603 1.2007 0.9475 2.2707 4.0020 5.3381 5.9325 5.7178 4.9867 3.9665 2.8979 1.9321 1.1793 0.6452 0.3237 0.1750 0.1558 0.2262 0.3474 0.4950 0.6467 0.7871 0.9095 1.0091 1.0883 1.1415 1.1752 1.1903 1.1918 1.1807 1.1557 1.1165 1.0808
3.7914 26.9332 7.7088 7.2589 24.5696 12.2181 1.2628 12.3665 20.7188 13.0783 2.6416 1.9571 8.7285 14.3393 14.3163 9.9014 4.6110 1.3577 0.8090 2.1568 4.1637 5.7699 6.5573 6.5033 5.7387 4.6444 3.4493 2.3555 1.4633 0.8291 0.4276 0.2278 0.1803 0.2375 0.3615 0.5153 0.6805 0.8378 0.9756 1.0899 1.1779 1.2442 1.2833 1.3032 1.3051 1.2948 1.2730 1.2386 1.1905 1.1475
27.5225 10.3116 5.7520 25.1808 14.6626 1.2194 11.7301 21.9578 14.9225 3.3617 1.6752 8.6941 15.1941 15.5461 10.9111 5.1882 1.4525 0.7224 2.1839 4.4515 6.4051 7.3647 7.3534 6.6072 5.3710 4.0377 2.7921 1.7730 1.0213 0.5436 0.2908 0.2157 0.2639 0.3878 0.5552 0.7313 0.9054 1.0610 1.1896 1.2906 1.3632 1.4133 1.4362 1.4411 1.4277 1.4038 1.3709 1.3263 1.2689 1.2180
10.8210 5.8202 26.1755 15.4922 1.2573 12.2949 23.3347 15.9183 3.5307 1.7451 9.3160 16.3827 16.8249 11.6442 5.3829 1.4042 0.6992 2.4113 5.0024 7.2068 8.3971 8.3641 7.4939 6.1594 4.6247 3.2223 2.0627 1.2110 0.6538 0.3583 0.2602 0.3039 0.4359 0.6121 0.8092 0.9949 1.1676 1.3132 1.4257 1.5081 1.5612 1.5922 1.5964 1.5846 1.5544 1.5157 1.4711 1.4159 1.3487 1.2897
7.8671 27.8482 14.2358 1.3688 14.5522 24.8552 15.6708 2.9700 2.3046 11.0034 18.0669 17.8714 11.9439 5.1370 1.1569 0.8020 2.9685 5.9312 8.3516 9.5677 9.5470 8.4619 6.8876 5.1980 3.5977 2.3094 1.3613 0.7491 0.4192 0.3133 0.3611 0.5073 0.7041 0.9136 1.1238 1.3053 1.4655 1.5923 1.6820 1.7407 1.7704 1.7793 1.7628 1.7327 1.6844 1.6300 1.5730 1.5068 1.4296 1.3622
29.5116 10.5181 2.5191 19.0455 26.1328 13.6661 1.8202 3.9242 14.0094 20.5015 18.5026 11.3896 4.3363 0.7936 1.1961 4.0711 7.4553 9.9725 11.0671 10.7703 9.4928 7.5944 5.6416 3.9017 2.4735 1.4568 0.8091 0.4744 0.3761 0.4462 0.6162 0.8391 1.0760 1.2972 1.5040 1.6672 1.8046 1.9048 1.9645 1.9932 1.9938 1.9785 1.9399 1.8903 1.8244 1.7547 1.6845 1.6062 1.5178 1.4420
4.5748 7.0767 25.4180 25.2322 9.3550 1.0300 7.6387 18.6162 22.7938 18.2181 9.6341 2.9037 0.5736 2.2447 5.9515 9.7283 12.1263 12.8121 12.0430 10.2983 8.1390 5.8999 3.9854 2.5066 1.4537 0.8194 0.5154 0.4595 0.5687 0.7814 1.0364 1.3021 1.5493 1.7579 1.9427 2.0728 2.1765 2.2418 2.2648 2.2583 2.2258 2.1844 2.1221 2.0518 1.9678 1.8826 1.7986 1.7078 1.6080 1.5236
17.8524 30.5525 19.4355 3.6752 3.0770 14.5983 24.1276 23.7284 15.6709 6.5620 1.3043 1.1622 4.5547 9.0263 12.7166 14.7047 14.6361 13.1093 10.7894 8.2194 5.8346 3.8078 2.3193 1.3386 0.7773 0.5599 0.5831 0.7641 1.0275 1.3305 1.6227 1.8913 2.1163 2.2872 2.4315 2.5142 2.5740 2.5971 2.5778 2.5318 2.4629 2.3937 2.3068 2.2152 2.1127 2.0117 1.9137 1.8101 1.6989 1.6058
26.9939 8.3737 1.5677 11.5043 24.3522 27.7880 20.9245 10.3417 2.7431 0.8762 3.7795 8.8559 13.5836 16.4400 17.1605 16.0724 13.5969 10.6222 7.7259 5.2264 3.2986 1.9300 1.1111 0.7281 0.6583 0.8072 1.0821 1.4211 1.7634 2.0937 2.3706 2.6017 2.7746 2.8849 2.9723 2.9948 3.0007 2.9735 2.9062 2.8193 2.7160 2.6199 2.5079 2.3927 2.2699 2.1516 2.0386 1.9221 1.7993 1.6971
1.5519 11.5655 26.1550 31.1448 24.3255 12.5548 3.5930 1.0303 4.1187 9.9677 15.5078 19.1250 20.1212 18.8514 16.1792 12.8678 9.4246 6.4213 4.0791 2.4258 1.4073 0.8935 0.7761 0.9297 1.2365 1.6273 2.0337 2.4263 2.7602 3.0505 3.2598 3.4151 3.5092 3.5389 3.5552 3.5066 3.4497 3.3649 3.2455 3.1175 2.9828 2.8615 2.7243 2.5832 2.4384 2.3015 2.1726 2.0431 1.9086 1.7969
32.0401 33.8657 24.0745 11.1054 2.7089 1.7091 6.4830 13.4937 19.6527 23.2503 23.6184 21.7032 18.2153 14.1545 10.2601 6.9361 4.3323 2.5412 1.4768 0.9945 0.9437 1.1691 1.5678 2.0556 2.5387 2.9994 3.3933 3.7260 3.9635 4.1501 4.2447 4.2917 4.2851 4.2186 4.1534 4.0264 3.9017 3.7560 3.5824 3.4132 3.2483 3.1026 2.9408 2.7737 2.6069 2.4515 2.3069 2.1645 2.0187 1.8977
16.5377 5.0763 1.5788 5.6061 13.5510 21.4725 26.7497 28.3806 26.9053 23.3189 18.4730 13.6841 9.4031 6.0100 3.5943 2.0749 1.2921 1.0863 1.2824 1.7286 2.3091 2.9009 3.4819 4.0240 4.4502 4.8010 5.0460 5.2191 5.2877 5.3198 5.2688 5.1880 5.0674 4.8966 4.7456 4.5407 4.3490 4.1434 3.9179 3.7097 3.5165 3.3450 3.1587 2.9684 2.7808 2.6075 2.4472 2.2921 2.1351 2.0047
10.3450 20.2260 28.7653 33.6093 34.2317 31.3763 26.3298 20.3622 14.6589 9.8207 6.0419 3.5025 2.0072 1.3551 1.3362 1.7455 2.3947 3.1553 3.9324 4.6635 5.3226 5.8185 6.2256 6.5541 6.7155 6.8124 6.8120 6.7630 6.6199 6.4655 6.2626 6.0537 5.8164 5.5413 5.3077 5.0368 4.7870 4.5288 4.2590 4.0168 3.7979 3.5938 3.3819 3.1761 2.9705 2.7803 2.6038 2.4360 2.2676 2.1273
41.1734 36.0466 29.0971 21.8002 15.1475 9.7342 5.7726 3.2241 1.9122 1.5610 1.8815 2.6526 3.6485 4.7033 5.7519 6.7364 7.5399 8.1766 8.6518 8.9979 9.2445 9.2877 9.2720 9.2173 8.9982 8.7732 8.4916 8.2044 7.8444 7.5042 7.1606 6.8357 6.4924 6.1233 5.8168 5.4904 5.1906 4.8863 4.5781 4.3072 4.0672 3.8327 3.5975 3.3791 3.1572 2.9514 2.7597 2.5800 2.4008 2.2510
4.4992 2.6140 2.0613 2.5192 3.6498 5.1652 6.8328 8.4483 9.9432 11.2709 12.2765 13.1303 13.7148 14.0344 14.2536 14.3948 14.2819 14.0302 13.6759 13.3060 12.9407 12.4266 11.9366 11.4822 10.8940 10.3732 9.8459 9.3564 8.8166 8.3240 7.8728 7.4602 7.0348 6.5924 6.2297 5.8633 5.5263 5.1872 4.8497 4.5564 4.2996 4.0396 3.7860 3.5595 3.3247 3.1059 2.9010 2.7110 2.5226 2.3647
30.7468 31.1529 31.2779 31.1538 30.7591 30.2049 29.4631 28.4788 27.4602 26.4538 25.2079 24.1344 22.9875 21.7720 20.7254 19.8249 18.7817 17.7409 16.7260 15.8202 15.0199 14.1290 13.3202 12.6029 11.8052 11.1162 10.4487 9.8358 9.2007 8.6438 8.1393 7.6824 7.2163 6.7368 6.3444 5.9558 5.6073 5.2620 4.9115 4.5979 4.3143 4.0510 3.7986 3.5774 3.3420 3.1212 2.9135 2.7210 2.5306 2.3719
