0.1260 0.0672 0.0065 0.0634 0.1420 0.0223 0.0838 0.0755 0.0512 0.0673 0.0724 0.0186 0.1013 0.0192 0.0316 0.0845 0.0315 0.0041 0.0460 0.0642 0.0328 0.0035 0.0082 0.0310 0.0441 0.0386 0.0224 0.0076 0.0010 0.0028 0.0092 0.0161 0.0209 0.0224 0.0214 0.0183 0.0144 0.0105 0.0070 0.0043 0.0023 0.0011 0.0005 0.0002 0.0003 0.0006 0.0010 0.0014 0.0017 0.0020
0.3904 0.2169 0.0226 0.1780 0.4277 0.0742 0.2421 0.2349 0.1463 0.2084 0.2116 0.0596 0.3036 0.0547 0.0981 0.2534 0.0921 0.0130 0.1398 0.1922 0.0967 0.0099 0.0255 0.0939 0.1325 0.1155 0.0666 0.0222 0.0029 0.0086 0.0279 0.0487 0.0628 0.0673 0.0641 0.0548 0.0431 0.0314 0.0210 0.0128 0.0069 0.0033 0.0013 0.0007 0.0010 0.0018 0.0029 0.0041 0.0051 0.0061
0.6870 0.4121 0.0525 0.2564 0.7149 0.1497 0.3723 0.4187 0.2199 0.3689 0.3334 0.1120 0.5045 0.0820 0.1745 0.4215 0.1451 0.0246 0.2391 0.3190 0.1561 0.0150 0.0451 0.1595 0.2215 0.1910 0.1088 0.0356 0.0047 0.0149 0.0475 0.0821 0.1052 0.1123 0.1067 0.0910 0.0714 0.0519 0.0346 0.0210 0.0114 0.0053 0.0022 0.0012 0.0017 0.0031 0.0049 0.0069 0.0086 0.0103
1.0205 0.6816 0.1187 0.2796 0.9941 0.2698 0.4556 0.6414 0.2595 0.5608 0.4258 0.1854 0.7005 0.0968 0.2678 0.5873 0.1859 0.0413 0.3472 0.4430 0.2078 0.0181 0.0689 0.2296 0.3114 0.2640 0.1478 0.0470 0.0061 0.0224 0.0688 0.1169 0.1485 0.1576 0.1490 0.1267 0.0990 0.0717 0.0476 0.0288 0.0155 0.0072 0.0030 0.0017 0.0025 0.0044 0.0070 0.0097 0.0122 0.0145
1.3644 1.0420 0.2602 0.2403 1.2408 0.4602 0.4755 0.9125 0.2571 0.7932 0.4773 0.2910 0.8850 0.0973 0.3854 0.7473 0.2105 0.0665 0.4671 0.5623 0.2490 0.0192 0.0988 0.3057 0.4021 0.3335 0.1822 0.0556 0.0074 0.0315 0.0922 0.1536 0.1930 0.2032 0.1910 0.1615 0.1257 0.0906 0.0599 0.0360 0.0193 0.0089 0.0036 0.0022 0.0033 0.0059 0.0092 0.0127 0.0159 0.0188
1.6472 1.4789 0.5292 0.1554 1.4120 0.7474 0.4240 1.2318 0.2133 1.0693 0.4782 0.4416 1.0470 0.0850 0.5340 0.8958 0.2163 0.1051 0.6009 0.6738 0.2769 0.0189 0.1370 0.3892 0.4932 0.3979 0.2109 0.0609 0.0087 0.0428 0.1186 0.1927 0.2387 0.2490 0.2323 0.1953 0.1511 0.1084 0.0712 0.0425 0.0225 0.0103 0.0042 0.0027 0.0042 0.0075 0.0116 0.0159 0.0198 0.0233
1.7524 1.9192 0.9710 0.0810 1.4519 1.1469 0.3111 1.5818 0.1426 1.3822 0.4247 0.6495 1.1707 0.0665 0.7192 1.0241 0.2023 0.1633 0.7493 0.7734 0.2892 0.0187 0.1863 0.4811 0.5839 0.4558 0.2325 0.0627 0.0103 0.0570 0.1485 0.2346 0.2859 0.2948 0.2728 0.2277 0.1750 0.1246 0.0813 0.0481 0.0252 0.0114 0.0047 0.0032 0.0053 0.0093 0.0142 0.0193 0.0238 0.0280
1.5602 2.2166 1.5846 0.1194 1.3095 1.6444 0.1762 1.9208 0.0798 1.7089 0.3239 0.9229 1.2369 0.0548 0.9431 1.1208 0.1706 0.2484 0.9113 0.8558 0.2845 0.0213 0.2492 0.5818 0.6726 0.5053 0.2462 0.0608 0.0129 0.0749 0.1825 0.2796 0.3345 0.3406 0.3120 0.2582 0.1970 0.1392 0.0900 0.0527 0.0273 0.0121 0.0050 0.0038 0.0065 0.0113 0.0171 0.0229 0.0281 0.0328
1.0456 2.1826 2.2678 0.4038 0.9742 2.1746 0.0960 2.1800 0.0823 2.0059 0.1993 1.2612 1.2263 0.0697 1.2015 1.1719 0.1273 0.3682 1.0833 0.9151 0.2628 0.0306 0.3286 0.6911 0.7573 0.5445 0.2510 0.0556 0.0174 0.0973 0.2213 0.3278 0.3844 0.3859 0.3496 0.2866 0.2167 0.1518 0.0972 0.0561 0.0286 0.0125 0.0053 0.0045 0.0079 0.0136 0.0202 0.0268 0.0327 0.0380
0.4058 1.6973 2.7852 1.0393 0.5235 2.6071 0.1795 2.2716 0.2239 2.2099 0.0961 1.6482 1.1246 0.1373 1.4815 1.1633 0.0833 0.5299 1.2580 0.9443 0.2254 0.0516 0.4270 0.8077 0.8353 0.5714 0.2466 0.0478 0.0248 0.1253 0.2654 0.3795 0.4354 0.4304 0.3852 0.3125 0.2339 0.1622 0.1026 0.0585 0.0292 0.0126 0.0055 0.0054 0.0096 0.0162 0.0237 0.0311 0.0376 0.0434
0.1082 0.8780 2.8237 1.9955 0.1574 2.7638 0.5408 2.1132 0.5767 2.2483 0.0812 2.0477 0.9318 0.2874 1.7615 1.0855 0.0557 0.7384 1.4258 0.9382 0.1767 0.0906 0.5471 0.9307 0.9046 0.5848 0.2331 0.0385 0.0366 0.1601 0.3157 0.4353 0.4880 0.4745 0.4191 0.3361 0.2488 0.1705 0.1065 0.0597 0.0292 0.0124 0.0057 0.0064 0.0116 0.0192 0.0276 0.0358 0.0429 0.0491
0.6886 0.1956 2.1913 2.9977 0.1764 2.4860 1.2401 1.6717 1.1765 2.0606 0.2336 2.3981 0.6679 0.5482 2.0109 0.9374 0.0667 0.9938 1.5722 0.8918 0.1231 0.1552 0.6909 1.0579 0.9625 0.5837 0.2113 0.0295 0.0546 0.2033 0.3734 0.4959 0.5428 0.5186 0.4517 0.3577 0.2616 0.1770 0.1089 0.0599 0.0287 0.0119 0.0060 0.0077 0.0140 0.0226 0.0320 0.0410 0.0486 0.0554
2.2182 0.3348 1.0827 3.5503 0.8407 1.7533 2.2079 1.0212 1.9791 1.6304 0.6204 2.6111 0.3803 0.9379 2.1892 0.7296 0.1414 1.2854 1.6745 0.8003 0.0741 0.2524 0.8564 1.1821 1.0026 0.5654 0.1819 0.0229 0.0809 0.2559 0.4385 0.5607 0.5985 0.5614 0.4816 0.3763 0.2716 0.1812 0.1097 0.0591 0.0276 0.0114 0.0065 0.0093 0.0168 0.0266 0.0369 0.0467 0.0549 0.0620
3.7830 1.6631 0.1989 3.1911 2.1227 0.8072 3.1912 0.3887 2.8234 1.0259 1.2615 2.5966 0.1509 1.4520 2.2560 0.4915 0.3052 1.5961 1.7144 0.6683 0.0436 0.3882 1.0395 1.2958 1.0199 0.5291 0.1469 0.0215 0.1176 0.3191 0.5113 0.6293 0.6547 0.6023 0.5085 0.3915 0.2786 0.1830 0.1087 0.0572 0.0259 0.0107 0.0071 0.0114 0.0202 0.0312 0.0424 0.0529 0.0616 0.0691
3.8936 3.5467 0.4595 1.9137 3.5308 0.1661 3.7759 0.1178 3.4488 0.4308 2.0905 2.2958 0.0845 2.0445 2.1692 0.2669 0.5806 1.9079 1.6839 0.5109 0.0482 0.5653 1.2321 1.3895 1.0097 0.4754 0.1094 0.0287 0.1669 0.3937 0.5914 0.7007 0.7100 0.6402 0.5314 0.4027 0.2821 0.1821 0.1059 0.0542 0.0239 0.0101 0.0081 0.0140 0.0242 0.0364 0.0486 0.0598 0.0689 0.0767
2.0949 4.3962 2.1477 0.5253 4.2174 0.4045 3.5561 0.5183 3.5967 0.1243 2.9301 1.7230 0.2838 2.6203 1.8987 0.1119 0.9803 2.1996 1.5841 0.3514 0.1050 0.7831 1.4238 1.4542 0.9695 0.4067 0.0741 0.0481 0.2309 0.4799 0.6778 0.7734 0.7628 0.6734 0.5490 0.4090 0.2814 0.1781 0.1010 0.0501 0.0214 0.0096 0.0096 0.0173 0.0291 0.0425 0.0557 0.0675 0.0770 0.0850
0.2705 3.0864 4.1911 0.2671 3.5829 1.7372 2.4520 1.6578 3.0882 0.3527 3.5583 1.0277 0.8106 3.0497 1.4567 0.0920 1.4843 2.4202 1.4031 0.2087 0.2314 1.0457 1.6121 1.4893 0.9029 0.3293 0.0467 0.0838 0.3109 0.5774 0.7691 0.8453 0.8112 0.7007 0.5603 0.4096 0.2764 0.1709 0.0942 0.0451 0.0187 0.0094 0.0118 0.0215 0.0349 0.0496 0.0637 0.0760 0.0858 0.0939
0.9924 0.8554 4.6641 1.7828 1.8687 3.6063 1.0470 3.2118 1.9655 1.1936 3.7378 0.4317 1.6386 3.2146 0.9271 0.2783 2.0374 2.4948 1.1204 0.0968 0.4391 1.3521 1.7915 1.4932 0.8140 0.2502 0.0336 0.1395 0.4080 0.6852 0.8634 0.9147 0.8539 0.7210 0.5650 0.4047 0.2672 0.1611 0.0859 0.0395 0.0162 0.0099 0.0149 0.0266 0.0418 0.0577 0.0725 0.0854 0.0952 0.1035
4.0389 0.3464 2.8549 4.1908 0.3168 4.8463 0.1634 4.4423 0.7496 2.5257 3.2314 0.1093 2.5923 3.0147 0.4318 0.6953 2.5474 2.3846 0.7805 0.0589 0.7141 1.6443 1.8995 1.4242 0.6857 0.1672 0.0368 0.2155 0.5197 0.7987 0.9552 0.9763 0.8866 0.7317 0.5614 0.3938 0.2539 0.1488 0.0765 0.0337 0.0141 0.0111 0.0189 0.0329 0.0497 0.0668 0.0823 0.0955 0.1055 0.1137
5.3926 3.0475 0.4692 5.3048 0.6498 4.3835 0.7802 4.5996 0.1393 3.9492 2.1665 0.4231 3.5211 2.4354 0.1218 1.3705 2.9725 2.1056 0.4468 0.1501 1.0884 1.9448 1.9598 1.3074 0.5399 0.0969 0.0689 0.3221 0.6549 0.9259 1.0515 1.0359 0.9142 0.7360 0.5518 0.3781 0.2374 0.1346 0.0664 0.0280 0.0127 0.0134 0.0242 0.0405 0.0590 0.0772 0.0934 0.1068 0.1167 0.1248
2.4833 5.7395 0.8628 3.5463 3.1518 2.2578 2.8955 3.3029 0.7789 4.7116 0.9293 1.4286 4.0478 1.5777 0.1740 2.2051 3.1741 1.6599 0.1847 0.3905 1.5241 2.2015 1.9413 1.1380 0.3867 0.0510 0.1358 0.4580 0.8070 1.0577 1.1434 1.0862 0.9311 0.7307 0.5345 0.3569 0.2174 0.1187 0.0558 0.0229 0.0124 0.0172 0.0311 0.0497 0.0698 0.0890 0.1056 0.1191 0.1289 0.1367
0.1434 4.2207 4.2915 0.7278 5.6491 0.3413 5.1398 1.2964 2.6322 4.2739 0.1727 2.8953 3.9060 0.7017 0.6915 3.0406 3.0690 1.1130 0.0718 0.7887 1.9832 2.3788 1.8329 0.9254 0.2419 0.0423 0.2437 0.6235 0.9727 1.1897 1.2267 1.1244 0.9356 0.7149 0.5093 0.3304 0.1945 0.1016 0.0453 0.0187 0.0135 0.0226 0.0397 0.0606 0.0822 0.1023 0.1191 0.1326 0.1419 0.1494
3.4236 0.6106 6.2679 0.7134 5.2927 0.8788 5.5748 0.1751 4.7428 2.7111 0.4879 4.2815 3.0428 0.1607 1.6480 3.6677 2.6313 0.5762 0.1780 1.3259 2.4125 2.4430 1.6332 0.6869 0.1252 0.0833 0.3966 0.8163 1.1471 1.3167 1.2974 1.1475 0.9264 0.6881 0.4763 0.2992 0.1693 0.0841 0.0356 0.0160 0.0165 0.0300 0.0503 0.0734 0.0964 0.1172 0.1340 0.1472 0.1560 0.1629
6.7648 1.5425 3.5059 4.2874 2.1596 3.9283 3.5233 1.2263 5.6488 0.9053 1.9928 4.9164 1.7290 0.2783 2.8464 3.8795 1.9228 0.1915 0.5449 1.9514 2.7511 2.3709 1.3543 0.4484 0.0581 0.1850 0.5952 1.0314 1.3230 1.4320 1.3509 1.1535 0.9028 0.6509 0.4364 0.2643 0.1428 0.0669 0.0274 0.0154 0.0219 0.0399 0.0633 0.0883 0.1124 0.1337 0.1503 0.1630 0.1712 0.1774
3.1803 6.2316 0.2803 6.7979 0.2193 6.4701 0.8242 4.0296 4.4810 0.1783 4.0694 4.3633 0.5445 1.1836 3.9385 3.5507 1.1040 0.1020 1.1661 2.5819 2.9360 2.1520 1.0207 0.2412 0.0620 0.3549 0.8365 1.2604 1.4916 1.5285 1.3828 1.1400 0.8641 0.6033 0.3905 0.2265 0.1159 0.0510 0.0214 0.0175 0.0302 0.0527 0.0790 0.1056 0.1305 0.1519 0.1681 0.1802 0.1875 0.1929
0.2986 5.9165 2.7025 4.2429 2.6693 5.3864 0.5253 6.3015 1.9706 1.3719 5.5478 2.7784 0.1583 2.6792 4.5265 2.7135 0.4140 0.4093 1.9714 3.1087 2.9133 1.7958 0.6707 0.1010 0.1555 0.5949 1.1125 1.4928 1.6434 1.5995 1.3888 1.1048 0.8097 0.5458 0.3393 0.1872 0.0899 0.0375 0.0185 0.0230 0.0419 0.0687 0.0975 0.1254 0.1508 0.1720 0.1875 0.1987 0.2049 0.2092
5.4881 0.9318 7.2298 0.4662 6.7222 1.7232 3.5368 5.7574 0.2619 3.9844 5.3854 0.9957 0.9730 4.2346 4.3208 1.5962 0.1132 1.1284 2.8264 3.4191 2.6590 1.3412 0.3571 0.0640 0.3509 0.8998 1.4102 1.7146 1.7677 1.6381 1.3656 1.0472 0.7401 0.4797 0.2847 0.1479 0.0661 0.0274 0.0197 0.0326 0.0574 0.0882 0.1192 0.1479 0.1733 0.1939 0.2085 0.2186 0.2234 0.2265
7.1396 2.2039 5.3863 2.2914 6.4476 0.3971 6.8490 2.6806 1.2274 6.1937 3.5102 0.1793 2.8032 5.1609 3.3091 0.5917 0.3949 2.1555 3.5502 3.4228 2.1905 0.8546 0.1398 0.1608 0.6507 1.2561 1.7113 1.9102 1.8538 1.6385 1.3112 0.9675 0.6573 0.4073 0.2287 0.1107 0.0463 0.0222 0.0259 0.0470 0.0774 0.1117 0.1443 0.1732 0.1982 0.2179 0.2312 0.2398 0.2431 0.2448
1.0133 7.8020 0.5486 7.3066 1.9464 3.8675 6.4136 0.3194 4.4448 6.1216 1.1636 1.1008 4.8289 4.9531 1.8488 0.1397 1.2936 3.2699 3.9576 3.0827 1.5750 0.4239 0.0768 0.4091 1.0445 1.6433 1.9998 2.0706 1.8985 1.5997 1.2273 0.8689 0.5646 0.3319 0.1743 0.0779 0.0322 0.0231 0.0380 0.0669 0.1023 0.1393 0.1730 0.2019 0.2259 0.2441 0.2561 0.2630 0.2644 0.2645
3.1019 5.0362 3.1430 6.4859 0.6611 7.6885 2.5070 1.7139 7.0377 3.6197 0.2304 3.4695 5.9197 3.5831 0.5767 0.5470 2.6257 4.1704 3.9073 2.4370 0.9265 0.1456 0.2126 0.8076 1.5066 2.0294 2.2456 2.1725 1.8869 1.5160 1.1129 0.7530 0.4648 0.2564 0.1242 0.0516 0.0255 0.0315 0.0571 0.0929 0.1324 0.1715 0.2053 0.2337 0.2561 0.2724 0.2827 0.2876 0.2869 0.2851
8.6228 0.3604 8.3820 1.1181 5.4626 6.0932 0.3085 5.7890 6.2672 0.8311 1.7814 5.8684 5.3181 1.6891 0.1813 1.8124 4.0042 4.5643 3.3638 1.6116 0.3908 0.1066 0.5662 1.3316 1.9970 2.3774 2.4225 2.2014 1.8140 1.3882 0.9718 0.6246 0.3627 0.1851 0.0818 0.0345 0.0282 0.0486 0.0840 0.1257 0.1682 0.2082 0.2415 0.2687 0.2888 0.3027 0.3110 0.3137 0.3105 0.3067
2.6156 5.8624 4.7302 2.0925 8.3916 1.2923 3.3623 7.8420 2.7113 0.5707 4.9169 6.5837 3.2534 0.3432 1.0369 3.5495 4.9473 4.2752 2.4335 0.8049 0.1164 0.3624 1.1214 1.9318 2.4642 2.6485 2.5075 2.1476 1.6792 1.2210 0.8108 0.4906 0.2642 0.1226 0.0508 0.0291 0.0420 0.0757 0.1195 0.1656 0.2098 0.2498 0.2816 0.3069 0.3242 0.3350 0.3410 0.3411 0.3352 0.3293
2.0498 8.1138 0.4005 8.1471 3.9265 1.2561 7.8533 5.0978 0.2981 3.5267 7.1337 4.9164 1.0112 0.4829 2.9201 5.0874 5.0657 3.3403 1.3654 0.2481 0.2176 0.9191 1.8271 2.5484 2.8654 2.8187 2.4892 2.0102 1.4891 1.0257 0.6407 0.3598 0.1763 0.0743 0.0348 0.0382 0.0688 0.1143 0.1647 0.2137 0.2583 0.2972 0.3266 0.3491 0.3631 0.3707 0.3736 0.3707 0.3618 0.3536
9.1524 1.1361 6.1365 6.6825 0.3664 6.6962 7.1808 0.9360 2.1777 7.0731 6.3855 2.0246 0.2322 2.2695 5.0037 5.7226 4.2328 2.0280 0.4877 0.1409 0.7387 1.7182 2.5881 3.0907 3.1322 2.8474 2.3536 1.7912 1.2521 0.8106 0.4699 0.2401 0.1053 0.0446 0.0372 0.0639 0.1100 0.1650 0.2198 0.2698 0.3131 0.3497 0.3757 0.3945 0.4046 0.4084 0.4079 0.4016 0.3896 0.3788
3.1361 3.8604 8.5212 0.6480 5.1396 8.5465 2.0927 1.2020 6.6054 7.5414 3.1575 0.2583 1.7182 4.8221 6.2111 5.0817 2.7167 0.8012 0.1293 0.5924 1.6265 2.6381 3.2843 3.4716 3.2174 2.7185 2.1048 1.5046 0.9850 0.5913 0.3116 0.1415 0.0584 0.0385 0.0613 0.1083 0.1669 0.2284 0.2852 0.3340 0.3741 0.4072 0.4287 0.4429 0.4484 0.4480 0.4437 0.4338 0.4183 0.4049
2.2220 9.3746 1.4842 3.8304 9.2512 3.2925 0.6634 6.0820 8.3449 4.2188 0.4504 1.3313 4.6810 6.6344 5.8200 3.3845 1.1316 0.1623 0.4971 1.5669 2.7289 3.5156 3.7937 3.6213 3.0952 2.4370 1.7641 1.1762 0.7114 0.3874 0.1804 0.0743 0.0424 0.0607 0.1100 0.1734 0.2407 0.3057 0.3618 0.4072 0.4426 0.4706 0.4864 0.4951 0.4954 0.4903 0.4817 0.4679 0.4488 0.4325
9.7601 2.2224 3.0871 9.6047 4.1679 0.4491 5.7846 8.9385 5.0131 0.6590 1.1352 4.6912 7.1009 6.4947 3.9420 1.4209 0.2075 0.4576 1.5848 2.8734 3.8203 4.1765 4.0144 3.4997 2.7678 2.0276 1.3638 0.8367 0.4566 0.2181 0.0900 0.0477 0.0638 0.1151 0.1859 0.2610 0.3330 0.3982 0.4507 0.4907 0.5199 0.5415 0.5501 0.5517 0.5461 0.5359 0.5228 0.5049 0.4820 0.4623
2.3258 3.0071 9.8627 4.4418 0.4197 5.9236 9.4023 5.3990 0.7321 1.1516 4.9511 7.6295 7.0776 4.3346 1.5813 0.2309 0.4786 1.7131 3.1324 4.1828 4.6304 4.4535 3.8739 3.1013 2.2659 1.5320 0.9423 0.5179 0.2456 0.1022 0.0533 0.0704 0.1275 0.2046 0.2904 0.3711 0.4430 0.5046 0.5505 0.5825 0.6038 0.6174 0.6177 0.6111 0.5990 0.5833 0.5654 0.5431 0.5161 0.4930
3.7579 10.1124 3.9323 0.5853 6.6708 9.7597 5.2175 0.5913 1.4476 5.6084 8.2681 7.4769 4.4671 1.5498 0.2113 0.5920 1.9941 3.5626 4.6766 5.1198 4.9328 4.2563 3.3739 2.4765 1.6560 1.0142 0.5528 0.2602 0.1066 0.0587 0.0821 0.1491 0.2374 0.3308 0.4238 0.5037 0.5703 0.6244 0.6604 0.6821 0.6937 0.6979 0.6886 0.6729 0.6538 0.6322 0.6093 0.5824 0.5512 0.5244
10.0744 2.6089 1.2844 8.1249 9.8239 4.3415 0.3222 2.2363 6.7768 9.0733 7.6150 4.2115 1.2785 0.1757 0.8681 2.5314 4.2245 5.3628 5.7161 5.3977 4.6284 3.6117 2.6038 1.7325 1.0364 0.5530 0.2531 0.1035 0.0655 0.1036 0.1861 0.2898 0.3973 0.4970 0.5894 0.6617 0.7175 0.7596 0.7820 0.7908 0.7910 0.7860 0.7675 0.7431 0.7169 0.6887 0.6595 0.6272 0.5911 0.5606
0.8036 3.2455 9.9766 8.9039 2.6791 0.3350 3.8484 8.4444 9.6991 7.2420 3.4475 0.7873 0.2457 1.4511 3.4099 5.1951 6.2125 6.3844 5.8379 4.8706 3.7442 2.6299 1.6961 0.9912 0.5038 0.2200 0.0931 0.0804 0.1423 0.2482 0.3708 0.4943 0.6069 0.7014 0.7844 0.8418 0.8812 0.9073 0.9126 0.9062 0.8935 0.8787 0.8506 0.8170 0.7832 0.7482 0.7120 0.6740 0.6328 0.5984
7.0853 10.9724 6.2483 0.7946 1.5327 6.5632 10.2031 9.5880 5.9413 2.1652 0.2981 0.7078 2.5739 4.7627 6.4334 7.2020 6.9997 6.1493 4.9358 3.6548 2.4935 1.5366 0.8465 0.4048 0.1659 0.0867 0.1174 0.2165 0.3497 0.4974 0.6367 0.7608 0.8633 0.9406 1.0053 1.0408 1.0587 1.0649 1.0503 1.0267 0.9998 0.9747 0.9365 0.8933 0.8515 0.8095 0.7659 0.7219 0.6756 0.6372
8.7453 2.2194 0.5796 4.9682 9.9297 10.9290 7.8918 3.5940 0.7381 0.3895 2.0424 4.5022 6.6544 7.8770 8.0615 7.3939 6.1327 4.6895 3.2943 2.1195 1.2292 0.6185 0.2664 0.1172 0.1133 0.2063 0.3541 0.5241 0.6913 0.8502 0.9816 1.0875 1.1654 1.2151 1.2547 1.2628 1.2551 1.2383 1.2021 1.1600 1.1179 1.0806 1.0309 0.9779 0.9278 0.8781 0.8268 0.7765 0.7247 0.6819
0.4489 4.6349 10.0502 11.6661 8.8376 4.2785 0.9985 0.3668 2.0284 4.7462 7.2519 8.8075 9.1605 8.4782 7.1593 5.5669 3.9628 2.5885 1.5201 0.7851 0.3479 0.1498 0.1309 0.2323 0.4009 0.6030 0.8085 0.9993 1.1589 1.2969 1.3968 1.4672 1.5073 1.5207 1.5294 1.5059 1.4690 1.4265 1.3675 1.3060 1.2479 1.1962 1.1338 1.0707 1.0118 0.9541 0.8947 0.8377 0.7800 0.7325
11.3641 11.8396 8.2220 3.5551 0.6807 0.6656 2.8806 5.9474 8.6005 10.1101 10.2778 9.3985 7.8334 5.9824 4.2137 2.7153 1.5656 0.7906 0.3441 0.1649 0.1807 0.3235 0.5398 0.7908 1.0343 1.2627 1.4573 1.6168 1.7283 1.8154 1.8628 1.8829 1.8743 1.8442 1.8174 1.7588 1.6900 1.6199 1.5372 1.4555 1.3809 1.3145 1.2391 1.1659 1.0982 1.0323 0.9645 0.9008 0.8371 0.7848
5.1134 1.3784 0.4467 2.2361 5.4794 8.6988 10.8750 11.6164 11.0503 9.5575 7.5715 5.5400 3.7107 2.2372 1.1957 0.5557 0.2512 0.2052 0.3374 0.5796 0.8781 1.1835 1.4765 1.7456 1.9547 2.1261 2.2462 2.3290 2.3592 2.3720 2.3530 2.3139 2.2504 2.1726 2.1076 2.0129 1.9124 1.8154 1.7102 1.6092 1.5181 1.4371 1.3491 1.2665 1.1899 1.1158 1.0396 0.9691 0.8993 0.8421
3.6843 7.3179 10.5569 12.5264 12.9412 11.9901 10.1295 7.8491 5.6102 3.6693 2.1585 1.1211 0.5175 0.2773 0.3134 0.5370 0.8696 1.2539 1.6385 2.0016 2.3267 2.5812 2.7848 2.9475 3.0338 3.0869 3.0912 3.0661 2.9945 2.9207 2.8326 2.7343 2.6157 2.4890 2.3852 2.2572 2.1291 2.0100 1.8876 1.7700 1.6632 1.5687 1.4691 1.3782 1.2926 1.2101 1.1260 1.0487 0.9725 0.9101
13.7654 12.2693 10.0639 7.6296 5.3151 3.3628 1.8970 0.9436 0.4661 0.3702 0.5567 0.9324 1.4124 1.9247 2.4276 2.8884 3.2797 3.6076 3.8517 4.0395 4.1731 4.2159 4.2185 4.2001 4.1193 4.0273 3.9013 3.7606 3.5853 3.4258 3.2742 3.1226 2.9539 2.7823 2.6435 2.4864 2.3344 2.1962 2.0600 1.9279 1.8067 1.6996 1.5894 1.4914 1.3973 1.3066 1.2149 1.1308 1.0484 0.9809
1.2360 0.6482 0.5002 0.7101 1.1811 1.8201 2.5406 3.2535 3.9430 4.5759 5.1355 5.6009 5.9480 6.1732 6.3133 6.3741 6.3512 6.2901 6.1702 6.0427 5.9004 5.6858 5.4661 5.2617 5.0240 4.8021 4.5640 4.3241 4.0623 3.8331 3.6326 3.4403 3.2328 3.0261 2.8598 2.6803 2.5101 2.3578 2.2116 2.0684 1.9354 1.8179 1.6991 1.5955 1.4945 1.3968 1.2980 1.2079 1.1198 1.0478
10.2111 10.6437 10.9711 11.2350 11.4210 11.5210 11.5074 11.3399 11.1452 10.9145 10.6370 10.3428 9.9975 9.6047 9.2082 8.8057 8.3737 7.9707 7.5603 7.1956 6.8582 6.4771 6.1099 5.7810 5.4421 5.1456 4.8514 4.5516 4.2445 3.9868 3.7538 3.5358 3.3127 3.0936 2.9171 2.7246 2.5456 2.3873 2.2334 2.0855 1.9504 1.8309 1.7103 1.6051 1.5060 1.4089 1.3047 1.2125 1.1236 1.0511
