0.1568 0.0319 0.1062 0.3905 0.2692 0.0326 0.3711 0.0308 0.3133 0.0420 0.2881 0.0678 0.0846 0.1849 0.0809 0.0206 0.0435 0.1127 0.1703 0.1465 0.0692 0.0236 0.0409 0.0815 0.0973 0.0779 0.0415 0.0123 0.0022 0.0100 0.0269 0.0438 0.0548 0.0580 0.0548 0.0467 0.0367 0.0266 0.0177 0.0107 0.0058 0.0027 0.0011 0.0007 0.0010 0.0018 0.0029 0.0039 0.0049 0.0058
0.5193 0.1116 0.2876 1.1477 0.8384 0.0859 1.1099 0.1023 0.9328 0.1300 0.8649 0.1931 0.2623 0.5505 0.2336 0.0620 0.1371 0.3453 0.5144 0.4386 0.2055 0.0698 0.1222 0.2433 0.2896 0.2309 0.1223 0.0357 0.0065 0.0306 0.0816 0.1321 0.1649 0.1740 0.1643 0.1398 0.1098 0.0795 0.0528 0.0319 0.0172 0.0080 0.0034 0.0021 0.0031 0.0055 0.0086 0.0118 0.0148 0.0175
1.0345 0.2540 0.3852 1.8251 1.4962 0.1112 1.8315 0.2081 1.5268 0.2328 1.4401 0.2891 0.4651 0.9016 0.3600 0.1057 0.2513 0.5988 0.8674 0.7269 0.3346 0.1124 0.2022 0.4016 0.4746 0.3752 0.1961 0.0558 0.0109 0.0535 0.1391 0.2228 0.2763 0.2903 0.2732 0.2319 0.1818 0.1312 0.0870 0.0525 0.0282 0.0131 0.0055 0.0035 0.0053 0.0094 0.0145 0.0199 0.0249 0.0294
1.8137 0.5459 0.3764 2.3461 2.2847 0.1164 2.5020 0.3858 2.0663 0.3690 2.0041 0.3419 0.7092 1.2237 0.4460 0.1590 0.4015 0.8850 1.2315 1.0057 0.4502 0.1487 0.2797 0.5535 0.6473 0.5051 0.2587 0.0707 0.0158 0.0803 0.2014 0.3174 0.3899 0.4071 0.3813 0.3224 0.2518 0.1812 0.1196 0.0718 0.0383 0.0177 0.0074 0.0049 0.0076 0.0134 0.0207 0.0283 0.0352 0.0415
2.9441 1.1248 0.2992 2.6132 3.2098 0.1502 3.0567 0.6922 2.5057 0.5681 2.5338 0.3466 1.0077 1.4966 0.4843 0.2369 0.6042 1.2109 1.6019 1.2642 0.5439 0.1753 0.3535 0.6963 0.8026 0.6148 0.3061 0.0789 0.0221 0.1133 0.2710 0.4179 0.5070 0.5248 0.4884 0.4108 0.3193 0.2287 0.1502 0.0897 0.0475 0.0217 0.0092 0.0064 0.0101 0.0178 0.0272 0.0370 0.0458 0.0539
4.4077 2.1517 0.2871 2.5313 4.2108 0.3154 3.3979 1.2010 2.7833 0.8728 2.9901 0.3120 1.3676 1.6938 0.4790 0.3641 0.8753 1.5752 1.9644 1.4853 0.6047 0.1890 0.4230 0.8277 0.9359 0.6997 0.3351 0.0801 0.0315 0.1552 0.3507 0.5265 0.6287 0.6439 0.5945 0.4967 0.3838 0.2733 0.1783 0.1056 0.0554 0.0251 0.0106 0.0079 0.0130 0.0226 0.0342 0.0462 0.0570 0.0667
5.9592 3.7200 0.5851 2.0639 5.1296 0.7646 3.4099 1.9891 2.8290 1.3349 3.3168 0.2659 1.7840 1.7871 0.4518 0.5744 1.2243 1.9633 2.2915 1.6443 0.6205 0.1885 0.4903 0.9477 1.0447 0.7567 0.3446 0.0751 0.0466 0.2095 0.4437 0.6455 0.7567 0.7652 0.6997 0.5799 0.4449 0.3144 0.2036 0.1194 0.0619 0.0277 0.0118 0.0096 0.0161 0.0279 0.0418 0.0559 0.0686 0.0801
7.0412 5.6911 1.5060 1.3188 5.7047 1.6624 3.0035 3.1023 2.5868 2.0039 3.4469 0.2570 2.2337 1.7544 0.4476 0.9050 1.6461 2.3410 2.5413 1.7107 0.5804 0.1770 0.5625 1.0611 1.1305 0.7864 0.3360 0.0670 0.0713 0.2800 0.5532 0.7775 0.8925 0.8894 0.8042 0.6603 0.5023 0.3520 0.2258 0.1310 0.0669 0.0295 0.0129 0.0114 0.0198 0.0338 0.0501 0.0664 0.0809 0.0940
6.9072 7.5204 3.2763 0.6274 5.6282 3.0956 2.1926 4.5005 2.0534 2.9061 3.3166 0.3533 2.6719 1.5938 0.5361 1.3850 2.1104 2.6513 2.6599 1.6536 0.4806 0.1676 0.6562 1.1807 1.2020 0.7948 0.3144 0.0606 0.1102 0.3705 0.6820 0.9240 1.0368 1.0167 0.9080 0.7377 0.5557 0.3857 0.2448 0.1402 0.0705 0.0305 0.0137 0.0135 0.0240 0.0404 0.0591 0.0776 0.0939 0.1085
5.1268 8.2640 5.7645 0.5421 4.6968 4.9432 1.1897 5.9922 1.3308 4.0130 2.8906 0.6324 3.0333 1.3403 0.8050 2.0160 2.5505 2.8168 2.5914 1.4535 0.3340 0.1893 0.8012 1.3308 1.2763 0.7944 0.2890 0.0625 0.1675 0.4835 0.8310 1.0851 1.1891 1.1464 1.0101 0.8113 0.6047 0.4152 0.2603 0.1469 0.0725 0.0309 0.0145 0.0160 0.0289 0.0478 0.0690 0.0896 0.1077 0.1237
2.3572 7.0275 8.2034 1.6536 3.0355 6.7642 0.4620 7.1947 0.6752 5.2063 2.1965 1.1650 3.2482 1.0831 1.3407 2.7501 2.8638 2.7569 2.3017 1.1217 0.1822 0.2931 1.0448 1.5493 1.3821 0.8053 0.2726 0.0796 0.2455 0.6182 0.9981 1.2583 1.3472 1.2768 1.1096 0.8805 0.6488 0.4403 0.2725 0.1513 0.0731 0.0307 0.0154 0.0191 0.0346 0.0562 0.0799 0.1027 0.1225 0.1399
0.6747 3.9600 9.2302 4.1866 1.2847 7.8355 0.6550 7.5877 0.5049 6.2508 1.3592 1.9892 3.2640 0.9637 2.1878 3.4665 2.9230 2.4202 1.8112 0.7228 0.1041 0.5507 1.4437 1.8792 1.5502 0.8486 0.2770 0.1155 0.3416 0.7679 1.1750 1.4355 1.5042 1.4023 1.2022 0.9422 0.6862 0.4599 0.2805 0.1530 0.0723 0.0301 0.0165 0.0229 0.0413 0.0659 0.0922 0.1172 0.1386 0.1573
2.3631 1.0856 7.6482 7.5166 0.5316 7.4605 2.2955 6.7304 1.3058 6.7998 0.6273 3.0807 3.0685 1.1470 3.2932 3.9619 2.6142 1.8352 1.2354 0.3945 0.2153 1.0371 2.0391 2.3423 1.7937 0.9316 0.3034 0.1645 0.4435 0.9158 1.3430 1.5983 1.6436 1.5095 1.2774 0.9891 0.7116 0.4706 0.2826 0.1511 0.0697 0.0290 0.0181 0.0278 0.0495 0.0771 0.1059 0.1331 0.1559 0.1758
7.3601 1.5065 3.8399 9.9812 1.8399 5.4884 5.3248 4.6271 3.3850 6.4774 0.3712 4.3341 2.7229 1.7676 4.4678 4.0022 1.9311 1.1920 0.8274 0.3470 0.6349 1.7851 2.8132 2.9055 2.0839 1.0337 0.3351 0.2088 0.5308 1.0391 1.4791 1.7252 1.7470 1.5835 1.3239 1.0128 0.7195 0.4690 0.2767 0.1445 0.0650 0.0275 0.0205 0.0341 0.0595 0.0902 0.1217 0.1507 0.1750 0.1958
11.9289 6.3857 0.7711 9.5340 5.4760 2.7391 8.7614 2.0819 6.4783 5.0645 1.0259 5.5459 2.3461 2.8368 5.3847 3.4235 1.0776 0.8849 0.9565 0.7975 1.3981 2.6945 3.6082 3.4174 2.3086 1.0841 0.3311 0.2240 0.5857 1.1219 1.5676 1.8015 1.8010 1.6132 1.3330 1.0072 0.7057 0.4524 0.2613 0.1327 0.0581 0.0260 0.0243 0.0426 0.0719 0.1059 0.1399 0.1708 0.1961 0.2177
11.2344 12.3313 2.2869 5.6124 10.1586 0.8490 10.9705 0.6082 9.4064 2.8107 2.9458 6.3897 2.0533 4.1657 5.6676 2.2887 0.5314 1.4494 1.9657 1.8039 2.3046 3.4126 4.0419 3.5568 2.2508 0.9644 0.2467 0.2096 0.6285 1.1905 1.6331 1.8465 1.8197 1.6081 1.3111 0.9762 0.6727 0.4226 0.2377 0.1167 0.0500 0.0252 0.0300 0.0539 0.0875 0.1246 0.1610 0.1935 0.2195 0.2416
4.8165 13.6744 8.3725 1.2810 12.7739 1.5058 10.6545 1.4803 10.2734 0.7818 6.0959 6.3667 1.8776 5.3784 5.0827 1.0128 0.9313 3.2553 3.8135 2.9797 2.7547 3.2830 3.5310 2.8946 1.6647 0.5887 0.1113 0.2626 0.7850 1.3733 1.7901 1.9551 1.8771 1.6233 1.2975 0.9471 0.6387 0.3911 0.2130 0.1005 0.0426 0.0260 0.0379 0.0676 0.1055 0.1459 0.1846 0.2184 0.2450 0.2673
0.8754 7.8194 13.5772 1.6472 9.6214 5.6815 7.5731 4.3867 7.8388 0.8181 9.4050 4.7557 1.8693 6.1468 3.7649 0.2823 2.5831 5.7693 5.4089 3.1642 1.8316 1.7357 1.8138 1.4009 0.6777 0.1805 0.1970 0.6690 1.3279 1.9158 2.2470 2.2964 2.1049 1.7567 1.3633 0.9688 0.6363 0.3784 0.1990 0.0902 0.0383 0.0284 0.0467 0.0818 0.1240 0.1674 0.2084 0.2437 0.2708 0.2933
7.8981 0.7609 11.4802 8.3756 2.9338 11.5364 1.6268 9.6456 4.1198 3.8089 9.1858 0.9238 4.1033 7.8340 2.4876 0.5416 4.3612 5.8609 3.1663 0.5065 0.4819 2.0017 3.0600 2.9111 2.0109 1.2087 0.9350 1.1782 1.6616 2.1177 2.3482 2.3248 2.0844 1.7088 1.3039 0.9100 0.5850 0.3386 0.1720 0.0758 0.0350 0.0345 0.0603 0.1011 0.1473 0.1935 0.2363 0.2724 0.2996 0.3219
16.0980 4.9652 4.1078 14.3724 0.6962 13.1747 0.7576 12.1731 1.1756 7.6700 7.4941 0.3907 6.7442 7.2976 1.1406 1.5776 5.8281 5.8059 2.3278 0.2359 1.0327 2.8022 3.6003 3.0903 1.9959 1.1952 1.0187 1.3550 1.8754 2.3128 2.4881 2.3998 2.1024 1.6871 1.2603 0.8595 0.5376 0.3007 0.1464 0.0628 0.0337 0.0431 0.0766 0.1233 0.1737 0.2227 0.2670 0.3036 0.3306 0.3525
11.9033 14.8315 0.9245 13.0673 5.2163 9.2687 4.5886 10.8740 0.7529 11.0209 4.4498 1.6635 9.0314 5.7063 0.3657 3.3115 7.0246 5.2379 1.4385 0.2746 1.8642 3.6723 4.0594 3.1610 1.9193 1.1743 1.1245 1.5560 2.1001 2.5020 2.6090 2.4494 2.0943 1.6427 1.1989 0.7967 0.4831 0.2597 0.1207 0.0520 0.0357 0.0556 0.0972 0.1497 0.2040 0.2553 0.3008 0.3377 0.3640 0.3851
1.5859 15.7330 8.3766 5.0807 13.3359 2.9139 11.1679 6.1249 4.0137 11.8904 1.5069 4.7350 10.0440 3.4635 0.6316 5.4944 7.6373 4.1969 0.6966 0.7245 2.9431 4.5291 4.3771 3.1039 1.7879 1.1595 1.2611 1.7828 2.3318 2.6793 2.7057 2.4698 2.0583 1.5752 1.1206 0.7232 0.4230 0.2173 0.0966 0.0444 0.0421 0.0729 0.1226 0.1806 0.2385 0.2919 0.3380 0.3746 0.4000 0.4198
5.8697 5.0973 17.6264 0.8834 16.3129 0.9897 15.1835 1.4635 9.6695 9.3515 0.5494 8.6480 9.1584 1.3806 2.1815 7.6540 7.4243 2.8604 0.3313 1.6364 4.1816 5.2684 4.4986 2.9136 1.6192 1.1690 1.4375 2.0352 2.5652 2.8381 2.7726 2.4579 1.9934 1.4854 1.0269 0.6410 0.3596 0.1755 0.0756 0.0416 0.0540 0.0960 0.1535 0.2167 0.2775 0.3325 0.3787 0.4146 0.4384 0.4567
19.5137 1.9279 14.2410 8.2547 9.7376 7.1978 12.3897 1.4548 14.0827 4.6452 2.8004 11.6799 6.4947 0.4565 4.8455 9.1837 6.3242 1.5426 0.5523 2.9792 5.4377 5.7798 4.3876 2.6038 1.4416 1.2240 1.6621 2.3109 2.7934 2.9712 2.8054 2.4125 1.9008 1.3754 0.9206 0.5529 0.2955 0.1366 0.0599 0.0451 0.0726 0.1257 0.1907 0.2585 0.3218 0.3775 0.4233 0.4578 0.4796 0.4958
14.7772 14.9594 2.8320 18.5270 1.5912 16.0649 4.9015 7.4487 13.6339 1.0264 7.7122 12.1252 3.1378 1.4615 7.9605 9.5283 4.5379 0.6438 1.4864 4.6197 6.5282 5.9640 4.0351 2.2105 1.2939 1.3472 1.9400 2.6045 3.0072 3.0706 2.7993 2.3319 1.7813 1.2476 0.8047 0.4620 0.2336 0.1031 0.0512 0.0565 0.0991 0.1631 0.2351 0.3068 0.3716 0.4273 0.4719 0.5045 0.5237 0.5374
1.1762 20.6574 4.3091 16.0042 4.2466 17.1928 0.8761 15.0044 8.1221 1.7856 12.7322 9.4056 0.8517 4.4639 10.4936 8.4231 2.5484 0.5552 3.1129 6.3228 7.2575 5.7554 3.4701 1.7928 1.2221 1.5590 2.2712 2.9062 3.1957 3.1282 2.7494 2.2144 1.6355 1.1044 0.6825 0.3719 0.1770 0.0775 0.0517 0.0773 0.1347 0.2088 0.2869 0.3617 0.4270 0.4817 0.5245 0.5545 0.5704 0.5811
11.9244 6.6549 18.8094 3.8496 16.1574 8.3401 6.2613 16.8882 2.0856 7.4185 14.5721 4.8288 1.2526 8.5592 11.4004 6.0956 1.0359 1.5275 5.2225 7.7802 7.4580 5.1489 2.7672 1.4290 1.2726 1.8727 2.6484 3.2020 3.3460 3.1358 2.6530 2.0611 1.4669 0.9502 0.5588 0.2865 0.1291 0.0626 0.0635 0.1091 0.1805 0.2638 0.3469 0.4234 0.4882 0.5410 0.5811 0.6077 0.6198 0.6271
24.3418 3.3026 19.7569 3.5283 20.3796 1.1355 16.3928 10.5331 1.6621 14.3014 11.5765 1.2669 4.7662 12.0545 10.1216 3.3189 0.6785 3.5415 7.4226 8.6702 7.0377 4.2159 2.0425 1.2063 1.4840 2.2901 3.0561 3.4733 3.4444 3.0867 2.5089 1.8747 1.2801 0.7907 0.4387 0.2106 0.0936 0.0613 0.0887 0.1535 0.2376 0.3287 0.4153 0.4922 0.5553 0.6051 0.6418 0.6643 0.6719 0.6753
7.5073 20.8572 4.4142 18.0734 9.4833 7.1201 19.2286 2.4388 8.5338 16.8212 5.5517 1.5288 9.9909 13.1713 6.9965 1.2276 1.8839 6.2337 9.2054 8.7455 6.0280 3.1115 1.4432 1.2100 1.8795 2.7987 3.4726 3.7038 3.4843 2.9829 2.3212 1.6604 1.0820 0.6325 0.3285 0.1490 0.0745 0.0765 0.1294 0.2117 0.3065 0.4032 0.4914 0.5675 0.6279 0.6743 0.7069 0.7249 0.7275 0.7267
5.1755 19.8887 5.4275 21.6860 1.2643 19.3946 10.4977 2.5275 16.8724 12.3575 1.2111 6.2231 14.1342 11.1097 3.3589 0.8989 4.5488 8.9328 10.0718 7.9053 4.5861 2.0462 1.1152 1.4963 2.4526 3.3647 3.8597 3.8623 3.4450 2.8131 2.0897 1.4245 0.8800 0.4827 0.2340 0.1065 0.0752 0.1108 0.1874 0.2848 0.3880 0.4882 0.5760 0.6498 0.7064 0.7482 0.7760 0.7887 0.7858 0.7802
25.7316 2.2431 22.8178 6.7435 11.3726 19.7079 1.5864 12.1120 18.1125 4.5700 2.6815 12.7127 14.5552 6.7300 1.0448 2.8296 7.9685 10.8240 9.6973 6.2754 3.0080 1.2668 1.1816 2.0837 3.1659 3.9370 4.1756 3.9231 3.3161 2.5775 1.8210 1.1762 0.6832 0.3491 0.1616 0.0880 0.0996 0.1667 0.2642 0.3740 0.4828 0.5839 0.6693 0.7391 0.7905 0.8268 0.8489 0.8556 0.8465 0.8357
13.4378 12.7770 18.4098 3.2869 23.4230 6.8389 5.9076 20.3115 10.3498 1.0864 9.6318 16.4611 10.6624 2.4261 1.5192 6.5531 10.9906 11.2205 8.0802 4.2181 1.6726 0.9983 1.7065 2.9363 3.9489 4.4504 4.3759 3.8642 3.0927 2.2814 1.5255 0.9270 0.5022 0.2406 0.1181 0.0984 0.1509 0.2466 0.3614 0.4799 0.5911 0.6905 0.7711 0.8353 0.8802 0.9099 0.9255 0.9254 0.9096 0.8932
3.1205 26.0301 1.8748 20.1270 15.0514 1.9238 18.5976 16.3937 2.0285 6.2125 16.5823 14.3485 4.7969 0.9338 4.9692 10.6606 12.4307 9.8707 5.6224 2.2771 0.9583 1.3867 2.6737 3.9722 4.7231 4.8531 4.4347 3.6788 2.7800 1.9368 1.2199 0.6928 0.3498 0.1667 0.1105 0.1426 0.2324 0.3524 0.4808 0.6050 0.7161 0.8117 0.8856 0.9418 0.9782 0.9997 1.0073 0.9996 0.9765 0.9540
25.7672 7.0402 13.3775 22.0298 1.6918 14.5682 20.9697 4.9642 3.4314 15.5327 17.2168 7.6634 1.0815 3.5965 9.9203 13.2987 11.5534 7.0939 3.0287 1.0277 1.1324 2.4395 3.9577 5.0348 5.3553 5.0540 4.3053 3.3546 2.3869 1.5621 0.9198 0.4863 0.2367 0.1356 0.1447 0.2245 0.3465 0.4855 0.6226 0.7482 0.8555 0.9444 1.0092 1.0552 1.0817 1.0938 1.0925 1.0765 1.0456 1.0166
14.4151 7.3739 25.7528 4.2733 10.3393 23.4800 8.7264 1.8336 13.8141 19.3410 10.4961 1.7560 2.5855 9.1888 13.7914 13.0674 8.5422 3.8278 1.1751 0.9317 2.2646 4.0035 5.3446 5.9415 5.7274 4.9957 3.9742 2.9040 1.9368 1.1827 0.6477 0.3253 0.1760 0.1564 0.2266 0.3476 0.4950 0.6466 0.7870 0.9094 1.0090 1.0882 1.1414 1.1751 1.1902 1.1918 1.1806 1.1557 1.1165 1.0807
3.7947 26.9003 7.6896 7.2580 24.5427 12.1892 1.2570 12.3620 20.6956 13.0475 2.6226 1.9527 8.7271 14.3286 14.2925 9.8691 4.5792 1.3332 0.7952 2.1537 4.1690 5.7805 6.5702 6.5164 5.7507 4.6546 3.4574 2.3616 1.4677 0.8322 0.4296 0.2291 0.1810 0.2378 0.3616 0.5152 0.6803 0.8376 0.9754 1.0897 1.1777 1.2440 1.2832 1.3030 1.3050 1.2947 1.2729 1.2385 1.1905 1.1475
27.4940 10.2880 5.7555 25.1582 14.6314 1.2134 11.7298 21.9379 14.8917 3.3417 1.6719 8.6958 15.1871 15.5256 10.8817 5.1585 1.4303 0.7116 2.1842 4.4605 6.4195 7.3812 7.3697 6.6219 5.3832 4.0475 2.7995 1.7783 1.0249 0.5460 0.2922 0.2165 0.2643 0.3879 0.5551 0.7310 0.9051 1.0607 1.1893 1.2904 1.3630 1.4132 1.4361 1.4409 1.4276 1.4037 1.3708 1.3262 1.2688 1.2180
10.7971 5.8280 26.1574 15.4619 1.2532 12.2988 23.3184 15.8894 3.5122 1.7442 9.3211 16.3795 16.8081 11.6185 5.3571 1.3858 0.6921 2.4155 5.0151 7.2245 8.4166 8.3829 7.5105 6.1731 4.6355 3.2303 2.0684 1.2149 0.6563 0.3598 0.2609 0.3042 0.4359 0.6119 0.8088 0.9946 1.1672 1.3128 1.4254 1.5079 1.5610 1.5920 1.5962 1.5844 1.5543 1.5156 1.4710 1.4158 1.3486 1.2896
7.8799 27.8327 14.2093 1.3695 14.5600 24.8418 15.6451 2.9556 2.3079 11.0122 18.0671 17.8581 11.9223 5.1160 1.1436 0.7999 2.9770 5.9473 8.3720 9.5891 9.5672 8.4794 6.9018 5.2090 3.6058 2.3151 1.3650 0.7514 0.4205 0.3139 0.3612 0.5071 0.7037 0.9132 1.1234 1.3048 1.4651 1.5919 1.6817 1.7404 1.7702 1.7791 1.7626 1.7326 1.6843 1.6299 1.5730 1.5068 1.4295 1.3622
29.4955 10.4982 2.5272 19.0557 26.1206 13.6449 1.8124 3.9331 14.0215 20.5037 18.4921 11.3723 4.3208 0.7865 1.1996 4.0841 7.4747 9.9947 11.0893 10.7904 9.5100 7.6080 5.6519 3.9092 2.4785 1.4601 0.8110 0.4754 0.3764 0.4461 0.6158 0.8386 1.0754 1.2967 1.5035 1.6667 1.8042 1.9044 1.9642 1.9929 1.9936 1.9784 1.9397 1.8901 1.8243 1.7546 1.6844 1.6061 1.5178 1.4420
4.5662 7.0931 25.4271 25.2197 9.3401 1.0311 7.6534 18.6300 22.7962 18.2093 9.6212 2.8946 0.5732 2.2539 5.9684 9.7499 12.1492 12.8336 12.0617 10.3137 8.1509 5.9086 3.9914 2.5105 1.4560 0.8205 0.5158 0.4594 0.5683 0.7808 1.0357 1.3014 1.5487 1.7573 1.9422 2.0723 2.1761 2.2414 2.2646 2.2581 2.2256 2.1842 2.1219 2.0517 1.9678 1.8825 1.7986 1.7077 1.6080 1.5236
17.8731 30.5555 19.4231 3.6697 3.0882 14.6170 24.1400 23.7290 15.6633 6.5539 1.3022 1.1687 4.5692 9.0461 12.7386 14.7263 14.6554 13.1252 10.8017 8.2284 5.8409 3.8118 2.3216 1.3397 0.7776 0.5597 0.5825 0.7633 1.0267 1.3297 1.6219 1.8906 2.1157 2.2866 2.4311 2.5138 2.5737 2.5968 2.5775 2.5316 2.4627 2.3936 2.3066 2.2151 2.1127 2.0116 1.9136 1.8101 1.6989 1.6058
26.9883 8.3667 1.5750 11.5232 24.3698 27.7954 20.9221 10.3360 2.7410 0.8815 3.7923 8.8741 13.6043 16.4604 17.1788 16.0875 13.6086 10.6306 7.7315 5.2298 3.3003 1.9305 1.1109 0.7274 0.6574 0.8061 1.0811 1.4201 1.7625 2.0928 2.3699 2.6011 2.7740 2.8844 2.9719 2.9945 3.0004 2.9732 2.9061 2.8192 2.7159 2.6198 2.5078 2.3926 2.2699 2.1516 2.0386 1.9221 1.7992 1.6971
1.5583 11.5836 26.1736 31.1546 24.3259 12.5513 3.5920 1.0356 4.1308 9.9848 15.5268 19.1435 20.1374 18.8644 16.1889 12.8744 9.4287 6.4233 4.0797 2.4254 1.4064 0.8923 0.7748 0.9284 1.2352 1.6261 2.0326 2.4254 2.7594 3.0498 3.2592 3.4146 3.5088 3.5386 3.5549 3.5063 3.4495 3.3648 3.2454 3.1174 2.9827 2.8614 2.7242 2.5831 2.4384 2.3015 2.1726 2.0430 1.9086 1.7969
32.0563 33.8735 24.0746 11.1031 2.7097 1.7157 6.4952 13.5094 19.6694 23.2659 23.6315 21.7130 18.2219 14.1584 10.2619 6.9362 4.3314 2.5397 1.4750 0.9926 0.9419 1.1674 1.5662 2.0543 2.5376 2.9984 3.3925 3.7253 3.9629 4.1496 4.2444 4.2914 4.2848 4.2184 4.1532 4.0262 3.9016 3.7559 3.5824 3.4132 3.2482 3.1026 2.9408 2.7736 2.6069 2.4515 2.3069 2.1645 2.0187 1.8977
16.5359 5.0756 1.5825 5.6148 13.5633 21.4863 26.7627 28.3915 26.9134 23.3242 18.4758 13.6848 9.4024 6.0083 3.5920 2.0725 1.2897 1.0840 1.2803 1.7268 2.3076 2.8996 3.4808 4.0230 4.4494 4.8004 5.0455 5.2187 5.2874 5.3195 5.2686 5.1878 5.0673 4.8965 4.7455 4.5406 4.3489 4.1434 3.9179 3.7097 3.5164 3.3450 3.1587 2.9684 2.7808 2.6075 2.4471 2.2921 2.1351 2.0047
10.3527 20.2359 28.7756 33.6185 34.2387 31.3809 26.3320 20.3624 14.6577 9.8186 6.0393 3.4996 2.0043 1.3524 1.3338 1.7434 2.3929 3.1538 3.9312 4.6624 5.3218 5.8178 6.2251 6.5537 6.7151 6.8121 6.8118 6.7628 6.6197 6.4654 6.2625 6.0536 5.8164 5.5412 5.3077 5.0368 4.7870 4.5288 4.2590 4.0168 3.7978 3.5938 3.3819 3.1761 2.9704 2.7803 2.6038 2.4360 2.2676 2.1273
41.1767 36.0480 29.0968 21.7986 15.1450 9.7312 5.7695 3.2210 1.9093 1.5585 1.8793 2.6507 3.6468 4.7020 5.7508 6.7355 7.5392 8.1761 8.6513 8.9975 9.2442 9.2875 9.2719 9.2172 8.9981 8.7731 8.4915 8.2043 7.8444 7.5042 7.1605 6.8357 6.4924 6.1233 5.8168 5.4904 5.1906 4.8863 4.5781 4.3072 4.0672 3.8327 3.5975 3.3791 3.1572 2.9514 2.7597 2.5800 2.4008 2.2510
4.4965 2.6115 2.0590 2.5172 3.6481 5.1638 6.8316 8.4473 9.9424 11.2703 12.2760 13.1299 13.7145 14.0342 14.2534 14.3946 14.2818 14.0301 13.6758 13.3060 12.9407 12.4266 11.9366 11.4822 10.8940 10.3732 9.8459 9.3564 8.8166 8.3240 7.8728 7.4602 7.0348 6.5924 6.2296 5.8633 5.5263 5.1872 4.8497 4.5564 4.2996 4.0396 3.7860 3.5595 3.3247 3.1059 2.9010 2.7110 2.5226 2.3647
30.7467 31.1528 31.2779 31.1538 30.7591 30.2049 29.4631 28.4788 27.4602 26.4538 25.2078 24.1344 22.9875 21.7720 20.7254 19.8249 18.7817 17.7409 16.7260 15.8202 15.0199 14.1290 13.3202 12.6029 11.8052 11.1162 10.4487 9.8358 9.2007 8.6438 8.1393 7.6824 7.2163 6.7368 6.3444 5.9558 5.6073 5.2620 4.9115 4.5979 4.3143 4.0510 3.7986 3.5774 3.3420 3.1212 2.9135 2.7210 2.5306 2.3719
