0.0532 0.0543 0.0562 0.0556 0.0491 0.0494 0.0476 0.0439 0.0434 0.0392 0.0379 0.0351 0.0315 0.0300 0.0275 0.0247 0.0228 0.0208 0.0186 0.0169 0.0154 0.0140 0.0125 0.0112 0.0100 0.0090 0.0082 0.0074 0.0067 0.0060 0.0053 0.0047 0.0042 0.0037 0.0033 0.0030 0.0027 0.0024 0.0021 0.0019 0.0017 0.0015 0.0014 0.0012 0.0011 0.0010 0.0009 0.0008 0.0007 0.0006
0.1595 0.1625 0.1680 0.1673 0.1478 0.1479 0.1432 0.1316 0.1303 0.1176 0.1137 0.1051 0.0946 0.0902 0.0825 0.0742 0.0683 0.0623 0.0559 0.0506 0.0461 0.0421 0.0376 0.0335 0.0301 0.0272 0.0247 0.0223 0.0202 0.0181 0.0160 0.0142 0.0126 0.0112 0.0100 0.0089 0.0080 0.0072 0.0064 0.0057 0.0052 0.0046 0.0042 0.0037 0.0034 0.0030 0.0027 0.0024 0.0022 0.0019
0.2662 0.2697 0.2782 0.2799 0.2481 0.2459 0.2394 0.2192 0.2173 0.1960 0.1901 0.1750 0.1579 0.1508 0.1377 0.1236 0.1138 0.1039 0.0932 0.0843 0.0768 0.0701 0.0626 0.0558 0.0501 0.0453 0.0412 0.0372 0.0337 0.0301 0.0267 0.0237 0.0209 0.0186 0.0166 0.0148 0.0134 0.0120 0.0107 0.0096 0.0086 0.0078 0.0070 0.0063 0.0056 0.0050 0.0045 0.0040 0.0036 0.0032
0.3753 0.3764 0.3861 0.3934 0.3514 0.3432 0.3365 0.3071 0.3043 0.2746 0.2671 0.2446 0.2216 0.2121 0.1930 0.1729 0.1595 0.1458 0.1306 0.1180 0.1075 0.0981 0.0876 0.0781 0.0702 0.0634 0.0577 0.0522 0.0472 0.0421 0.0372 0.0330 0.0292 0.0260 0.0232 0.0208 0.0187 0.0169 0.0151 0.0135 0.0121 0.0109 0.0098 0.0088 0.0079 0.0071 0.0063 0.0056 0.0050 0.0045
0.4908 0.4846 0.4916 0.5064 0.4592 0.4403 0.4345 0.3957 0.3911 0.3538 0.3447 0.3138 0.2860 0.2743 0.2485 0.2221 0.2054 0.1880 0.1681 0.1517 0.1382 0.1260 0.1125 0.1003 0.0901 0.0816 0.0742 0.0671 0.0606 0.0539 0.0476 0.0422 0.0373 0.0334 0.0298 0.0267 0.0241 0.0218 0.0194 0.0174 0.0156 0.0140 0.0126 0.0113 0.0101 0.0091 0.0081 0.0072 0.0065 0.0058
0.6170 0.5979 0.5968 0.6168 0.5724 0.5385 0.5334 0.4859 0.4774 0.4339 0.4224 0.3824 0.3516 0.3377 0.3037 0.2713 0.2521 0.2308 0.2056 0.1852 0.1688 0.1540 0.1373 0.1224 0.1101 0.0997 0.0908 0.0819 0.0738 0.0656 0.0578 0.0513 0.0454 0.0407 0.0365 0.0327 0.0296 0.0267 0.0239 0.0213 0.0191 0.0172 0.0154 0.0138 0.0124 0.0111 0.0099 0.0088 0.0079 0.0071
0.7549 0.7200 0.7055 0.7229 0.6900 0.6393 0.6333 0.5783 0.5632 0.5151 0.4993 0.4503 0.4190 0.4018 0.3581 0.3205 0.3000 0.2744 0.2431 0.2186 0.1995 0.1819 0.1620 0.1444 0.1300 0.1179 0.1073 0.0966 0.0868 0.0770 0.0678 0.0602 0.0535 0.0480 0.0431 0.0388 0.0351 0.0317 0.0283 0.0253 0.0226 0.0204 0.0182 0.0163 0.0146 0.0131 0.0117 0.0104 0.0093 0.0084
0.8977 0.8508 0.8215 0.8260 0.8085 0.7427 0.7354 0.6721 0.6494 0.5968 0.5744 0.5178 0.4880 0.4654 0.4107 0.3707 0.3499 0.3184 0.2802 0.2519 0.2303 0.2100 0.1867 0.1662 0.1498 0.1359 0.1235 0.1109 0.0995 0.0880 0.0776 0.0690 0.0615 0.0554 0.0499 0.0450 0.0407 0.0368 0.0329 0.0293 0.0262 0.0235 0.0210 0.0188 0.0168 0.0150 0.0134 0.0120 0.0107 0.0096
1.0351 0.9824 0.9436 0.9309 0.9225 0.8467 0.8413 0.7651 0.7376 0.6775 0.6475 0.5850 0.5573 0.5258 0.4610 0.4227 0.4017 0.3620 0.3163 0.2850 0.2615 0.2382 0.2112 0.1879 0.1695 0.1537 0.1395 0.1249 0.1117 0.0988 0.0873 0.0779 0.0697 0.0630 0.0569 0.0513 0.0464 0.0419 0.0373 0.0332 0.0297 0.0266 0.0237 0.0212 0.0190 0.0169 0.0151 0.0135 0.0120 0.0108
1.1665 1.1074 1.0623 1.0403 1.0289 0.9469 0.9488 0.8545 0.8295 0.7553 0.7192 0.6510 0.6241 0.5803 0.5096 0.4775 0.4537 0.4030 0.3508 0.3185 0.2934 0.2665 0.2355 0.2094 0.1889 0.1712 0.1549 0.1383 0.1236 0.1094 0.0970 0.0869 0.0780 0.0706 0.0639 0.0576 0.0520 0.0469 0.0417 0.0370 0.0330 0.0295 0.0263 0.0235 0.0210 0.0188 0.0167 0.0149 0.0133 0.0120
1.2989 1.2378 1.1664 1.1466 1.1317 1.0418 1.0469 0.9443 0.9238 0.8310 0.7928 0.7156 0.6870 0.6298 0.5602 0.5357 0.5035 0.4406 0.3856 0.3545 0.3273 0.2957 0.2603 0.2314 0.2089 0.1890 0.1706 0.1520 0.1359 0.1206 0.1073 0.0965 0.0868 0.0787 0.0711 0.0639 0.0576 0.0517 0.0459 0.0407 0.0362 0.0323 0.0288 0.0257 0.0230 0.0206 0.0183 0.0164 0.0146 0.0132
1.4110 1.3895 1.2674 1.2335 1.2336 1.1346 1.1186 1.0446 1.0084 0.9091 0.8693 0.7792 0.7479 0.6785 0.6156 0.5936 0.5472 0.4757 0.4237 0.3948 0.3636 0.3261 0.2863 0.2549 0.2303 0.2081 0.1874 0.1670 0.1495 0.1331 0.1187 0.1070 0.0963 0.0872 0.0785 0.0703 0.0632 0.0566 0.0501 0.0444 0.0394 0.0352 0.0314 0.0281 0.0252 0.0226 0.0201 0.0180 0.0161 0.0145
1.4494 1.5056 1.4077 1.2932 1.3191 1.2355 1.1583 1.1532 1.0622 0.9950 0.9417 0.8419 0.8086 0.7278 0.6711 0.6425 0.5814 0.5106 0.4661 0.4368 0.3984 0.3547 0.3117 0.2788 0.2523 0.2277 0.2046 0.1824 0.1638 0.1462 0.1306 0.1176 0.1056 0.0953 0.0856 0.0763 0.0684 0.0611 0.0541 0.0479 0.0426 0.0381 0.0340 0.0306 0.0275 0.0246 0.0220 0.0197 0.0176 0.0159
1.4432 1.4984 1.5602 1.3689 1.3699 1.3519 1.1954 1.2462 1.0946 1.0923 1.0005 0.9102 0.8722 0.7794 0.7244 0.6835 0.6158 0.5533 0.5125 0.4758 0.4282 0.3806 0.3371 0.3037 0.2752 0.2478 0.2224 0.1986 0.1787 0.1597 0.1426 0.1281 0.1146 0.1031 0.0922 0.0821 0.0734 0.0656 0.0582 0.0517 0.0461 0.0413 0.0370 0.0333 0.0300 0.0270 0.0241 0.0215 0.0193 0.0174
1.5288 1.4702 1.5915 1.5264 1.3949 1.4568 1.2823 1.3121 1.1582 1.1790 1.0464 0.9890 0.9358 0.8366 0.7820 0.7315 0.6648 0.6052 0.5555 0.5066 0.4541 0.4079 0.3658 0.3311 0.2992 0.2685 0.2407 0.2154 0.1941 0.1735 0.1547 0.1386 0.1236 0.1109 0.0991 0.0882 0.0789 0.0707 0.0629 0.0560 0.0502 0.0450 0.0404 0.0364 0.0329 0.0295 0.0263 0.0236 0.0211 0.0190
1.7522 1.6157 1.5871 1.6757 1.4923 1.5250 1.4322 1.3802 1.2775 1.2495 1.1222 1.0756 0.9989 0.9066 0.8513 0.7951 0.7257 0.6548 0.5917 0.5392 0.4909 0.4475 0.4021 0.3613 0.3236 0.2893 0.2595 0.2329 0.2103 0.1879 0.1671 0.1494 0.1331 0.1194 0.1069 0.0953 0.0855 0.0767 0.0685 0.0611 0.0548 0.0492 0.0441 0.0398 0.0359 0.0322 0.0287 0.0256 0.0229 0.0206
1.9167 1.8416 1.7571 1.7805 1.6955 1.6307 1.5699 1.4856 1.4191 1.3684 1.2398 1.1605 1.0858 0.9894 0.9190 0.8576 0.7801 0.7010 0.6422 0.5996 0.5519 0.4981 0.4388 0.3885 0.3463 0.3108 0.2804 0.2527 0.2283 0.2035 0.1804 0.1610 0.1433 0.1288 0.1155 0.1031 0.0926 0.0831 0.0742 0.0663 0.0594 0.0532 0.0475 0.0428 0.0386 0.0347 0.0308 0.0274 0.0245 0.0220
2.0819 2.0269 1.9326 1.9461 1.8374 1.7920 1.7086 1.6412 1.5115 1.4587 1.3154 1.2990 1.2099 1.0609 0.9875 0.9228 0.8300 0.7521 0.7021 0.6536 0.5873 0.5189 0.4575 0.4135 0.3776 0.3441 0.3113 0.2791 0.2498 0.2208 0.1946 0.1731 0.1540 0.1383 0.1240 0.1105 0.0990 0.0886 0.0790 0.0704 0.0630 0.0563 0.0503 0.0453 0.0409 0.0367 0.0326 0.0291 0.0260 0.0234
2.0385 2.1202 2.0210 1.9131 1.9564 1.7854 1.7960 1.6393 1.6172 1.4836 1.4023 1.3218 1.2072 1.1307 1.0516 0.9578 0.8801 0.8102 0.7351 0.6633 0.5994 0.5478 0.4964 0.4491 0.4026 0.3592 0.3216 0.2889 0.2619 0.2352 0.2104 0.1889 0.1685 0.1511 0.1348 0.1194 0.1064 0.0948 0.0843 0.0751 0.0672 0.0600 0.0537 0.0484 0.0437 0.0393 0.0349 0.0312 0.0279 0.0251
2.1329 2.1511 2.2064 2.0246 2.0504 1.9267 1.8821 1.7567 1.7141 1.5707 1.5044 1.3989 1.2877 1.2086 1.1163 1.0197 0.9408 0.8629 0.7804 0.7068 0.6422 0.5876 0.5305 0.4779 0.4287 0.3836 0.3450 0.3103 0.2813 0.2524 0.2256 0.2023 0.1802 0.1615 0.1441 0.1277 0.1139 0.1016 0.0905 0.0806 0.0722 0.0646 0.0577 0.0519 0.0468 0.0420 0.0374 0.0334 0.0299 0.0269
2.3831 2.2136 2.2970 2.2136 2.1090 2.0930 1.9556 1.8935 1.7984 1.6730 1.6045 1.4785 1.3742 1.2867 1.1835 1.0855 1.0023 0.9156 0.8278 0.7536 0.6873 0.6281 0.5647 0.5072 0.4559 0.4098 0.3703 0.3330 0.3015 0.2700 0.2411 0.2159 0.1922 0.1722 0.1537 0.1364 0.1218 0.1087 0.0969 0.0865 0.0775 0.0694 0.0619 0.0557 0.0501 0.0449 0.0400 0.0358 0.0320 0.0288
2.5709 2.4314 2.3264 2.4024 2.2010 2.2361 2.0505 2.0295 1.8806 1.7893 1.7001 1.5639 1.4651 1.3656 1.2548 1.1542 1.0639 0.9696 0.8787 0.8036 0.7338 0.6687 0.5990 0.5374 0.4849 0.4380 0.3973 0.3570 0.3225 0.2881 0.2568 0.2298 0.2045 0.1832 0.1636 0.1455 0.1301 0.1162 0.1037 0.0927 0.0832 0.0744 0.0664 0.0596 0.0535 0.0480 0.0427 0.0382 0.0342 0.0308
2.5625 2.6668 2.4526 2.4988 2.3750 2.3280 2.1914 2.1442 1.9771 1.9124 1.7926 1.6573 1.5592 1.4472 1.3304 1.2243 1.1262 1.0267 0.9336 0.8560 0.7808 0.7092 0.6341 0.5695 0.5163 0.4684 0.4260 0.3819 0.3439 0.3064 0.2728 0.2440 0.2172 0.1947 0.1740 0.1551 0.1388 0.1242 0.1110 0.0993 0.0891 0.0798 0.0712 0.0637 0.0571 0.0511 0.0456 0.0407 0.0364 0.0328
2.6527 2.7210 2.7000 2.5434 2.5772 2.4002 2.3604 2.2347 2.0971 2.0309 1.8832 1.7567 1.6550 1.5317 1.4084 1.2951 1.1912 1.0891 0.9931 0.9099 0.8274 0.7502 0.6715 0.6050 0.5506 0.5005 0.4552 0.4073 0.3660 0.3255 0.2895 0.2589 0.2306 0.2070 0.1854 0.1653 0.1481 0.1325 0.1186 0.1062 0.0955 0.0855 0.0762 0.0680 0.0610 0.0546 0.0486 0.0435 0.0389 0.0350
2.9671 2.7543 2.8771 2.6782 2.7102 2.5204 2.5118 2.3246 2.2364 2.1386 1.9770 1.8615 1.7528 1.6180 1.4869 1.3679 1.2617 1.1573 1.0556 0.9639 0.8739 0.7927 0.7123 0.6449 0.5877 0.5337 0.4841 0.4327 0.3886 0.3458 0.3074 0.2749 0.2449 0.2203 0.1977 0.1764 0.1580 0.1413 0.1266 0.1135 0.1021 0.0914 0.0814 0.0727 0.0652 0.0584 0.0520 0.0465 0.0415 0.0374
3.1149 3.0030 2.9163 2.9153 2.7779 2.7072 2.6213 2.4449 2.3801 2.2387 2.0812 1.9734 1.8529 1.7049 1.5668 1.4458 1.3387 1.2289 1.1181 1.0173 0.9216 0.8384 0.7571 0.6883 0.6269 0.5678 0.5132 0.4582 0.4115 0.3666 0.3260 0.2917 0.2602 0.2346 0.2110 0.1882 0.1685 0.1506 0.1350 0.1211 0.1091 0.0977 0.0870 0.0776 0.0696 0.0624 0.0555 0.0496 0.0443 0.0398
3.1100 3.2523 3.0293 3.0958 2.8901 2.8943 2.7147 2.6015 2.5110 2.3396 2.1990 2.0906 1.9524 1.7914 1.6514 1.5316 1.4209 1.3008 1.1791 1.0709 0.9724 0.8887 0.8062 0.7345 0.6673 0.6021 0.5421 0.4838 0.4350 0.3885 0.3458 0.3098 0.2766 0.2500 0.2253 0.2009 0.1797 0.1603 0.1439 0.1292 0.1165 0.1042 0.0927 0.0826 0.0742 0.0665 0.0592 0.0528 0.0472 0.0424
3.3693 3.3046 3.2935 3.1738 3.0953 3.0234 2.8418 2.7701 2.6248 2.4524 2.3298 2.2074 2.0480 1.8808 1.7452 1.6250 1.5042 1.3702 1.2392 1.1276 1.0285 0.9443 0.8588 0.7822 0.7079 0.6362 0.5709 0.5099 0.4594 0.4117 0.3671 0.3293 0.2944 0.2666 0.2405 0.2143 0.1915 0.1706 0.1532 0.1376 0.1242 0.1110 0.0987 0.0879 0.0790 0.0709 0.0631 0.0563 0.0503 0.0450
3.6125 3.4123 3.4710 3.2827 3.2882 3.1129 3.0061 2.9146 2.7301 2.5837 2.4641 2.3134 2.1380 1.9784 1.8501 1.7218 1.5843 1.4367 1.3008 1.1907 1.0928 1.0061 0.9144 0.8307 0.7501 0.6729 0.6035 0.5392 0.4865 0.4368 0.3907 0.3516 0.3151 0.2853 0.2573 0.2292 0.2050 0.1830 0.1640 0.1471 0.1327 0.1187 0.1056 0.0939 0.0842 0.0755 0.0673 0.0601 0.0537 0.0481
3.6390 3.6685 3.5387 3.4890 3.4093 3.2403 3.1812 3.0317 2.8494 2.7336 2.5919 2.4092 2.2337 2.0900 1.9614 1.8145 1.6589 1.5037 1.3687 1.2618 1.1628 1.0701 0.9698 0.8782 0.7920 0.7103 0.6375 0.5706 0.5159 0.4642 0.4164 0.3756 0.3372 0.3052 0.2750 0.2449 0.2192 0.1959 0.1752 0.1570 0.1415 0.1267 0.1128 0.1003 0.0897 0.0802 0.0718 0.0641 0.0573 0.0513
3.7957 3.8170 3.6741 3.6749 3.5066 3.4134 3.3284 3.1390 2.9957 2.8870 2.7017 2.5023 2.3451 2.2131 2.0691 1.8983 1.7311 1.5768 1.4458 1.3397 1.2353 1.1334 1.0234 0.9247 0.8343 0.7495 0.6742 0.6048 0.5480 0.4938 0.4440 0.4012 0.3607 0.3262 0.2934 0.2612 0.2339 0.2093 0.1869 0.1673 0.1508 0.1351 0.1203 0.1069 0.0954 0.0852 0.0765 0.0684 0.0611 0.0548
4.0193 3.9006 3.8749 3.7920 3.6410 3.5912 3.4391 3.2643 3.1630 3.0216 2.7959 2.6094 2.4745 2.3354 2.1648 1.9759 1.8087 1.6611 1.5319 1.4211 1.3068 1.1941 1.0752 0.9714 0.8788 0.7920 0.7144 0.6424 0.5831 0.5258 0.4735 0.4283 0.3852 0.3480 0.3125 0.2780 0.2492 0.2233 0.1991 0.1781 0.1604 0.1439 0.1282 0.1139 0.1014 0.0905 0.0815 0.0729 0.0651 0.0584
4.1276 4.0312 4.0365 3.8823 3.8211 3.7338 3.5395 3.4247 3.3212 3.1254 2.8988 2.7458 2.6126 2.4442 2.2501 2.0604 1.9050 1.7642 1.6304 1.5069 1.3785 1.2557 1.1309 1.0246 0.9310 0.8427 0.7629 0.6877 0.6248 0.5631 0.5073 0.4590 0.4126 0.3726 0.3346 0.2976 0.2666 0.2388 0.2130 0.1905 0.1715 0.1540 0.1373 0.1223 0.1090 0.0972 0.0875 0.0783 0.0699 0.0628
4.1816 4.2162 4.1156 4.0153 4.0006 3.8188 3.6746 3.6035 3.4383 3.2167 3.0303 2.8969 2.7352 2.5343 2.3346 2.1585 2.0154 1.8733 1.7272 1.5878 1.4465 1.3171 1.1895 1.0828 0.9888 0.8986 0.8156 0.7362 0.6688 0.6019 0.5424 0.4907 0.4408 0.3981 0.3576 0.3181 0.2848 0.2549 0.2277 0.2037 0.1833 0.1647 0.1471 0.1313 0.1171 0.1045 0.0939 0.0841 0.0751 0.0674
4.3339 4.3275 4.1712 4.2197 4.0872 3.9098 3.8652 3.7413 3.5164 3.3347 3.1900 3.0354 2.8316 2.6178 2.4328 2.2735 2.1334 1.9800 1.8177 1.6639 1.5139 1.3820 1.2541 1.1475 1.0525 0.9591 0.8716 0.7869 0.7143 0.6417 0.5782 0.5233 0.4699 0.4245 0.3816 0.3396 0.3041 0.2721 0.2434 0.2178 0.1958 0.1761 0.1576 0.1410 0.1258 0.1123 0.1009 0.0903 0.0806 0.0724
4.5182 4.3081 4.3917 4.3273 4.1257 4.1017 4.0320 3.8100 3.6164 3.5017 3.3484 3.1448 2.9194 2.7203 2.5569 2.4030 2.2522 2.0812 1.9043 1.7423 1.5892 1.4574 1.3288 1.2205 1.1223 1.0241 0.9311 0.8403 0.7623 0.6845 0.6167 0.5582 0.5014 0.4533 0.4078 0.3633 0.3256 0.2917 0.2612 0.2340 0.2105 0.1895 0.1697 0.1519 0.1358 0.1213 0.1089 0.0974 0.0871 0.0782
4.4328 4.5494 4.5377 4.3172 4.3198 4.2994 4.0871 3.8908 3.7939 3.6827 3.4703 3.2369 3.0306 2.8601 2.7060 2.5393 2.3680 2.1801 1.9943 1.8315 1.6800 1.5482 1.4158 1.3020 1.1976 1.0930 0.9942 0.8971 0.8143 0.7328 0.6601 0.5975 0.5371 0.4859 0.4376 0.3906 0.3511 0.3155 0.2829 0.2538 0.2288 0.2060 0.1844 0.1648 0.1476 0.1322 0.1186 0.1062 0.0949 0.0853
4.6979 4.7037 4.4643 4.5260 4.5437 4.3245 4.1354 4.0780 3.9960 3.8063 3.5508 3.3400 3.1754 3.0209 2.8554 2.6655 2.4758 2.2788 2.0911 1.9312 1.7812 1.6473 1.5083 1.3865 1.2745 1.1631 1.0585 0.9552 0.8682 0.7836 0.7060 0.6392 0.5754 0.5211 0.4698 0.4202 0.3788 0.3416 0.3066 0.2755 0.2489 0.2241 0.2004 0.1788 0.1605 0.1440 0.1292 0.1157 0.1035 0.0930
4.8083 4.5683 4.7194 4.7662 4.5185 4.3513 4.3427 4.3009 4.1149 3.8690 3.6451 3.4888 3.3497 3.1833 2.9923 2.7815 2.5830 2.3851 2.1991 2.0419 1.8908 1.7516 1.6035 1.4724 1.3524 1.2343 1.1246 1.0156 0.9250 0.8377 0.7553 0.6844 0.6170 0.5594 0.5049 0.4525 0.4091 0.3701 0.3324 0.2992 0.2709 0.2439 0.2179 0.1940 0.1745 0.1570 0.1408 0.1261 0.1129 0.1014
4.6841 4.9451 4.9475 4.6936 4.5891 4.6398 4.6014 4.4176 4.1815 3.9899 3.8274 3.6908 3.5316 3.3354 3.1240 2.9072 2.7111 2.5167 2.3314 2.1706 2.0128 1.8664 1.7099 1.5715 1.4447 1.3205 1.2056 1.0905 0.9941 0.8998 0.8141 0.7402 0.6692 0.6078 0.5497 0.4939 0.4473 0.4050 0.3635 0.3270 0.2960 0.2670 0.2392 0.2141 0.1930 0.1738 0.1559 0.1397 0.1251 0.1124
5.1810 5.0366 4.8089 4.8534 4.9548 4.8813 4.6675 4.4640 4.3246 4.2175 4.0616 3.8879 3.6865 3.4688 3.2548 3.0454 2.8566 2.6645 2.4758 2.3073 2.1397 1.9855 1.8213 1.6769 1.5443 1.4147 1.2951 1.1738 1.0708 0.9683 0.8792 0.8026 0.7275 0.6621 0.5997 0.5403 0.4899 0.4438 0.3978 0.3576 0.3236 0.2924 0.2629 0.2367 0.2138 0.1928 0.1730 0.1551 0.1390 0.1250
5.0153 4.9559 5.1560 5.2476 5.0972 4.8738 4.7277 4.6642 4.6031 4.4845 4.2640 4.0384 3.8145 3.6012 3.4008 3.2039 3.0198 2.8251 2.6286 2.4496 2.2714 2.1099 1.9391 1.7898 1.6520 1.5173 1.3929 1.2651 1.1549 1.0431 0.9504 0.8707 0.7913 0.7213 0.6543 0.5910 0.5365 0.4862 0.4352 0.3908 0.3535 0.3201 0.2888 0.2616 0.2368 0.2137 0.1919 0.1721 0.1542 0.1388
5.2964 5.5021 5.4332 5.2248 5.0748 5.0404 5.0429 4.9944 4.8622 4.6629 4.3977 4.1650 3.9542 3.7600 3.5744 3.3847 3.1973 2.9942 2.7882 2.6009 2.4147 2.2453 2.0673 1.9124 1.7694 1.6293 1.4996 1.3666 1.2515 1.1333 1.0344 0.9492 0.8642 0.7890 0.7169 0.6492 0.5907 0.5363 0.4811 0.4331 0.3927 0.3561 0.3219 0.2923 0.2651 0.2396 0.2155 0.1935 0.1736 0.1564
5.7080 5.4905 5.3579 5.3753 5.4374 5.4513 5.3687 5.2003 4.9885 4.7680 4.5314 4.3318 4.1436 3.9591 3.7751 3.5828 3.3842 3.1692 2.9544 2.7625 2.5711 2.3932 2.2068 2.0451 1.8964 1.7502 1.6147 1.4780 1.3602 1.2390 1.1313 1.0383 0.9467 0.8655 0.7878 0.7156 0.6531 0.5948 0.5365 0.4854 0.4422 0.4016 0.3633 0.3298 0.2995 0.2712 0.2444 0.2199 0.1977 0.1785
5.6304 5.7324 5.8375 5.8593 5.7754 5.6399 5.4768 5.2985 5.1194 4.9418 4.7484 4.5677 4.3785 4.1834 3.9881 3.7871 3.5752 3.3489 3.1269 2.9320 2.7366 2.5504 2.3554 2.1866 2.0317 1.8791 1.7373 1.5969 1.4768 1.3529 1.2359 1.1344 1.0357 0.9483 0.8647 0.7879 0.7213 0.6591 0.5977 0.5436 0.4977 0.4526 0.4097 0.3718 0.3381 0.3068 0.2770 0.2498 0.2251 0.2036
6.3115 6.2715 6.1348 5.9791 5.8388 5.7402 5.6502 5.5327 5.3892 5.2209 5.0277 4.8312 4.6193 4.4009 4.1866 3.9706 3.7499 3.5172 3.2909 3.0949 2.8969 2.7042 2.5012 2.3253 2.1646 2.0070 1.8610 1.7175 1.5952 1.4681 1.3432 1.2349 1.1303 1.0380 0.9495 0.8675 0.7964 0.7298 0.6651 0.6077 0.5589 0.5095 0.4620 0.4194 0.3823 0.3478 0.3150 0.2848 0.2574 0.2334
6.4736 6.3654 6.2892 6.2378 6.1860 6.1202 6.0179 5.8599 5.6856 5.4937 5.2830 5.0667 4.8348 4.5926 4.3521 4.1061 3.8845 3.6523 3.4251 3.2289 3.0298 2.8358 2.6265 2.4437 2.2789 2.1203 1.9760 1.8308 1.7055 1.5722 1.4450 1.3352 1.2286 1.1358 1.0452 0.9566 0.8795 0.8073 0.7385 0.6771 0.6248 0.5727 0.5215 0.4744 0.4341 0.3967 0.3611 0.3280 0.2975 0.2706
6.9497 6.9074 6.8466 6.7634 6.6522 6.5025 6.3192 6.0950 5.8937 5.6954 5.4881 5.2701 5.0321 4.7751 4.5137 4.2400 4.0191 3.7884 3.5609 3.3649 3.1651 2.9700 2.7544 2.5647 2.3959 2.2372 2.0957 1.9495 1.8216 1.6822 1.5531 1.4424 1.3345 1.2419 1.1499 1.0543 0.9708 0.8926 0.8196 0.7541 0.6981 0.6434 0.5883 0.5363 0.4927 0.4524 0.4139 0.3775 0.3437 0.3138
7.4368 7.3027 7.1789 7.0493 6.9035 6.7157 6.4997 6.2501 6.0503 5.8641 5.6721 5.4593 5.2182 4.9472 4.6650 4.3637 4.1430 3.9137 3.6864 3.4908 3.2906 3.0948 2.8730 2.6765 2.5038 2.3456 2.2080 2.0615 1.9321 1.7880 1.6575 1.5464 1.4378 1.3460 1.2533 1.1507 1.0613 0.9773 0.9004 0.8311 0.7716 0.7145 0.6560 0.5992 0.5524 0.5092 0.4682 0.4287 0.3917 0.3587
7.4104 7.2928 7.1854 7.0632 6.9117 6.7255 6.5120 6.2650 6.0585 5.8631 5.6698 5.4572 5.2174 4.9394 4.6556 4.3581 4.1342 3.9042 3.6817 3.4881 3.2889 3.0934 2.8669 2.6640 2.4873 2.3294 2.1950 2.0493 1.9245 1.7897 1.6579 1.5450 1.4365 1.3433 1.2490 1.1465 1.0585 0.9764 0.9000 0.8300 0.7690 0.7120 0.6540 0.5984 0.5511 0.5078 0.4680 0.4289 0.3920 0.3590
