0.1568 0.0318 0.1063 0.3904 0.2690 0.0325 0.3713 0.0308 0.3137 0.0419 0.2877 0.0676 0.0843 0.1840 0.0805 0.0209 0.0438 0.1128 0.1705 0.1468 0.0694 0.0235 0.0405 0.0811 0.0970 0.0777 0.0414 0.0123 0.0022 0.0100 0.0269 0.0438 0.0548 0.0580 0.0548 0.0467 0.0367 0.0266 0.0177 0.0107 0.0058 0.0027 0.0011 0.0007 0.0010 0.0018 0.0029 0.0039 0.0049 0.0058
0.5194 0.1114 0.2879 1.1474 0.8380 0.0856 1.1105 0.1024 0.9339 0.1297 0.8635 0.1926 0.2612 0.5478 0.2324 0.0629 0.1380 0.3456 0.5150 0.4395 0.2060 0.0695 0.1212 0.2421 0.2885 0.2302 0.1220 0.0357 0.0065 0.0306 0.0816 0.1321 0.1649 0.1739 0.1642 0.1397 0.1098 0.0795 0.0528 0.0319 0.0172 0.0080 0.0034 0.0021 0.0031 0.0055 0.0086 0.0118 0.0148 0.0175
1.0348 0.2537 0.3856 1.8245 1.4952 0.1109 1.8323 0.2082 1.5286 0.2322 1.4378 0.2884 0.4632 0.8971 0.3582 0.1074 0.2528 0.5992 0.8682 0.7283 0.3353 0.1118 0.2005 0.3995 0.4729 0.3741 0.1956 0.0557 0.0109 0.0535 0.1390 0.2227 0.2762 0.2902 0.2731 0.2318 0.1817 0.1312 0.0869 0.0524 0.0282 0.0131 0.0055 0.0035 0.0053 0.0094 0.0145 0.0199 0.0249 0.0294
1.8139 0.5455 0.3767 2.3451 2.2828 0.1161 2.5025 0.3862 2.0683 0.3677 2.0006 0.3410 0.7062 1.2175 0.4441 0.1618 0.4034 0.8852 1.2321 1.0072 0.4510 0.1477 0.2772 0.5506 0.6449 0.5036 0.2580 0.0705 0.0158 0.0804 0.2014 0.3174 0.3899 0.4070 0.3812 0.3223 0.2517 0.1811 0.1196 0.0718 0.0383 0.0177 0.0074 0.0049 0.0076 0.0134 0.0207 0.0283 0.0352 0.0415
2.9439 1.1241 0.2993 2.6118 3.2064 0.1504 3.0564 0.6929 2.5078 0.5660 2.5291 0.3453 1.0035 1.4888 0.4829 0.2410 0.6064 1.2103 1.6019 1.2655 0.5444 0.1737 0.3502 0.6926 0.7996 0.6129 0.3052 0.0786 0.0221 0.1134 0.2711 0.4179 0.5069 0.5247 0.4883 0.4107 0.3193 0.2287 0.1502 0.0896 0.0475 0.0217 0.0091 0.0064 0.0101 0.0178 0.0272 0.0370 0.0458 0.0539
4.4062 2.1507 0.2865 2.5295 4.2051 0.3161 3.3961 1.2022 2.7848 0.8696 2.9840 0.3105 1.3619 1.6850 0.4789 0.3697 0.8772 1.5732 1.9630 1.4858 0.6047 0.1869 0.4191 0.8233 0.9324 0.6974 0.3341 0.0798 0.0316 0.1554 0.3509 0.5266 0.6288 0.6439 0.5945 0.4966 0.3838 0.2732 0.1783 0.1056 0.0554 0.0251 0.0106 0.0079 0.0130 0.0226 0.0342 0.0462 0.0570 0.0667
5.9552 3.7183 0.5835 2.0620 5.1209 0.7660 3.4063 1.9909 2.8293 1.3303 3.3095 0.2640 1.7766 1.7780 0.4540 0.5815 1.2250 1.9587 2.2879 1.6433 0.6197 0.1858 0.4860 0.9431 1.0409 0.7543 0.3435 0.0749 0.0468 0.2098 0.4440 0.6458 0.7569 0.7653 0.6998 0.5799 0.4449 0.3144 0.2036 0.1194 0.0619 0.0277 0.0118 0.0096 0.0161 0.0279 0.0418 0.0560 0.0686 0.0801
7.0333 5.6878 1.5032 1.3171 5.6928 1.6640 2.9979 3.1047 2.5854 1.9981 3.4384 0.2547 2.2251 1.7464 0.4531 0.9131 1.6444 2.3328 2.5347 1.7077 0.5784 0.1741 0.5584 1.0567 1.1271 0.7842 0.3351 0.0668 0.0717 0.2805 0.5537 0.7779 0.8928 0.8896 0.8044 0.6604 0.5023 0.3520 0.2258 0.1310 0.0669 0.0295 0.0129 0.0114 0.0198 0.0338 0.0501 0.0664 0.0809 0.0940
6.8953 7.5140 3.2721 0.6262 5.6137 3.0965 2.1861 4.5029 2.0499 2.8995 3.3072 0.3508 2.6626 1.5886 0.5455 1.3929 2.1045 2.6384 2.6496 1.6484 0.4777 0.1649 0.6529 1.1776 1.1995 0.7933 0.3138 0.0607 0.1107 0.3712 0.6827 0.9247 1.0373 1.0171 0.9083 0.7379 0.5559 0.3858 0.2448 0.1402 0.0705 0.0305 0.0137 0.0135 0.0240 0.0404 0.0591 0.0776 0.0939 0.1085
5.1137 8.2528 5.7587 0.5417 4.6818 4.9418 1.1845 5.9935 1.3257 4.0062 2.8809 0.6303 3.0249 1.3399 0.8182 2.0215 2.5386 2.7983 2.5774 1.4463 0.3308 0.1877 0.8001 1.3300 1.2759 0.7943 0.2892 0.0629 0.1681 0.4842 0.8318 1.0858 1.1897 1.1469 1.0106 0.8116 0.6049 0.4154 0.2604 0.1470 0.0725 0.0309 0.0145 0.0160 0.0289 0.0478 0.0690 0.0896 0.1077 0.1237
2.3492 7.0122 8.1954 1.6543 3.0231 6.7590 0.4613 7.1931 0.6705 5.2006 2.1870 1.1642 3.2430 1.0892 1.3562 2.7502 2.8442 2.7334 2.2854 1.1139 0.1798 0.2939 1.0472 1.5522 1.3846 0.8071 0.2738 0.0804 0.2461 0.6187 0.9987 1.2589 1.3478 1.2773 1.1100 0.8808 0.6491 0.4405 0.2726 0.1514 0.0732 0.0307 0.0154 0.0191 0.0345 0.0562 0.0799 0.1027 0.1225 0.1399
0.6785 3.9457 9.2187 4.1894 1.2783 7.8265 0.6618 7.5816 0.5038 6.2470 1.3509 1.9916 3.2650 0.9769 2.2024 3.4577 2.8956 2.3941 1.7958 0.7168 0.1042 0.5550 1.4505 1.8866 1.5564 0.8528 0.2793 0.1164 0.3418 0.7678 1.1749 1.4355 1.5044 1.4026 1.2025 0.9425 0.6864 0.4601 0.2807 0.1531 0.0724 0.0301 0.0165 0.0229 0.0413 0.0659 0.0922 0.1172 0.1385 0.1572
2.3794 1.0818 7.6332 7.5226 0.5334 7.4510 2.3102 6.7198 1.3122 6.7977 0.6216 3.0891 3.0781 1.1655 3.3017 3.9416 2.5814 1.8121 1.2262 0.3937 0.2192 1.0451 2.0501 2.3539 1.8034 0.9380 0.3065 0.1651 0.4427 0.9144 1.3417 1.5973 1.6430 1.5092 1.2773 0.9891 0.7116 0.4707 0.2827 0.1511 0.0697 0.0290 0.0181 0.0277 0.0495 0.0770 0.1059 0.1330 0.1559 0.1758
7.3830 1.5186 3.8264 9.9891 1.8510 5.4837 5.3437 4.6157 3.4004 6.4753 0.3704 4.3516 2.7413 1.7863 4.4644 3.9704 1.8994 1.1803 0.8308 0.3543 0.6424 1.7946 2.8255 2.9188 2.0951 1.0409 0.3380 0.2085 0.5284 1.0360 1.4760 1.7226 1.7450 1.5822 1.3230 1.0123 0.7192 0.4689 0.2766 0.1445 0.0650 0.0275 0.0205 0.0341 0.0594 0.0902 0.1216 0.1507 0.1749 0.1958
11.9533 6.4066 0.7680 9.5386 5.4965 2.7416 8.7786 2.0759 6.4970 5.0594 1.0334 5.5733 2.3693 2.8475 5.3652 3.3853 1.0570 0.8936 0.9772 0.8127 1.4051 2.6991 3.6150 3.4264 2.3171 1.0895 0.3326 0.2222 0.5817 1.1170 1.5629 1.7974 1.7977 1.6108 1.3314 1.0061 0.7050 0.4520 0.2611 0.1326 0.0581 0.0260 0.0243 0.0426 0.0720 0.1059 0.1399 0.1708 0.1961 0.2177
11.2544 12.3489 2.2917 5.6106 10.1839 0.8536 10.9823 0.6098 9.4135 2.8024 2.9643 6.4226 2.0717 4.1591 5.6326 2.2540 0.5322 1.4825 2.0010 1.8200 2.3016 3.4019 4.0333 3.5532 2.2508 0.9650 0.2460 0.2069 0.6244 1.1857 1.6283 1.8423 1.8162 1.6055 1.3091 0.9749 0.6719 0.4221 0.2374 0.1166 0.0499 0.0252 0.0301 0.0539 0.0875 0.1246 0.1611 0.1935 0.2196 0.2416
4.8236 13.6847 8.3609 1.2812 12.7832 1.5061 10.6607 1.4785 10.2525 0.7772 6.1219 6.3913 1.8788 5.3495 5.0393 0.9932 0.9553 3.3013 3.8459 2.9805 2.7298 3.2490 3.5012 2.8745 1.6541 0.5843 0.1100 0.2622 0.7845 1.3725 1.7890 1.9539 1.8760 1.6223 1.2967 0.9465 0.6383 0.3908 0.2128 0.1004 0.0425 0.0260 0.0380 0.0676 0.1056 0.1459 0.1846 0.2184 0.2450 0.2673
0.8868 7.8072 13.5441 1.6488 9.5907 5.6858 7.5654 4.3667 7.7960 0.8289 9.4180 4.7519 1.8526 6.1056 3.7261 0.2821 2.6143 5.7957 5.4064 3.1344 1.7895 1.6965 1.7850 1.3839 0.6707 0.1803 0.2008 0.6747 1.3340 1.9215 2.2518 2.3003 2.1079 1.7589 1.3649 0.9699 0.6370 0.3788 0.1992 0.0903 0.0383 0.0284 0.0466 0.0817 0.1239 0.1673 0.2084 0.2436 0.2708 0.2933
7.9303 0.7575 11.4763 8.4073 2.9208 11.5628 1.6171 9.6730 4.1062 3.8338 9.1901 0.9163 4.1305 7.8440 2.4749 0.5527 4.3942 5.8782 3.1583 0.4987 0.5001 2.0487 3.1203 2.9653 2.0463 1.2229 0.9318 1.1644 1.6432 2.0990 2.3319 2.3118 2.0747 1.7020 1.2994 0.9071 0.5832 0.3376 0.1715 0.0756 0.0350 0.0346 0.0603 0.1011 0.1474 0.1936 0.2364 0.2724 0.2996 0.3219
16.1280 4.9909 4.0964 14.4001 0.7007 13.1881 0.7651 12.1923 1.1695 7.7013 7.4905 0.3951 6.7754 7.3010 1.1328 1.5995 5.8627 5.8183 2.3195 0.2357 1.0613 2.8560 3.6613 3.1403 2.0248 1.2027 1.0102 1.3373 1.8546 2.2928 2.4711 2.3865 2.0926 1.6804 1.2558 0.8567 0.5360 0.2998 0.1459 0.0627 0.0337 0.0431 0.0767 0.1234 0.1738 0.2227 0.2670 0.3037 0.3307 0.3525
11.9069 14.8691 0.9304 13.0759 5.2436 9.2673 4.6151 10.8801 0.7618 11.0500 4.4427 1.6816 9.0610 5.7042 0.3664 3.3425 7.0574 5.2451 1.4320 0.2834 1.9023 3.7303 4.1179 3.2042 1.9401 1.1747 1.1107 1.5350 2.0775 2.4812 2.5919 2.4362 2.0847 1.6362 1.1946 0.7941 0.4815 0.2589 0.1204 0.0518 0.0358 0.0557 0.0973 0.1498 0.2041 0.2554 0.3009 0.3377 0.3641 0.3851
1.5816 15.7525 8.4084 5.0766 13.3730 2.9093 11.2038 6.1220 4.0390 11.9099 1.5035 4.7646 10.0669 3.4593 0.6431 5.5312 7.6649 4.1996 0.6943 0.7429 2.9886 4.5878 4.4299 3.1381 1.7996 1.1526 1.2424 1.7590 2.3081 2.6583 2.6888 2.4571 2.0492 1.5691 1.1166 0.7208 0.4217 0.2166 0.0963 0.0444 0.0422 0.0731 0.1227 0.1808 0.2386 0.2920 0.3381 0.3747 0.4000 0.4198
5.8909 5.0971 17.6634 0.8891 16.3395 0.9984 15.2133 1.4630 9.7042 9.3593 0.5564 8.6828 9.1720 1.3789 2.2038 7.6917 7.4446 2.8604 0.3351 1.6638 4.2315 5.3238 4.5427 2.9370 1.6214 1.1552 1.4147 2.0096 2.5411 2.8176 2.7565 2.4460 1.9850 1.4799 1.0234 0.6389 0.3584 0.1749 0.0754 0.0416 0.0541 0.0961 0.1536 0.2168 0.2777 0.3326 0.3788 0.4146 0.4385 0.4567
19.5528 1.9366 14.2591 8.2818 9.7460 7.2249 12.4040 1.4672 14.1147 4.6463 2.8203 11.7118 6.5000 0.4618 4.8758 9.2172 6.3365 1.5424 0.5635 3.0136 5.4877 5.8281 4.4203 2.6156 1.4347 1.2044 1.6365 2.2846 2.7698 2.9519 2.7906 2.4017 1.8934 1.3706 0.9176 0.5511 0.2946 0.1362 0.0597 0.0452 0.0727 0.1258 0.1909 0.2587 0.3219 0.3776 0.4233 0.4579 0.4797 0.4959
14.7992 14.9895 2.8356 18.5611 1.5944 16.0983 4.9051 7.4747 13.6539 1.0296 7.7409 12.1476 3.1393 1.4758 7.9935 9.5535 4.5435 0.6461 1.5048 4.6576 6.5739 6.0015 4.0549 2.2109 1.2790 1.3233 1.9131 2.5787 2.9852 3.0531 2.7862 2.3226 1.7750 1.2435 0.8022 0.4607 0.2330 0.1029 0.0512 0.0566 0.0993 0.1632 0.2352 0.3070 0.3717 0.4274 0.4720 0.5046 0.5237 0.5374
1.1800 20.6864 4.3204 16.0247 4.2604 17.2156 0.8821 15.0335 8.1297 1.7973 12.7609 9.4167 0.8550 4.4856 10.5231 8.4381 2.5500 0.5618 3.1365 6.3597 7.2944 5.7797 3.4767 1.7830 1.2011 1.5328 2.2445 2.8822 3.1760 3.1130 2.7384 2.2068 1.6304 1.1012 0.6807 0.3709 0.1765 0.0774 0.0517 0.0774 0.1349 0.2090 0.2871 0.3618 0.4271 0.4818 0.5246 0.5545 0.5705 0.5812
11.9355 6.6660 18.8317 3.8560 16.1799 8.3486 6.2765 16.9080 2.0888 7.4379 14.5922 4.8320 1.2614 8.5831 11.4210 6.1014 1.0369 1.5388 5.2479 7.8112 7.4826 5.1592 2.7617 1.4111 1.2480 1.8462 2.6237 3.1810 3.3294 3.1234 2.6443 2.0552 1.4631 0.9479 0.5575 0.2859 0.1289 0.0627 0.0636 0.1093 0.1807 0.2641 0.3471 0.4236 0.4883 0.5411 0.5812 0.6078 0.6199 0.6272
24.3617 3.3060 19.7744 3.5342 20.3964 1.1397 16.4106 10.5404 1.6687 14.3201 11.5847 1.2687 4.7797 12.0737 10.1310 3.3187 0.6815 3.5558 7.4450 8.6909 7.0482 4.2127 2.0273 1.1835 1.4585 2.2655 3.0348 3.4561 3.4314 3.0774 2.5025 1.8705 1.2776 0.7892 0.4380 0.2103 0.0936 0.0615 0.0889 0.1537 0.2378 0.3289 0.4155 0.4924 0.5554 0.6052 0.6418 0.6644 0.6720 0.6753
7.5193 20.8626 4.4208 18.0810 9.4894 7.1266 19.2379 2.4404 8.5436 16.8307 5.5519 1.5334 10.0040 13.1806 6.9962 1.2256 1.8895 6.2474 9.2202 8.7533 6.0244 3.0973 1.4217 1.1854 1.8558 2.7779 3.4557 3.6909 3.4750 2.9766 2.3171 1.6579 1.0806 0.6318 0.3283 0.1490 0.0746 0.0767 0.1296 0.2119 0.3067 0.4034 0.4915 0.5676 0.6280 0.6744 0.7070 0.7249 0.7276 0.7267
5.1727 19.8944 5.4272 21.6887 1.2661 19.3976 10.4979 2.5301 16.8775 12.3563 1.2101 6.2293 14.1401 11.1079 3.3534 0.8982 4.5553 8.9414 10.0753 7.8996 4.5710 2.0249 1.0915 1.4735 2.4329 3.3490 3.8480 3.8540 3.4394 2.8096 2.0876 1.4235 0.8795 0.4826 0.2341 0.1067 0.0755 0.1110 0.1876 0.2850 0.3882 0.4884 0.5761 0.6499 0.7064 0.7483 0.7761 0.7887 0.7858 0.7802
25.7201 2.2465 22.8096 6.7436 11.3700 19.7025 1.5851 12.1122 18.1072 4.5644 2.6823 12.7144 14.5501 6.7207 1.0391 2.8307 7.9722 10.8234 9.6883 6.2581 2.9855 1.2431 1.1598 2.0654 3.1520 3.9272 4.1691 3.9191 3.3139 2.5764 1.8206 1.1763 0.6834 0.3495 0.1620 0.0884 0.0999 0.1670 0.2644 0.3742 0.4829 0.5840 0.6693 0.7392 0.7905 0.8268 0.8490 0.8556 0.8465 0.8357
13.4360 12.7668 18.4003 3.2852 23.4099 6.8322 5.9058 20.3016 10.3383 1.0830 9.6306 16.4527 10.6485 2.4156 1.5161 6.5534 10.9870 11.2086 8.0602 4.1936 1.6479 0.9768 1.6899 2.9246 3.9416 4.4464 4.3743 3.8640 3.0932 2.2823 1.5265 0.9279 0.5030 0.2412 0.1186 0.0988 0.1512 0.2468 0.3615 0.4800 0.5912 0.6905 0.7711 0.8354 0.8802 0.9099 0.9255 0.9254 0.9096 0.8932
3.1193 26.0074 1.8735 20.1117 15.0356 1.9213 18.5860 16.3754 2.0202 6.2101 16.5721 14.3302 4.7811 0.9270 4.9675 10.6558 12.4171 9.8485 5.5957 2.2511 0.9366 1.3712 2.6643 3.9678 4.7223 4.8544 4.4371 3.6815 2.7825 1.9390 1.2217 0.6942 0.3509 0.1674 0.1110 0.1430 0.2326 0.3525 0.4809 0.6050 0.7161 0.8117 0.8856 0.9418 0.9782 0.9997 1.0073 0.9996 0.9765 0.9540
25.7399 7.0321 13.3673 22.0048 1.6865 14.5588 20.9462 4.9498 3.4284 15.5231 17.1958 7.6427 1.0709 3.5936 9.9157 13.2851 11.5302 7.0658 3.0015 1.0059 1.1180 2.4324 3.9565 5.0374 5.3599 5.0593 4.3105 3.3592 2.3906 1.5650 0.9220 0.4878 0.2378 0.1363 0.1451 0.2248 0.3466 0.4855 0.6226 0.7482 0.8554 0.9443 1.0092 1.0551 1.0817 1.0938 1.0924 1.0765 1.0455 1.0166
14.3955 7.3712 25.7233 4.2626 10.3344 23.4550 8.7060 1.8298 13.8070 19.3193 10.4717 1.7421 2.5820 9.1858 13.7795 13.0448 8.5137 3.8001 1.1536 0.9187 2.2599 4.0054 5.3506 5.9496 5.7359 5.0036 3.9809 2.9095 1.9409 1.1857 0.6498 0.3267 0.1769 0.1570 0.2268 0.3477 0.4950 0.6466 0.7869 0.9093 1.0089 1.0881 1.1413 1.1750 1.1901 1.1917 1.1806 1.1557 1.1165 1.0807
3.7979 26.8720 7.6730 7.2576 24.5196 12.1643 1.2522 12.3583 20.6758 13.0210 2.6063 1.9492 8.7262 14.3195 14.2722 9.8416 4.5521 1.3126 0.7839 2.1516 4.1740 5.7899 6.5816 6.5280 5.7612 4.6634 3.4644 2.3670 1.4716 0.8349 0.4314 0.2301 0.1816 0.2381 0.3617 0.5151 0.6802 0.8374 0.9752 1.0895 1.1776 1.2439 1.2830 1.3029 1.3049 1.2946 1.2729 1.2385 1.1904 1.1474
27.4697 10.2676 5.7589 25.1390 14.6046 1.2084 11.7298 21.9210 14.8653 3.3246 1.6692 8.6975 15.1813 15.5083 10.8567 5.1333 1.4117 0.7026 2.1848 4.4686 6.4322 7.3957 7.3839 6.6346 5.3938 4.0558 2.8058 1.7829 1.0280 0.5480 0.2934 0.2171 0.2645 0.3879 0.5550 0.7308 0.9049 1.0605 1.1891 1.2901 1.3628 1.4130 1.4359 1.4408 1.4275 1.4036 1.3707 1.3262 1.2688 1.2179
10.7766 5.8351 26.1422 15.4360 1.2499 12.3026 23.3048 15.8648 3.4965 1.7436 9.3258 16.3771 16.7940 11.5968 5.3352 1.3703 0.6865 2.4193 5.0262 7.2399 8.4336 8.3991 7.5248 6.1850 4.6447 3.2372 2.0734 1.2182 0.6584 0.3610 0.2615 0.3044 0.4358 0.6117 0.8086 0.9943 1.1669 1.3125 1.4252 1.5076 1.5608 1.5918 1.5961 1.5843 1.5542 1.5155 1.4709 1.4158 1.3486 1.2896
7.8912 27.8198 14.1867 1.3703 14.5671 24.8307 15.6233 2.9435 2.3109 11.0201 18.0675 17.8471 11.9040 5.0983 1.1326 0.7983 2.9845 5.9614 8.3895 9.6076 9.5846 8.4944 6.9139 5.2184 3.6127 2.3200 1.3683 0.7534 0.4216 0.3143 0.3613 0.5069 0.7034 0.9128 1.1230 1.3045 1.4647 1.5916 1.6814 1.7402 1.7700 1.7789 1.7624 1.7325 1.6842 1.6298 1.5729 1.5067 1.4295 1.3622
29.4820 10.4813 2.5344 19.0648 26.1105 13.6269 1.8059 3.9409 14.0321 20.5059 18.4834 11.3577 4.3078 0.7806 1.2027 4.0954 7.4914 10.0138 11.1083 10.8077 9.5246 7.6197 5.6608 3.9155 2.4828 1.4628 0.8126 0.4762 0.3766 0.4460 0.6155 0.8382 1.0750 1.2962 1.5030 1.6663 1.8039 1.9041 1.9639 1.9927 1.9934 1.9782 1.9396 1.8900 1.8242 1.7545 1.6843 1.6060 1.5177 1.4419
4.5589 7.1074 25.4352 25.2092 9.3274 1.0322 7.6663 18.6421 22.7985 18.2019 9.6103 2.8870 0.5730 2.2620 5.9830 9.7685 12.1687 12.8521 12.0778 10.3267 8.1611 5.9160 3.9965 2.5139 1.4579 0.8215 0.5161 0.4593 0.5679 0.7803 1.0352 1.3008 1.5481 1.7568 1.9417 2.0719 2.1757 2.2411 2.2643 2.2579 2.2254 2.1841 2.1218 2.0516 1.9677 1.8825 1.7985 1.7077 1.6080 1.5236
17.8910 30.5583 19.4127 3.6652 3.0979 14.6331 24.1509 23.7296 15.6569 6.5471 1.3005 1.1745 4.5818 9.0631 12.7574 14.7448 14.6718 13.1387 10.8122 8.2361 5.8462 3.8151 2.3236 1.3406 0.7777 0.5594 0.5820 0.7626 1.0260 1.3290 1.6213 1.8900 2.1152 2.2862 2.4307 2.5135 2.5734 2.5966 2.5773 2.5314 2.4626 2.3935 2.3066 2.2150 2.1126 2.0116 1.9136 1.8101 1.6988 1.6058
26.9838 8.3607 1.5813 11.5395 24.3850 27.8018 20.9201 10.3312 2.7393 0.8861 3.8033 8.8897 13.6219 16.4778 17.1943 16.1005 13.6185 10.6378 7.7362 5.2326 3.3017 1.9310 1.1107 0.7268 0.6566 0.8052 1.0802 1.4192 1.7617 2.0921 2.3693 2.6006 2.7736 2.8840 2.9716 2.9942 3.0002 2.9731 2.9059 2.8191 2.7158 2.6198 2.5077 2.3926 2.2698 2.1515 2.0386 1.9221 1.7992 1.6971
1.5639 11.5992 26.1895 31.1631 24.3264 12.5483 3.5912 1.0402 4.1412 9.9993 15.5431 19.1594 20.1513 18.8756 16.1971 12.8801 9.4321 6.4251 4.0802 2.4251 1.4055 0.8912 0.7736 0.9271 1.2341 1.6250 2.0317 2.4246 2.7587 3.0493 3.2587 3.4142 3.5085 3.5383 3.5547 3.5062 3.4494 3.3646 3.2453 3.1173 2.9827 2.8613 2.7242 2.5831 2.4383 2.3015 2.1726 2.0430 1.9086 1.7969
32.0702 33.8802 24.0747 11.1012 2.7103 1.7212 6.5056 13.5228 19.6837 23.2792 23.6425 21.7214 18.2276 14.1617 10.2633 6.9363 4.3306 2.5384 1.4734 0.9909 0.9403 1.1659 1.5649 2.0531 2.5366 2.9975 3.3918 3.7248 3.9624 4.1492 4.2440 4.2911 4.2846 4.2183 4.1531 4.0261 3.9015 3.7558 3.5823 3.4131 3.2482 3.1026 2.9408 2.7736 2.6069 2.4515 2.3069 2.1645 2.0187 1.8977
16.5343 5.0750 1.5856 5.6222 13.5738 21.4980 26.7738 28.4008 26.9204 23.3287 18.4782 13.6855 9.4017 6.0068 3.5901 2.0704 1.2876 1.0821 1.2785 1.7253 2.3062 2.8985 3.4798 4.0223 4.4488 4.7999 5.0451 5.2183 5.2872 5.3193 5.2684 5.1877 5.0672 4.8964 4.7454 4.5405 4.3489 4.1433 3.9178 3.7096 3.5164 3.3450 3.1587 2.9683 2.7808 2.6075 2.4471 2.2921 2.1351 2.0047
10.3593 20.2444 28.7845 33.6263 34.2448 31.3848 26.3339 20.3626 14.6567 9.8168 6.0371 3.4972 2.0019 1.3501 1.3317 1.7416 2.3913 3.1525 3.9301 4.6615 5.3210 5.8172 6.2246 6.5533 6.7148 6.8119 6.8116 6.7627 6.6196 6.4653 6.2625 6.0536 5.8163 5.5412 5.3076 5.0368 4.7870 4.5288 4.2590 4.0168 3.7978 3.5938 3.3819 3.1761 2.9704 2.7803 2.6038 2.4360 2.2676 2.1273
41.1795 36.0492 29.0965 21.7972 15.1429 9.7287 5.7668 3.2184 1.9069 1.5563 1.8774 2.6490 3.6454 4.7008 5.7498 6.7347 7.5386 8.1756 8.6509 8.9972 9.2439 9.2873 9.2717 9.2170 8.9980 8.7730 8.4914 8.2043 7.8444 7.5041 7.1605 6.8357 6.4924 6.1233 5.8167 5.4904 5.1905 4.8863 4.5781 4.3072 4.0672 3.8327 3.5975 3.3791 3.1572 2.9514 2.7597 2.5800 2.4008 2.2510
4.4941 2.6093 2.0571 2.5155 3.6466 5.1625 6.8306 8.4464 9.9417 11.2698 12.2755 13.1295 13.7142 14.0340 14.2532 14.3945 14.2817 14.0300 13.6758 13.3059 12.9407 12.4266 11.9366 11.4822 10.8939 10.3732 9.8458 9.3564 8.8166 8.3240 7.8728 7.4602 7.0348 6.5924 6.2296 5.8633 5.5263 5.1872 4.8497 4.5564 4.2995 4.0396 3.7860 3.5595 3.3247 3.1059 2.9010 2.7110 2.5226 2.3647
30.7466 31.1528 31.2778 31.1537 30.7590 30.2048 29.4631 28.4788 27.4602 26.4538 25.2078 24.1344 22.9875 21.7720 20.7254 19.8249 18.7817 17.7409 16.7260 15.8202 15.0199 14.1290 13.3202 12.6029 11.8052 11.1162 10.4487 9.8358 9.2007 8.6438 8.1393 7.6824 7.2163 6.7368 6.3444 5.9558 5.6073 5.2620 4.9115 4.5979 4.3143 4.0510 3.7986 3.5774 3.3420 3.1212 2.9135 2.7210 2.5306 2.3719
