0.0000 0.0000 0.0000 0.0000 0.0000 0.0000 0.0000 0.0000 0.0000 0.0000 0.0000 0.0000 0.0000 0.0000 0.0000 0.0000 0.0000 0.0008 0.0003 0.0005 0.0036 0.0066 0.0058 0.0025 0.0012 0.0045 0.0107 0.0163 0.0183 0.0164 0.0118 0.0067 0.0026 0.0005 0.0004 0.0020 0.0045 0.0074 0.0101 0.0123 0.0138 0.0147 0.0149 0.0146 0.0139 0.0129 0.0117 0.0105 0.0093 0.0081
0.0000 0.0000 0.0000 0.0000 0.0000 0.0000 0.0000 0.0000 0.0000 0.0000 0.0000 0.0000 0.0000 0.0000 0.0000 0.0000 0.0000 0.0023 0.0007 0.0015 0.0110 0.0198 0.0175 0.0075 0.0037 0.0137 0.0325 0.0490 0.0550 0.0492 0.0354 0.0198 0.0076 0.0014 0.0013 0.0060 0.0137 0.0223 0.0303 0.0369 0.0416 0.0441 0.0448 0.0439 0.0417 0.0386 0.0351 0.0315 0.0278 0.0242
0.0000 0.0000 0.0000 0.0000 0.0000 0.0000 0.0000 0.0000 0.0000 0.0000 0.0000 0.0000 0.0000 0.0000 0.0000 0.0000 0.0000 0.0036 0.0010 0.0029 0.0192 0.0336 0.0292 0.0126 0.0067 0.0239 0.0552 0.0823 0.0919 0.0817 0.0584 0.0325 0.0124 0.0022 0.0022 0.0103 0.0231 0.0374 0.0507 0.0617 0.0694 0.0735 0.0746 0.0731 0.0694 0.0642 0.0583 0.0523 0.0462 0.0402
0.0000 0.0000 0.0000 0.0000 0.0000 0.0000 0.0000 0.0000 0.0000 0.0000 0.0000 0.0000 0.0000 0.0000 0.0000 0.0000 0.0000 0.0045 0.0009 0.0050 0.0288 0.0484 0.0411 0.0178 0.0105 0.0355 0.0793 0.1166 0.1288 0.1136 0.0805 0.0443 0.0166 0.0028 0.0033 0.0149 0.0331 0.0531 0.0716 0.0868 0.0973 0.1030 0.1044 0.1022 0.0969 0.0896 0.0814 0.0729 0.0643 0.0560
0.0000 0.0000 0.0000 0.0000 0.0000 0.0000 0.0000 0.0000 0.0000 0.0000 0.0000 0.0000 0.0000 0.0000 0.0000 0.0000 0.0000 0.0048 0.0006 0.0084 0.0404 0.0645 0.0535 0.0233 0.0153 0.0489 0.1053 0.1518 0.1655 0.1445 0.1013 0.0550 0.0201 0.0033 0.0046 0.0201 0.0436 0.0693 0.0930 0.1122 0.1255 0.1325 0.1340 0.1311 0.1242 0.1147 0.1041 0.0932 0.0822 0.0715
0.0000 0.0000 0.0000 0.0000 0.0000 0.0000 0.0000 0.0000 0.0000 0.0000 0.0000 0.0000 0.0000 0.0000 0.0000 0.0000 0.0000 0.0047 0.0004 0.0139 0.0550 0.0827 0.0665 0.0293 0.0216 0.0644 0.1331 0.1877 0.2016 0.1737 0.1201 0.0640 0.0225 0.0034 0.0062 0.0259 0.0550 0.0864 0.1150 0.1381 0.1539 0.1621 0.1636 0.1597 0.1511 0.1394 0.1264 0.1130 0.0997 0.0867
0.0000 0.0000 0.0000 0.0000 0.0000 0.0000 0.0000 0.0000 0.0000 0.0000 0.0000 0.0000 0.0000 0.0000 0.0000 0.0000 0.0000 0.0041 0.0009 0.0224 0.0734 0.1033 0.0804 0.0358 0.0292 0.0819 0.1622 0.2234 0.2360 0.2003 0.1362 0.0708 0.0237 0.0032 0.0083 0.0326 0.0674 0.1044 0.1378 0.1645 0.1826 0.1916 0.1929 0.1879 0.1775 0.1636 0.1481 0.1324 0.1166 0.1014
0.0000 0.0000 0.0000 0.0000 0.0000 0.0000 0.0000 0.0000 0.0000 0.0000 0.0000 0.0000 0.0000 0.0000 0.0000 0.0000 0.0000 0.0034 0.0029 0.0351 0.0963 0.1265 0.0948 0.0426 0.0379 0.1006 0.1917 0.2577 0.2672 0.2229 0.1486 0.0749 0.0234 0.0027 0.0109 0.0404 0.0811 0.1235 0.1615 0.1915 0.2114 0.2211 0.2219 0.2157 0.2034 0.1872 0.1692 0.1511 0.1330 0.1155
0.0000 0.0000 0.0000 0.0000 0.0000 0.0000 0.0000 0.0000 0.0000 0.0000 0.0000 0.0000 0.0000 0.0000 0.0000 0.0000 0.0000 0.0030 0.0077 0.0529 0.1237 0.1514 0.1089 0.0489 0.0468 0.1195 0.2197 0.2884 0.2932 0.2399 0.1560 0.0756 0.0215 0.0020 0.0143 0.0496 0.0964 0.1442 0.1863 0.2192 0.2407 0.2506 0.2507 0.2431 0.2286 0.2101 0.1897 0.1691 0.1487 0.1291
0.0000 0.0000 0.0000 0.0000 0.0000 0.0000 0.0000 0.0000 0.0000 0.0000 0.0000 0.0000 0.0000 0.0000 0.0000 0.0000 0.0000 0.0038 0.0162 0.0761 0.1543 0.1761 0.1206 0.0531 0.0544 0.1366 0.2440 0.3131 0.3118 0.2494 0.1575 0.0724 0.0178 0.0014 0.0192 0.0609 0.1138 0.1668 0.2127 0.2479 0.2704 0.2801 0.2792 0.2699 0.2532 0.2322 0.2093 0.1864 0.1637 0.1420
0.0000 0.0000 0.0000 0.0000 0.0000 0.0000 0.0000 0.0000 0.0000 0.0000 0.0000 0.0000 0.0000 0.0000 0.0000 0.0000 0.0000 0.0065 0.0291 0.1032 0.1848 0.1964 0.1265 0.0528 0.0590 0.1504 0.2630 0.3300 0.3214 0.2504 0.1523 0.0652 0.0128 0.0016 0.0263 0.0751 0.1343 0.1922 0.2413 0.2784 0.3014 0.3104 0.3080 0.2967 0.2776 0.2539 0.2284 0.2031 0.1782 0.1543
0.0000 0.0000 0.0000 0.0000 0.0000 0.0000 0.0000 0.0000 0.0000 0.0000 0.0000 0.0000 0.0000 0.0000 0.0000 0.0000 0.0000 0.0118 0.0457 0.1305 0.2092 0.2061 0.1221 0.0456 0.0599 0.1608 0.2766 0.3391 0.3218 0.2429 0.1409 0.0548 0.0074 0.0038 0.0368 0.0935 0.1592 0.2215 0.2734 0.3117 0.3344 0.3422 0.3378 0.3240 0.3020 0.2755 0.2474 0.2197 0.1924 0.1664
0.0000 0.0000 0.0000 0.0000 0.0000 0.0000 0.0000 0.0000 0.0000 0.0000 0.0000 0.0000 0.0000 0.0000 0.0000 0.0000 0.0000 0.0195 0.0630 0.1509 0.2184 0.1972 0.1026 0.0308 0.0591 0.1709 0.2879 0.3431 0.3156 0.2292 0.1253 0.0430 0.0034 0.0095 0.0522 0.1172 0.1890 0.2553 0.3091 0.3476 0.3694 0.3753 0.3683 0.3515 0.3264 0.2968 0.2659 0.2356 0.2060 0.1780
0.0000 0.0000 0.0000 0.0000 0.0000 0.0000 0.0000 0.0000 0.0000 0.0000 0.0000 0.0000 0.0000 0.0000 0.0000 0.0000 0.0000 0.0281 0.0753 0.1550 0.2031 0.1642 0.0678 0.0132 0.0648 0.1907 0.3069 0.3509 0.3103 0.2153 0.1102 0.0333 0.0032 0.0201 0.0732 0.1466 0.2242 0.2935 0.3484 0.3863 0.4062 0.4094 0.3993 0.3792 0.3505 0.3175 0.2839 0.2510 0.2190 0.1889
0.0000 0.0000 0.0000 0.0000 0.0000 0.0000 0.0000 0.0000 0.0000 0.0000 0.0000 0.0000 0.0000 0.0000 0.0000 0.0000 0.0000 0.0346 0.0750 0.1348 0.1598 0.1097 0.0271 0.0072 0.0942 0.2374 0.3497 0.3768 0.3176 0.2100 0.1016 0.0291 0.0082 0.0359 0.0990 0.1803 0.2629 0.3345 0.3896 0.4262 0.4435 0.4436 0.4300 0.4062 0.3738 0.3374 0.3009 0.2655 0.2312 0.1991
0.0000 0.0000 0.0000 0.0000 0.0000 0.0000 0.0000 0.0000 0.0000 0.0000 0.0000 0.0000 0.0000 0.0000 0.0000 0.0000 0.0000 0.0346 0.0571 0.0924 0.1009 0.0546 0.0056 0.0382 0.1696 0.3299 0.4317 0.4329 0.3464 0.2194 0.1026 0.0310 0.0168 0.0537 0.1256 0.2136 0.3005 0.3738 0.4287 0.4637 0.4784 0.4754 0.4583 0.4309 0.3949 0.3553 0.3162 0.2784 0.2421 0.2082
0.0000 0.0000 0.0000 0.0000 0.0000 0.0000 0.0000 0.0000 0.0000 0.0000 0.0000 0.0000 0.0000 0.0000 0.0000 0.0000 0.0000 0.0248 0.0266 0.0533 0.0686 0.0461 0.0426 0.1290 0.2972 0.4622 0.5409 0.5060 0.3847 0.2332 0.1045 0.0313 0.0220 0.0666 0.1462 0.2403 0.3311 0.4060 0.4609 0.4947 0.5071 0.5015 0.4816 0.4512 0.4121 0.3698 0.3287 0.2889 0.2509 0.2155
0.0000 0.0000 0.0000 0.0000 0.0000 0.0000 0.0000 0.0000 0.0000 0.0000 0.0000 0.0000 0.0000 0.0000 0.0000 0.0000 0.0000 0.0080 0.0121 0.0817 0.1404 0.1457 0.1581 0.2475 0.4010 0.5350 0.5759 0.5068 0.3631 0.2031 0.0774 0.0145 0.0181 0.0750 0.1646 0.2655 0.3600 0.4361 0.4905 0.5226 0.5325 0.5242 0.5015 0.4682 0.4264 0.3817 0.3387 0.2974 0.2579 0.2213
0.0000 0.0000 0.0000 0.0000 0.0000 0.0000 0.0000 0.0000 0.0000 0.0000 0.0000 0.0000 0.0000 0.0000 0.0000 0.0000 0.0000 0.0033 0.0710 0.2385 0.3140 0.2430 0.1236 0.0768 0.1319 0.2234 0.2735 0.2511 0.1752 0.0887 0.0310 0.0232 0.0665 0.1483 0.2504 0.3544 0.4453 0.5137 0.5586 0.5810 0.5817 0.5650 0.5348 0.4951 0.4480 0.3991 0.3526 0.3085 0.2668 0.2284
0.0000 0.0000 0.0000 0.0000 0.0000 0.0000 0.0000 0.0000 0.0000 0.0000 0.0000 0.0000 0.0000 0.0000 0.0000 0.0000 0.0000 0.0072 0.1040 0.2679 0.2994 0.1981 0.0881 0.0748 0.1564 0.2514 0.2873 0.2474 0.1614 0.0762 0.0291 0.0364 0.0948 0.1888 0.2988 0.4062 0.4967 0.5618 0.6018 0.6189 0.6142 0.5922 0.5572 0.5132 0.4628 0.4112 0.3623 0.3162 0.2730 0.2333
0.0000 0.0000 0.0000 0.0000 0.0000 0.0000 0.0000 0.0000 0.0000 0.0000 0.0000 0.0000 0.0000 0.0000 0.0000 0.0000 0.0000 0.0168 0.1388 0.2833 0.2670 0.1467 0.0599 0.0858 0.1904 0.2819 0.2986 0.2401 0.1461 0.0656 0.0320 0.0563 0.1302 0.2358 0.3525 0.4619 0.5503 0.6108 0.6448 0.6557 0.6451 0.6174 0.5774 0.5292 0.4757 0.4214 0.3702 0.3225 0.2778 0.2370
0.0000 0.0000 0.0000 0.0000 0.0000 0.0000 0.0000 0.0000 0.0000 0.0000 0.0000 0.0000 0.0000 0.0000 0.0000 0.0000 0.0000 0.0317 0.1701 0.2800 0.2186 0.0954 0.0452 0.1123 0.2332 0.3129 0.3060 0.2290 0.1302 0.0581 0.0411 0.0838 0.1734 0.2895 0.4113 0.5208 0.6057 0.6600 0.6869 0.6908 0.6739 0.6403 0.5952 0.5428 0.4862 0.4296 0.3763 0.3270 0.2813 0.2395
0.0000 0.0000 0.0000 0.0000 0.0000 0.0000 0.0000 0.0000 0.0000 0.0000 0.0000 0.0000 0.0000 0.0000 0.0000 0.0000 0.0000 0.0500 0.1916 0.2553 0.1595 0.0524 0.0496 0.1554 0.2825 0.3417 0.3079 0.2142 0.1149 0.0555 0.0579 0.1200 0.2245 0.3497 0.4747 0.5825 0.6619 0.7088 0.7274 0.7237 0.7001 0.6604 0.6102 0.5536 0.4944 0.4356 0.3805 0.3299 0.2832 0.2408
0.0000 0.0000 0.0000 0.0000 0.0000 0.0000 0.0000 0.0000 0.0000 0.0000 0.0000 0.0000 0.0000 0.0000 0.0000 0.0000 0.0000 0.0685 0.1974 0.2103 0.0982 0.0266 0.0770 0.2137 0.3346 0.3650 0.3030 0.1962 0.1015 0.0593 0.0835 0.1654 0.2839 0.4163 0.5422 0.6460 0.7184 0.7567 0.7665 0.7547 0.7239 0.6782 0.6230 0.5624 0.5003 0.4395 0.3828 0.3312 0.2837 0.2408
0.0000 0.0000 0.0000 0.0000 0.0000 0.0000 0.0000 0.0000 0.0000 0.0000 0.0000 0.0000 0.0000 0.0000 0.0000 0.0000 0.0000 0.0829 0.1838 0.1509 0.0457 0.0260 0.1287 0.2831 0.3842 0.3793 0.2903 0.1759 0.0921 0.0715 0.1194 0.2208 0.3514 0.4885 0.6128 0.7106 0.7743 0.8031 0.8036 0.7832 0.7450 0.6933 0.6334 0.5689 0.5040 0.4412 0.3832 0.3307 0.2827 0.2396
0.0000 0.0000 0.0000 0.0000 0.0000 0.0000 0.0000 0.0000 0.0000 0.0000 0.0000 0.0000 0.0000 0.0000 0.0000 0.0000 0.0000 0.0889 0.1511 0.0875 0.0142 0.0561 0.2021 0.3568 0.4249 0.3813 0.2697 0.1551 0.0887 0.0937 0.1664 0.2861 0.4265 0.5653 0.6852 0.7746 0.8281 0.8463 0.8368 0.8077 0.7619 0.7046 0.6401 0.5721 0.5047 0.4403 0.3814 0.3284 0.2802 0.2370
0.0000 0.0000 0.0000 0.0000 0.0000 0.0000 0.0000 0.0000 0.0000 0.0000 0.0000 0.0000 0.0000 0.0000 0.0000 0.0000 0.0000 0.0836 0.1048 0.0340 0.0139 0.1175 0.2900 0.4258 0.4503 0.3687 0.2421 0.1363 0.0942 0.1279 0.2253 0.3611 0.5080 0.6453 0.7579 0.8368 0.8785 0.8852 0.8655 0.8274 0.7743 0.7116 0.6430 0.5719 0.5024 0.4368 0.3774 0.3241 0.2760 0.2331
0.0000 0.0000 0.0000 0.0000 0.0000 0.0000 0.0000 0.0000 0.0000 0.0000 0.0000 0.0000 0.0000 0.0000 0.0000 0.0000 0.0000 0.0672 0.0551 0.0050 0.0509 0.2050 0.3814 0.4796 0.4550 0.3411 0.2101 0.1230 0.1112 0.1755 0.2963 0.4451 0.5948 0.7270 0.8294 0.8956 0.9243 0.9189 0.8886 0.8418 0.7816 0.7139 0.6417 0.5680 0.4970 0.4307 0.3711 0.3180 0.2703 0.2278
0.0000 0.0000 0.0000 0.0000 0.0000 0.0000 0.0000 0.0000 0.0000 0.0000 0.0000 0.0000 0.0000 0.0000 0.0000 0.0000 0.0000 0.0433 0.0159 0.0122 0.1240 0.3073 0.4624 0.5088 0.4357 0.3005 0.1783 0.1198 0.1432 0.2385 0.3800 0.5372 0.6853 0.8088 0.8985 0.9505 0.9651 0.9467 0.9050 0.8493 0.7823 0.7097 0.6346 0.5596 0.4882 0.4220 0.3629 0.3104 0.2633 0.2217
0.0000 0.0000 0.0000 0.0000 0.0000 0.0000 0.0000 0.0000 0.0000 0.0000 0.0000 0.0000 0.0000 0.0000 0.0000 0.0000 0.0000 0.0189 0.0006 0.0601 0.2235 0.4075 0.5182 0.5058 0.3927 0.2516 0.1522 0.1312 0.1926 0.3174 0.4750 0.6354 0.7772 0.8884 0.9627 0.9991 0.9987 0.9672 0.9144 0.8503 0.7773 0.7005 0.6231 0.5475 0.4762 0.4107 0.3525 0.3009 0.2549 0.2143
0.0000 0.0000 0.0000 0.0000 0.0000 0.0000 0.0000 0.0000 0.0000 0.0000 0.0000 0.0000 0.0000 0.0000 0.0000 0.0000 0.0000 0.0028 0.0180 0.1433 0.3316 0.4863 0.5365 0.4683 0.3310 0.2021 0.1390 0.1619 0.2616 0.4120 0.5799 0.7374 0.8680 0.9632 1.0200 1.0396 1.0239 0.9795 0.9163 0.8444 0.7662 0.6861 0.6072 0.5316 0.4612 0.3968 0.3400 0.2897 0.2449 0.2057
0.0000 0.0000 0.0000 0.0000 0.0000 0.0000 0.0000 0.0000 0.0000 0.0000 0.0000 0.0000 0.0000 0.0000 0.0000 0.0000 0.0000 0.0022 0.0684 0.2457 0.4255 0.5260 0.5108 0.4001 0.2601 0.1622 0.1465 0.2162 0.3514 0.5213 0.6922 0.8403 0.9549 1.0310 1.0684 1.0705 1.0396 0.9829 0.9101 0.8317 0.7492 0.6667 0.5871 0.5123 0.4432 0.3805 0.3255 0.2769 0.2337 0.1960
0.0000 0.0000 0.0000 0.0000 0.0000 0.0000 0.0000 0.0000 0.0000 0.0000 0.0000 0.0000 0.0000 0.0000 0.0000 0.0000 0.0000 0.0201 0.1418 0.3437 0.4833 0.5159 0.4440 0.3136 0.1946 0.1441 0.1825 0.2978 0.4618 0.6425 0.8092 0.9429 1.0372 1.0914 1.1078 1.0913 1.0455 0.9776 0.8977 0.8145 0.7293 0.6455 0.5658 0.4915 0.4238 0.3629 0.3096 0.2629 0.2216 0.1856
0.0000 0.0000 0.0000 0.0000 0.0000 0.0000 0.0000 0.0000 0.0000 0.0000 0.0000 0.0000 0.0000 0.0000 0.0000 0.0000 0.0000 0.0529 0.2185 0.4106 0.4875 0.4544 0.3469 0.2244 0.1493 0.1583 0.2521 0.4069 0.5902 0.7713 0.9257 1.0392 1.1093 1.1395 1.1343 1.0998 1.0400 0.9623 0.8767 0.7901 0.7032 0.6193 0.5403 0.4674 0.4017 0.3431 0.2920 0.2475 0.2083 0.1743
0.0000 0.0000 0.0000 0.0000 0.0000 0.0000 0.0000 0.0000 0.0000 0.0000 0.0000 0.0000 0.0000 0.0000 0.0000 0.0000 0.0000 0.0905 0.2749 0.4253 0.4340 0.3533 0.2402 0.1541 0.1407 0.2139 0.3579 0.5413 0.7314 0.9020 1.0363 1.1244 1.1675 1.1727 1.1462 1.0947 1.0225 0.9367 0.8470 0.7584 0.6712 0.5882 0.5109 0.4401 0.3771 0.3213 0.2728 0.2308 0.1940 0.1621
0.0000 0.0000 0.0000 0.0000 0.0000 0.0000 0.0000 0.0000 0.0000 0.0000 0.0000 0.0000 0.0000 0.0000 0.0000 0.0000 0.0000 0.1199 0.2915 0.3809 0.3347 0.2372 0.1511 0.1247 0.1820 0.3155 0.4980 0.6957 0.8795 1.0297 1.1369 1.1954 1.2100 1.1904 1.1438 1.0770 0.9945 0.9025 0.8101 0.7207 0.6344 0.5533 0.4786 0.4108 0.3508 0.2981 0.2526 0.2134 0.1791 0.1495
0.0000 0.0000 0.0000 0.0000 0.0000 0.0000 0.0000 0.0000 0.0000 0.0000 0.0000 0.0000 0.0000 0.0000 0.0000 0.0000 0.0000 0.1294 0.2606 0.2885 0.2163 0.1376 0.1068 0.1539 0.2802 0.4616 0.6655 0.8617 1.0271 1.1491 1.2231 1.2490 1.2351 1.1920 1.1271 1.0476 0.9571 0.8610 0.7670 0.6781 0.5938 0.5155 0.4442 0.3800 0.3234 0.2739 0.2317 0.1954 0.1638 0.1366
0.0000 0.0000 0.0000 0.0000 0.0000 0.0000 0.0000 0.0000 0.0000 0.0000 0.0000 0.0000 0.0000 0.0000 0.0000 0.0000 0.0000 0.1139 0.1908 0.1761 0.1143 0.0863 0.1285 0.2498 0.4322 0.6415 0.8467 1.0247 1.1599 1.2468 1.2842 1.2770 1.2363 1.1721 1.0920 1.0027 0.9070 0.8092 0.7158 0.6291 0.5482 0.4738 0.4067 0.3470 0.2943 0.2485 0.2099 0.1767 0.1480 0.1232
0.0000 0.0000 0.0000 0.0000 0.0000 0.0000 0.0000 0.0000 0.0000 0.0000 0.0000 0.0000 0.0000 0.0000 0.0000 0.0000 0.0000 0.0788 0.1071 0.0828 0.0653 0.1076 0.2252 0.4080 0.6243 0.8376 1.0236 1.1691 1.2654 1.3133 1.3135 1.2752 1.2110 1.1295 1.0380 0.9425 0.8447 0.7479 0.6571 0.5744 0.4982 0.4288 0.3668 0.3121 0.2638 0.2221 0.1873 0.1575 0.1317 0.1095
0.0000 0.0000 0.0000 0.0000 0.0000 0.0000 0.0000 0.0000 0.0000 0.0000 0.0000 0.0000 0.0000 0.0000 0.0000 0.0000 0.0000 0.0392 0.0432 0.0461 0.0943 0.2100 0.3906 0.6120 0.8361 1.0307 1.1811 1.2836 1.3357 1.3428 1.3093 1.2448 1.1617 1.0681 0.9701 0.8720 0.7749 0.6813 0.5947 0.5168 0.4457 0.3823 0.3261 0.2767 0.2334 0.1962 0.1651 0.1386 0.1158 0.0962
0.0000 0.0000 0.0000 0.0000 0.0000 0.0000 0.0000 0.0000 0.0000 0.0000 0.0000 0.0000 0.0000 0.0000 0.0000 0.0000 0.0000 0.0129 0.0280 0.0877 0.2050 0.3797 0.5982 0.8294 1.0348 1.1911 1.2942 1.3488 1.3568 1.3265 1.2649 1.1806 1.0846 0.9847 0.8848 0.7881 0.6951 0.6072 0.5268 0.4552 0.3906 0.3339 0.2840 0.2404 0.2025 0.1699 0.1428 0.1197 0.0998 0.0829
0.0000 0.0000 0.0000 0.0000 0.0000 0.0000 0.0000 0.0000 0.0000 0.0000 0.0000 0.0000 0.0000 0.0000 0.0000 0.0000 0.0000 0.0144 0.0748 0.2042 0.3753 0.5821 0.8078 1.0205 1.1859 1.2916 1.3433 1.3516 1.3209 1.2607 1.1790 1.0828 0.9810 0.8806 0.7839 0.6925 0.6066 0.5269 0.4546 0.3907 0.3336 0.2844 0.2413 0.2038 0.1714 0.1436 0.1205 0.1009 0.0840 0.0697
0.0000 0.0000 0.0000 0.0000 0.0000 0.0000 0.0000 0.0000 0.0000 0.0000 0.0000 0.0000 0.0000 0.0000 0.0000 0.0000 0.0000 0.0464 0.1724 0.3644 0.5619 0.7692 0.9735 1.1464 1.2611 1.3146 1.3192 1.2889 1.2295 1.1500 1.0578 0.9582 0.8582 0.7629 0.6735 0.5906 0.5140 0.4439 0.3809 0.3261 0.2777 0.2363 0.2001 0.1686 0.1415 0.1184 0.0992 0.0829 0.0690 0.0572
0.0000 0.0000 0.0000 0.0000 0.0000 0.0000 0.0000 0.0000 0.0000 0.0000 0.0000 0.0000 0.0000 0.0000 0.0000 0.0000 0.0000 0.0976 0.2873 0.5176 0.7107 0.8911 1.0538 1.1763 1.2404 1.2487 1.2172 1.1609 1.0853 0.9985 0.9057 0.8110 0.7196 0.6345 0.5561 0.4845 0.4191 0.3599 0.3073 0.2624 0.2232 0.1897 0.1605 0.1349 0.1130 0.0944 0.0789 0.0659 0.0549 0.0455
0.0000 0.0000 0.0000 0.0000 0.0000 0.0000 0.0000 0.0000 0.0000 0.0000 0.0000 0.0000 0.0000 0.0000 0.0000 0.0000 0.0000 0.1458 0.3744 0.6090 0.7722 0.9089 1.0218 1.0948 1.1172 1.0941 1.0419 0.9742 0.8959 0.8130 0.7290 0.6465 0.5693 0.4985 0.4343 0.3763 0.3238 0.2766 0.2352 0.2003 0.1703 0.1448 0.1223 0.1026 0.0858 0.0715 0.0597 0.0499 0.0415 0.0344
0.0000 0.0000 0.0000 0.0000 0.0000 0.0000 0.0000 0.0000 0.0000 0.0000 0.0000 0.0000 0.0000 0.0000 0.0000 0.0000 0.0000 0.1679 0.3954 0.6002 0.7199 0.8095 0.8766 0.9105 0.9056 0.8680 0.8115 0.7471 0.6780 0.6083 0.5407 0.4760 0.4166 0.3628 0.3146 0.2715 0.2326 0.1980 0.1679 0.1427 0.1213 0.1030 0.0870 0.0729 0.0609 0.0507 0.0423 0.0353 0.0293 0.0243
0.0000 0.0000 0.0000 0.0000 0.0000 0.0000 0.0000 0.0000 0.0000 0.0000 0.0000 0.0000 0.0000 0.0000 0.0000 0.0000 0.0000 0.1514 0.3364 0.4872 0.5623 0.6128 0.6461 0.6559 0.6392 0.6025 0.5557 0.5058 0.4543 0.4038 0.3568 0.3127 0.2724 0.2361 0.2041 0.1759 0.1505 0.1278 0.1082 0.0920 0.0782 0.0663 0.0559 0.0469 0.0391 0.0326 0.0272 0.0227 0.0188 0.0156
0.0000 0.0000 0.0000 0.0000 0.0000 0.0000 0.0000 0.0000 0.0000 0.0000 0.0000 0.0000 0.0000 0.0000 0.0000 0.0000 0.0000 0.1030 0.2201 0.3089 0.3474 0.3706 0.3835 0.3831 0.3679 0.3427 0.3130 0.2826 0.2520 0.2223 0.1958 0.1711 0.1485 0.1284 0.1107 0.0954 0.0815 0.0691 0.0585 0.0497 0.0424 0.0358 0.0302 0.0253 0.0212 0.0176 0.0147 0.0122 0.0102 0.0084
0.0000 0.0000 0.0000 0.0000 0.0000 0.0000 0.0000 0.0000 0.0000 0.0000 0.0000 0.0000 0.0000 0.0000 0.0000 0.0000 0.0000 0.0448 0.0935 0.1287 0.1424 0.1500 0.1534 0.1517 0.1443 0.1334 0.1211 0.1088 0.0965 0.0848 0.0745 0.0650 0.0563 0.0486 0.0418 0.0361 0.0308 0.0261 0.0221 0.0188 0.0160 0.0135 0.0114 0.0096 0.0080 0.0067 0.0056 0.0046 0.0039 0.0032
0.0000 0.0000 0.0000 0.0000 0.0000 0.0000 0.0000 0.0000 0.0000 0.0000 0.0000 0.0000 0.0000 0.0000 0.0000 0.0000 0.0000 0.0054 0.0112 0.0152 0.0167 0.0175 0.0178 0.0174 0.0165 0.0152 0.0138 0.0123 0.0109 0.0096 0.0084 0.0073 0.0063 0.0055 0.0047 0.0040 0.0035 0.0029 0.0025 0.0021 0.0018 0.0015 0.0013 0.0011 0.0009 0.0007 0.0006 0.0005 0.0004 0.0004
