0.0461 0.0434 0.0407 0.0381 0.0356 0.0332 0.0309 0.0286 0.0265 0.0245 0.0227 0.0209 0.0193 0.0178 0.0163 0.0150 0.0138 0.0126 0.0116 0.0106 0.0097 0.0089 0.0081 0.0074 0.0068 0.0062 0.0056 0.0051 0.0047 0.0042 0.0038 0.0035 0.0031 0.0028 0.0025 0.0022 0.0020 0.0017 0.0015 0.0013 0.0011 0.0010 0.0008 0.0007 0.0006 0.0004 0.0003 0.0002 0.0002 0.0001
0.1383 0.1301 0.1221 0.1143 0.1067 0.0995 0.0925 0.0859 0.0796 0.0736 0.0680 0.0628 0.0578 0.0533 0.0490 0.0450 0.0414 0.0379 0.0348 0.0319 0.0292 0.0267 0.0244 0.0223 0.0204 0.0186 0.0169 0.0154 0.0140 0.0127 0.0115 0.0104 0.0093 0.0084 0.0075 0.0067 0.0059 0.0052 0.0046 0.0040 0.0034 0.0029 0.0025 0.0020 0.0017 0.0013 0.0010 0.0007 0.0005 0.0002
0.2304 0.2166 0.2034 0.1904 0.1778 0.1657 0.1541 0.1431 0.1326 0.1226 0.1133 0.1045 0.0963 0.0887 0.0816 0.0750 0.0689 0.0632 0.0579 0.0531 0.0486 0.0445 0.0407 0.0372 0.0339 0.0310 0.0282 0.0257 0.0233 0.0211 0.0191 0.0172 0.0155 0.0139 0.0125 0.0111 0.0098 0.0087 0.0076 0.0066 0.0057 0.0049 0.0041 0.0034 0.0028 0.0022 0.0017 0.0012 0.0008 0.0004
0.3222 0.3030 0.2844 0.2662 0.2487 0.2318 0.2155 0.2001 0.1854 0.1715 0.1584 0.1462 0.1347 0.1241 0.1141 0.1049 0.0964 0.0884 0.0810 0.0743 0.0680 0.0622 0.0569 0.0520 0.0475 0.0433 0.0394 0.0359 0.0326 0.0295 0.0267 0.0241 0.0217 0.0195 0.0174 0.0155 0.0138 0.0121 0.0106 0.0092 0.0080 0.0068 0.0057 0.0047 0.0038 0.0030 0.0023 0.0017 0.0011 0.0005
0.4137 0.3890 0.3652 0.3418 0.3193 0.2977 0.2768 0.2569 0.2381 0.2202 0.2034 0.1877 0.1730 0.1594 0.1465 0.1347 0.1237 0.1135 0.1040 0.0954 0.0873 0.0799 0.0731 0.0667 0.0610 0.0556 0.0506 0.0461 0.0418 0.0379 0.0343 0.0310 0.0279 0.0250 0.0224 0.0199 0.0177 0.0156 0.0137 0.0119 0.0102 0.0087 0.0073 0.0061 0.0049 0.0039 0.0030 0.0021 0.0014 0.0007
0.5048 0.4747 0.4456 0.4171 0.3896 0.3632 0.3377 0.3135 0.2905 0.2686 0.2482 0.2290 0.2110 0.1944 0.1788 0.1643 0.1510 0.1384 0.1269 0.1164 0.1065 0.0975 0.0891 0.0814 0.0744 0.0678 0.0618 0.0562 0.0510 0.0463 0.0419 0.0378 0.0340 0.0306 0.0273 0.0243 0.0216 0.0190 0.0167 0.0145 0.0125 0.0106 0.0090 0.0074 0.0060 0.0048 0.0036 0.0026 0.0017 0.0008
0.5955 0.5599 0.5256 0.4920 0.4595 0.4284 0.3983 0.3698 0.3427 0.3169 0.2928 0.2701 0.2489 0.2293 0.2109 0.1938 0.1781 0.1633 0.1497 0.1373 0.1257 0.1150 0.1051 0.0960 0.0877 0.0800 0.0728 0.0663 0.0602 0.0546 0.0494 0.0446 0.0401 0.0360 0.0322 0.0287 0.0254 0.0224 0.0197 0.0171 0.0147 0.0126 0.0106 0.0087 0.0071 0.0056 0.0043 0.0031 0.0020 0.0010
0.6855 0.6446 0.6051 0.5664 0.5290 0.4932 0.4586 0.4257 0.3945 0.3648 0.3370 0.3110 0.2865 0.2640 0.2428 0.2231 0.2050 0.1880 0.1724 0.1580 0.1447 0.1324 0.1210 0.1106 0.1010 0.0921 0.0838 0.0763 0.0693 0.0628 0.0569 0.0513 0.0462 0.0415 0.0371 0.0330 0.0293 0.0258 0.0226 0.0197 0.0169 0.0145 0.0122 0.0101 0.0082 0.0065 0.0049 0.0036 0.0023 0.0011
0.7748 0.7286 0.6840 0.6402 0.5980 0.5574 0.5183 0.4812 0.4459 0.4123 0.3810 0.3515 0.3239 0.2984 0.2744 0.2522 0.2317 0.2125 0.1948 0.1786 0.1635 0.1497 0.1368 0.1250 0.1142 0.1041 0.0948 0.0863 0.0783 0.0710 0.0643 0.0580 0.0522 0.0469 0.0419 0.0374 0.0331 0.0292 0.0256 0.0222 0.0191 0.0163 0.0137 0.0114 0.0093 0.0073 0.0056 0.0040 0.0026 0.0013
0.8634 0.8119 0.7621 0.7134 0.6663 0.6212 0.5776 0.5362 0.4969 0.4595 0.4245 0.3917 0.3609 0.3325 0.3058 0.2810 0.2582 0.2368 0.2171 0.1990 0.1822 0.1668 0.1525 0.1393 0.1272 0.1160 0.1056 0.0961 0.0873 0.0791 0.0716 0.0646 0.0582 0.0523 0.0467 0.0416 0.0369 0.0325 0.0285 0.0248 0.0213 0.0182 0.0153 0.0127 0.0103 0.0082 0.0062 0.0045 0.0029 0.0014
0.9520 0.8952 0.8405 0.7868 0.7350 0.6852 0.6372 0.5916 0.5482 0.5070 0.4685 0.4323 0.3983 0.3670 0.3376 0.3102 0.2850 0.2614 0.2397 0.2197 0.2011 0.1841 0.1683 0.1537 0.1404 0.1280 0.1166 0.1061 0.0964 0.0873 0.0790 0.0713 0.0642 0.0577 0.0516 0.0459 0.0407 0.0359 0.0315 0.0273 0.0235 0.0201 0.0169 0.0140 0.0114 0.0090 0.0069 0.0049 0.0032 0.0016
1.0412 0.9794 0.9198 0.8613 0.8047 0.7504 0.6980 0.6482 0.6008 0.5558 0.5137 0.4740 0.4369 0.4026 0.3703 0.3403 0.3127 0.2867 0.2629 0.2410 0.2207 0.2020 0.1846 0.1686 0.1541 0.1405 0.1279 0.1164 0.1057 0.0958 0.0867 0.0783 0.0705 0.0633 0.0566 0.0504 0.0447 0.0394 0.0345 0.0300 0.0258 0.0220 0.0185 0.0154 0.0125 0.0099 0.0075 0.0054 0.0035 0.0017
1.1300 1.0633 0.9989 0.9356 0.8744 0.8156 0.7588 0.7049 0.6535 0.6046 0.5589 0.5159 0.4755 0.4382 0.4031 0.3705 0.3404 0.3122 0.2863 0.2625 0.2403 0.2200 0.2011 0.1836 0.1678 0.1529 0.1392 0.1267 0.1151 0.1043 0.0944 0.0852 0.0767 0.0689 0.0616 0.0549 0.0486 0.0429 0.0376 0.0326 0.0281 0.0240 0.0202 0.0167 0.0136 0.0108 0.0082 0.0059 0.0038 0.0019
1.2183 1.1468 1.0777 1.0097 0.9440 0.8808 0.8197 0.7616 0.7063 0.6536 0.6043 0.5579 0.5143 0.4740 0.4360 0.4008 0.3683 0.3378 0.3098 0.2840 0.2600 0.2380 0.2176 0.1987 0.1815 0.1655 0.1506 0.1371 0.1245 0.1129 0.1022 0.0922 0.0830 0.0745 0.0666 0.0594 0.0526 0.0464 0.0406 0.0353 0.0304 0.0260 0.0218 0.0181 0.0147 0.0116 0.0089 0.0064 0.0041 0.0020
1.3061 1.2299 1.1562 1.0836 1.0134 0.9458 0.8805 0.8183 0.7591 0.7026 0.6498 0.6000 0.5532 0.5099 0.4691 0.4312 0.3963 0.3635 0.3334 0.3057 0.2798 0.2562 0.2341 0.2138 0.1953 0.1780 0.1621 0.1476 0.1340 0.1214 0.1099 0.0992 0.0893 0.0802 0.0717 0.0639 0.0566 0.0499 0.0437 0.0380 0.0327 0.0279 0.0235 0.0195 0.0158 0.0125 0.0095 0.0069 0.0044 0.0022
1.3934 1.3126 1.2344 1.1573 1.0827 1.0108 0.9412 0.8750 0.8119 0.7518 0.6954 0.6422 0.5922 0.5459 0.5024 0.4618 0.4245 0.3894 0.3571 0.3274 0.2997 0.2744 0.2508 0.2290 0.2092 0.1907 0.1736 0.1580 0.1435 0.1301 0.1177 0.1062 0.0957 0.0859 0.0768 0.0684 0.0606 0.0534 0.0468 0.0407 0.0350 0.0299 0.0252 0.0208 0.0170 0.0134 0.0102 0.0074 0.0047 0.0023
1.4800 1.3948 1.3122 1.2307 1.1517 1.0756 1.0019 0.9318 0.8648 0.8010 0.7411 0.6845 0.6313 0.5821 0.5357 0.4925 0.4527 0.4153 0.3809 0.3492 0.3197 0.2927 0.2675 0.2443 0.2231 0.2033 0.1851 0.1685 0.1531 0.1387 0.1256 0.1133 0.1020 0.0916 0.0819 0.0729 0.0646 0.0570 0.0499 0.0434 0.0374 0.0319 0.0268 0.0222 0.0181 0.0143 0.0109 0.0078 0.0050 0.0025
1.5660 1.4765 1.3896 1.3038 1.2206 1.1403 1.0626 0.9885 0.9178 0.8503 0.7869 0.7270 0.6706 0.6184 0.5691 0.5233 0.4811 0.4413 0.4048 0.3712 0.3398 0.3110 0.2843 0.2596 0.2371 0.2161 0.1967 0.1791 0.1626 0.1474 0.1334 0.1204 0.1084 0.0973 0.0870 0.0775 0.0687 0.0605 0.0531 0.0461 0.0397 0.0339 0.0285 0.0236 0.0192 0.0152 0.0116 0.0083 0.0054 0.0026
1.6614 1.5665 1.4743 1.3833 1.2951 1.2099 1.1274 1.0488 0.9738 0.9022 0.8349 0.7714 0.7115 0.6561 0.6039 0.5553 0.5105 0.4683 0.4296 0.3939 0.3606 0.3301 0.3017 0.2755 0.2517 0.2294 0.2088 0.1901 0.1726 0.1564 0.1416 0.1278 0.1150 0.1033 0.0923 0.0822 0.0729 0.0642 0.0563 0.0489 0.0421 0.0360 0.0302 0.0251 0.0204 0.0161 0.0123 0.0088 0.0057 0.0028
1.7595 1.6589 1.5612 1.4648 1.3712 1.2810 1.1936 1.1103 1.0308 0.9550 0.8838 0.8165 0.7531 0.6945 0.6392 0.5877 0.5403 0.4957 0.4547 0.4169 0.3817 0.3494 0.3194 0.2917 0.2664 0.2428 0.2211 0.2012 0.1827 0.1656 0.1499 0.1352 0.1217 0.1093 0.0977 0.0870 0.0771 0.0680 0.0596 0.0518 0.0446 0.0381 0.0320 0.0265 0.0216 0.0171 0.0130 0.0094 0.0060 0.0030
1.8586 1.7522 1.6489 1.5470 1.4481 1.3528 1.2604 1.1724 1.0884 1.0083 0.9331 0.8620 0.7951 0.7331 0.6748 0.6204 0.5704 0.5233 0.4800 0.4402 0.4030 0.3689 0.3372 0.3080 0.2813 0.2564 0.2334 0.2125 0.1929 0.1748 0.1582 0.1427 0.1285 0.1154 0.1031 0.0919 0.0814 0.0717 0.0629 0.0546 0.0471 0.0402 0.0338 0.0280 0.0228 0.0180 0.0137 0.0099 0.0064 0.0031
1.9585 1.8463 1.7373 1.6299 1.5257 1.4252 1.3277 1.2349 1.1464 1.0619 0.9827 0.9078 0.8373 0.7721 0.7106 0.6534 0.6006 0.5511 0.5055 0.4636 0.4245 0.3886 0.3552 0.3244 0.2964 0.2701 0.2459 0.2238 0.2032 0.1841 0.1666 0.1503 0.1353 0.1215 0.1086 0.0968 0.0858 0.0755 0.0662 0.0575 0.0496 0.0423 0.0356 0.0295 0.0240 0.0190 0.0145 0.0104 0.0067 0.0033
2.0593 1.9412 1.8265 1.7134 1.6038 1.4981 1.3956 1.2979 1.2048 1.1160 1.0327 0.9540 0.8799 0.8113 0.7467 0.6865 0.6311 0.5791 0.5312 0.4872 0.4461 0.4084 0.3733 0.3410 0.3115 0.2840 0.2585 0.2353 0.2136 0.1935 0.1751 0.1580 0.1422 0.1277 0.1141 0.1017 0.0901 0.0794 0.0696 0.0605 0.0521 0.0445 0.0374 0.0310 0.0252 0.0199 0.0152 0.0109 0.0070 0.0035
2.1598 2.0359 1.9156 1.7971 1.6822 1.5714 1.4639 1.3615 1.2639 1.1708 1.0835 1.0010 0.9233 0.8514 0.7836 0.7206 0.6624 0.6078 0.5576 0.5114 0.4683 0.4288 0.3919 0.3580 0.3270 0.2981 0.2714 0.2470 0.2242 0.2031 0.1838 0.1658 0.1493 0.1340 0.1198 0.1067 0.0946 0.0833 0.0730 0.0635 0.0547 0.0467 0.0393 0.0325 0.0265 0.0209 0.0159 0.0115 0.0074 0.0036
2.2597 2.1302 2.0045 1.8807 1.7607 1.6450 1.5327 1.4257 1.3237 1.2264 1.1351 1.0488 0.9676 0.8924 0.8215 0.7555 0.6947 0.6375 0.5848 0.5364 0.4912 0.4497 0.4111 0.3755 0.3430 0.3127 0.2846 0.2591 0.2352 0.2131 0.1928 0.1740 0.1566 0.1406 0.1257 0.1120 0.0992 0.0874 0.0766 0.0666 0.0573 0.0489 0.0412 0.0341 0.0277 0.0219 0.0167 0.0120 0.0077 0.0038
2.3600 2.2249 2.0938 1.9647 1.8396 1.7189 1.6019 1.4903 1.3839 1.2823 1.1870 1.0970 1.0122 0.9337 0.8597 0.7907 0.7271 0.6673 0.6123 0.5616 0.5143 0.4709 0.4305 0.3931 0.3591 0.3273 0.2980 0.2713 0.2463 0.2232 0.2019 0.1822 0.1640 0.1473 0.1316 0.1172 0.1039 0.0915 0.0802 0.0697 0.0600 0.0512 0.0431 0.0357 0.0290 0.0230 0.0175 0.0126 0.0081 0.0040
2.4606 2.3199 2.1834 2.0489 1.9187 1.7931 1.6713 1.5552 1.4443 1.3385 1.2393 1.1454 1.0570 0.9753 0.8981 0.8262 0.7598 0.6974 0.6400 0.5871 0.5376 0.4922 0.4500 0.4109 0.3754 0.3421 0.3115 0.2835 0.2575 0.2333 0.2111 0.1904 0.1714 0.1539 0.1376 0.1225 0.1086 0.0957 0.0839 0.0729 0.0628 0.0536 0.0450 0.0373 0.0303 0.0240 0.0183 0.0131 0.0085 0.0042
2.5613 2.4150 2.2731 2.1334 1.9980 1.8676 1.7411 1.6204 1.5051 1.3951 1.2918 1.1941 1.1022 1.0171 0.9368 0.8620 0.7928 0.7278 0.6679 0.6127 0.5611 0.5138 0.4696 0.4289 0.3917 0.3570 0.3250 0.2959 0.2687 0.2435 0.2203 0.1988 0.1790 0.1607 0.1436 0.1279 0.1133 0.0998 0.0875 0.0760 0.0655 0.0559 0.0470 0.0389 0.0316 0.0250 0.0191 0.0137 0.0088 0.0044
2.6590 2.5085 2.3623 2.2182 2.0785 1.9437 1.8129 1.6880 1.5686 1.4545 1.3473 1.2459 1.1503 1.0618 0.9781 0.9001 0.8280 0.7602 0.6978 0.6403 0.5865 0.5370 0.4910 0.4484 0.4096 0.3733 0.3399 0.3094 0.2810 0.2546 0.2303 0.2078 0.1871 0.1679 0.1501 0.1337 0.1184 0.1043 0.0915 0.0795 0.0684 0.0584 0.0491 0.0407 0.0331 0.0261 0.0199 0.0143 0.0092 0.0046
2.7564 2.6018 2.4514 2.3031 2.1590 2.0200 1.8849 1.7559 1.6324 1.5143 1.4032 1.2979 1.1987 1.1067 1.0197 0.9385 0.8636 0.7930 0.7280 0.6681 0.6120 0.5605 0.5125 0.4681 0.4276 0.3898 0.3549 0.3230 0.2933 0.2657 0.2404 0.2169 0.1952 0.1753 0.1566 0.1395 0.1236 0.1089 0.0954 0.0829 0.0714 0.0609 0.0512 0.0424 0.0345 0.0273 0.0208 0.0150 0.0096 0.0048
2.8534 2.6948 2.5404 2.3878 2.2395 2.0962 1.9570 1.8239 1.6964 1.5742 1.4592 1.3503 1.2474 1.1519 1.0615 0.9771 0.8993 0.8260 0.7584 0.6961 0.6378 0.5842 0.5342 0.4879 0.4458 0.4064 0.3700 0.3368 0.3058 0.2770 0.2506 0.2261 0.2035 0.1827 0.1632 0.1454 0.1288 0.1134 0.0994 0.0864 0.0744 0.0635 0.0534 0.0442 0.0360 0.0284 0.0217 0.0156 0.0101 0.0050
2.9498 2.7875 2.6291 2.4724 2.3200 2.1726 2.0293 1.8922 1.7606 1.6345 1.5157 1.4029 1.2964 1.1974 1.1037 1.0161 0.9354 0.8593 0.7891 0.7244 0.6639 0.6082 0.5561 0.5080 0.4642 0.4232 0.3853 0.3507 0.3184 0.2884 0.2609 0.2353 0.2118 0.1901 0.1699 0.1513 0.1341 0.1181 0.1035 0.0899 0.0774 0.0661 0.0556 0.0460 0.0374 0.0296 0.0226 0.0163 0.0105 0.0052
3.0480 2.8824 2.7207 2.5606 2.4046 2.2534 2.1062 1.9652 1.8297 1.6997 1.5771 1.4606 1.3505 1.2482 1.1511 1.0603 0.9765 0.8974 0.8243 0.7570 0.6938 0.6358 0.5815 0.5313 0.4854 0.4425 0.4028 0.3667 0.3329 0.3015 0.2728 0.2460 0.2215 0.1988 0.1776 0.1581 0.1401 0.1234 0.1081 0.0939 0.0809 0.0691 0.0581 0.0481 0.0391 0.0309 0.0236 0.0170 0.0109 0.0054
3.1453 2.9767 2.8119 2.6485 2.4890 2.3342 2.1832 2.0383 1.8989 1.7651 1.6387 1.5186 1.4050 1.2992 1.1988 1.1049 1.0179 0.9358 0.8599 0.7898 0.7241 0.6636 0.6071 0.5547 0.5068 0.4620 0.4206 0.3828 0.3475 0.3148 0.2848 0.2569 0.2312 0.2075 0.1854 0.1651 0.1462 0.1288 0.1129 0.0980 0.0844 0.0721 0.0606 0.0502 0.0408 0.0323 0.0247 0.0177 0.0114 0.0056
3.2418 3.0703 2.9025 2.7359 2.5731 2.4147 2.2600 2.1113 1.9682 1.8306 1.7004 1.5767 1.4596 1.3505 1.2468 1.1497 1.0595 0.9744 0.8957 0.8229 0.7546 0.6917 0.6329 0.5784 0.5285 0.4817 0.4385 0.3991 0.3623 0.3281 0.2968 0.2678 0.2410 0.2163 0.1932 0.1721 0.1524 0.1342 0.1176 0.1021 0.0880 0.0751 0.0632 0.0523 0.0426 0.0337 0.0257 0.0185 0.0119 0.0059
3.3452 3.1705 2.9994 2.8294 2.6629 2.5007 2.3421 2.1895 2.0424 1.9008 1.7668 1.6393 1.5185 1.4057 1.2985 1.1979 1.1044 1.0161 0.9343 0.8586 0.7876 0.7221 0.6608 0.6040 0.5520 0.5032 0.4580 0.4169 0.3785 0.3429 0.3102 0.2798 0.2518 0.2260 0.2019 0.1798 0.1592 0.1402 0.1229 0.1067 0.0919 0.0784 0.0660 0.0547 0.0444 0.0351 0.0268 0.0193 0.0124 0.0061
3.4622 3.2837 3.1086 2.9344 2.7636 2.5971 2.4342 2.2773 2.1259 1.9800 1.8418 1.7101 1.5850 1.4681 1.3568 1.2522 1.1551 1.0632 0.9781 0.8992 0.8251 0.7567 0.6926 0.6333 0.5789 0.5279 0.4807 0.4376 0.3973 0.3600 0.3257 0.2938 0.2644 0.2374 0.2121 0.1888 0.1673 0.1473 0.1290 0.1121 0.0965 0.0823 0.0692 0.0573 0.0466 0.0369 0.0282 0.0203 0.0131 0.0064
3.5788 3.3965 3.2175 3.0392 2.8642 2.6935 2.5264 2.3652 2.2095 2.0593 1.9169 1.7811 1.6518 1.5308 1.4154 1.3069 1.2060 1.1106 1.0221 0.9400 0.8628 0.7915 0.7247 0.6628 0.6061 0.5528 0.5035 0.4585 0.4164 0.3773 0.3414 0.3080 0.2772 0.2488 0.2223 0.1980 0.1754 0.1544 0.1353 0.1175 0.1011 0.0863 0.0725 0.0600 0.0488 0.0386 0.0295 0.0212 0.0137 0.0067
3.6945 3.5086 3.3259 3.1436 2.9645 2.7897 2.6183 2.4530 2.2931 2.1387 1.9922 1.8522 1.7188 1.5936 1.4741 1.3617 1.2572 1.1582 1.0664 0.9811 0.9008 0.8265 0.7570 0.6925 0.6334 0.5779 0.5265 0.4795 0.4355 0.3947 0.3571 0.3222 0.2900 0.2604 0.2326 0.2072 0.1836 0.1616 0.1416 0.1229 0.1058 0.0902 0.0758 0.0628 0.0510 0.0404 0.0309 0.0222 0.0143 0.0071
3.8375 3.6466 3.4588 3.2714 3.0871 2.9071 2.7305 2.5598 2.3946 2.2349 2.0832 1.9381 1.7998 1.6700 1.5460 1.4292 1.3204 1.2172 1.1214 1.0322 0.9483 0.8706 0.7978 0.7302 0.6681 0.6099 0.5559 0.5064 0.4600 0.4170 0.3774 0.3406 0.3066 0.2753 0.2460 0.2191 0.1941 0.1709 0.1497 0.1300 0.1120 0.0955 0.0803 0.0665 0.0541 0.0428 0.0327 0.0235 0.0151 0.0075
3.9838 3.7877 3.5948 3.4022 3.2127 3.0274 2.8453 2.6693 2.4986 2.3336 2.1764 2.0262 1.8829 1.7485 1.6200 1.4987 1.3855 1.2780 1.1780 1.0850 0.9973 0.9161 0.8399 0.7692 0.7041 0.6431 0.5863 0.5342 0.4854 0.4401 0.3985 0.3597 0.3239 0.2908 0.2599 0.2314 0.2051 0.1806 0.1582 0.1374 0.1184 0.1010 0.0850 0.0704 0.0572 0.0453 0.0346 0.0249 0.0160 0.0079
4.1293 3.9282 3.7303 3.5325 3.3378 3.1473 2.9599 2.7785 2.6025 2.4321 2.2697 2.1142 1.9661 1.8270 1.6940 1.5683 1.4507 1.3389 1.2349 1.1379 1.0465 0.9618 0.8822 0.8083 0.7403 0.6764 0.6169 0.5622 0.5109 0.4633 0.4196 0.3788 0.3412 0.3064 0.2738 0.2439 0.2161 0.1903 0.1667 0.1448 0.1248 0.1066 0.0897 0.0743 0.0604 0.0478 0.0365 0.0262 0.0169 0.0083
4.2896 4.0822 3.8781 3.6743 3.4737 3.2775 3.0844 2.8974 2.7160 2.5402 2.3725 2.2120 2.0588 1.9149 1.7771 1.6468 1.5247 1.4086 1.3003 1.1993 1.1039 1.0155 0.9324 0.8550 0.7837 0.7165 0.6540 0.5965 0.5425 0.4922 0.4461 0.4030 0.3631 0.3262 0.2917 0.2599 0.2303 0.2029 0.1778 0.1545 0.1332 0.1138 0.0958 0.0794 0.0646 0.0511 0.0390 0.0280 0.0180 0.0089
4.4622 4.2474 4.0363 3.8256 3.6186 3.4161 3.2170 3.0242 2.8373 2.6562 2.4835 2.3179 2.1596 2.0106 1.8679 1.7329 1.6063 1.4857 1.3731 1.2679 1.1684 1.0761 0.9891 0.9080 0.8332 0.7626 0.6968 0.6362 0.5792 0.5261 0.4771 0.4314 0.3890 0.3498 0.3129 0.2790 0.2474 0.2180 0.1912 0.1662 0.1433 0.1224 0.1031 0.0854 0.0695 0.0550 0.0419 0.0302 0.0194 0.0096
4.6332 4.4110 4.1930 3.9756 3.7622 3.5536 3.3486 3.1501 2.9578 2.7715 2.5939 2.4232 2.2599 2.1059 1.9583 1.8187 1.6877 1.5627 1.4458 1.3364 1.2329 1.1366 1.0459 0.9611 0.8827 0.8087 0.7396 0.6760 0.6160 0.5600 0.5083 0.4599 0.4150 0.3734 0.3342 0.2981 0.2645 0.2332 0.2046 0.1780 0.1535 0.1311 0.1104 0.0915 0.0745 0.0589 0.0449 0.0323 0.0208 0.0103
4.8088 4.5778 4.3517 4.1266 3.9060 3.6907 3.4792 3.2746 3.0768 2.8853 2.7028 2.5272 2.3589 2.2000 2.0478 1.9037 1.7687 1.6397 1.5189 1.4058 1.2985 1.1986 1.1043 1.0160 0.9343 0.8570 0.7848 0.7182 0.6553 0.5963 0.5418 0.4908 0.4433 0.3992 0.3577 0.3194 0.2835 0.2502 0.2197 0.1912 0.1650 0.1410 0.1187 0.0985 0.0802 0.0635 0.0484 0.0348 0.0224 0.0111
4.9979 4.7545 4.5174 4.2822 4.0524 3.8285 3.6090 3.3973 3.1935 2.9967 2.8091 2.6285 2.4552 2.2919 2.1354 1.9875 1.8492 1.7171 1.5934 1.4773 1.3671 1.2641 1.1668 1.0756 0.9910 0.9108 0.8357 0.7661 0.7003 0.6384 0.5813 0.5275 0.4773 0.4305 0.3864 0.3455 0.3072 0.2715 0.2387 0.2080 0.1797 0.1537 0.1296 0.1076 0.0877 0.0695 0.0531 0.0382 0.0246 0.0122
5.1840 4.9282 4.6802 4.4350 4.1961 3.9638 3.7365 3.5178 3.3081 3.1061 2.9137 2.7281 2.5501 2.3823 2.2217 2.0701 1.9286 1.7936 1.6670 1.5482 1.4350 1.3291 1.2287 1.1346 1.0473 0.9643 0.8863 0.8138 0.7450 0.6804 0.6206 0.5641 0.5112 0.4618 0.4150 0.3715 0.3308 0.2927 0.2577 0.2248 0.1944 0.1665 0.1405 0.1168 0.0952 0.0755 0.0577 0.0416 0.0268 0.0132
5.3502 5.0833 4.8254 4.5711 4.3239 4.0841 3.8498 3.6248 3.4100 3.2033 3.0066 2.8167 2.6345 2.4628 2.2986 2.1437 1.9996 1.8619 1.7328 1.6115 1.4958 1.3873 1.2842 1.1875 1.0978 1.0123 0.9317 0.8566 0.7853 0.7182 0.6560 0.5971 0.5417 0.4899 0.4408 0.3950 0.3521 0.3119 0.2748 0.2400 0.2077 0.1780 0.1503 0.1250 0.1020 0.0809 0.0619 0.0446 0.0288 0.0142
5.3547 5.0864 4.8269 4.5712 4.3230 4.0826 3.8479 3.6226 3.4072 3.2000 3.0030 2.8134 2.6316 2.4605 2.2967 2.1421 1.9981 1.8605 1.7316 1.6103 1.4947 1.3862 1.2831 1.1863 1.0968 1.0115 0.9312 0.8563 0.7851 0.7181 0.6559 0.5970 0.5418 0.4900 0.4408 0.3951 0.3522 0.3120 0.2749 0.2401 0.2078 0.1781 0.1504 0.1252 0.1022 0.0810 0.0619 0.0446 0.0288 0.0142
