0.1566 0.0320 0.1058 0.3908 0.2694 0.0329 0.3704 0.0308 0.3121 0.0422 0.2894 0.0682 0.0857 0.1877 0.0823 0.0198 0.0425 0.1122 0.1696 0.1454 0.0686 0.0239 0.0419 0.0827 0.0983 0.0785 0.0418 0.0124 0.0022 0.0100 0.0269 0.0438 0.0549 0.0580 0.0549 0.0468 0.0368 0.0267 0.0177 0.0107 0.0058 0.0027 0.0011 0.0007 0.0010 0.0018 0.0028 0.0039 0.0049 0.0058
0.5187 0.1120 0.2866 1.1486 0.8393 0.0867 1.1079 0.1021 0.9292 0.1308 0.8688 0.1942 0.2655 0.5587 0.2375 0.0594 0.1343 0.3441 0.5124 0.4356 0.2037 0.0708 0.1254 0.2471 0.2926 0.2328 0.1232 0.0360 0.0065 0.0306 0.0816 0.1323 0.1651 0.1742 0.1645 0.1399 0.1100 0.0796 0.0529 0.0320 0.0172 0.0081 0.0034 0.0021 0.0031 0.0055 0.0086 0.0118 0.0148 0.0175
1.0336 0.2548 0.3839 1.8268 1.4985 0.1122 1.8289 0.2075 1.5214 0.2347 1.4470 0.2910 0.4710 0.9153 0.3657 0.1008 0.2467 0.5973 0.8647 0.7225 0.3320 0.1143 0.2076 0.4079 0.4797 0.3784 0.1976 0.0563 0.0110 0.0535 0.1391 0.2230 0.2766 0.2906 0.2735 0.2321 0.1819 0.1314 0.0871 0.0525 0.0282 0.0131 0.0055 0.0035 0.0053 0.0094 0.0145 0.0199 0.0249 0.0294
1.8127 0.5472 0.3753 2.3488 2.2897 0.1171 2.5001 0.3847 2.0596 0.3725 2.0142 0.3446 0.7182 1.2428 0.4523 0.1509 0.3954 0.8841 1.2291 1.0007 0.4475 0.1517 0.2873 0.5624 0.6545 0.5096 0.2609 0.0713 0.0158 0.0802 0.2014 0.3175 0.3902 0.4074 0.3816 0.3226 0.2520 0.1814 0.1197 0.0719 0.0384 0.0177 0.0074 0.0049 0.0076 0.0134 0.0207 0.0282 0.0352 0.0415
2.9442 1.1266 0.2991 2.6171 3.2192 0.1499 3.0570 0.6901 2.4990 0.5742 2.5476 0.3501 1.0207 1.5204 0.4892 0.2247 0.5974 1.2120 1.6014 1.2600 0.5419 0.1798 0.3634 0.7076 0.8117 0.6206 0.3088 0.0797 0.0220 0.1130 0.2708 0.4179 0.5071 0.5250 0.4887 0.4110 0.3196 0.2289 0.1503 0.0897 0.0475 0.0218 0.0092 0.0064 0.0101 0.0178 0.0272 0.0370 0.0458 0.0539
4.4113 2.1545 0.2888 2.5361 4.2270 0.3134 3.4023 1.1974 2.7781 0.8823 3.0078 0.3166 1.3853 1.7212 0.4801 0.3473 0.8691 1.5806 1.9677 1.4834 0.6044 0.1954 0.4350 0.8409 0.9466 0.7064 0.3383 0.0809 0.0312 0.1546 0.3502 0.5262 0.6287 0.6440 0.5947 0.4969 0.3840 0.2734 0.1784 0.1057 0.0554 0.0251 0.0106 0.0079 0.0129 0.0226 0.0342 0.0462 0.0570 0.0667
5.9702 3.7249 0.5897 2.0690 5.1548 0.7607 3.4201 1.9837 2.8273 1.3484 3.3384 0.2715 1.8066 1.8156 0.4460 0.5528 1.2212 1.9758 2.3012 1.6467 0.6228 0.1966 0.5036 0.9620 1.0561 0.7639 0.3480 0.0759 0.0460 0.2084 0.4427 0.6448 0.7563 0.7650 0.6997 0.5799 0.4449 0.3145 0.2036 0.1195 0.0619 0.0277 0.0119 0.0096 0.0161 0.0279 0.0418 0.0559 0.0686 0.0801
7.0637 5.7008 1.5145 1.3234 5.7398 1.6576 3.0194 3.0953 2.5904 2.0215 3.4721 0.2637 2.2609 1.7802 0.4319 0.8802 1.6501 2.3643 2.5602 1.7190 0.5858 0.1862 0.5756 1.0747 1.1414 0.7931 0.3390 0.0674 0.0703 0.2784 0.5516 0.7762 0.8915 0.8888 0.8038 0.6601 0.5021 0.3520 0.2258 0.1310 0.0669 0.0295 0.0129 0.0114 0.0198 0.0338 0.0501 0.0664 0.0809 0.0940
6.9419 7.5393 3.2893 0.6308 5.6712 3.0931 2.2116 4.4934 2.0632 2.9267 3.3445 0.3608 2.7015 1.6115 0.5084 1.3605 2.1266 2.6891 2.6900 1.6689 0.4889 0.1763 0.6666 1.1910 1.2100 0.7996 0.3163 0.0603 0.1087 0.3685 0.6799 0.9222 1.0353 1.0156 0.9072 0.7371 0.5553 0.3855 0.2446 0.1401 0.0704 0.0305 0.0137 0.0135 0.0240 0.0404 0.0591 0.0776 0.0940 0.1085
5.1655 8.2968 5.7828 0.5439 4.7417 4.9481 1.2053 5.9885 1.3454 4.0342 2.9199 0.6395 3.0609 1.3439 0.7656 1.9982 2.5848 2.8714 2.6328 1.4749 0.3436 0.1947 0.8055 1.3343 1.2787 0.7954 0.2888 0.0613 0.1656 0.4812 0.8287 1.0830 1.1872 1.1449 1.0089 0.8104 0.6041 0.4148 0.2601 0.1468 0.0724 0.0309 0.0145 0.0161 0.0289 0.0479 0.0690 0.0897 0.1077 0.1237
2.3807 7.0729 8.2289 1.6528 3.0728 6.7813 0.4644 7.1998 0.6895 5.2249 2.2251 1.1687 3.2667 1.0669 1.2936 2.7481 2.9212 2.8274 2.3508 1.1455 0.1895 0.2915 1.0388 1.5420 1.3756 0.8005 0.2694 0.0774 0.2438 0.6165 0.9963 1.2564 1.3454 1.2752 1.1082 0.8794 0.6481 0.4398 0.2721 0.1511 0.0730 0.0307 0.0154 0.0191 0.0346 0.0563 0.0800 0.1028 0.1225 0.1399
0.6635 4.0025 9.2660 4.1805 1.3043 7.8646 0.6352 7.6067 0.5089 6.2641 1.3845 1.9838 3.2645 0.9256 2.1427 3.4908 3.0047 2.4994 1.8587 0.7417 0.1042 0.5384 1.4242 1.8581 1.5325 0.8365 0.2704 0.1128 0.3410 0.7679 1.1750 1.4351 1.5035 1.4014 1.2012 0.9414 0.6855 0.4594 0.2802 0.1528 0.0722 0.0300 0.0166 0.0229 0.0414 0.0660 0.0923 0.1172 0.1386 0.1573
2.3151 1.0972 7.6942 7.5019 0.5267 7.4919 2.2518 6.7630 1.2877 6.8080 0.6450 3.0577 3.0431 1.0918 3.2653 4.0210 2.7132 1.9069 1.2655 0.3983 0.2038 1.0133 2.0064 2.3078 1.7652 0.9128 0.2943 0.1626 0.4457 0.9195 1.3466 1.6010 1.6454 1.5104 1.2777 0.9890 0.7114 0.4704 0.2824 0.1509 0.0696 0.0289 0.0181 0.0278 0.0495 0.0771 0.1060 0.1331 0.1560 0.1759
7.2929 1.4699 3.8814 9.9608 1.8073 5.5058 5.2676 4.6627 3.3397 6.4857 0.3741 4.2843 2.6699 1.7100 4.4747 4.0964 2.0286 1.2309 0.8202 0.3264 0.6120 1.7559 2.7755 2.8652 2.0501 1.0119 0.3261 0.2098 0.5376 1.0482 1.4880 1.7326 1.7525 1.5873 1.3263 1.0142 0.7203 0.4694 0.2768 0.1445 0.0650 0.0275 0.0205 0.0341 0.0595 0.0902 0.1217 0.1508 0.1750 0.1959
11.8579 6.3216 0.7809 9.5225 5.4145 2.7337 8.7086 2.1012 6.4212 5.0808 1.0040 5.4652 2.2768 2.8016 5.4399 3.5388 1.1430 0.8627 0.8968 0.7520 1.3756 2.6784 3.5856 3.3887 2.2824 1.0673 0.3263 0.2294 0.5975 1.1363 1.5817 1.8136 1.8105 1.6201 1.3378 1.0103 0.7076 0.4536 0.2619 0.1330 0.0583 0.0260 0.0243 0.0426 0.0719 0.1058 0.1399 0.1708 0.1960 0.2177
11.1753 12.2752 2.2703 5.6186 10.0812 0.8347 10.9326 0.6032 9.3817 2.8361 2.8903 6.2905 1.9961 4.1812 5.7706 2.3949 0.5328 1.3528 1.8601 1.7542 2.3110 3.4413 4.0647 3.5649 2.2493 0.9619 0.2488 0.2177 0.6412 1.2054 1.6477 1.8594 1.8302 1.6162 1.3169 0.9802 0.6753 0.4242 0.2386 0.1172 0.0502 0.0253 0.0300 0.0538 0.0873 0.1245 0.1609 0.1934 0.2195 0.2416
4.7946 13.6385 8.4025 1.2805 12.7414 1.5036 10.6319 1.4840 10.3314 0.7959 6.0164 6.2896 1.8708 5.4614 5.2124 1.0746 0.8611 3.1157 3.7129 2.9737 2.8267 3.3830 3.6189 2.9536 1.6958 0.6015 0.1154 0.2642 0.7871 1.3767 1.7942 1.9595 1.8812 1.6267 1.3002 0.9491 0.6401 0.3920 0.2135 0.1008 0.0427 0.0260 0.0379 0.0675 0.1055 0.1458 0.1845 0.2183 0.2449 0.2673
0.8431 7.8506 13.6736 1.6437 9.7092 5.6698 7.5909 4.4470 7.9656 0.7871 9.3629 4.7626 1.9188 6.2714 3.8834 0.2852 2.4890 5.6860 5.4113 3.2518 1.9597 1.8578 1.9050 1.4556 0.7009 0.1821 0.1860 0.6522 1.3100 1.8991 2.2328 2.2852 2.0963 1.7505 1.3590 0.9659 0.6344 0.3773 0.1984 0.0900 0.0383 0.0285 0.0468 0.0819 0.1241 0.1675 0.2086 0.2438 0.2709 0.2934
7.8031 0.7724 11.5012 8.2837 2.9774 11.4630 1.6594 9.5683 4.1661 3.7361 9.1799 0.9494 4.0236 7.8103 2.5310 0.5097 4.2641 5.8145 3.1968 0.5343 0.4285 1.8595 2.8772 2.7460 1.9023 1.1639 0.9421 1.2177 1.7149 2.1719 2.3957 2.3626 2.1125 1.7284 1.3171 0.9183 0.5899 0.3414 0.1734 0.0763 0.0351 0.0344 0.0600 0.1008 0.1471 0.1933 0.2362 0.2722 0.2995 0.3218
16.0154 4.8876 4.1477 14.2959 0.6837 13.1419 0.7362 12.1216 1.1971 7.5786 7.5116 0.3791 6.6530 7.2937 1.1677 1.5125 5.7262 5.7738 2.3584 0.2396 0.9465 2.6378 3.4138 2.9368 1.9064 1.1700 1.0421 1.4060 1.9360 2.3712 2.5376 2.4385 2.1307 1.7067 1.2733 0.8676 0.5424 0.3033 0.1477 0.0633 0.0337 0.0429 0.0763 0.1230 0.1734 0.2224 0.2668 0.3035 0.3305 0.3524
11.9017 14.7216 0.9068 13.0498 5.1338 9.2802 4.5087 10.8624 0.7268 10.9370 4.4763 1.6093 8.9453 5.7182 0.3656 3.2179 6.9282 5.2211 1.4624 0.2492 1.7474 3.4938 3.8787 3.0271 1.8536 1.1707 1.1641 1.6177 2.1666 2.5632 2.6595 2.4881 2.1222 1.6618 1.2114 0.8044 0.4876 0.2621 0.1218 0.0523 0.0357 0.0553 0.0968 0.1493 0.2036 0.2551 0.3006 0.3375 0.3639 0.3850
1.6020 15.6817 8.2790 5.0985 13.2250 2.9316 11.0604 6.1390 3.9367 11.8361 1.5202 4.6453 9.9783 3.4805 0.5971 5.3828 7.5560 4.1929 0.7065 0.6681 2.8018 4.3468 4.2125 2.9966 1.7495 1.1781 1.3157 1.8531 2.4023 2.7416 2.7557 2.5074 2.0850 1.5933 1.1322 0.7303 0.4271 0.2194 0.0975 0.0446 0.0419 0.0726 0.1222 0.1802 0.2381 0.2916 0.3377 0.3744 0.3998 0.4197
5.8019 5.1032 17.5161 0.8663 16.2369 0.9633 15.0963 1.4675 9.5640 9.3322 0.5288 8.5421 9.1207 1.3880 2.1127 7.5390 7.3648 2.8636 0.3206 1.5507 4.0256 5.0946 4.3599 2.8384 1.6096 1.2085 1.5048 2.1115 2.6372 2.8995 2.8207 2.4934 2.0182 1.5019 1.0374 0.6473 0.3631 0.1772 0.0763 0.0416 0.0537 0.0955 0.1530 0.2162 0.2772 0.3321 0.3784 0.4143 0.4383 0.4565
19.3940 1.8996 14.1914 8.1694 9.7168 7.1130 12.3501 1.4164 13.9859 4.6451 2.7387 11.5829 6.4814 0.4409 4.7510 9.0810 6.2883 1.5450 0.5173 2.8705 5.2796 5.6269 4.2827 2.5637 1.4600 1.2818 1.7386 2.3899 2.8642 3.0296 2.8500 2.4448 1.9230 1.3900 0.9297 0.5582 0.2984 0.1379 0.0602 0.0450 0.0721 0.1252 0.1902 0.2580 0.3214 0.3772 0.4230 0.4576 0.4795 0.4957
14.7150 14.8630 2.8240 18.4212 1.5830 15.9609 4.8930 7.3667 13.5742 1.0176 7.6220 12.0572 3.1349 1.4165 7.8567 9.4504 4.5219 0.6372 1.4277 4.4988 6.3823 5.8430 3.9693 2.2055 1.3370 1.4188 2.0214 2.6825 3.0741 3.1240 2.8391 2.3602 1.8004 1.2598 0.8122 0.4663 0.2358 0.1039 0.0512 0.0561 0.0986 0.1625 0.2345 0.3063 0.3712 0.4269 0.4716 0.5043 0.5235 0.5372
1.1659 20.5682 4.2714 15.9431 4.2014 17.1227 0.8572 14.9120 8.1000 1.7479 12.6411 9.3722 0.8417 4.3947 10.4001 8.3760 2.5436 0.5337 3.0364 6.2038 7.1376 5.6744 3.4449 1.8197 1.2846 1.6385 2.3524 2.9794 3.2559 3.1748 2.7834 2.2380 1.6511 1.1141 0.6883 0.3749 0.1784 0.0779 0.0515 0.0768 0.1341 0.2082 0.2864 0.3612 0.4266 0.4814 0.5242 0.5542 0.5702 0.5810
11.8832 6.6235 18.7350 3.8314 16.0829 8.3149 6.2107 16.8249 2.0760 7.3555 14.5075 4.8187 1.2239 8.4819 11.3337 6.0766 1.0322 1.4902 5.1394 7.6784 7.3754 5.1117 2.7799 1.4813 1.3471 1.9538 2.7246 3.2670 3.3974 3.1743 2.6803 2.0796 1.4787 0.9574 0.5628 0.2885 0.1298 0.0626 0.0630 0.1085 0.1799 0.2632 0.3463 0.4229 0.4878 0.5407 0.5808 0.6075 0.6197 0.6270
24.2752 3.2892 19.7006 3.5073 20.3239 1.1221 16.3328 10.5094 1.6396 14.2389 11.5488 1.2605 4.7211 11.9904 10.0892 3.3180 0.6678 3.4937 7.3475 8.5992 6.9988 4.2206 2.0860 1.2752 1.5624 2.3662 3.1226 3.5273 3.4854 3.1163 2.5292 1.8879 1.2883 0.7953 0.4411 0.2115 0.0937 0.0609 0.0881 0.1528 0.2369 0.3281 0.4148 0.4918 0.5549 0.6048 0.6415 0.6641 0.6718 0.6752
7.4710 20.8325 4.3940 18.0428 9.4633 7.0961 19.1949 2.4325 8.4992 16.7869 5.5493 1.5126 9.9459 13.1376 6.9942 1.2321 1.8640 6.1866 9.1533 8.7147 6.0328 3.1512 1.5072 1.2851 1.9533 2.8641 3.5259 3.7448 3.5139 3.0035 2.3346 1.6687 1.0868 0.6349 0.3295 0.1491 0.0741 0.0759 0.1287 0.2110 0.3058 0.4027 0.4909 0.5671 0.6276 0.6740 0.7067 0.7247 0.7274 0.7265
5.1814 19.8661 5.4254 21.6713 1.2575 19.3786 10.4942 2.5173 16.8507 12.3571 1.2128 6.2008 14.1106 11.1106 3.3731 0.8991 4.5254 8.9008 10.0542 7.9169 4.6280 2.1093 1.1874 1.5673 2.5146 3.4150 3.8978 3.8896 3.4634 2.8250 2.0967 1.4284 0.8817 0.4832 0.2338 0.1059 0.0745 0.1100 0.1866 0.2842 0.3875 0.4878 0.5756 0.6495 0.7061 0.7480 0.7759 0.7886 0.7857 0.7801
25.7583 2.2322 22.8356 6.7410 11.3761 19.7185 1.5890 12.1071 18.1229 4.5846 2.6770 12.7029 14.5653 6.7548 1.0603 2.8241 7.9535 10.8203 9.7190 6.3236 3.0745 1.3389 1.2496 2.1416 3.2108 3.9697 4.1977 3.9372 3.3243 2.5818 1.8227 1.1764 0.6826 0.3482 0.1606 0.0871 0.0987 0.1660 0.2636 0.3735 0.4824 0.5836 0.6690 0.7389 0.7903 0.8267 0.8488 0.8555 0.8464 0.8357
13.4397 12.8045 18.4335 3.2911 23.4564 6.8566 5.9113 20.3363 10.3811 1.0954 9.6327 16.4820 10.7007 2.4561 1.5274 6.5500 10.9976 11.2520 8.1368 4.2901 1.7475 1.0650 1.7597 2.9749 3.9740 4.4651 4.3832 3.8667 3.0924 2.2798 1.5233 0.9247 0.5001 0.2388 0.1167 0.0973 0.1500 0.2459 0.3609 0.4795 0.5909 0.6903 0.7710 0.8352 0.8801 0.9098 0.9255 0.9254 0.9095 0.8932
3.1244 26.0928 1.8784 20.1693 15.0952 1.9310 18.6293 16.4450 2.0522 6.2186 16.6098 14.4001 4.8426 0.9539 4.9732 10.6732 12.4687 9.9347 5.7011 2.3557 1.0254 1.4359 2.7051 3.9887 4.7287 4.8517 4.4296 3.6722 2.7734 1.9309 1.2150 0.6889 0.3469 0.1646 0.1090 0.1416 0.2317 0.3520 0.4805 0.6048 0.7160 0.8116 0.8856 0.9418 0.9782 0.9997 1.0073 0.9996 0.9765 0.9541
25.8462 7.0629 13.4076 22.1012 1.7072 14.5952 21.0372 5.0059 3.4402 15.5603 17.2776 7.7242 1.1131 3.6049 9.9331 13.3381 11.6215 7.1778 3.1110 1.0949 1.1783 2.4638 3.9647 5.0300 5.3439 5.0399 4.2912 3.3420 2.3764 1.5539 0.9137 0.4819 0.2337 0.1336 0.1434 0.2238 0.3461 0.4853 0.6226 0.7483 0.8556 0.9445 1.0093 1.0553 1.0818 1.0939 1.0925 1.0766 1.0456 1.0167
14.4717 7.3831 25.8390 4.3048 10.3546 23.5535 8.7866 1.8456 13.8355 19.4047 10.5685 1.7979 2.5964 9.1984 13.8266 13.1348 8.6279 3.9118 1.2418 0.9735 2.2817 4.0009 5.3291 5.9195 5.7037 4.9734 3.9550 2.8885 1.9249 1.1740 0.6415 0.3212 0.1734 0.1549 0.2257 0.3472 0.4950 0.6468 0.7873 0.9097 1.0093 1.0884 1.1416 1.1753 1.1904 1.1919 1.1807 1.1558 1.1166 1.0808
3.7869 26.9847 7.7387 7.2609 24.6118 12.2631 1.2723 12.3741 20.7552 13.1266 2.6716 1.9643 8.7310 14.3564 14.3539 9.9524 4.6617 1.3970 0.8316 2.1629 4.1566 5.7545 6.5379 6.4833 5.7205 4.6289 3.4369 2.3460 1.4564 0.8243 0.4244 0.2258 0.1791 0.2369 0.3613 0.5153 0.6806 0.8380 0.9759 1.0902 1.1782 1.2444 1.2835 1.3033 1.3052 1.2949 1.2731 1.2387 1.1906 1.1476
27.5677 10.3487 5.7474 25.2167 14.7116 1.2293 11.7313 21.9895 14.9711 3.3936 1.6811 8.6922 15.2057 15.5787 10.9578 5.2357 1.4882 0.7406 2.1845 4.4384 6.3834 7.3395 7.3284 6.5845 5.3520 4.0227 2.7808 1.7648 1.0156 0.5399 0.2885 0.2144 0.2634 0.3877 0.5554 0.7316 0.9057 1.0614 1.1900 1.2910 1.3635 1.4136 1.4365 1.4413 1.4279 1.4039 1.3710 1.3264 1.2689 1.2181
10.8586 5.8089 26.2047 15.5400 1.2643 12.2895 23.3608 15.9641 3.5602 1.7472 9.3086 16.3884 16.8520 11.6853 5.4243 1.4340 0.7111 2.4057 4.9834 7.1797 8.3669 8.3351 7.4682 6.1379 4.6080 3.2097 2.0537 1.2048 0.6499 0.3560 0.2590 0.3034 0.4360 0.6125 0.8096 0.9955 1.1681 1.3137 1.4262 1.5086 1.5616 1.5925 1.5967 1.5848 1.5546 1.5159 1.4712 1.4160 1.3487 1.2898
7.8480 27.8732 14.2778 1.3683 14.5407 24.8769 15.7116 2.9931 2.3001 10.9903 18.0675 17.8930 11.9787 5.1708 1.1784 0.8062 2.9559 5.9064 8.3201 9.5344 9.5155 8.4347 6.8653 5.1807 3.5850 2.3005 1.3553 0.7454 0.4171 0.3123 0.3608 0.5075 0.7046 0.9142 1.1245 1.3060 1.4661 1.5929 1.6825 1.7411 1.7708 1.7796 1.7630 1.7329 1.6846 1.6301 1.5732 1.5069 1.4296 1.3623
29.5376 10.5496 2.5068 19.0303 26.1526 13.7001 1.8329 3.9108 13.9911 20.4986 18.5198 11.4176 4.3613 0.8055 1.1913 4.0512 7.4253 9.9379 11.0325 10.7387 9.4659 7.5730 5.6254 3.8899 2.4654 1.4517 0.8060 0.4729 0.3756 0.4464 0.6167 0.8398 1.0768 1.2981 1.5048 1.6679 1.8053 1.9054 1.9650 1.9936 1.9942 1.9788 1.9401 1.8905 1.8245 1.7548 1.6846 1.6062 1.5179 1.4421
4.5886 7.0514 25.4044 25.2525 9.3790 1.0286 7.6159 18.5951 22.7905 18.2326 9.6549 2.9186 0.5747 2.2306 5.9251 9.6945 12.0905 12.7782 12.0135 10.2742 8.1203 5.8862 3.9759 2.5004 1.4500 0.8175 0.5148 0.4596 0.5694 0.7823 1.0374 1.3031 1.5503 1.7588 1.9435 2.0735 2.1771 2.2423 2.2653 2.2587 2.2261 2.1846 2.1223 2.0520 1.9680 1.8827 1.7987 1.7079 1.6081 1.5237
17.8204 30.5482 19.4553 3.6841 3.0597 14.5692 24.1083 23.7280 15.6834 6.5751 1.3079 1.1521 4.5320 8.9953 12.6820 14.6706 14.6058 13.0842 10.7700 8.2051 5.8247 3.8014 2.3156 1.3368 0.7769 0.5603 0.5840 0.7652 1.0288 1.3317 1.6239 1.8923 2.1173 2.2880 2.4323 2.5148 2.5745 2.5976 2.5781 2.5321 2.4631 2.3939 2.3069 2.2153 2.1129 2.0118 1.9138 1.8102 1.6989 1.6059
27.0029 8.3850 1.5564 11.4747 24.3247 27.7767 20.9286 10.3509 2.7466 0.8680 3.7594 8.8272 13.5510 16.4079 17.1317 16.0484 13.5784 10.6089 7.7170 5.2210 3.2958 1.9290 1.1114 0.7291 0.6597 0.8088 1.0837 1.4226 1.7649 2.0949 2.3718 2.6027 2.7754 2.8855 2.9729 2.9953 3.0011 2.9738 2.9065 2.8196 2.7162 2.6201 2.5080 2.3928 2.2700 2.1517 2.0387 1.9222 1.7993 1.6971
1.5417 11.5370 26.1259 31.1294 24.3250 12.5605 3.5947 1.0219 4.0997 9.9409 15.4779 19.0957 20.0955 18.8307 16.1637 12.8572 9.4181 6.4179 4.0781 2.4263 1.4088 0.8955 0.7783 0.9319 1.2386 1.6291 2.0353 2.4278 2.7614 3.0515 3.2606 3.4158 3.5098 3.5394 3.5556 3.5069 3.4500 3.3651 3.2457 3.1176 2.9830 2.8616 2.7244 2.5833 2.4384 2.3016 2.1727 2.0431 1.9087 1.7970
32.0145 33.8535 24.0745 11.1091 2.7078 1.6988 6.4638 13.4689 19.6262 23.2255 23.5978 21.6875 18.2047 14.1482 10.2573 6.9357 4.3336 2.5435 1.4796 0.9974 0.9466 1.1718 1.5702 2.0577 2.5405 3.0009 3.3946 3.7271 3.9643 4.1508 4.2453 4.2922 4.2855 4.2190 4.1537 4.0266 3.9019 3.7561 3.5825 3.4133 3.2484 3.1027 2.9409 2.7737 2.6069 2.4516 2.3069 2.1645 2.0187 1.8977
16.5406 5.0774 1.5730 5.5924 13.5315 21.4508 26.7290 28.3634 26.8924 23.3103 18.4685 13.6828 9.4042 6.0126 3.5977 2.0787 1.2959 1.0899 1.2856 1.7315 2.3116 2.9030 3.4836 4.0254 4.4513 4.8020 5.0468 5.2197 5.2883 5.3202 5.2691 5.1882 5.0676 4.8968 4.7457 4.5408 4.3491 4.1435 3.9180 3.7097 3.5165 3.3450 3.1587 2.9684 2.7808 2.6076 2.4472 2.2921 2.1351 2.0047
10.3328 20.2102 28.7489 33.5947 34.2205 31.3690 26.3262 20.3617 14.6606 9.8240 6.0459 3.5069 2.0116 1.3592 1.3399 1.7488 2.3975 3.1577 3.9344 4.6651 5.3240 5.8196 6.2265 6.5548 6.7160 6.8128 6.8124 6.7633 6.6201 6.4657 6.2628 6.0538 5.8165 5.5413 5.3078 5.0369 4.7871 4.5289 4.2590 4.0168 3.7979 3.5938 3.3819 3.1761 2.9705 2.7803 2.6038 2.4360 2.2676 2.1273
41.1681 36.0444 29.0975 21.8027 15.1513 9.7388 5.7775 3.2289 1.9166 1.5650 1.8849 2.6556 3.6510 4.7054 5.7536 6.7378 7.5411 8.1776 8.6525 8.9985 9.2449 9.2881 9.2723 9.2175 8.9984 8.7733 8.4917 8.2045 7.8445 7.5042 7.1606 6.8357 6.4924 6.1233 5.8168 5.4905 5.1906 4.8863 4.5781 4.3072 4.0672 3.8327 3.5975 3.3791 3.1572 2.9515 2.7597 2.5800 2.4008 2.2510
4.5036 2.6181 2.0649 2.5224 3.6525 5.1675 6.8347 8.4498 9.9444 11.2719 12.2773 13.1309 13.7153 14.0348 14.2539 14.3950 14.2821 14.0304 13.6760 13.3061 12.9408 12.4267 11.9366 11.4823 10.8940 10.3732 9.8459 9.3565 8.8166 8.3241 7.8728 7.4602 7.0348 6.5924 6.2297 5.8633 5.5263 5.1872 4.8497 4.5564 4.2996 4.0396 3.7860 3.5595 3.3247 3.1059 2.9010 2.7110 2.5226 2.3647
30.7470 31.1530 31.2780 31.1539 30.7592 30.2049 29.4631 28.4788 27.4602 26.4538 25.2079 24.1344 22.9875 21.7720 20.7254 19.8249 18.7817 17.7409 16.7260 15.8202 15.0199 14.1290 13.3202 12.6029 11.8052 11.1162 10.4487 9.8358 9.2007 8.6438 8.1393 7.6824 7.2163 6.7368 6.3444 5.9558 5.6073 5.2620 4.9115 4.5979 4.3143 4.0510 3.7986 3.5774 3.3420 3.1212 2.9135 2.7210 2.5306 2.3719
