0.1260 0.0672 0.0066 0.0636 0.1421 0.0224 0.0839 0.0755 0.0513 0.0673 0.0725 0.0187 0.1013 0.0193 0.0316 0.0846 0.0316 0.0041 0.0460 0.0642 0.0328 0.0035 0.0082 0.0310 0.0441 0.0387 0.0224 0.0076 0.0010 0.0028 0.0092 0.0161 0.0209 0.0224 0.0214 0.0183 0.0144 0.0105 0.0070 0.0043 0.0023 0.0011 0.0005 0.0002 0.0003 0.0006 0.0010 0.0014 0.0017 0.0020
0.3903 0.2167 0.0230 0.1785 0.4278 0.0744 0.2425 0.2348 0.1467 0.2083 0.2119 0.0597 0.3038 0.0549 0.0981 0.2535 0.0922 0.0130 0.1398 0.1923 0.0968 0.0100 0.0255 0.0939 0.1325 0.1155 0.0666 0.0223 0.0029 0.0086 0.0279 0.0487 0.0628 0.0673 0.0641 0.0548 0.0431 0.0314 0.0210 0.0128 0.0069 0.0033 0.0013 0.0007 0.0010 0.0018 0.0029 0.0041 0.0051 0.0061
0.6869 0.4119 0.0529 0.2573 0.7152 0.1499 0.3730 0.4185 0.2205 0.3688 0.3338 0.1122 0.5047 0.0823 0.1746 0.4218 0.1453 0.0246 0.2391 0.3191 0.1563 0.0151 0.0451 0.1595 0.2215 0.1910 0.1089 0.0357 0.0047 0.0149 0.0475 0.0821 0.1052 0.1123 0.1067 0.0910 0.0714 0.0519 0.0346 0.0210 0.0114 0.0053 0.0022 0.0012 0.0017 0.0031 0.0049 0.0068 0.0086 0.0103
1.0204 0.6811 0.1190 0.2808 0.9946 0.2700 0.4566 0.6411 0.2603 0.5605 0.4265 0.1856 0.7008 0.0973 0.2680 0.5877 0.1862 0.0413 0.3472 0.4432 0.2081 0.0182 0.0688 0.2295 0.3114 0.2641 0.1479 0.0470 0.0062 0.0224 0.0688 0.1169 0.1485 0.1576 0.1491 0.1267 0.0990 0.0717 0.0476 0.0288 0.0155 0.0072 0.0030 0.0017 0.0025 0.0044 0.0070 0.0097 0.0122 0.0145
1.3646 1.0414 0.2603 0.2417 1.2414 0.4604 0.4767 0.9122 0.2581 0.7927 0.4780 0.2911 0.8854 0.0978 0.3855 0.7479 0.2110 0.0665 0.4672 0.5626 0.2493 0.0193 0.0986 0.3056 0.4021 0.3335 0.1823 0.0556 0.0074 0.0315 0.0922 0.1536 0.1930 0.2032 0.1910 0.1616 0.1257 0.0906 0.0599 0.0360 0.0193 0.0089 0.0036 0.0022 0.0033 0.0059 0.0092 0.0127 0.0159 0.0188
1.6479 1.4783 0.5286 0.1570 1.4130 0.7475 0.4253 1.2316 0.2142 1.0687 0.4791 0.4415 1.0474 0.0855 0.5342 0.8964 0.2167 0.1051 0.6010 0.6742 0.2772 0.0189 0.1369 0.3891 0.4932 0.3980 0.2109 0.0610 0.0087 0.0428 0.1186 0.1927 0.2387 0.2489 0.2323 0.1953 0.1511 0.1084 0.0712 0.0425 0.0225 0.0103 0.0042 0.0027 0.0042 0.0075 0.0116 0.0159 0.0198 0.0233
1.7538 1.9191 0.9697 0.0822 1.4532 1.1468 0.3124 1.5819 0.1434 1.3815 0.4257 0.6490 1.1710 0.0670 0.7194 1.0248 0.2027 0.1633 0.7494 0.7738 0.2896 0.0187 0.1860 0.4809 0.5838 0.4559 0.2326 0.0627 0.0103 0.0570 0.1484 0.2345 0.2858 0.2948 0.2727 0.2277 0.1750 0.1246 0.0813 0.0481 0.0252 0.0114 0.0047 0.0032 0.0053 0.0093 0.0142 0.0193 0.0238 0.0280
1.5623 2.2174 1.5829 0.1195 1.3109 1.6442 0.1772 1.9212 0.0802 1.7082 0.3247 0.9219 1.2371 0.0551 0.9431 1.1213 0.1710 0.2483 0.9115 0.8563 0.2849 0.0213 0.2489 0.5816 0.6725 0.5054 0.2463 0.0609 0.0129 0.0748 0.1824 0.2795 0.3344 0.3405 0.3119 0.2582 0.1969 0.1392 0.0900 0.0527 0.0272 0.0121 0.0050 0.0038 0.0065 0.0113 0.0171 0.0229 0.0282 0.0329
1.0477 2.1844 2.2666 0.4023 0.9757 2.1740 0.0962 2.1808 0.0819 2.0056 0.1998 1.2597 1.2263 0.0697 1.2012 1.1722 0.1275 0.3681 1.0835 0.9156 0.2631 0.0304 0.3282 0.6908 0.7572 0.5446 0.2511 0.0557 0.0173 0.0972 0.2212 0.3276 0.3842 0.3857 0.3495 0.2866 0.2166 0.1517 0.0971 0.0561 0.0286 0.0125 0.0053 0.0045 0.0079 0.0136 0.0202 0.0268 0.0327 0.0380
0.4068 1.6992 2.7853 1.0366 0.5243 2.6064 0.1789 2.2726 0.2228 2.2102 0.0960 1.6462 1.1246 0.1369 1.4807 1.1632 0.0833 0.5296 1.2581 0.9448 0.2257 0.0513 0.4266 0.8074 0.8352 0.5715 0.2467 0.0478 0.0247 0.1251 0.2651 0.3792 0.4351 0.4302 0.3850 0.3124 0.2338 0.1621 0.1026 0.0584 0.0292 0.0126 0.0055 0.0054 0.0096 0.0162 0.0237 0.0311 0.0376 0.0434
0.1072 0.8787 2.8249 1.9929 0.1570 2.7631 0.5391 2.1141 0.5749 2.2490 0.0803 2.0457 0.9319 0.2862 1.7599 1.0851 0.0555 0.7379 1.4257 0.9385 0.1768 0.0903 0.5466 0.9303 0.9046 0.5850 0.2333 0.0386 0.0364 0.1598 0.3153 0.4349 0.4877 0.4742 0.4189 0.3360 0.2487 0.1705 0.1065 0.0597 0.0292 0.0123 0.0057 0.0064 0.0116 0.0192 0.0276 0.0358 0.0429 0.0491
0.6865 0.1947 2.1923 2.9963 0.1747 2.4858 1.2376 1.6719 1.1743 2.0616 0.2319 2.3968 0.6683 0.5463 2.0089 0.9369 0.0661 0.9929 1.5717 0.8919 0.1230 0.1547 0.6903 1.0576 0.9626 0.5840 0.2116 0.0296 0.0544 0.2029 0.3729 0.4955 0.5424 0.5183 0.4515 0.3576 0.2615 0.1770 0.1089 0.0599 0.0287 0.0119 0.0060 0.0077 0.0140 0.0226 0.0320 0.0410 0.0486 0.0554
2.2168 0.3333 1.0827 3.5502 0.8386 1.7540 2.2052 1.0210 1.9769 1.6312 0.6183 2.6108 0.3810 0.9356 2.1876 0.7295 0.1405 1.2839 1.6738 0.8004 0.0740 0.2518 0.8557 1.1818 1.0027 0.5657 0.1821 0.0229 0.0806 0.2555 0.4380 0.5603 0.5982 0.5612 0.4815 0.3762 0.2716 0.1812 0.1097 0.0591 0.0276 0.0114 0.0065 0.0093 0.0168 0.0266 0.0369 0.0466 0.0549 0.0620
3.7822 1.6627 0.1988 3.1919 2.1207 0.8091 3.1896 0.3890 2.8217 1.0267 1.2593 2.5976 0.1517 1.4500 2.2558 0.4923 0.3041 1.5945 1.7140 0.6685 0.0434 0.3874 1.0388 1.2956 1.0202 0.5296 0.1471 0.0215 0.1173 0.3187 0.5109 0.6290 0.6545 0.6022 0.5086 0.3916 0.2787 0.1831 0.1088 0.0572 0.0260 0.0107 0.0071 0.0114 0.0202 0.0311 0.0424 0.0529 0.0616 0.0691
3.8945 3.5462 0.4611 1.9160 3.5295 0.1684 3.7764 0.1196 3.4486 0.4320 2.0888 2.2981 0.0849 2.0432 2.1710 0.2685 0.5798 1.9071 1.6845 0.5117 0.0480 0.5644 1.2316 1.3896 1.0104 0.4760 0.1097 0.0286 0.1666 0.3934 0.5911 0.7006 0.7100 0.6403 0.5316 0.4029 0.2822 0.1822 0.1060 0.0543 0.0239 0.0101 0.0081 0.0140 0.0242 0.0364 0.0486 0.0598 0.0689 0.0767
2.0995 4.3973 2.1482 0.5303 4.2194 0.4046 3.5595 0.5200 3.5995 0.1266 2.9303 1.7267 0.2832 2.6198 1.9017 0.1137 0.9801 2.2004 1.5861 0.3527 0.1050 0.7826 1.4239 1.4551 0.9706 0.4074 0.0743 0.0480 0.2305 0.4796 0.6776 0.7733 0.7628 0.6736 0.5492 0.4092 0.2816 0.1782 0.1011 0.0502 0.0214 0.0096 0.0096 0.0173 0.0291 0.0425 0.0557 0.0675 0.0769 0.0850
0.2763 3.0927 4.1901 0.2702 3.5888 1.7367 2.4584 1.6556 3.0929 0.3545 3.5610 1.0318 0.8097 3.0511 1.4602 0.0925 1.4835 2.4211 1.4051 0.2100 0.2317 1.0461 1.6131 1.4907 0.9041 0.3300 0.0468 0.0836 0.3106 0.5771 0.7689 0.8453 0.8113 0.7008 0.5605 0.4097 0.2764 0.1710 0.0943 0.0451 0.0187 0.0094 0.0118 0.0215 0.0349 0.0496 0.0637 0.0760 0.0858 0.0939
0.9904 0.8594 4.6686 1.7793 1.8734 3.6046 1.0504 3.2104 1.9701 1.1901 3.7382 0.4328 1.6377 3.2172 0.9294 0.2769 2.0352 2.4944 1.1209 0.0969 0.4387 1.3519 1.7917 1.4936 0.8144 0.2504 0.0336 0.1394 0.4079 0.6851 0.8634 0.9148 0.8540 0.7212 0.5651 0.4049 0.2673 0.1612 0.0860 0.0395 0.0162 0.0099 0.0149 0.0266 0.0417 0.0577 0.0725 0.0853 0.0952 0.1034
4.0345 0.3431 2.8569 4.1858 0.3168 4.8438 0.1627 4.4389 0.7517 2.5199 3.2334 0.1088 2.5874 3.0159 0.4335 0.6920 2.5445 2.3855 0.7824 0.0586 0.7118 1.6422 1.8989 1.4249 0.6868 0.1678 0.0366 0.2147 0.5188 0.7979 0.9546 0.9760 0.8866 0.7318 0.5615 0.3940 0.2541 0.1490 0.0766 0.0338 0.0141 0.0111 0.0189 0.0328 0.0496 0.0668 0.0823 0.0955 0.1055 0.1137
5.3924 3.0427 0.4702 5.3044 0.6464 4.3857 0.7764 4.6006 0.1392 3.9452 2.1705 0.4206 3.5180 2.4386 0.1225 1.3668 2.9710 2.1078 0.4487 0.1492 1.0860 1.9432 1.9600 1.3087 0.5411 0.0973 0.0685 0.3212 0.6540 0.9252 1.0511 1.0358 0.9142 0.7362 0.5521 0.3783 0.2376 0.1348 0.0664 0.0281 0.0127 0.0134 0.0242 0.0405 0.0589 0.0772 0.0933 0.1068 0.1167 0.1248
2.4865 5.7381 0.8603 3.5506 3.1470 2.2628 2.8904 3.3078 0.7759 4.7114 0.9333 1.4246 4.0476 1.5819 0.1732 2.2017 3.1746 1.6630 0.1860 0.3889 1.5219 2.2008 1.9422 1.1397 0.3879 0.0512 0.1353 0.4571 0.8061 1.0571 1.1431 1.0863 0.9313 0.7310 0.5348 0.3571 0.2176 0.1188 0.0559 0.0229 0.0124 0.0171 0.0311 0.0496 0.0697 0.0890 0.1056 0.1191 0.1288 0.1367
0.1447 4.2250 4.2881 0.7321 5.6477 0.3446 5.1376 1.3020 2.6280 4.2782 0.1748 2.8916 3.9093 0.7056 0.6894 3.0386 3.0715 1.1165 0.0724 0.7868 1.9816 2.3791 1.8346 0.9273 0.2430 0.0423 0.2431 0.6226 0.9720 1.1894 1.2267 1.1246 0.9360 0.7153 0.5097 0.3307 0.1947 0.1018 0.0454 0.0187 0.0135 0.0225 0.0397 0.0605 0.0821 0.1023 0.1191 0.1325 0.1419 0.1494
3.4216 0.6157 6.2698 0.7134 5.2979 0.8780 5.5786 0.1779 4.7409 2.7182 0.4872 4.2803 3.0486 0.1630 1.6454 3.6679 2.6355 0.5793 0.1776 1.3241 2.4119 2.4444 1.6354 0.6888 0.1260 0.0832 0.3958 0.8156 1.1467 1.3166 1.2976 1.1479 0.9269 0.6886 0.4767 0.2995 0.1695 0.0842 0.0357 0.0160 0.0165 0.0300 0.0503 0.0733 0.0963 0.1171 0.1339 0.1471 0.1560 0.1629
6.7665 1.5426 3.5141 4.2852 2.1683 3.9258 3.5320 1.2252 5.6522 0.9119 1.9905 4.9193 1.7356 0.2786 2.8447 3.8823 1.9278 0.1937 0.5439 1.9501 2.7517 2.3732 1.3569 0.4501 0.0586 0.1847 0.5945 1.0308 1.3228 1.4321 1.3514 1.1540 0.9034 0.6514 0.4369 0.2646 0.1430 0.0670 0.0274 0.0154 0.0219 0.0399 0.0633 0.0883 0.1124 0.1336 0.1503 0.1630 0.1712 0.1774
3.1892 6.2314 0.2868 6.8011 0.2243 6.4722 0.8321 4.0278 4.4894 0.1815 4.0682 4.3699 0.5497 1.1825 3.9388 3.5556 1.1086 0.1030 1.1649 2.5816 2.9378 2.1549 1.0232 0.2425 0.0622 0.3544 0.8359 1.2601 1.4916 1.5289 1.3834 1.1407 0.8648 0.6038 0.3909 0.2268 0.1161 0.0511 0.0214 0.0175 0.0302 0.0526 0.0789 0.1056 0.1305 0.1519 0.1681 0.1802 0.1875 0.1929
0.3041 5.9247 2.7022 4.2535 2.6685 5.3957 0.5278 6.3040 1.9802 1.3715 5.5503 2.7867 0.1608 2.6781 4.5295 2.7195 0.4175 0.4092 1.9707 3.1097 2.9160 1.7989 0.6729 0.1019 0.1554 0.5944 1.1122 1.4928 1.6438 1.6001 1.3896 1.1056 0.8103 0.5463 0.3397 0.1874 0.0900 0.0375 0.0186 0.0230 0.0418 0.0686 0.0975 0.1254 0.1507 0.1719 0.1875 0.1987 0.2049 0.2092
5.4873 0.9419 7.2316 0.4747 6.7232 1.7340 3.5356 5.7661 0.2676 3.9834 5.3923 1.0027 0.9729 4.2350 4.3261 1.6018 0.1151 1.1278 2.8264 3.4212 2.6622 1.3441 0.3587 0.0645 0.3507 0.8995 1.4101 1.7149 1.7683 1.6389 1.3664 1.0479 0.7407 0.4802 0.2850 0.1481 0.0662 0.0275 0.0197 0.0325 0.0574 0.0882 0.1192 0.1479 0.1733 0.1939 0.2085 0.2186 0.2234 0.2265
7.1473 2.2045 5.3973 2.2912 6.4568 0.4010 6.8509 2.6912 1.2276 6.1959 3.5191 0.1826 2.8022 5.1638 3.3153 0.5957 0.3953 2.1550 3.5513 3.4257 2.1937 0.8569 0.1409 0.1610 0.6505 1.2559 1.7115 1.9107 1.8546 1.6393 1.3120 0.9682 0.6578 0.4077 0.2290 0.1109 0.0464 0.0222 0.0259 0.0469 0.0774 0.1117 0.1443 0.1732 0.1982 0.2179 0.2312 0.2398 0.2431 0.2448
1.0234 7.8033 0.5568 7.3070 1.9571 3.8655 6.4222 0.3249 4.4432 6.1284 1.1706 1.1005 4.8290 4.9582 1.8544 0.1416 1.2930 3.2699 3.9596 3.0858 1.5778 0.4256 0.0773 0.4090 1.0443 1.6433 2.0002 2.0712 1.8992 1.6005 1.2279 0.8695 0.5650 0.3322 0.1745 0.0780 0.0322 0.0231 0.0380 0.0668 0.1022 0.1393 0.1729 0.2019 0.2258 0.2441 0.2561 0.2630 0.2644 0.2645
3.0997 5.0470 3.1405 6.4952 0.6624 7.6901 2.5165 1.7124 7.0395 3.6280 0.2326 3.4676 5.9222 3.5889 0.5802 0.5468 2.6247 4.1711 3.9098 2.4399 0.9286 0.1465 0.2126 0.8073 1.5064 2.0295 2.2460 2.1731 1.8876 1.5167 1.1134 0.7534 0.4651 0.2566 0.1243 0.0517 0.0255 0.0315 0.0571 0.0929 0.1324 0.1714 0.2053 0.2337 0.2561 0.2724 0.2827 0.2876 0.2869 0.2851
8.6256 0.3633 8.3832 1.1251 5.4587 6.1015 0.3103 5.7861 6.2736 0.8358 1.7790 5.8677 5.3226 1.6935 0.1819 1.8108 4.0035 4.5656 3.3663 1.6138 0.3920 0.1068 0.5658 1.3312 1.9967 2.3775 2.4229 2.2019 1.8146 1.3887 0.9722 0.6249 0.3629 0.1852 0.0819 0.0345 0.0282 0.0486 0.0840 0.1257 0.1681 0.2082 0.2415 0.2687 0.2888 0.3027 0.3110 0.3137 0.3105 0.3067
2.6230 5.8573 4.7385 2.0880 8.3944 1.2975 3.3572 7.8439 2.7173 0.5692 4.9133 6.5856 3.2578 0.3447 1.0350 3.5473 4.9471 4.2768 2.4355 0.8063 0.1167 0.3620 1.1206 1.9311 2.4638 2.6485 2.5077 2.1479 1.6795 1.2213 0.8111 0.4907 0.2643 0.1227 0.0508 0.0291 0.0419 0.0757 0.1194 0.1656 0.2098 0.2498 0.2816 0.3069 0.3242 0.3350 0.3410 0.3411 0.3352 0.3293
2.0440 8.1181 0.3988 8.1438 3.9324 1.2513 7.8505 5.1030 0.2979 3.5213 7.1325 4.9197 1.0132 0.4810 2.9167 5.0855 5.0661 3.3419 1.3668 0.2485 0.2170 0.9180 1.8259 2.5475 2.8648 2.8185 2.4892 2.0103 1.4893 1.0259 0.6408 0.3599 0.1764 0.0743 0.0348 0.0381 0.0687 0.1142 0.1646 0.2137 0.2582 0.2972 0.3266 0.3491 0.3631 0.3707 0.3736 0.3707 0.3618 0.3536
9.1512 1.1370 6.1294 6.6867 0.3632 6.6898 7.1837 0.9368 2.1714 7.0690 6.3871 2.0266 0.2303 2.2651 5.0001 5.7215 4.2336 2.0291 0.4880 0.1401 0.7372 1.7165 2.5866 3.0895 3.1315 2.8470 2.3535 1.7912 1.2522 0.8106 0.4700 0.2402 0.1053 0.0446 0.0372 0.0638 0.1100 0.1649 0.2198 0.2698 0.3130 0.3497 0.3757 0.3945 0.4045 0.4084 0.4079 0.4016 0.3896 0.3788
3.1378 3.8521 8.5226 0.6462 5.1314 8.5468 2.0938 1.1955 6.5991 7.5412 3.1592 0.2565 1.7130 4.8171 6.2086 5.0817 2.7175 0.8013 0.1284 0.5905 1.6242 2.6359 3.2825 3.4703 3.2166 2.7181 2.1047 1.5046 0.9850 0.5914 0.3117 0.1415 0.0583 0.0385 0.0612 0.1083 0.1668 0.2283 0.2852 0.3339 0.3741 0.4071 0.4286 0.4429 0.4484 0.4480 0.4436 0.4337 0.4183 0.4049
2.2142 9.3737 1.4830 3.8218 9.2495 3.2934 0.6573 6.0745 8.3432 4.2200 0.4485 1.3257 4.6751 6.6308 5.8192 3.3850 1.1317 0.1612 0.4948 1.5641 2.7261 3.5133 3.7920 3.6202 3.0945 2.4367 1.7640 1.1762 0.7114 0.3874 0.1804 0.0742 0.0424 0.0606 0.1098 0.1733 0.2406 0.3056 0.3617 0.4070 0.4425 0.4705 0.4863 0.4950 0.4953 0.4902 0.4817 0.4679 0.4488 0.4325
9.7583 2.2212 3.0793 9.6021 4.1685 0.4434 5.7769 8.9360 5.0139 0.6572 1.1295 4.6847 7.0968 6.4935 3.9423 1.4209 0.2062 0.4551 1.5815 2.8701 3.8175 4.1744 4.0130 3.4988 2.7674 2.0275 1.3638 0.8367 0.4567 0.2180 0.0900 0.0476 0.0636 0.1149 0.1857 0.2608 0.3328 0.3980 0.4506 0.4905 0.5198 0.5414 0.5500 0.5516 0.5461 0.5358 0.5228 0.5049 0.4819 0.4623
2.3246 3.0008 9.8604 4.4421 0.4146 5.9167 9.4000 5.3998 0.7304 1.1460 4.9447 7.6254 7.0765 4.3350 1.5814 0.2296 0.4759 1.7095 3.1288 4.1797 4.6281 4.4519 3.8730 3.1009 2.2658 1.5321 0.9424 0.5180 0.2455 0.1021 0.0531 0.0702 0.1273 0.2043 0.2901 0.3709 0.4428 0.5044 0.5503 0.5824 0.6037 0.6173 0.6176 0.6110 0.5990 0.5832 0.5654 0.5431 0.5161 0.4930
3.7536 10.1113 3.9327 0.5813 6.6654 9.7585 5.2185 0.5898 1.4425 5.6027 8.2647 7.4764 4.4679 1.5501 0.2101 0.5892 1.9905 3.5589 4.6736 5.1176 4.9314 4.2556 3.3738 2.4766 1.6562 1.0144 0.5529 0.2603 0.1065 0.0586 0.0819 0.1488 0.2371 0.3305 0.4235 0.5034 0.5700 0.6241 0.6601 0.6819 0.6935 0.6978 0.6884 0.6728 0.6537 0.6321 0.6092 0.5824 0.5511 0.5244
10.0747 2.6096 1.2817 8.1217 9.8242 4.3431 0.3211 2.2321 6.7724 9.0713 7.6155 4.2130 1.2791 0.1747 0.8655 2.5280 4.2211 5.3601 5.7143 5.3968 4.6281 3.6119 2.6043 1.7330 1.0367 0.5533 0.2532 0.1035 0.0653 0.1034 0.1858 0.2894 0.3969 0.4967 0.5890 0.6614 0.7172 0.7594 0.7818 0.7906 0.7908 0.7859 0.7674 0.7430 0.7168 0.6887 0.6594 0.6271 0.5911 0.5606
0.8053 3.2445 9.9758 8.9058 2.6814 0.3345 3.8455 8.4420 9.6990 7.2439 3.4497 0.7883 0.2449 1.4488 3.4070 5.1924 6.2105 6.3834 5.8377 4.8710 3.7449 2.6308 1.6968 0.9918 0.5042 0.2202 0.0931 0.0803 0.1420 0.2479 0.3704 0.4939 0.6065 0.7010 0.7840 0.8415 0.8809 0.9070 0.9124 0.9060 0.8933 0.8786 0.8505 0.8170 0.7831 0.7482 0.7119 0.6739 0.6328 0.5984
7.0856 10.9737 6.2518 0.7975 1.5328 6.5618 10.2028 9.5900 5.9445 2.1681 0.2993 0.7072 2.5721 4.7606 6.4318 7.2011 6.9997 6.1500 4.9369 3.6561 2.4948 1.5376 0.8473 0.4053 0.1662 0.0867 0.1173 0.2163 0.3494 0.4970 0.6363 0.7604 0.8629 0.9402 1.0050 1.0405 1.0585 1.0647 1.0501 1.0265 0.9997 0.9746 0.9364 0.8932 0.8515 0.8094 0.7659 0.7219 0.6756 0.6372
8.7489 2.2242 0.5825 4.9687 9.9300 10.9310 7.8957 3.5982 0.7411 0.3908 2.0421 4.5011 6.6534 7.8766 8.0618 7.3950 6.1343 4.6913 3.2961 2.1211 1.2305 0.6194 0.2670 0.1175 0.1134 0.2062 0.3539 0.5239 0.6909 0.8498 0.9812 1.0872 1.1651 1.2149 1.2544 1.2626 1.2549 1.2381 1.2019 1.1599 1.1178 1.0805 1.0309 0.9778 0.9277 0.8781 0.8268 0.7765 0.7246 0.6819
0.4535 4.6369 10.0512 11.6685 8.8419 4.2836 1.0028 0.3694 2.0293 4.7462 7.2516 8.8077 9.1615 8.4799 7.1615 5.5693 3.9652 2.5907 1.5220 0.7865 0.3490 0.1505 0.1314 0.2324 0.4009 0.6028 0.8083 0.9991 1.1586 1.2966 1.3965 1.4670 1.5071 1.5205 1.5292 1.5057 1.4688 1.4264 1.3674 1.3059 1.2478 1.1962 1.1338 1.0707 1.0118 0.9541 0.8946 0.8377 0.7799 0.7325
11.3654 11.8425 8.2268 3.5606 0.6854 0.6686 2.8821 5.9479 8.6009 10.1110 10.2794 9.4008 7.8362 5.9854 4.2166 2.7180 1.5679 0.7925 0.3455 0.1660 0.1814 0.3239 0.5400 0.7909 1.0342 1.2626 1.4572 1.6166 1.7281 1.8152 1.8626 1.8827 1.8741 1.8441 1.8173 1.7587 1.6899 1.6199 1.5371 1.4555 1.3808 1.3144 1.2390 1.1659 1.0982 1.0323 0.9645 0.9008 0.8371 0.7848
5.1187 1.3836 0.4506 2.2383 5.4805 8.6994 10.8758 11.6179 11.0525 9.5603 7.5746 5.5433 3.7139 2.2401 1.1982 0.5578 0.2528 0.2064 0.3383 0.5802 0.8785 1.1837 1.4766 1.7456 1.9547 2.1260 2.2461 2.3289 2.3591 2.3719 2.3529 2.3138 2.2503 2.1725 2.1076 2.0128 1.9123 1.8154 1.7102 1.6092 1.5181 1.4371 1.3491 1.2664 1.1899 1.1158 1.0396 0.9691 0.8993 0.8421
3.6859 7.3186 10.5574 12.5272 12.9427 11.9923 10.1324 7.8523 5.6135 3.6726 2.1615 1.1238 0.5197 0.2791 0.3149 0.5381 0.8704 1.2545 1.6389 2.0019 2.3269 2.5812 2.7849 2.9475 3.0338 3.0868 3.0912 3.0661 2.9945 2.9207 2.8326 2.7343 2.6157 2.4889 2.3852 2.2572 2.1291 2.0099 1.8876 1.7700 1.6632 1.5686 1.4691 1.3782 1.2926 1.2101 1.1260 1.0487 0.9725 0.9101
13.7667 12.2713 10.0665 7.6325 5.3182 3.3658 1.8998 0.9461 0.4683 0.3720 0.5582 0.9336 1.4134 1.9254 2.4281 2.8888 3.2800 3.6078 3.8518 4.0396 4.1731 4.2160 4.2185 4.2001 4.1193 4.0273 3.9013 3.7606 3.5853 3.4258 3.2742 3.1226 2.9539 2.7823 2.6435 2.4864 2.3344 2.1962 2.0600 1.9279 1.8067 1.6996 1.5894 1.4914 1.3973 1.3066 1.2149 1.1308 1.0484 0.9809
1.2380 0.6500 0.5018 0.7115 1.1822 1.8211 2.5413 3.2541 3.9435 4.5763 5.1357 5.6011 5.9482 6.1733 6.3134 6.3742 6.3513 6.2901 6.1702 6.0427 5.9004 5.6858 5.4661 5.2617 5.0240 4.8021 4.5640 4.3241 4.0623 3.8331 3.6326 3.4403 3.2328 3.0261 2.8598 2.6803 2.5101 2.3578 2.2116 2.0684 1.9354 1.8179 1.6991 1.5955 1.4945 1.3968 1.2980 1.2079 1.1198 1.0478
10.2112 10.6437 10.9712 11.2351 11.4210 11.5210 11.5074 11.3399 11.1452 10.9145 10.6370 10.3428 9.9975 9.6047 9.2082 8.8057 8.3737 7.9707 7.5603 7.1956 6.8582 6.4771 6.1099 5.7810 5.4421 5.1456 4.8514 4.5516 4.2445 3.9868 3.7538 3.5358 3.3127 3.0936 2.9171 2.7246 2.5456 2.3873 2.2334 2.0855 1.9504 1.8309 1.7103 1.6051 1.5060 1.4089 1.3047 1.2125 1.1236 1.0511
