0.1565 0.0320 0.1057 0.3908 0.2695 0.0330 0.3702 0.0307 0.3118 0.0422 0.2897 0.0682 0.0859 0.1883 0.0826 0.0196 0.0423 0.1121 0.1694 0.1452 0.0684 0.0240 0.0421 0.0830 0.0986 0.0787 0.0419 0.0124 0.0022 0.0100 0.0269 0.0439 0.0549 0.0581 0.0549 0.0468 0.0368 0.0267 0.0177 0.0107 0.0058 0.0027 0.0011 0.0007 0.0010 0.0018 0.0028 0.0039 0.0049 0.0058
0.5185 0.1121 0.2864 1.1487 0.8395 0.0869 1.1074 0.1020 0.9284 0.1309 0.8696 0.1945 0.2663 0.5606 0.2385 0.0588 0.1336 0.3438 0.5119 0.4349 0.2033 0.0710 0.1261 0.2479 0.2933 0.2332 0.1234 0.0361 0.0066 0.0306 0.0817 0.1323 0.1651 0.1742 0.1645 0.1400 0.1100 0.0796 0.0529 0.0320 0.0172 0.0081 0.0034 0.0021 0.0031 0.0055 0.0086 0.0118 0.0148 0.0175
1.0333 0.2549 0.3836 1.8270 1.4990 0.1124 1.8283 0.2074 1.5201 0.2350 1.4484 0.2915 0.4723 0.9184 0.3671 0.0997 0.2456 0.5969 0.8641 0.7214 0.3314 0.1147 0.2088 0.4093 0.4809 0.3791 0.1980 0.0564 0.0110 0.0535 0.1391 0.2230 0.2766 0.2906 0.2735 0.2322 0.1820 0.1314 0.0871 0.0525 0.0282 0.0131 0.0055 0.0035 0.0053 0.0093 0.0145 0.0199 0.0249 0.0294
1.8124 0.5474 0.3750 2.3493 2.2907 0.1172 2.4995 0.3845 2.0580 0.3732 2.0163 0.3452 0.7202 1.2472 0.4538 0.1492 0.3940 0.8838 1.2285 0.9995 0.4469 0.1524 0.2891 0.5644 0.6561 0.5106 0.2613 0.0715 0.0158 0.0802 0.2014 0.3176 0.3903 0.4075 0.3817 0.3227 0.2521 0.1814 0.1197 0.0719 0.0384 0.0177 0.0074 0.0049 0.0076 0.0134 0.0207 0.0282 0.0352 0.0415
2.9441 1.1270 0.2990 2.6178 3.2212 0.1499 3.0569 0.6896 2.4974 0.5755 2.5505 0.3509 1.0236 1.5259 0.4905 0.2221 0.5958 1.2122 1.6011 1.2589 0.5414 0.1808 0.3656 0.7101 0.8138 0.6218 0.3094 0.0799 0.0220 0.1129 0.2708 0.4179 0.5072 0.5251 0.4888 0.4111 0.3196 0.2289 0.1503 0.0898 0.0476 0.0218 0.0092 0.0064 0.0101 0.0178 0.0272 0.0370 0.0458 0.0539
4.4119 2.1550 0.2891 2.5370 4.2305 0.3130 3.4031 1.1966 2.7769 0.8844 3.0116 0.3175 1.3892 1.7274 0.4805 0.3436 0.8676 1.5816 1.9683 1.4829 0.6043 0.1968 0.4377 0.8439 0.9490 0.7079 0.3391 0.0811 0.0311 0.1545 0.3501 0.5261 0.6287 0.6440 0.5947 0.4969 0.3840 0.2734 0.1784 0.1057 0.0554 0.0251 0.0106 0.0079 0.0129 0.0226 0.0342 0.0462 0.0570 0.0667
5.9724 3.7259 0.5907 2.0701 5.1602 0.7599 3.4222 1.9825 2.8267 1.3514 3.3432 0.2727 1.8118 1.8222 0.4449 0.5480 1.2204 1.9784 2.3032 1.6470 0.6232 0.1984 0.5066 0.9652 1.0587 0.7655 0.3488 0.0761 0.0459 0.2082 0.4425 0.6446 0.7562 0.7650 0.6997 0.5799 0.4450 0.3145 0.2036 0.1195 0.0619 0.0277 0.0119 0.0096 0.0161 0.0279 0.0418 0.0559 0.0686 0.0801
7.0684 5.7028 1.5164 1.3243 5.7475 1.6566 3.0228 3.0938 2.5910 2.0255 3.4776 0.2652 2.2672 1.7862 0.4286 0.8745 1.6508 2.3692 2.5642 1.7207 0.5870 0.1882 0.5786 1.0778 1.1439 0.7947 0.3397 0.0675 0.0701 0.2781 0.5513 0.7759 0.8913 0.8886 0.8037 0.6600 0.5021 0.3519 0.2258 0.1310 0.0669 0.0295 0.0129 0.0114 0.0198 0.0338 0.0501 0.0664 0.0809 0.0940
6.9494 7.5434 3.2923 0.6315 5.6807 3.0926 2.2157 4.4918 2.0652 2.9314 3.3507 0.3625 2.7085 1.6159 0.5024 1.3548 2.1299 2.6973 2.6965 1.6722 0.4907 0.1783 0.6690 1.1935 1.2119 0.8007 0.3167 0.0603 0.1083 0.3680 0.6795 0.9218 1.0350 1.0154 0.9070 0.7370 0.5553 0.3854 0.2446 0.1401 0.0704 0.0305 0.0137 0.0136 0.0240 0.0404 0.0591 0.0776 0.0940 0.1085
5.1739 8.3039 5.7871 0.5443 4.7516 4.9493 1.2087 5.9877 1.3486 4.0391 2.9264 0.6413 3.0675 1.3451 0.7568 1.9939 2.5922 2.8834 2.6419 1.4796 0.3457 0.1960 0.8066 1.3352 1.2794 0.7958 0.2888 0.0611 0.1652 0.4807 0.8282 1.0825 1.1868 1.1445 1.0087 0.8102 0.6040 0.4147 0.2600 0.1468 0.0724 0.0309 0.0145 0.0161 0.0289 0.0479 0.0690 0.0897 0.1077 0.1237
2.3859 7.0828 8.2348 1.6528 3.0811 6.7854 0.4651 7.2010 0.6926 5.2294 2.2316 1.1697 3.2714 1.0638 1.2830 2.7472 2.9338 2.8431 2.3617 1.1509 0.1912 0.2912 1.0377 1.5406 1.3743 0.7996 0.2688 0.0770 0.2434 0.6160 0.9959 1.2560 1.3450 1.2748 1.1079 0.8792 0.6479 0.4397 0.2720 0.1510 0.0730 0.0307 0.0154 0.0191 0.0346 0.0563 0.0800 0.1028 0.1225 0.1399
0.6611 4.0119 9.2743 4.1796 1.3088 7.8715 0.6310 7.6109 0.5099 6.2675 1.3902 1.9830 3.2654 0.9175 2.1324 3.4958 3.0228 2.5172 1.8695 0.7461 0.1044 0.5358 1.4201 1.8536 1.5288 0.8339 0.2690 0.1122 0.3408 0.7679 1.1749 1.4350 1.5033 1.4012 1.2010 0.9412 0.6853 0.4593 0.2801 0.1527 0.0722 0.0300 0.0166 0.0230 0.0414 0.0660 0.0923 0.1173 0.1386 0.1573
2.3047 1.0999 7.7046 7.4993 0.5257 7.4995 2.2423 6.7705 1.2838 6.8103 0.6490 3.0531 3.0382 1.0796 3.2585 4.0337 2.7354 1.9233 1.2727 0.3994 0.2013 1.0080 1.9993 2.3003 1.7590 0.9087 0.2923 0.1622 0.4462 0.9203 1.3474 1.6015 1.6457 1.5106 1.2777 0.9890 0.7113 0.4703 0.2823 0.1509 0.0696 0.0289 0.0181 0.0278 0.0495 0.0771 0.1060 0.1331 0.1560 0.1759
7.2783 1.4617 3.8909 9.9569 1.8002 5.5104 5.2549 4.6709 3.3298 6.4879 0.3749 4.2738 2.6586 1.6970 4.4756 4.1171 2.0508 1.2403 0.8192 0.3221 0.6068 1.7492 2.7670 2.8562 2.0426 1.0071 0.3240 0.2100 0.5391 1.0502 1.4899 1.7342 1.7537 1.5881 1.3268 1.0145 0.7204 0.4695 0.2768 0.1446 0.0650 0.0275 0.0205 0.0341 0.0595 0.0902 0.1217 0.1508 0.1750 0.1959
11.8425 6.3070 0.7831 9.5204 5.4009 2.7329 8.6966 2.1057 6.4083 5.0846 0.9992 5.4477 2.2615 2.7931 5.4515 3.5645 1.1583 0.8586 0.8840 0.7420 1.3703 2.6744 3.5801 3.3820 2.2763 1.0634 0.3252 0.2306 0.6001 1.1395 1.5848 1.8162 1.8125 1.6216 1.3389 1.0110 0.7080 0.4538 0.2620 0.1331 0.0583 0.0260 0.0243 0.0426 0.0719 0.1058 0.1399 0.1708 0.1960 0.2177
11.1623 12.2621 2.2661 5.6201 10.0637 0.8315 10.9237 0.6021 9.3755 2.8417 2.8779 6.2685 1.9830 4.1838 5.7930 2.4190 0.5339 1.3318 1.8367 1.7428 2.3118 3.4470 4.0691 3.5662 2.2487 0.9611 0.2492 0.2195 0.6441 1.2087 1.6510 1.8624 1.8326 1.6180 1.3182 0.9811 0.6759 0.4246 0.2388 0.1173 0.0502 0.0253 0.0300 0.0537 0.0873 0.1245 0.1609 0.1934 0.2194 0.2416
4.7896 13.6295 8.4081 1.2804 12.7332 1.5029 10.6261 1.4844 10.3434 0.7992 5.9984 6.2718 1.8686 5.4791 5.2412 1.0889 0.8459 3.0844 3.6898 2.9716 2.8421 3.4048 3.6381 2.9664 1.7024 0.6043 0.1164 0.2647 0.7877 1.3776 1.7953 1.9606 1.8822 1.6275 1.3008 0.9496 0.6404 0.3922 0.2136 0.1009 0.0427 0.0261 0.0379 0.0675 0.1054 0.1457 0.1845 0.2183 0.2449 0.2672
0.8362 7.8565 13.6943 1.6431 9.7277 5.6674 7.5938 4.4604 7.9934 0.7806 9.3530 4.7632 1.9297 6.2993 3.9101 0.2863 2.4680 5.6666 5.4109 3.2708 1.9886 1.8858 1.9261 1.4685 0.7065 0.1826 0.1836 0.6486 1.3061 1.8955 2.2298 2.2828 2.0945 1.7492 1.3581 0.9653 0.6340 0.3771 0.1983 0.0899 0.0382 0.0285 0.0468 0.0820 0.1242 0.1676 0.2086 0.2438 0.2709 0.2934
7.7824 0.7752 11.5078 8.2640 2.9879 11.4480 1.6673 9.5523 4.1775 3.7204 9.1801 0.9557 4.0064 7.8064 2.5417 0.5030 4.2430 5.8053 3.2049 0.5414 0.4170 1.8278 2.8363 2.7089 1.8778 1.1535 0.9432 1.2260 1.7262 2.1835 2.4058 2.3708 2.1185 1.7326 1.3199 0.9200 0.5910 0.3419 0.1737 0.0764 0.0351 0.0344 0.0600 0.1008 0.1470 0.1933 0.2361 0.2722 0.2994 0.3218
15.9987 4.8703 4.1577 14.2803 0.6812 13.1362 0.7317 12.1116 1.2025 7.5589 7.5168 0.3769 6.6333 7.2941 1.1745 1.4982 5.7040 5.7678 2.3664 0.2410 0.9273 2.6008 3.3717 2.9021 1.8860 1.1639 1.0468 1.4170 1.9491 2.3839 2.5483 2.4469 2.1369 1.7109 1.2761 0.8693 0.5435 0.3039 0.1479 0.0634 0.0337 0.0428 0.0763 0.1229 0.1734 0.2224 0.2667 0.3035 0.3305 0.3524
11.9032 14.6980 0.9029 13.0476 5.1155 9.2843 4.4910 10.8612 0.7211 10.9192 4.4833 1.5973 8.9269 5.7220 0.3661 3.1970 6.9072 5.2184 1.4686 0.2439 1.7211 3.4533 3.8377 2.9965 1.8384 1.1694 1.1725 1.6310 2.1811 2.5766 2.6705 2.4965 2.1283 1.6659 1.2141 0.8061 0.4885 0.2626 0.1221 0.0524 0.0356 0.0553 0.0968 0.1493 0.2036 0.2550 0.3005 0.3375 0.3639 0.3850
1.6062 15.6719 8.2570 5.1037 13.2007 2.9364 11.0367 6.1433 3.9195 11.8250 1.5238 4.6252 9.9644 3.4852 0.5895 5.3578 7.5384 4.1929 0.7093 0.6554 2.7696 4.3052 4.1747 2.9719 1.7403 1.1817 1.3275 1.8685 2.4178 2.7553 2.7667 2.5157 2.0909 1.5972 1.1348 0.7318 0.4280 0.2199 0.0977 0.0446 0.0419 0.0725 0.1221 0.1802 0.2380 0.2915 0.3377 0.3744 0.3998 0.4196
5.7860 5.1056 17.4920 0.8626 16.2208 0.9574 15.0775 1.4689 9.5403 9.3288 0.5243 8.5183 9.1130 1.3902 2.0971 7.5132 7.3520 2.8650 0.3184 1.5310 3.9896 5.0545 4.3277 2.8207 1.6068 1.2169 1.5196 2.1283 2.6532 2.9131 2.8313 2.5012 2.0237 1.5056 1.0398 0.6487 0.3639 0.1776 0.0764 0.0416 0.0536 0.0954 0.1529 0.2161 0.2771 0.3321 0.3783 0.4143 0.4382 0.4565
19.3671 1.8929 14.1813 8.1497 9.7132 7.0935 12.3420 1.4076 13.9643 4.6457 2.7246 11.5612 6.4791 0.4376 4.7294 9.0578 6.2807 1.5460 0.5093 2.8453 5.2428 5.5913 4.2581 2.5539 1.4636 1.2944 1.7556 2.4075 2.8800 3.0426 2.8600 2.4520 1.9280 1.3932 0.9317 0.5594 0.2990 0.1382 0.0603 0.0449 0.0721 0.1250 0.1901 0.2579 0.3213 0.3771 0.4229 0.4575 0.4794 0.4957
14.7021 14.8405 2.8227 18.3971 1.5816 15.9371 4.8917 7.3477 13.5611 1.0159 7.6012 12.0420 3.1347 1.4061 7.8327 9.4328 4.5185 0.6358 1.4139 4.4705 6.3480 5.8144 3.9535 2.2036 1.3462 1.4346 2.0396 2.6999 3.0891 3.1360 2.8481 2.3665 1.8047 1.2626 0.8138 0.4672 0.2362 0.1041 0.0513 0.0561 0.0985 0.1624 0.2344 0.3062 0.3711 0.4268 0.4715 0.5042 0.5234 0.5372
1.1639 20.5481 4.2622 15.9296 4.1906 17.1069 0.8529 14.8906 8.0954 1.7391 12.6200 9.3648 0.8394 4.3785 10.3784 8.3653 2.5426 0.5286 3.0183 6.1756 7.1091 5.6549 3.4383 1.8251 1.2983 1.6563 2.3707 2.9960 3.2696 3.1853 2.7911 2.2434 1.6546 1.1163 0.6896 0.3756 0.1787 0.0780 0.0514 0.0767 0.1340 0.2081 0.2863 0.3610 0.4265 0.4813 0.5241 0.5542 0.5702 0.5810
11.8726 6.6169 18.7170 3.8276 16.0650 8.3094 6.1986 16.8102 2.0739 7.3405 14.4924 4.8164 1.2170 8.4636 11.3180 6.0721 1.0312 1.4812 5.1195 7.6538 7.3553 5.1021 2.7819 1.4926 1.3638 1.9721 2.7418 3.2818 3.4091 3.1831 2.6866 2.0838 1.4814 0.9590 0.5638 0.2889 0.1299 0.0626 0.0629 0.1084 0.1797 0.2631 0.3462 0.4228 0.4877 0.5406 0.5808 0.6075 0.6196 0.6270
24.2591 3.2856 19.6873 3.5019 20.3105 1.1189 16.3181 10.5039 1.6341 14.2238 11.5421 1.2589 4.7102 11.9749 10.0813 3.3175 0.6650 3.4820 7.3291 8.5816 6.9886 4.2207 2.0952 1.2905 1.5801 2.3836 3.1379 3.5397 3.4948 3.1232 2.5339 1.8910 1.2902 0.7964 0.4417 0.2117 0.0937 0.0609 0.0880 0.1527 0.2368 0.3280 0.4147 0.4917 0.5548 0.6048 0.6414 0.6641 0.6717 0.6751
7.4629 20.8253 4.3895 18.0345 9.4585 7.0899 19.1862 2.4309 8.4905 16.7781 5.5484 1.5085 9.9347 13.1290 6.9931 1.2328 1.8590 6.1749 9.1401 8.7062 6.0327 3.1594 1.5214 1.3020 1.9702 2.8792 3.5384 3.7544 3.5209 3.0083 2.3378 1.6706 1.0879 0.6355 0.3297 0.1491 0.0740 0.0757 0.1285 0.2108 0.3057 0.4025 0.4908 0.5670 0.6275 0.6740 0.7066 0.7247 0.7274 0.7265
5.1822 19.8601 5.4242 21.6668 1.2557 19.3737 10.4928 2.5145 16.8446 12.3562 1.2128 6.1951 14.1041 11.1099 3.3758 0.8988 4.5194 8.8924 10.0489 7.9182 4.6366 2.1231 1.2037 1.5835 2.5290 3.4267 3.9068 3.8961 3.4679 2.8279 2.0985 1.4294 0.8822 0.4833 0.2338 0.1058 0.0744 0.1099 0.1865 0.2841 0.3874 0.4877 0.5756 0.6494 0.7061 0.7480 0.7758 0.7885 0.7857 0.7801
25.7626 2.2297 22.8382 6.7400 11.3760 19.7198 1.5893 12.1051 18.1241 4.5875 2.6755 12.6997 14.5665 6.7598 1.0634 2.8224 7.9493 10.8183 9.7227 6.3336 3.0889 1.3551 1.2652 2.1551 3.2214 3.9775 4.2032 3.9407 3.3265 2.5830 1.8233 1.1766 0.6826 0.3481 0.1604 0.0868 0.0985 0.1658 0.2634 0.3734 0.4823 0.5835 0.6689 0.7389 0.7903 0.8266 0.8488 0.8555 0.8464 0.8357
13.4395 12.8100 18.4377 3.2918 23.4627 6.8600 5.9118 20.3407 10.3874 1.0971 9.6322 16.4857 10.7085 2.4625 1.5290 6.5488 10.9983 11.2581 8.1486 4.3058 1.7642 1.0802 1.7721 2.9842 3.9802 4.4689 4.3853 3.8676 3.0926 2.2796 1.5229 0.9242 0.4997 0.2385 0.1164 0.0971 0.1498 0.2458 0.3608 0.4795 0.5908 0.6903 0.7709 0.8352 0.8801 0.9098 0.9254 0.9254 0.9095 0.8932
3.1253 26.1056 1.8791 20.1780 15.1042 1.9324 18.6356 16.4556 2.0572 6.2197 16.6153 14.4108 4.8524 0.9582 4.9739 10.6755 12.4765 9.9484 5.7183 2.3733 1.0407 1.4475 2.7128 3.9930 4.7305 4.8519 4.4289 3.6711 2.7721 1.9297 1.2140 0.6881 0.3463 0.1641 0.1087 0.1414 0.2316 0.3519 0.4804 0.6048 0.7159 0.8116 0.8856 0.9418 0.9782 0.9997 1.0073 0.9996 0.9765 0.9541
25.8631 7.0677 13.4141 22.1163 1.7105 14.6009 21.0515 5.0149 3.4422 15.5661 17.2906 7.7373 1.1200 3.6067 9.9358 13.3465 11.6363 7.1963 3.1295 1.1102 1.1891 2.4698 3.9669 5.0296 5.3419 5.0372 4.2883 3.3394 2.3743 1.5522 0.9124 0.4809 0.2330 0.1332 0.1431 0.2236 0.3460 0.4853 0.6226 0.7483 0.8556 0.9445 1.0094 1.0553 1.0818 1.0939 1.0926 1.0766 1.0456 1.0167
14.4838 7.3854 25.8576 4.3117 10.3581 23.5694 8.7996 1.8483 13.8402 19.4186 10.5843 1.8071 2.5990 9.2006 13.8344 13.1497 8.6469 3.9307 1.2570 0.9833 2.2861 4.0009 5.3262 5.9150 5.6988 4.9687 3.9509 2.8852 1.9223 1.1721 0.6402 0.3202 0.1728 0.1545 0.2255 0.3471 0.4950 0.6468 0.7873 0.9098 1.0094 1.0885 1.1416 1.1753 1.1904 1.1920 1.1808 1.1558 1.1166 1.0808
3.7856 27.0032 7.7495 7.2618 24.6271 12.2793 1.2758 12.3770 20.7684 13.1441 2.6826 1.9671 8.7321 14.3627 14.3677 9.9711 4.6803 1.4115 0.8402 2.1654 4.1543 5.7492 6.5312 6.4763 5.7140 4.6234 3.4324 2.3426 1.4539 0.8226 0.4233 0.2251 0.1787 0.2367 0.3612 0.5153 0.6807 0.8381 0.9760 1.0902 1.1783 1.2445 1.2836 1.3034 1.3053 1.2949 1.2732 1.2387 1.1906 1.1476
27.5842 10.3621 5.7459 25.2298 14.7294 1.2331 11.7319 22.0011 14.9888 3.4052 1.6834 8.6916 15.2101 15.5908 10.9750 5.2532 1.5015 0.7475 2.1851 4.4339 6.3757 7.3305 7.3195 6.5764 5.3452 4.0173 2.7767 1.7618 1.0135 0.5386 0.2877 0.2140 0.2632 0.3877 0.5554 0.7317 0.9059 1.0616 1.1901 1.2911 1.3636 1.4137 1.4365 1.4413 1.4280 1.4039 1.3710 1.3264 1.2690 1.2181
10.8722 5.8050 26.2155 15.5574 1.2670 12.2877 23.3705 15.9809 3.5710 1.7482 9.3062 16.3907 16.8621 11.7004 5.4396 1.4452 0.7157 2.4039 4.9767 7.1700 8.3561 8.3246 7.4590 6.1302 4.6019 3.2052 2.0505 1.2026 0.6484 0.3551 0.2585 0.3033 0.4360 0.6126 0.8098 0.9957 1.1683 1.3139 1.4264 1.5087 1.5617 1.5926 1.5968 1.5849 1.5547 1.5159 1.4713 1.4160 1.3488 1.2898
7.8413 27.8826 14.2931 1.3683 14.5368 24.8850 15.7265 3.0016 2.2987 10.9857 18.0679 17.9010 11.9916 5.1833 1.1865 0.8079 2.9515 5.8975 8.3088 9.5225 9.5041 8.4248 6.8573 5.1744 3.5804 2.2972 1.3531 0.7440 0.4163 0.3119 0.3607 0.5076 0.7048 0.9145 1.1248 1.3062 1.4664 1.5931 1.6827 1.7413 1.7709 1.7797 1.7631 1.7330 1.6847 1.6302 1.5732 1.5070 1.4297 1.3623
29.5473 10.5612 2.5025 19.0250 26.1600 13.7125 1.8377 3.9062 13.9846 20.4978 18.5263 11.4280 4.3706 0.8100 1.1897 4.0441 7.4145 9.9253 11.0199 10.7272 9.4561 7.5652 5.6195 3.8856 2.4625 1.4498 0.8049 0.4723 0.3754 0.4464 0.6169 0.8401 1.0771 1.2984 1.5051 1.6682 1.8055 1.9056 1.9652 1.9937 1.9943 1.9789 1.9402 1.8905 1.8246 1.7549 1.6846 1.6063 1.5179 1.4421
4.5937 7.0423 25.3996 25.2600 9.3879 1.0282 7.6078 18.5876 22.7895 18.2380 9.6627 2.9242 0.5752 2.2255 5.9156 9.6823 12.0775 12.7659 12.0027 10.2654 8.1134 5.8812 3.9724 2.4981 1.4486 0.8168 0.5145 0.4597 0.5696 0.7826 1.0378 1.3035 1.5506 1.7591 1.9438 2.0737 2.1773 2.2425 2.2654 2.2588 2.2262 2.1847 2.1223 2.0521 1.9680 1.8828 1.7987 1.7079 1.6081 1.5237
17.8089 30.5468 19.4626 3.6874 3.0534 14.5588 24.1015 23.7279 15.6880 6.5800 1.3094 1.1486 4.5238 8.9840 12.6694 14.6582 14.5947 13.0750 10.7628 8.1998 5.8211 3.7991 2.3143 1.3362 0.7767 0.5605 0.5843 0.7657 1.0292 1.3322 1.6243 1.8927 2.1176 2.2883 2.4325 2.5150 2.5747 2.5977 2.5783 2.5322 2.4632 2.3940 2.3070 2.2154 2.1129 2.0118 1.9138 1.8102 1.6990 1.6059
27.0062 8.3892 1.5523 11.4639 24.3148 27.7727 20.9302 10.3543 2.7479 0.8650 3.7521 8.8168 13.5391 16.3962 17.1212 16.0396 13.5716 10.6040 7.7138 5.2190 3.2947 1.9286 1.1114 0.7294 0.6602 0.8094 1.0843 1.4232 1.7654 2.0954 2.3722 2.6030 2.7757 2.8858 2.9731 2.9955 3.0013 2.9739 2.9066 2.8197 2.7162 2.6201 2.5081 2.3928 2.2700 2.1517 2.0387 1.9222 1.7993 1.6972
1.5381 11.5266 26.1154 31.1239 24.3248 12.5626 3.5953 1.0189 4.0927 9.9311 15.4669 19.0850 20.0861 18.8231 16.1581 12.8533 9.4157 6.4167 4.0777 2.4265 1.4093 0.8962 0.7791 0.9327 1.2393 1.6298 2.0359 2.4283 2.7619 3.0519 3.2610 3.4161 3.5100 3.5396 3.5557 3.5070 3.4501 3.3652 3.2457 3.1177 2.9830 2.8616 2.7244 2.5833 2.4385 2.3016 2.1727 2.0431 1.9087 1.7970
32.0053 33.8491 24.0745 11.1104 2.7073 1.6950 6.4568 13.4598 19.6166 23.2165 23.5903 21.6818 18.2008 14.1459 10.2562 6.9356 4.3340 2.5443 1.4806 0.9985 0.9477 1.1727 1.5710 2.0585 2.5412 3.0014 3.3951 3.7275 3.9647 4.1510 4.2455 4.2923 4.2856 4.2191 4.1537 4.0267 3.9019 3.7562 3.5826 3.4133 3.2484 3.1027 2.9409 2.7737 2.6069 2.4516 2.3069 2.1645 2.0188 1.8977
16.5417 5.0778 1.5708 5.5873 13.5244 21.4429 26.7214 28.3571 26.8876 23.3072 18.4668 13.6823 9.4046 6.0136 3.5990 2.0801 1.2973 1.0912 1.2867 1.7325 2.3125 2.9037 3.4842 4.0259 4.4518 4.8023 5.0471 5.2199 5.2884 5.3203 5.2692 5.1883 5.0677 4.8968 4.7457 4.5408 4.3491 4.1435 3.9180 3.7098 3.5165 3.3451 3.1587 2.9684 2.7808 2.6076 2.4472 2.2921 2.1352 2.0047
10.3283 20.2044 28.7429 33.5894 34.2164 31.3663 26.3249 20.3615 14.6612 9.8251 6.0474 3.5085 2.0132 1.3608 1.3413 1.7500 2.3986 3.1586 3.9351 4.6657 5.3245 5.8199 6.2268 6.5551 6.7162 6.8130 6.8125 6.7634 6.6202 6.4657 6.2628 6.0539 5.8165 5.5414 5.3078 5.0369 4.7871 4.5289 4.2590 4.0168 3.7979 3.5938 3.3819 3.1761 2.9705 2.7803 2.6038 2.4361 2.2676 2.1273
41.1662 36.0435 29.0976 21.8035 15.1527 9.7405 5.7793 3.2306 1.9182 1.5664 1.8862 2.6566 3.6519 4.7062 5.7542 6.7383 7.5415 8.1779 8.6528 8.9987 9.2451 9.2882 9.2724 9.2176 8.9985 8.7734 8.4917 8.2045 7.8445 7.5043 7.1606 6.8357 6.4925 6.1233 5.8168 5.4905 5.1906 4.8863 4.5781 4.3072 4.0672 3.8327 3.5975 3.3791 3.1572 2.9515 2.7597 2.5800 2.4008 2.2510
4.5052 2.6195 2.0662 2.5235 3.6535 5.1683 6.8354 8.4504 9.9449 11.2723 12.2776 13.1311 13.7155 14.0350 14.2540 14.3951 14.2821 14.0304 13.6761 13.3061 12.9408 12.4267 11.9367 11.4823 10.8940 10.3732 9.8459 9.3565 8.8166 8.3241 7.8728 7.4602 7.0348 6.5924 6.2297 5.8633 5.5263 5.1872 4.8497 4.5564 4.2996 4.0396 3.7860 3.5595 3.3247 3.1059 2.9010 2.7110 2.5226 2.3647
30.7470 31.1531 31.2780 31.1539 30.7592 30.2049 29.4631 28.4788 27.4602 26.4538 25.2079 24.1344 22.9875 21.7720 20.7254 19.8249 18.7817 17.7409 16.7260 15.8202 15.0199 14.1290 13.3202 12.6029 11.8052 11.1162 10.4487 9.8358 9.2007 8.6438 8.1393 7.6824 7.2163 6.7368 6.3444 5.9558 5.6073 5.2620 4.9115 4.5979 4.3143 4.0510 3.7986 3.5774 3.3420 3.1212 2.9135 2.7210 2.5306 2.3719
