0.0000 0.0000 0.0000 0.0000 0.0000 0.0000 0.0000 0.0000 0.0000 0.0000 0.0000 0.0000 0.0000 0.0000 0.0000 0.0000 0.0000 0.0008 0.0003 0.0005 0.0036 0.0066 0.0058 0.0025 0.0012 0.0045 0.0107 0.0163 0.0183 0.0164 0.0118 0.0067 0.0026 0.0005 0.0004 0.0020 0.0045 0.0074 0.0101 0.0123 0.0138 0.0147 0.0149 0.0146 0.0139 0.0129 0.0117 0.0105 0.0093 0.0081
0.0000 0.0000 0.0000 0.0000 0.0000 0.0000 0.0000 0.0000 0.0000 0.0000 0.0000 0.0000 0.0000 0.0000 0.0000 0.0000 0.0000 0.0023 0.0007 0.0015 0.0110 0.0199 0.0175 0.0076 0.0037 0.0138 0.0325 0.0490 0.0550 0.0492 0.0354 0.0198 0.0076 0.0014 0.0013 0.0060 0.0137 0.0223 0.0303 0.0369 0.0415 0.0441 0.0448 0.0439 0.0417 0.0386 0.0351 0.0315 0.0278 0.0242
0.0000 0.0000 0.0000 0.0000 0.0000 0.0000 0.0000 0.0000 0.0000 0.0000 0.0000 0.0000 0.0000 0.0000 0.0000 0.0000 0.0000 0.0036 0.0010 0.0029 0.0193 0.0337 0.0293 0.0127 0.0067 0.0239 0.0552 0.0824 0.0919 0.0817 0.0584 0.0325 0.0124 0.0022 0.0022 0.0103 0.0231 0.0374 0.0507 0.0617 0.0694 0.0735 0.0746 0.0731 0.0694 0.0642 0.0583 0.0523 0.0462 0.0402
0.0000 0.0000 0.0000 0.0000 0.0000 0.0000 0.0000 0.0000 0.0000 0.0000 0.0000 0.0000 0.0000 0.0000 0.0000 0.0000 0.0000 0.0045 0.0009 0.0051 0.0288 0.0485 0.0413 0.0179 0.0105 0.0355 0.0794 0.1166 0.1288 0.1136 0.0805 0.0443 0.0166 0.0029 0.0033 0.0149 0.0330 0.0530 0.0716 0.0868 0.0973 0.1030 0.1043 0.1022 0.0969 0.0896 0.0814 0.0729 0.0643 0.0560
0.0000 0.0000 0.0000 0.0000 0.0000 0.0000 0.0000 0.0000 0.0000 0.0000 0.0000 0.0000 0.0000 0.0000 0.0000 0.0000 0.0000 0.0048 0.0006 0.0085 0.0405 0.0647 0.0537 0.0234 0.0154 0.0489 0.1053 0.1518 0.1656 0.1445 0.1013 0.0550 0.0201 0.0033 0.0046 0.0201 0.0436 0.0693 0.0929 0.1122 0.1255 0.1325 0.1340 0.1311 0.1242 0.1147 0.1041 0.0932 0.0822 0.0715
0.0000 0.0000 0.0000 0.0000 0.0000 0.0000 0.0000 0.0000 0.0000 0.0000 0.0000 0.0000 0.0000 0.0000 0.0000 0.0000 0.0000 0.0047 0.0004 0.0139 0.0551 0.0829 0.0668 0.0294 0.0216 0.0644 0.1331 0.1877 0.2016 0.1737 0.1202 0.0640 0.0225 0.0034 0.0062 0.0259 0.0550 0.0863 0.1150 0.1381 0.1539 0.1620 0.1635 0.1597 0.1511 0.1394 0.1264 0.1130 0.0997 0.0867
0.0000 0.0000 0.0000 0.0000 0.0000 0.0000 0.0000 0.0000 0.0000 0.0000 0.0000 0.0000 0.0000 0.0000 0.0000 0.0000 0.0000 0.0041 0.0009 0.0225 0.0736 0.1036 0.0806 0.0360 0.0293 0.0818 0.1622 0.2234 0.2359 0.2003 0.1362 0.0709 0.0237 0.0032 0.0083 0.0326 0.0674 0.1043 0.1377 0.1645 0.1825 0.1916 0.1929 0.1879 0.1775 0.1636 0.1481 0.1324 0.1166 0.1014
0.0000 0.0000 0.0000 0.0000 0.0000 0.0000 0.0000 0.0000 0.0000 0.0000 0.0000 0.0000 0.0000 0.0000 0.0000 0.0000 0.0000 0.0034 0.0030 0.0352 0.0965 0.1268 0.0951 0.0428 0.0379 0.1005 0.1915 0.2575 0.2671 0.2229 0.1486 0.0749 0.0235 0.0027 0.0109 0.0403 0.0810 0.1235 0.1614 0.1914 0.2114 0.2211 0.2219 0.2157 0.2034 0.1872 0.1692 0.1511 0.1330 0.1155
0.0000 0.0000 0.0000 0.0000 0.0000 0.0000 0.0000 0.0000 0.0000 0.0000 0.0000 0.0000 0.0000 0.0000 0.0000 0.0000 0.0000 0.0031 0.0077 0.0530 0.1239 0.1518 0.1092 0.0491 0.0468 0.1193 0.2194 0.2881 0.2931 0.2398 0.1560 0.0756 0.0215 0.0020 0.0143 0.0496 0.0963 0.1441 0.1863 0.2192 0.2406 0.2505 0.2506 0.2430 0.2286 0.2101 0.1896 0.1691 0.1487 0.1291
0.0000 0.0000 0.0000 0.0000 0.0000 0.0000 0.0000 0.0000 0.0000 0.0000 0.0000 0.0000 0.0000 0.0000 0.0000 0.0000 0.0000 0.0039 0.0163 0.0762 0.1545 0.1764 0.1209 0.0532 0.0543 0.1362 0.2436 0.3127 0.3116 0.2493 0.1574 0.0723 0.0178 0.0014 0.0192 0.0608 0.1138 0.1667 0.2126 0.2479 0.2704 0.2801 0.2792 0.2698 0.2532 0.2322 0.2093 0.1864 0.1637 0.1420
0.0000 0.0000 0.0000 0.0000 0.0000 0.0000 0.0000 0.0000 0.0000 0.0000 0.0000 0.0000 0.0000 0.0000 0.0000 0.0000 0.0000 0.0066 0.0292 0.1032 0.1850 0.1966 0.1267 0.0528 0.0588 0.1499 0.2624 0.3295 0.3210 0.2502 0.1521 0.0651 0.0127 0.0016 0.0263 0.0751 0.1343 0.1922 0.2413 0.2784 0.3014 0.3104 0.3080 0.2966 0.2775 0.2539 0.2284 0.2031 0.1782 0.1543
0.0000 0.0000 0.0000 0.0000 0.0000 0.0000 0.0000 0.0000 0.0000 0.0000 0.0000 0.0000 0.0000 0.0000 0.0000 0.0000 0.0000 0.0119 0.0458 0.1304 0.2092 0.2061 0.1221 0.0455 0.0596 0.1602 0.2759 0.3385 0.3214 0.2426 0.1407 0.0547 0.0074 0.0038 0.0369 0.0935 0.1592 0.2215 0.2734 0.3117 0.3344 0.3422 0.3378 0.3240 0.3020 0.2755 0.2474 0.2197 0.1924 0.1664
0.0000 0.0000 0.0000 0.0000 0.0000 0.0000 0.0000 0.0000 0.0000 0.0000 0.0000 0.0000 0.0000 0.0000 0.0000 0.0000 0.0000 0.0195 0.0629 0.1506 0.2181 0.1971 0.1025 0.0305 0.0587 0.1704 0.2874 0.3426 0.3153 0.2289 0.1252 0.0430 0.0034 0.0095 0.0522 0.1172 0.1891 0.2553 0.3091 0.3477 0.3694 0.3753 0.3683 0.3515 0.3264 0.2968 0.2659 0.2356 0.2060 0.1780
0.0000 0.0000 0.0000 0.0000 0.0000 0.0000 0.0000 0.0000 0.0000 0.0000 0.0000 0.0000 0.0000 0.0000 0.0000 0.0000 0.0000 0.0282 0.0750 0.1545 0.2026 0.1638 0.0676 0.0129 0.0645 0.1903 0.3066 0.3507 0.3102 0.2152 0.1102 0.0333 0.0032 0.0202 0.0733 0.1466 0.2243 0.2936 0.3484 0.3864 0.4062 0.4094 0.3994 0.3792 0.3505 0.3176 0.2839 0.2510 0.2190 0.1889
0.0000 0.0000 0.0000 0.0000 0.0000 0.0000 0.0000 0.0000 0.0000 0.0000 0.0000 0.0000 0.0000 0.0000 0.0000 0.0000 0.0000 0.0346 0.0746 0.1341 0.1592 0.1092 0.0269 0.0072 0.0943 0.2375 0.3499 0.3770 0.3177 0.2102 0.1018 0.0293 0.0083 0.0360 0.0991 0.1803 0.2630 0.3346 0.3896 0.4262 0.4435 0.4437 0.4301 0.4062 0.3738 0.3374 0.3009 0.2655 0.2312 0.1991
0.0000 0.0000 0.0000 0.0000 0.0000 0.0000 0.0000 0.0000 0.0000 0.0000 0.0000 0.0000 0.0000 0.0000 0.0000 0.0000 0.0000 0.0344 0.0565 0.0918 0.1005 0.0545 0.0058 0.0385 0.1701 0.3305 0.4324 0.4336 0.3470 0.2199 0.1029 0.0312 0.0169 0.0537 0.1255 0.2136 0.3005 0.3738 0.4287 0.4637 0.4783 0.4753 0.4583 0.4309 0.3949 0.3553 0.3162 0.2784 0.2421 0.2082
0.0000 0.0000 0.0000 0.0000 0.0000 0.0000 0.0000 0.0000 0.0000 0.0000 0.0000 0.0000 0.0000 0.0000 0.0000 0.0000 0.0000 0.0245 0.0263 0.0533 0.0690 0.0467 0.0432 0.1296 0.2978 0.4629 0.5417 0.5067 0.3853 0.2337 0.1048 0.0315 0.0220 0.0665 0.1460 0.2401 0.3309 0.4058 0.4607 0.4945 0.5070 0.5014 0.4815 0.4511 0.4121 0.3698 0.3286 0.2889 0.2509 0.2155
0.0000 0.0000 0.0000 0.0000 0.0000 0.0000 0.0000 0.0000 0.0000 0.0000 0.0000 0.0000 0.0000 0.0000 0.0000 0.0000 0.0000 0.0079 0.0123 0.0826 0.1419 0.1470 0.1586 0.2472 0.4002 0.5341 0.5751 0.5063 0.3628 0.2029 0.0773 0.0144 0.0179 0.0748 0.1644 0.2653 0.3598 0.4359 0.4903 0.5224 0.5323 0.5241 0.5014 0.4682 0.4263 0.3816 0.3387 0.2974 0.2579 0.2213
0.0000 0.0000 0.0000 0.0000 0.0000 0.0000 0.0000 0.0000 0.0000 0.0000 0.0000 0.0000 0.0000 0.0000 0.0000 0.0000 0.0000 0.0032 0.0710 0.2384 0.3134 0.2418 0.1219 0.0749 0.1304 0.2225 0.2731 0.2512 0.1755 0.0892 0.0315 0.0237 0.0669 0.1486 0.2507 0.3546 0.4454 0.5138 0.5587 0.5811 0.5818 0.5650 0.5348 0.4951 0.4480 0.3991 0.3526 0.3085 0.2668 0.2284
0.0000 0.0000 0.0000 0.0000 0.0000 0.0000 0.0000 0.0000 0.0000 0.0000 0.0000 0.0000 0.0000 0.0000 0.0000 0.0000 0.0000 0.0072 0.1040 0.2677 0.2986 0.1967 0.0864 0.0732 0.1554 0.2510 0.2874 0.2478 0.1620 0.0769 0.0297 0.0369 0.0952 0.1890 0.2990 0.4063 0.4967 0.5618 0.6019 0.6189 0.6142 0.5922 0.5572 0.5132 0.4628 0.4112 0.3623 0.3162 0.2730 0.2333
0.0000 0.0000 0.0000 0.0000 0.0000 0.0000 0.0000 0.0000 0.0000 0.0000 0.0000 0.0000 0.0000 0.0000 0.0000 0.0000 0.0000 0.0168 0.1388 0.2829 0.2660 0.1452 0.0583 0.0846 0.1899 0.2820 0.2992 0.2409 0.1470 0.0663 0.0326 0.0568 0.1306 0.2360 0.3526 0.4619 0.5504 0.6108 0.6448 0.6557 0.6451 0.6174 0.5774 0.5292 0.4757 0.4214 0.3702 0.3225 0.2778 0.2370
0.0000 0.0000 0.0000 0.0000 0.0000 0.0000 0.0000 0.0000 0.0000 0.0000 0.0000 0.0000 0.0000 0.0000 0.0000 0.0000 0.0000 0.0317 0.1700 0.2794 0.2175 0.0940 0.0440 0.1117 0.2333 0.3136 0.3071 0.2301 0.1313 0.0590 0.0417 0.0843 0.1736 0.2897 0.4114 0.5209 0.6056 0.6600 0.6869 0.6908 0.6739 0.6403 0.5952 0.5427 0.4862 0.4296 0.3763 0.3270 0.2813 0.2395
0.0000 0.0000 0.0000 0.0000 0.0000 0.0000 0.0000 0.0000 0.0000 0.0000 0.0000 0.0000 0.0000 0.0000 0.0000 0.0000 0.0000 0.0500 0.1914 0.2545 0.1583 0.0511 0.0488 0.1554 0.2833 0.3429 0.3093 0.2156 0.1160 0.0563 0.0584 0.1203 0.2247 0.3498 0.4747 0.5824 0.6618 0.7087 0.7273 0.7236 0.7001 0.6604 0.6102 0.5536 0.4944 0.4356 0.3805 0.3299 0.2832 0.2408
0.0000 0.0000 0.0000 0.0000 0.0000 0.0000 0.0000 0.0000 0.0000 0.0000 0.0000 0.0000 0.0000 0.0000 0.0000 0.0000 0.0000 0.0685 0.1971 0.2095 0.0971 0.0257 0.0768 0.2143 0.3359 0.3667 0.3047 0.1977 0.1026 0.0601 0.0840 0.1656 0.2839 0.4162 0.5420 0.6459 0.7183 0.7566 0.7664 0.7546 0.7239 0.6781 0.6229 0.5624 0.5003 0.4395 0.3828 0.3311 0.2837 0.2408
0.0000 0.0000 0.0000 0.0000 0.0000 0.0000 0.0000 0.0000 0.0000 0.0000 0.0000 0.0000 0.0000 0.0000 0.0000 0.0000 0.0000 0.0829 0.1834 0.1501 0.0448 0.0256 0.1291 0.2843 0.3860 0.3813 0.2922 0.1774 0.0931 0.0721 0.1197 0.2208 0.3513 0.4883 0.6126 0.7103 0.7741 0.8029 0.8034 0.7831 0.7449 0.6933 0.6333 0.5689 0.5039 0.4411 0.3832 0.3307 0.2827 0.2396
0.0000 0.0000 0.0000 0.0000 0.0000 0.0000 0.0000 0.0000 0.0000 0.0000 0.0000 0.0000 0.0000 0.0000 0.0000 0.0000 0.0000 0.0888 0.1507 0.0867 0.0136 0.0562 0.2031 0.3586 0.4271 0.3835 0.2715 0.1565 0.0896 0.0942 0.1665 0.2859 0.4262 0.5650 0.6849 0.7743 0.8278 0.8460 0.8366 0.8075 0.7618 0.7045 0.6400 0.5721 0.5047 0.4403 0.3814 0.3283 0.2802 0.2370
0.0000 0.0000 0.0000 0.0000 0.0000 0.0000 0.0000 0.0000 0.0000 0.0000 0.0000 0.0000 0.0000 0.0000 0.0000 0.0000 0.0000 0.0835 0.1043 0.0334 0.0138 0.1182 0.2916 0.4280 0.4527 0.3709 0.2438 0.1375 0.0948 0.1281 0.2252 0.3608 0.5076 0.6449 0.7575 0.8364 0.8782 0.8849 0.8652 0.8273 0.7741 0.7114 0.6429 0.5718 0.5024 0.4368 0.3774 0.3241 0.2760 0.2330
0.0000 0.0000 0.0000 0.0000 0.0000 0.0000 0.0000 0.0000 0.0000 0.0000 0.0000 0.0000 0.0000 0.0000 0.0000 0.0000 0.0000 0.0670 0.0548 0.0048 0.0513 0.2062 0.3833 0.4820 0.4573 0.3431 0.2116 0.1239 0.1115 0.1754 0.2960 0.4446 0.5943 0.7265 0.8289 0.8951 0.9239 0.9186 0.8883 0.8416 0.7814 0.7137 0.6416 0.5680 0.4970 0.4306 0.3711 0.3180 0.2702 0.2278
0.0000 0.0000 0.0000 0.0000 0.0000 0.0000 0.0000 0.0000 0.0000 0.0000 0.0000 0.0000 0.0000 0.0000 0.0000 0.0000 0.0000 0.0431 0.0157 0.0123 0.1248 0.3089 0.4646 0.5112 0.4378 0.3022 0.1794 0.1203 0.1432 0.2382 0.3794 0.5365 0.6846 0.8082 0.8979 0.9501 0.9646 0.9463 0.9047 0.8491 0.7821 0.7096 0.6345 0.5595 0.4881 0.4220 0.3629 0.3104 0.2633 0.2217
0.0000 0.0000 0.0000 0.0000 0.0000 0.0000 0.0000 0.0000 0.0000 0.0000 0.0000 0.0000 0.0000 0.0000 0.0000 0.0000 0.0000 0.0188 0.0006 0.0605 0.2247 0.4093 0.5204 0.5080 0.3945 0.2528 0.1528 0.1313 0.1923 0.3168 0.4743 0.6346 0.7764 0.8877 0.9621 0.9986 0.9982 0.9668 0.9142 0.8501 0.7771 0.7004 0.6230 0.5474 0.4762 0.4106 0.3525 0.3009 0.2548 0.2142
0.0000 0.0000 0.0000 0.0000 0.0000 0.0000 0.0000 0.0000 0.0000 0.0000 0.0000 0.0000 0.0000 0.0000 0.0000 0.0000 0.0000 0.0028 0.0182 0.1441 0.3330 0.4881 0.5384 0.4700 0.3323 0.2028 0.1392 0.1616 0.2611 0.4113 0.5791 0.7365 0.8672 0.9625 1.0194 1.0391 1.0235 0.9792 0.9160 0.8442 0.7661 0.6860 0.6071 0.5316 0.4611 0.3968 0.3400 0.2897 0.2449 0.2056
0.0000 0.0000 0.0000 0.0000 0.0000 0.0000 0.0000 0.0000 0.0000 0.0000 0.0000 0.0000 0.0000 0.0000 0.0000 0.0000 0.0000 0.0023 0.0688 0.2466 0.4269 0.5276 0.5123 0.4014 0.2608 0.1624 0.1462 0.2157 0.3506 0.5204 0.6913 0.8394 0.9541 1.0303 1.0678 1.0700 1.0392 0.9826 0.9099 0.8315 0.7491 0.6666 0.5870 0.5122 0.4431 0.3805 0.3254 0.2768 0.2337 0.1960
0.0000 0.0000 0.0000 0.0000 0.0000 0.0000 0.0000 0.0000 0.0000 0.0000 0.0000 0.0000 0.0000 0.0000 0.0000 0.0000 0.0000 0.0202 0.1423 0.3447 0.4845 0.5172 0.4451 0.3143 0.1948 0.1439 0.1819 0.2970 0.4610 0.6415 0.8083 0.9421 1.0365 1.0908 1.1072 1.0909 1.0451 0.9774 0.8975 0.8143 0.7291 0.6454 0.5657 0.4914 0.4238 0.3629 0.3096 0.2629 0.2216 0.1856
0.0000 0.0000 0.0000 0.0000 0.0000 0.0000 0.0000 0.0000 0.0000 0.0000 0.0000 0.0000 0.0000 0.0000 0.0000 0.0000 0.0000 0.0530 0.2190 0.4114 0.4885 0.4552 0.3474 0.2245 0.1491 0.1578 0.2513 0.4060 0.5892 0.7704 0.9249 1.0385 1.1087 1.1390 1.1339 1.0994 1.0397 0.9621 0.8765 0.7899 0.7031 0.6192 0.5402 0.4673 0.4017 0.3430 0.2920 0.2475 0.2083 0.1743
0.0000 0.0000 0.0000 0.0000 0.0000 0.0000 0.0000 0.0000 0.0000 0.0000 0.0000 0.0000 0.0000 0.0000 0.0000 0.0000 0.0000 0.0907 0.2753 0.4259 0.4346 0.3537 0.2402 0.1538 0.1401 0.2131 0.3570 0.5404 0.7305 0.9011 1.0356 1.1238 1.1669 1.1723 1.1459 1.0944 1.0223 0.9366 0.8469 0.7583 0.6711 0.5881 0.5109 0.4401 0.3771 0.3212 0.2728 0.2308 0.1940 0.1621
0.0000 0.0000 0.0000 0.0000 0.0000 0.0000 0.0000 0.0000 0.0000 0.0000 0.0000 0.0000 0.0000 0.0000 0.0000 0.0000 0.0000 0.1201 0.2918 0.3812 0.3349 0.2372 0.1508 0.1242 0.1813 0.3147 0.4972 0.6949 0.8788 1.0290 1.1363 1.1949 1.2096 1.1901 1.1435 1.0768 0.9944 0.9024 0.8100 0.7207 0.6343 0.5532 0.4786 0.4107 0.3508 0.2980 0.2526 0.2133 0.1791 0.1495
0.0000 0.0000 0.0000 0.0000 0.0000 0.0000 0.0000 0.0000 0.0000 0.0000 0.0000 0.0000 0.0000 0.0000 0.0000 0.0000 0.0000 0.1294 0.2607 0.2886 0.2161 0.1373 0.1063 0.1533 0.2795 0.4608 0.6648 0.8610 1.0265 1.1486 1.2226 1.2486 1.2348 1.1917 1.1269 1.0475 0.9570 0.8609 0.7669 0.6781 0.5937 0.5154 0.4442 0.3800 0.3234 0.2739 0.2317 0.1954 0.1638 0.1366
0.0000 0.0000 0.0000 0.0000 0.0000 0.0000 0.0000 0.0000 0.0000 0.0000 0.0000 0.0000 0.0000 0.0000 0.0000 0.0000 0.0000 0.1139 0.1908 0.1759 0.1140 0.0858 0.1279 0.2492 0.4315 0.6409 0.8461 1.0242 1.1595 1.2465 1.2839 1.2767 1.2361 1.1719 1.0919 1.0026 0.9070 0.8091 0.7157 0.6291 0.5481 0.4737 0.4067 0.3470 0.2943 0.2485 0.2098 0.1767 0.1480 0.1232
0.0000 0.0000 0.0000 0.0000 0.0000 0.0000 0.0000 0.0000 0.0000 0.0000 0.0000 0.0000 0.0000 0.0000 0.0000 0.0000 0.0000 0.0788 0.1070 0.0825 0.0649 0.1071 0.2247 0.4074 0.6237 0.8372 1.0232 1.1688 1.2652 1.3130 1.3133 1.2751 1.2109 1.1295 1.0380 0.9425 0.8447 0.7478 0.6571 0.5744 0.4982 0.4287 0.3668 0.3120 0.2638 0.2221 0.1873 0.1575 0.1317 0.1095
0.0000 0.0000 0.0000 0.0000 0.0000 0.0000 0.0000 0.0000 0.0000 0.0000 0.0000 0.0000 0.0000 0.0000 0.0000 0.0000 0.0000 0.0391 0.0430 0.0458 0.0939 0.2096 0.3902 0.6116 0.8357 1.0304 1.1809 1.2835 1.3356 1.3427 1.3092 1.2448 1.1617 1.0681 0.9701 0.8720 0.7749 0.6813 0.5947 0.5168 0.4457 0.3823 0.3261 0.2767 0.2334 0.1962 0.1651 0.1386 0.1158 0.0962
0.0000 0.0000 0.0000 0.0000 0.0000 0.0000 0.0000 0.0000 0.0000 0.0000 0.0000 0.0000 0.0000 0.0000 0.0000 0.0000 0.0000 0.0128 0.0279 0.0875 0.2047 0.3795 0.5980 0.8292 1.0347 1.1910 1.2941 1.3487 1.3568 1.3265 1.2649 1.1807 1.0847 0.9847 0.8849 0.7881 0.6951 0.6072 0.5268 0.4552 0.3906 0.3339 0.2840 0.2404 0.2025 0.1699 0.1428 0.1197 0.0998 0.0829
0.0000 0.0000 0.0000 0.0000 0.0000 0.0000 0.0000 0.0000 0.0000 0.0000 0.0000 0.0000 0.0000 0.0000 0.0000 0.0000 0.0000 0.0143 0.0747 0.2040 0.3752 0.5819 0.8077 1.0204 1.1858 1.2916 1.3434 1.3516 1.3209 1.2607 1.1790 1.0828 0.9811 0.8806 0.7839 0.6925 0.6067 0.5269 0.4546 0.3908 0.3336 0.2844 0.2413 0.2039 0.1714 0.1436 0.1205 0.1009 0.0840 0.0697
0.0000 0.0000 0.0000 0.0000 0.0000 0.0000 0.0000 0.0000 0.0000 0.0000 0.0000 0.0000 0.0000 0.0000 0.0000 0.0000 0.0000 0.0464 0.1723 0.3644 0.5619 0.7692 0.9735 1.1465 1.2612 1.3147 1.3192 1.2890 1.2295 1.1501 1.0579 0.9583 0.8582 0.7629 0.6735 0.5906 0.5140 0.4439 0.3810 0.3261 0.2777 0.2363 0.2001 0.1686 0.1415 0.1184 0.0992 0.0829 0.0690 0.0572
0.0000 0.0000 0.0000 0.0000 0.0000 0.0000 0.0000 0.0000 0.0000 0.0000 0.0000 0.0000 0.0000 0.0000 0.0000 0.0000 0.0000 0.0976 0.2873 0.5176 0.7107 0.8912 1.0538 1.1763 1.2405 1.2488 1.2173 1.1609 1.0854 0.9985 0.9058 0.8111 0.7197 0.6345 0.5562 0.4845 0.4191 0.3599 0.3074 0.2624 0.2232 0.1897 0.1605 0.1349 0.1130 0.0944 0.0789 0.0659 0.0549 0.0455
0.0000 0.0000 0.0000 0.0000 0.0000 0.0000 0.0000 0.0000 0.0000 0.0000 0.0000 0.0000 0.0000 0.0000 0.0000 0.0000 0.0000 0.1458 0.3745 0.6090 0.7723 0.9089 1.0218 1.0949 1.1173 1.0942 1.0419 0.9742 0.8959 0.8130 0.7290 0.6466 0.5693 0.4985 0.4344 0.3763 0.3238 0.2766 0.2353 0.2003 0.1703 0.1448 0.1224 0.1026 0.0858 0.0715 0.0597 0.0499 0.0415 0.0344
0.0000 0.0000 0.0000 0.0000 0.0000 0.0000 0.0000 0.0000 0.0000 0.0000 0.0000 0.0000 0.0000 0.0000 0.0000 0.0000 0.0000 0.1679 0.3954 0.6002 0.7199 0.8096 0.8766 0.9106 0.9057 0.8680 0.8115 0.7471 0.6780 0.6083 0.5407 0.4760 0.4166 0.3628 0.3146 0.2715 0.2327 0.1980 0.1679 0.1427 0.1213 0.1031 0.0870 0.0729 0.0609 0.0507 0.0423 0.0353 0.0293 0.0243
0.0000 0.0000 0.0000 0.0000 0.0000 0.0000 0.0000 0.0000 0.0000 0.0000 0.0000 0.0000 0.0000 0.0000 0.0000 0.0000 0.0000 0.1514 0.3364 0.4872 0.5623 0.6129 0.6461 0.6559 0.6392 0.6025 0.5557 0.5058 0.4543 0.4038 0.3569 0.3127 0.2724 0.2361 0.2041 0.1759 0.1505 0.1278 0.1082 0.0920 0.0782 0.0663 0.0559 0.0469 0.0391 0.0326 0.0272 0.0227 0.0188 0.0156
0.0000 0.0000 0.0000 0.0000 0.0000 0.0000 0.0000 0.0000 0.0000 0.0000 0.0000 0.0000 0.0000 0.0000 0.0000 0.0000 0.0000 0.1030 0.2201 0.3089 0.3474 0.3706 0.3835 0.3831 0.3679 0.3427 0.3130 0.2826 0.2520 0.2224 0.1958 0.1711 0.1485 0.1284 0.1107 0.0954 0.0815 0.0691 0.0585 0.0497 0.0424 0.0358 0.0302 0.0254 0.0212 0.0176 0.0147 0.0122 0.0102 0.0084
0.0000 0.0000 0.0000 0.0000 0.0000 0.0000 0.0000 0.0000 0.0000 0.0000 0.0000 0.0000 0.0000 0.0000 0.0000 0.0000 0.0000 0.0448 0.0935 0.1287 0.1424 0.1500 0.1534 0.1517 0.1443 0.1334 0.1211 0.1088 0.0965 0.0848 0.0745 0.0650 0.0563 0.0486 0.0418 0.0361 0.0308 0.0261 0.0221 0.0188 0.0160 0.0135 0.0114 0.0096 0.0080 0.0067 0.0056 0.0046 0.0039 0.0032
0.0000 0.0000 0.0000 0.0000 0.0000 0.0000 0.0000 0.0000 0.0000 0.0000 0.0000 0.0000 0.0000 0.0000 0.0000 0.0000 0.0000 0.0054 0.0112 0.0152 0.0167 0.0175 0.0178 0.0174 0.0165 0.0152 0.0138 0.0123 0.0109 0.0096 0.0084 0.0073 0.0063 0.0055 0.0047 0.0040 0.0035 0.0029 0.0025 0.0021 0.0018 0.0015 0.0013 0.0011 0.0009 0.0007 0.0006 0.0005 0.0004 0.0004
