0.0000 0.0000 0.0000 0.0000 0.0000 0.0000 0.0000 0.0000 0.0000 0.0000 0.0000 0.0000 0.0000 0.0000 0.0000 0.0000 0.0000 0.0008 0.0003 0.0005 0.0036 0.0065 0.0058 0.0025 0.0012 0.0045 0.0107 0.0162 0.0183 0.0164 0.0118 0.0066 0.0026 0.0005 0.0004 0.0020 0.0045 0.0074 0.0101 0.0123 0.0138 0.0147 0.0149 0.0147 0.0139 0.0129 0.0117 0.0105 0.0093 0.0081
0.0000 0.0000 0.0000 0.0000 0.0000 0.0000 0.0000 0.0000 0.0000 0.0000 0.0000 0.0000 0.0000 0.0000 0.0000 0.0000 0.0000 0.0024 0.0008 0.0015 0.0110 0.0197 0.0173 0.0074 0.0036 0.0137 0.0324 0.0489 0.0550 0.0491 0.0353 0.0198 0.0076 0.0014 0.0013 0.0060 0.0137 0.0223 0.0303 0.0369 0.0416 0.0441 0.0448 0.0439 0.0417 0.0386 0.0351 0.0315 0.0278 0.0242
0.0000 0.0000 0.0000 0.0000 0.0000 0.0000 0.0000 0.0000 0.0000 0.0000 0.0000 0.0000 0.0000 0.0000 0.0000 0.0000 0.0000 0.0036 0.0010 0.0029 0.0191 0.0334 0.0289 0.0124 0.0066 0.0238 0.0551 0.0823 0.0918 0.0816 0.0583 0.0324 0.0123 0.0022 0.0022 0.0103 0.0232 0.0375 0.0508 0.0617 0.0694 0.0735 0.0746 0.0731 0.0694 0.0642 0.0583 0.0523 0.0462 0.0402
0.0000 0.0000 0.0000 0.0000 0.0000 0.0000 0.0000 0.0000 0.0000 0.0000 0.0000 0.0000 0.0000 0.0000 0.0000 0.0000 0.0000 0.0045 0.0009 0.0050 0.0285 0.0480 0.0407 0.0174 0.0103 0.0354 0.0793 0.1165 0.1287 0.1135 0.0804 0.0442 0.0165 0.0028 0.0033 0.0150 0.0331 0.0531 0.0716 0.0868 0.0974 0.1030 0.1044 0.1022 0.0969 0.0896 0.0814 0.0729 0.0643 0.0560
0.0000 0.0000 0.0000 0.0000 0.0000 0.0000 0.0000 0.0000 0.0000 0.0000 0.0000 0.0000 0.0000 0.0000 0.0000 0.0000 0.0000 0.0049 0.0006 0.0083 0.0400 0.0640 0.0529 0.0228 0.0151 0.0488 0.1053 0.1518 0.1654 0.1443 0.1011 0.0548 0.0200 0.0032 0.0047 0.0201 0.0437 0.0694 0.0930 0.1123 0.1256 0.1326 0.1341 0.1311 0.1242 0.1148 0.1041 0.0932 0.0822 0.0715
0.0000 0.0000 0.0000 0.0000 0.0000 0.0000 0.0000 0.0000 0.0000 0.0000 0.0000 0.0000 0.0000 0.0000 0.0000 0.0000 0.0000 0.0047 0.0004 0.0137 0.0545 0.0819 0.0657 0.0287 0.0213 0.0644 0.1332 0.1877 0.2016 0.1736 0.1200 0.0639 0.0224 0.0034 0.0063 0.0260 0.0551 0.0865 0.1151 0.1382 0.1540 0.1621 0.1636 0.1597 0.1511 0.1395 0.1264 0.1131 0.0997 0.0867
0.0000 0.0000 0.0000 0.0000 0.0000 0.0000 0.0000 0.0000 0.0000 0.0000 0.0000 0.0000 0.0000 0.0000 0.0000 0.0000 0.0000 0.0041 0.0008 0.0221 0.0727 0.1023 0.0793 0.0351 0.0290 0.0820 0.1625 0.2237 0.2361 0.2003 0.1361 0.0707 0.0237 0.0032 0.0083 0.0327 0.0675 0.1045 0.1379 0.1646 0.1826 0.1917 0.1929 0.1880 0.1775 0.1637 0.1481 0.1324 0.1166 0.1014
0.0000 0.0000 0.0000 0.0000 0.0000 0.0000 0.0000 0.0000 0.0000 0.0000 0.0000 0.0000 0.0000 0.0000 0.0000 0.0000 0.0000 0.0034 0.0028 0.0347 0.0954 0.1253 0.0936 0.0419 0.0379 0.1011 0.1922 0.2582 0.2675 0.2230 0.1486 0.0749 0.0234 0.0027 0.0109 0.0405 0.0812 0.1237 0.1616 0.1916 0.2116 0.2212 0.2220 0.2158 0.2034 0.1872 0.1693 0.1511 0.1330 0.1156
0.0000 0.0000 0.0000 0.0000 0.0000 0.0000 0.0000 0.0000 0.0000 0.0000 0.0000 0.0000 0.0000 0.0000 0.0000 0.0000 0.0000 0.0030 0.0074 0.0524 0.1228 0.1501 0.1076 0.0483 0.0470 0.1202 0.2206 0.2892 0.2938 0.2402 0.1562 0.0756 0.0215 0.0020 0.0144 0.0497 0.0965 0.1443 0.1865 0.2193 0.2408 0.2507 0.2508 0.2431 0.2287 0.2101 0.1897 0.1692 0.1487 0.1291
0.0000 0.0000 0.0000 0.0000 0.0000 0.0000 0.0000 0.0000 0.0000 0.0000 0.0000 0.0000 0.0000 0.0000 0.0000 0.0000 0.0000 0.0037 0.0159 0.0756 0.1534 0.1748 0.1194 0.0527 0.0549 0.1378 0.2454 0.3144 0.3128 0.2501 0.1578 0.0725 0.0178 0.0014 0.0193 0.0610 0.1139 0.1669 0.2128 0.2481 0.2706 0.2803 0.2793 0.2700 0.2533 0.2323 0.2093 0.1864 0.1637 0.1420
0.0000 0.0000 0.0000 0.0000 0.0000 0.0000 0.0000 0.0000 0.0000 0.0000 0.0000 0.0000 0.0000 0.0000 0.0000 0.0000 0.0000 0.0063 0.0289 0.1029 0.1843 0.1954 0.1257 0.0527 0.0600 0.1520 0.2649 0.3318 0.3227 0.2513 0.1528 0.0654 0.0129 0.0017 0.0263 0.0751 0.1344 0.1923 0.2414 0.2785 0.3015 0.3105 0.3081 0.2967 0.2776 0.2539 0.2285 0.2032 0.1782 0.1544
0.0000 0.0000 0.0000 0.0000 0.0000 0.0000 0.0000 0.0000 0.0000 0.0000 0.0000 0.0000 0.0000 0.0000 0.0000 0.0000 0.0000 0.0115 0.0457 0.1307 0.2092 0.2057 0.1218 0.0460 0.0613 0.1628 0.2788 0.3411 0.3234 0.2440 0.1415 0.0550 0.0075 0.0038 0.0368 0.0934 0.1591 0.2215 0.2734 0.3117 0.3345 0.3423 0.3379 0.3240 0.3021 0.2755 0.2475 0.2197 0.1924 0.1665
0.0000 0.0000 0.0000 0.0000 0.0000 0.0000 0.0000 0.0000 0.0000 0.0000 0.0000 0.0000 0.0000 0.0000 0.0000 0.0000 0.0000 0.0193 0.0633 0.1519 0.2193 0.1978 0.1031 0.0316 0.0606 0.1729 0.2900 0.3449 0.3171 0.2301 0.1258 0.0432 0.0034 0.0093 0.0520 0.1170 0.1889 0.2551 0.3090 0.3476 0.3693 0.3752 0.3683 0.3515 0.3264 0.2968 0.2659 0.2356 0.2060 0.1780
0.0000 0.0000 0.0000 0.0000 0.0000 0.0000 0.0000 0.0000 0.0000 0.0000 0.0000 0.0000 0.0000 0.0000 0.0000 0.0000 0.0000 0.0281 0.0762 0.1569 0.2050 0.1656 0.0688 0.0141 0.0659 0.1919 0.3081 0.3519 0.3111 0.2157 0.1104 0.0332 0.0030 0.0199 0.0729 0.1463 0.2240 0.2933 0.3482 0.3862 0.4060 0.4093 0.3993 0.3791 0.3504 0.3175 0.2839 0.2510 0.2190 0.1889
0.0000 0.0000 0.0000 0.0000 0.0000 0.0000 0.0000 0.0000 0.0000 0.0000 0.0000 0.0000 0.0000 0.0000 0.0000 0.0000 0.0000 0.0349 0.0766 0.1374 0.1622 0.1113 0.0279 0.0075 0.0940 0.2370 0.3491 0.3762 0.3169 0.2094 0.1011 0.0287 0.0078 0.0356 0.0988 0.1800 0.2628 0.3344 0.3894 0.4261 0.4434 0.4436 0.4300 0.4062 0.3737 0.3374 0.3009 0.2655 0.2312 0.1991
0.0000 0.0000 0.0000 0.0000 0.0000 0.0000 0.0000 0.0000 0.0000 0.0000 0.0000 0.0000 0.0000 0.0000 0.0000 0.0000 0.0000 0.0352 0.0590 0.0947 0.1025 0.0551 0.0052 0.0370 0.1677 0.3275 0.4291 0.4304 0.3442 0.2177 0.1014 0.0303 0.0165 0.0536 0.1256 0.2138 0.3007 0.3740 0.4289 0.4639 0.4785 0.4755 0.4584 0.4310 0.3949 0.3553 0.3162 0.2784 0.2421 0.2082
0.0000 0.0000 0.0000 0.0000 0.0000 0.0000 0.0000 0.0000 0.0000 0.0000 0.0000 0.0000 0.0000 0.0000 0.0000 0.0000 0.0000 0.0255 0.0279 0.0535 0.0671 0.0438 0.0403 0.1268 0.2950 0.4597 0.5382 0.5033 0.3823 0.2315 0.1034 0.0309 0.0221 0.0670 0.1469 0.2411 0.3319 0.4068 0.4616 0.4953 0.5076 0.5019 0.4819 0.4514 0.4123 0.3700 0.3288 0.2890 0.2509 0.2156
0.0000 0.0000 0.0000 0.0000 0.0000 0.0000 0.0000 0.0000 0.0000 0.0000 0.0000 0.0000 0.0000 0.0000 0.0000 0.0000 0.0000 0.0085 0.0116 0.0782 0.1351 0.1410 0.1559 0.2483 0.4037 0.5383 0.5786 0.5087 0.3641 0.2036 0.0778 0.0148 0.0185 0.0756 0.1653 0.2663 0.3608 0.4369 0.4912 0.5232 0.5330 0.5247 0.5019 0.4685 0.4266 0.3819 0.3389 0.2975 0.2580 0.2214
0.0000 0.0000 0.0000 0.0000 0.0000 0.0000 0.0000 0.0000 0.0000 0.0000 0.0000 0.0000 0.0000 0.0000 0.0000 0.0000 0.0000 0.0034 0.0709 0.2387 0.3159 0.2473 0.1299 0.0837 0.1378 0.2274 0.2754 0.2513 0.1742 0.0871 0.0292 0.0215 0.0650 0.1471 0.2495 0.3537 0.4448 0.5133 0.5584 0.5809 0.5816 0.5649 0.5347 0.4950 0.4480 0.3991 0.3526 0.3085 0.2668 0.2283
0.0000 0.0000 0.0000 0.0000 0.0000 0.0000 0.0000 0.0000 0.0000 0.0000 0.0000 0.0000 0.0000 0.0000 0.0000 0.0000 0.0000 0.0072 0.1039 0.2686 0.3022 0.2032 0.0944 0.0808 0.1607 0.2535 0.2874 0.2461 0.1594 0.0740 0.0270 0.0346 0.0934 0.1877 0.2980 0.4057 0.4963 0.5615 0.6017 0.6188 0.6142 0.5922 0.5571 0.5132 0.4628 0.4112 0.3623 0.3162 0.2730 0.2333
0.0000 0.0000 0.0000 0.0000 0.0000 0.0000 0.0000 0.0000 0.0000 0.0000 0.0000 0.0000 0.0000 0.0000 0.0000 0.0000 0.0000 0.0168 0.1389 0.2848 0.2706 0.1522 0.0657 0.0903 0.1927 0.2818 0.2969 0.2374 0.1432 0.0628 0.0297 0.0546 0.1290 0.2350 0.3519 0.4615 0.5501 0.6107 0.6448 0.6557 0.6451 0.6175 0.5774 0.5292 0.4757 0.4214 0.3702 0.3225 0.2778 0.2370
0.0000 0.0000 0.0000 0.0000 0.0000 0.0000 0.0000 0.0000 0.0000 0.0000 0.0000 0.0000 0.0000 0.0000 0.0000 0.0000 0.0000 0.0316 0.1705 0.2821 0.2229 0.1007 0.0499 0.1150 0.2332 0.3107 0.3025 0.2251 0.1266 0.0551 0.0389 0.0823 0.1724 0.2890 0.4110 0.5208 0.6057 0.6601 0.6870 0.6909 0.6740 0.6404 0.5953 0.5428 0.4863 0.4297 0.3764 0.3271 0.2813 0.2396
0.0000 0.0000 0.0000 0.0000 0.0000 0.0000 0.0000 0.0000 0.0000 0.0000 0.0000 0.0000 0.0000 0.0000 0.0000 0.0000 0.0000 0.0500 0.1923 0.2580 0.1640 0.0570 0.0527 0.1559 0.2802 0.3375 0.3029 0.2094 0.1108 0.0525 0.0558 0.1187 0.2239 0.3495 0.4748 0.5827 0.6621 0.7090 0.7277 0.7239 0.7003 0.6606 0.6103 0.5537 0.4944 0.4357 0.3806 0.3300 0.2832 0.2408
0.0000 0.0000 0.0000 0.0000 0.0000 0.0000 0.0000 0.0000 0.0000 0.0000 0.0000 0.0000 0.0000 0.0000 0.0000 0.0000 0.0000 0.0686 0.1985 0.2134 0.1024 0.0300 0.0781 0.2117 0.3301 0.3591 0.2969 0.1909 0.0974 0.0565 0.0818 0.1646 0.2837 0.4165 0.5426 0.6465 0.7189 0.7572 0.7669 0.7550 0.7242 0.6784 0.6232 0.5626 0.5004 0.4396 0.3829 0.3312 0.2838 0.2408
0.0000 0.0000 0.0000 0.0000 0.0000 0.0000 0.0000 0.0000 0.0000 0.0000 0.0000 0.0000 0.0000 0.0000 0.0000 0.0000 0.0000 0.0831 0.1853 0.1541 0.0492 0.0278 0.1275 0.2788 0.3777 0.3721 0.2836 0.1705 0.0882 0.0691 0.1182 0.2205 0.3518 0.4892 0.6136 0.7114 0.7751 0.8037 0.8041 0.7837 0.7454 0.6936 0.6336 0.5691 0.5041 0.4413 0.3833 0.3307 0.2828 0.2396
0.0000 0.0000 0.0000 0.0000 0.0000 0.0000 0.0000 0.0000 0.0000 0.0000 0.0000 0.0000 0.0000 0.0000 0.0000 0.0000 0.0000 0.0892 0.1528 0.0904 0.0164 0.0559 0.1986 0.3505 0.4170 0.3734 0.2629 0.1501 0.0855 0.0921 0.1659 0.2864 0.4273 0.5664 0.6864 0.7757 0.8291 0.8471 0.8375 0.8083 0.7624 0.7049 0.6404 0.5723 0.5049 0.4404 0.3815 0.3284 0.2802 0.2370
0.0000 0.0000 0.0000 0.0000 0.0000 0.0000 0.0000 0.0000 0.0000 0.0000 0.0000 0.0000 0.0000 0.0000 0.0000 0.0000 0.0000 0.0840 0.1064 0.0361 0.0145 0.1152 0.2845 0.4179 0.4417 0.3608 0.2358 0.1320 0.0918 0.1271 0.2256 0.3621 0.5094 0.6469 0.7594 0.8381 0.8797 0.8862 0.8663 0.8281 0.7748 0.7120 0.6433 0.5722 0.5026 0.4370 0.3775 0.3242 0.2761 0.2331
0.0000 0.0000 0.0000 0.0000 0.0000 0.0000 0.0000 0.0000 0.0000 0.0000 0.0000 0.0000 0.0000 0.0000 0.0000 0.0000 0.0000 0.0677 0.0565 0.0060 0.0497 0.2007 0.3743 0.4709 0.4463 0.3338 0.2048 0.1199 0.1099 0.1757 0.2975 0.4468 0.5967 0.7290 0.8312 0.8972 0.9256 0.9200 0.8895 0.8425 0.7821 0.7143 0.6421 0.5683 0.4973 0.4308 0.3713 0.3181 0.2703 0.2279
0.0000 0.0000 0.0000 0.0000 0.0000 0.0000 0.0000 0.0000 0.0000 0.0000 0.0000 0.0000 0.0000 0.0000 0.0000 0.0000 0.0000 0.0437 0.0168 0.0119 0.1211 0.3016 0.4545 0.5001 0.4277 0.2944 0.1743 0.1180 0.1431 0.2396 0.3818 0.5394 0.6876 0.8111 0.9005 0.9523 0.9665 0.9479 0.9060 0.8501 0.7829 0.7102 0.6350 0.5599 0.4884 0.4222 0.3631 0.3105 0.2634 0.2217
0.0000 0.0000 0.0000 0.0000 0.0000 0.0000 0.0000 0.0000 0.0000 0.0000 0.0000 0.0000 0.0000 0.0000 0.0000 0.0000 0.0000 0.0193 0.0007 0.0584 0.2193 0.4010 0.5102 0.4979 0.3861 0.2471 0.1498 0.1307 0.1936 0.3194 0.4775 0.6380 0.7798 0.8908 0.9648 1.0009 1.0002 0.9684 0.9154 0.8511 0.7779 0.7010 0.6235 0.5478 0.4764 0.4109 0.3527 0.3010 0.2549 0.2143
0.0000 0.0000 0.0000 0.0000 0.0000 0.0000 0.0000 0.0000 0.0000 0.0000 0.0000 0.0000 0.0000 0.0000 0.0000 0.0000 0.0000 0.0030 0.0173 0.1405 0.3266 0.4796 0.5293 0.4618 0.3262 0.1994 0.1383 0.1627 0.2636 0.4147 0.5829 0.7403 0.8707 0.9657 1.0221 1.0414 1.0254 0.9807 0.9172 0.8452 0.7668 0.6866 0.6076 0.5319 0.4614 0.3970 0.3401 0.2898 0.2450 0.2057
0.0000 0.0000 0.0000 0.0000 0.0000 0.0000 0.0000 0.0000 0.0000 0.0000 0.0000 0.0000 0.0000 0.0000 0.0000 0.0000 0.0000 0.0021 0.0671 0.2422 0.4204 0.5199 0.5049 0.3955 0.2573 0.1613 0.1472 0.2182 0.3542 0.5245 0.6954 0.8433 0.9576 1.0334 1.0705 1.0722 1.0410 0.9841 0.9110 0.8324 0.7498 0.6671 0.5875 0.5126 0.4434 0.3807 0.3256 0.2769 0.2338 0.1960
0.0000 0.0000 0.0000 0.0000 0.0000 0.0000 0.0000 0.0000 0.0000 0.0000 0.0000 0.0000 0.0000 0.0000 0.0000 0.0000 0.0000 0.0197 0.1399 0.3401 0.4787 0.5111 0.4400 0.3110 0.1937 0.1448 0.1844 0.3006 0.4651 0.6458 0.8124 0.9459 1.0398 1.0936 1.1096 1.0929 1.0468 0.9787 0.8985 0.8152 0.7298 0.6459 0.5661 0.4917 0.4240 0.3630 0.3098 0.2630 0.2216 0.1856
0.0000 0.0000 0.0000 0.0000 0.0000 0.0000 0.0000 0.0000 0.0000 0.0000 0.0000 0.0000 0.0000 0.0000 0.0000 0.0000 0.0000 0.0522 0.2165 0.4073 0.4840 0.4512 0.3448 0.2237 0.1501 0.1603 0.2549 0.4102 0.5936 0.7746 0.9288 1.0419 1.1117 1.1415 1.1360 1.1011 1.0411 0.9632 0.8774 0.7906 0.7036 0.6196 0.5406 0.4676 0.4019 0.3432 0.2921 0.2476 0.2084 0.1743
0.0000 0.0000 0.0000 0.0000 0.0000 0.0000 0.0000 0.0000 0.0000 0.0000 0.0000 0.0000 0.0000 0.0000 0.0000 0.0000 0.0000 0.0899 0.2732 0.4229 0.4318 0.3519 0.2399 0.1550 0.1427 0.2166 0.3611 0.5446 0.7346 0.9050 1.0390 1.1267 1.1694 1.1744 1.1476 1.0958 1.0234 0.9374 0.8476 0.7588 0.6715 0.5884 0.5111 0.4403 0.3772 0.3213 0.2729 0.2309 0.1941 0.1622
0.0000 0.0000 0.0000 0.0000 0.0000 0.0000 0.0000 0.0000 0.0000 0.0000 0.0000 0.0000 0.0000 0.0000 0.0000 0.0000 0.0000 0.1193 0.2903 0.3796 0.3339 0.2373 0.1521 0.1267 0.1847 0.3186 0.5012 0.6988 0.8824 1.0322 1.1390 1.1972 1.2115 1.1917 1.1448 1.0779 0.9952 0.9030 0.8105 0.7211 0.6346 0.5535 0.4788 0.4109 0.3509 0.2981 0.2527 0.2134 0.1791 0.1495
0.0000 0.0000 0.0000 0.0000 0.0000 0.0000 0.0000 0.0000 0.0000 0.0000 0.0000 0.0000 0.0000 0.0000 0.0000 0.0000 0.0000 0.1290 0.2601 0.2883 0.2167 0.1388 0.1087 0.1564 0.2830 0.4644 0.6683 0.8642 1.0293 1.1511 1.2247 1.2503 1.2362 1.1928 1.1278 1.0482 0.9576 0.8613 0.7672 0.6783 0.5939 0.5156 0.4443 0.3801 0.3235 0.2740 0.2318 0.1954 0.1638 0.1366
0.0000 0.0000 0.0000 0.0000 0.0000 0.0000 0.0000 0.0000 0.0000 0.0000 0.0000 0.0000 0.0000 0.0000 0.0000 0.0000 0.0000 0.1138 0.1909 0.1767 0.1155 0.0880 0.1307 0.2523 0.4347 0.6439 0.8489 1.0266 1.1615 1.2482 1.2853 1.2779 1.2370 1.1726 1.0924 1.0031 0.9073 0.8094 0.7159 0.6292 0.5482 0.4738 0.4068 0.3470 0.2943 0.2485 0.2099 0.1767 0.1480 0.1232
0.0000 0.0000 0.0000 0.0000 0.0000 0.0000 0.0000 0.0000 0.0000 0.0000 0.0000 0.0000 0.0000 0.0000 0.0000 0.0000 0.0000 0.0790 0.1076 0.0838 0.0667 0.1094 0.2272 0.4100 0.6262 0.8393 1.0251 1.1703 1.2664 1.3140 1.3141 1.2757 1.2114 1.1298 1.0382 0.9427 0.8448 0.7479 0.6572 0.5744 0.4982 0.4288 0.3668 0.3121 0.2638 0.2221 0.1873 0.1575 0.1317 0.1095
0.0000 0.0000 0.0000 0.0000 0.0000 0.0000 0.0000 0.0000 0.0000 0.0000 0.0000 0.0000 0.0000 0.0000 0.0000 0.0000 0.0000 0.0394 0.0439 0.0472 0.0957 0.2115 0.3920 0.6133 0.8373 1.0317 1.1819 1.2842 1.3362 1.3432 1.3095 1.2450 1.1618 1.0682 0.9701 0.8720 0.7749 0.6813 0.5947 0.5168 0.4457 0.3822 0.3261 0.2767 0.2334 0.1962 0.1651 0.1386 0.1158 0.0962
0.0000 0.0000 0.0000 0.0000 0.0000 0.0000 0.0000 0.0000 0.0000 0.0000 0.0000 0.0000 0.0000 0.0000 0.0000 0.0000 0.0000 0.0132 0.0287 0.0886 0.2059 0.3807 0.5991 0.8302 1.0354 1.1915 1.2944 1.3489 1.3569 1.3266 1.2649 1.1806 1.0846 0.9846 0.8848 0.7880 0.6951 0.6072 0.5268 0.4552 0.3905 0.3338 0.2840 0.2404 0.2024 0.1699 0.1428 0.1197 0.0998 0.0829
0.0000 0.0000 0.0000 0.0000 0.0000 0.0000 0.0000 0.0000 0.0000 0.0000 0.0000 0.0000 0.0000 0.0000 0.0000 0.0000 0.0000 0.0146 0.0752 0.2047 0.3758 0.5825 0.8081 1.0207 1.1859 1.2916 1.3432 1.3515 1.3207 1.2605 1.1788 1.0826 0.9809 0.8805 0.7838 0.6924 0.6065 0.5268 0.4545 0.3907 0.3336 0.2843 0.2413 0.2038 0.1714 0.1436 0.1205 0.1009 0.0840 0.0697
0.0000 0.0000 0.0000 0.0000 0.0000 0.0000 0.0000 0.0000 0.0000 0.0000 0.0000 0.0000 0.0000 0.0000 0.0000 0.0000 0.0000 0.0465 0.1726 0.3646 0.5620 0.7692 0.9734 1.1463 1.2609 1.3144 1.3189 1.2887 1.2292 1.1498 1.0576 0.9580 0.8580 0.7627 0.6734 0.5905 0.5139 0.4438 0.3809 0.3261 0.2776 0.2362 0.2001 0.1686 0.1415 0.1184 0.0992 0.0829 0.0690 0.0572
0.0000 0.0000 0.0000 0.0000 0.0000 0.0000 0.0000 0.0000 0.0000 0.0000 0.0000 0.0000 0.0000 0.0000 0.0000 0.0000 0.0000 0.0976 0.2873 0.5176 0.7106 0.8909 1.0535 1.1760 1.2401 1.2484 1.2170 1.1606 1.0851 0.9982 0.9055 0.8108 0.7195 0.6343 0.5560 0.4844 0.4190 0.3598 0.3073 0.2623 0.2231 0.1897 0.1605 0.1349 0.1130 0.0944 0.0789 0.0659 0.0548 0.0455
0.0000 0.0000 0.0000 0.0000 0.0000 0.0000 0.0000 0.0000 0.0000 0.0000 0.0000 0.0000 0.0000 0.0000 0.0000 0.0000 0.0000 0.1457 0.3744 0.6088 0.7721 0.9087 1.0215 1.0946 1.1169 1.0939 1.0416 0.9740 0.8957 0.8128 0.7289 0.6464 0.5692 0.4984 0.4343 0.3762 0.3237 0.2766 0.2352 0.2003 0.1703 0.1447 0.1223 0.1026 0.0857 0.0715 0.0597 0.0499 0.0415 0.0343
0.0000 0.0000 0.0000 0.0000 0.0000 0.0000 0.0000 0.0000 0.0000 0.0000 0.0000 0.0000 0.0000 0.0000 0.0000 0.0000 0.0000 0.1678 0.3953 0.6000 0.7197 0.8093 0.8764 0.9104 0.9055 0.8678 0.8114 0.7469 0.6778 0.6082 0.5406 0.4760 0.4165 0.3627 0.3145 0.2714 0.2326 0.1980 0.1678 0.1427 0.1213 0.1030 0.0870 0.0729 0.0608 0.0507 0.0423 0.0353 0.0293 0.0243
0.0000 0.0000 0.0000 0.0000 0.0000 0.0000 0.0000 0.0000 0.0000 0.0000 0.0000 0.0000 0.0000 0.0000 0.0000 0.0000 0.0000 0.1514 0.3363 0.4871 0.5622 0.6127 0.6460 0.6558 0.6391 0.6024 0.5556 0.5057 0.4543 0.4037 0.3568 0.3127 0.2723 0.2361 0.2040 0.1759 0.1504 0.1278 0.1082 0.0920 0.0782 0.0663 0.0559 0.0469 0.0391 0.0326 0.0272 0.0227 0.0188 0.0156
0.0000 0.0000 0.0000 0.0000 0.0000 0.0000 0.0000 0.0000 0.0000 0.0000 0.0000 0.0000 0.0000 0.0000 0.0000 0.0000 0.0000 0.1030 0.2201 0.3089 0.3474 0.3706 0.3835 0.3831 0.3679 0.3426 0.3130 0.2826 0.2520 0.2223 0.1958 0.1711 0.1485 0.1284 0.1107 0.0954 0.0815 0.0691 0.0585 0.0497 0.0424 0.0358 0.0302 0.0253 0.0212 0.0176 0.0147 0.0122 0.0102 0.0084
0.0000 0.0000 0.0000 0.0000 0.0000 0.0000 0.0000 0.0000 0.0000 0.0000 0.0000 0.0000 0.0000 0.0000 0.0000 0.0000 0.0000 0.0448 0.0935 0.1287 0.1424 0.1500 0.1534 0.1517 0.1443 0.1334 0.1211 0.1088 0.0965 0.0848 0.0745 0.0650 0.0563 0.0486 0.0418 0.0361 0.0308 0.0261 0.0221 0.0188 0.0160 0.0135 0.0114 0.0096 0.0080 0.0067 0.0056 0.0046 0.0039 0.0032
0.0000 0.0000 0.0000 0.0000 0.0000 0.0000 0.0000 0.0000 0.0000 0.0000 0.0000 0.0000 0.0000 0.0000 0.0000 0.0000 0.0000 0.0054 0.0112 0.0152 0.0167 0.0175 0.0178 0.0174 0.0165 0.0152 0.0138 0.0123 0.0109 0.0096 0.0084 0.0073 0.0063 0.0055 0.0047 0.0040 0.0035 0.0029 0.0025 0.0021 0.0018 0.0015 0.0013 0.0011 0.0009 0.0007 0.0006 0.0005 0.0004 0.0004
