0.2187 0.2176 0.2164 0.1855 0.1758 0.1648 0.1531 0.1450 0.1394 0.1516 0.1135 0.1070 0.1201 0.1219 0.1160 0.1043 0.0844 0.0619 0.0518 0.0589 0.0716 0.0776 0.0706 0.0562 0.0409 0.0295 0.0228 0.0197 0.0188 0.0183 0.0176 0.0164 0.0149 0.0132 0.0115 0.0099 0.0085 0.0073 0.0063 0.0054 0.0047 0.0041 0.0036 0.0032 0.0028 0.0025 0.0022 0.0020 0.0018 0.0016
0.6555 0.6505 0.6469 0.5567 0.5277 0.4938 0.4585 0.4340 0.4176 0.4535 0.3406 0.3210 0.3619 0.3677 0.3494 0.3137 0.2541 0.1863 0.1549 0.1749 0.2129 0.2314 0.2118 0.1696 0.1240 0.0893 0.0686 0.0591 0.0561 0.0546 0.0524 0.0490 0.0444 0.0395 0.0346 0.0299 0.0257 0.0220 0.0189 0.0163 0.0140 0.0123 0.0108 0.0096 0.0085 0.0076 0.0067 0.0060 0.0054 0.0048
1.0914 1.0774 1.0709 0.9287 0.8813 0.8211 0.7613 0.7201 0.6936 0.7524 0.5680 0.5352 0.6082 0.6196 0.5867 0.5254 0.4261 0.3127 0.2571 0.2861 0.3480 0.3813 0.3529 0.2857 0.2105 0.1517 0.1156 0.0983 0.0924 0.0896 0.0861 0.0809 0.0736 0.0658 0.0577 0.0499 0.0430 0.0370 0.0317 0.0273 0.0235 0.0206 0.0181 0.0160 0.0142 0.0126 0.0112 0.0100 0.0089 0.0080
1.5277 1.4975 1.4852 1.3007 1.2391 1.1461 1.0599 1.0025 0.9653 1.0472 0.7959 0.7499 0.8628 0.8815 0.8300 0.7404 0.6021 0.4429 0.3581 0.3894 0.4727 0.5243 0.4933 0.4062 0.3031 0.2190 0.1649 0.1376 0.1273 0.1228 0.1181 0.1115 0.1020 0.0917 0.0809 0.0702 0.0606 0.0522 0.0449 0.0386 0.0332 0.0290 0.0255 0.0226 0.0199 0.0177 0.0157 0.0140 0.0125 0.0112
1.9681 1.9151 1.8894 1.6701 1.6055 1.4697 1.3532 1.2818 1.2300 1.3388 1.0242 0.9659 1.1307 1.1573 1.0801 0.9584 0.7830 0.5789 0.4590 0.4829 0.5829 0.6566 0.6318 0.5321 0.4041 0.2936 0.2185 0.1778 0.1609 0.1535 0.1477 0.1402 0.1292 0.1170 0.1039 0.0907 0.0786 0.0678 0.0584 0.0502 0.0432 0.0377 0.0331 0.0292 0.0258 0.0228 0.0203 0.0180 0.0161 0.0144
2.4177 2.3380 2.2901 2.0324 1.9858 1.7945 1.6413 1.5597 1.4850 1.6306 1.2522 1.1854 1.4178 1.4497 1.3359 1.1779 0.9695 0.7240 0.5622 0.5656 0.6749 0.7740 0.7661 0.6641 0.5162 0.3790 0.2790 0.2208 0.1939 0.1819 0.1744 0.1663 0.1545 0.1411 0.1263 0.1111 0.0968 0.0839 0.0723 0.0623 0.0536 0.0467 0.0409 0.0361 0.0317 0.0281 0.0249 0.0221 0.0197 0.0176
2.8808 2.7732 2.7040 2.3843 2.3841 2.1272 1.9265 1.8385 1.7288 1.9279 1.4779 1.4122 1.7313 1.7596 1.5934 1.3952 1.1620 0.8825 0.6726 0.6394 0.7459 0.8719 0.8925 0.8011 0.6413 0.4785 0.3504 0.2695 0.2282 0.2085 0.1979 0.1891 0.1771 0.1634 0.1477 0.1310 0.1149 0.1001 0.0866 0.0747 0.0643 0.0560 0.0490 0.0431 0.0379 0.0334 0.0296 0.0262 0.0234 0.0208
3.3585 3.2200 3.1558 2.7319 2.7967 2.4814 2.2138 2.1195 1.9633 2.2368 1.6976 1.6534 2.0783 2.0839 1.8451 1.6048 1.3605 1.0601 0.7984 0.7094 0.7958 0.9455 1.0057 0.9404 0.7801 0.5957 0.4370 0.3283 0.2668 0.2352 0.2190 0.2085 0.1963 0.1829 0.1671 0.1498 0.1325 0.1162 0.1010 0.0875 0.0754 0.0657 0.0575 0.0505 0.0443 0.0390 0.0345 0.0305 0.0271 0.0241
3.8400 3.6667 3.6622 3.1028 3.2049 2.8801 2.5089 2.4018 2.1962 2.5603 1.9063 1.9199 2.4631 2.4135 2.0792 1.7995 1.5649 1.2646 0.9515 0.7860 0.8281 0.9914 1.0987 1.0761 0.9305 0.7326 0.5437 0.4025 0.3147 0.2652 0.2394 0.2250 0.2118 0.1987 0.1835 0.1662 0.1486 0.1314 0.1150 0.1001 0.0866 0.0755 0.0661 0.0581 0.0509 0.0448 0.0395 0.0349 0.0310 0.0275
4.2898 4.0996 4.2049 3.5546 3.5712 3.3557 2.8132 2.6831 2.4416 2.8917 2.0996 2.2257 2.8831 2.7314 2.2813 1.9722 1.7758 1.5043 1.1473 0.8855 0.8521 1.0084 1.1629 1.1980 1.0856 0.8878 0.6736 0.4979 0.3780 0.3039 0.2626 0.2403 0.2241 0.2106 0.1960 0.1794 0.1620 0.1447 0.1277 0.1119 0.0973 0.0852 0.0748 0.0658 0.0576 0.0507 0.0447 0.0394 0.0350 0.0310
4.6471 4.5185 4.7125 4.1550 3.8559 3.9395 3.1216 2.9685 2.7179 3.2115 2.2817 2.5876 3.3248 3.0146 2.4390 2.1204 1.9953 1.7888 1.4054 1.0333 0.8878 1.0031 1.1913 1.2922 1.2330 1.0546 0.8270 0.6201 0.4648 0.3596 0.2958 0.2598 0.2364 0.2203 0.2052 0.1891 0.1724 0.1555 0.1385 0.1224 0.1073 0.0945 0.0833 0.0734 0.0645 0.0568 0.0500 0.0442 0.0391 0.0347
4.9070 4.9219 5.0987 4.9071 4.0579 4.6222 3.4179 3.2719 3.0306 3.4825 2.4664 3.0123 3.7556 3.2363 2.5465 2.2465 2.2232 2.1190 1.7395 1.2565 0.9633 0.9898 1.1793 1.3407 1.3508 1.2158 0.9954 0.7688 0.5811 0.4411 0.3479 0.2913 0.2549 0.2317 0.2136 0.1965 0.1799 0.1635 0.1470 0.1311 0.1159 0.1028 0.0912 0.0808 0.0712 0.0629 0.0556 0.0491 0.0435 0.0386
5.2811 5.2562 5.3567 5.6549 4.2591 5.2980 3.6851 3.6061 3.3471 3.6545 2.6698 3.4752 4.1201 3.3716 2.6071 2.3540 2.4469 2.4731 2.1394 1.5683 1.1051 0.9883 1.1254 1.3205 1.4045 1.3373 1.1531 0.9296 0.7223 0.5510 0.4255 0.3422 0.2861 0.2502 0.2245 0.2035 0.1853 0.1686 0.1524 0.1369 0.1220 0.1091 0.0974 0.0869 0.0770 0.0684 0.0606 0.0537 0.0477 0.0423
6.1049 5.4565 5.5825 6.1050 4.6088 5.7619 3.9515 3.9755 3.6063 3.7067 2.9189 3.9173 4.3599 3.4242 2.6481 2.4527 2.6397 2.7993 2.5638 1.9651 1.3443 1.0376 1.0496 1.2218 1.3604 1.3749 1.2593 1.0728 0.8722 0.6852 0.5327 0.4213 0.3407 0.2858 0.2468 0.2169 0.1936 0.1742 0.1568 0.1410 0.1262 0.1133 0.1018 0.0915 0.0815 0.0727 0.0647 0.0576 0.0514 0.0457
7.1514 5.6890 5.8117 6.1043 5.1364 5.8274 4.2831 4.3412 3.7645 3.6859 3.2194 4.2371 4.4426 3.4434 2.7147 2.5444 2.7488 3.0011 2.9166 2.4009 1.7005 1.1980 1.0101 1.0709 1.2053 1.2867 1.2604 1.1483 0.9930 0.8208 0.6607 0.5303 0.4263 0.3496 0.2921 0.2478 0.2141 0.1878 0.1661 0.1478 0.1315 0.1178 0.1059 0.0953 0.0852 0.0763 0.0681 0.0609 0.0545 0.0486
7.3916 6.2251 5.9933 5.9367 5.5453 5.5873 4.6740 4.6529 3.9077 3.7139 3.5153 4.3192 4.4096 3.5326 2.8501 2.6109 2.7036 2.9480 3.0402 2.7621 2.1586 1.5485 1.1286 0.9749 0.9961 1.0734 1.1156 1.0953 1.0219 0.9057 0.7733 0.6483 0.5354 0.4429 0.3674 0.3058 0.2576 0.2197 0.1895 0.1650 0.1444 0.1276 0.1135 0.1015 0.0904 0.0807 0.0720 0.0644 0.0576 0.0514
6.9124 6.5519 6.4675 5.9847 5.5728 5.4913 4.9159 5.0330 4.3022 3.8889 3.6809 4.1141 4.4052 3.8215 3.0622 2.6210 2.4820 2.5640 2.7628 2.8490 2.6115 2.1408 1.5910 1.1734 0.9434 0.8690 0.8721 0.8917 0.8946 0.8590 0.7921 0.7101 0.6191 0.5331 0.4538 0.3823 0.3223 0.2728 0.2321 0.1988 0.1711 0.1485 0.1300 0.1146 0.1008 0.0891 0.0789 0.0700 0.0624 0.0555
7.1032 6.5458 7.3077 6.5028 6.0578 5.7827 4.8979 5.8798 5.0781 4.1380 3.7267 3.7433 4.5390 4.3457 3.3023 2.5926 2.2945 2.1005 2.1113 2.3996 2.6979 2.7642 2.4718 1.9925 1.4949 1.1068 0.8568 0.7270 0.6746 0.6506 0.6310 0.6050 0.5649 0.5184 0.4664 0.4110 0.3589 0.3117 0.2699 0.2337 0.2021 0.1753 0.1527 0.1337 0.1166 0.1023 0.0898 0.0791 0.0700 0.0618
7.8980 7.5145 8.1292 6.9594 6.7278 6.5410 5.7834 5.6289 5.2592 4.5186 4.8140 3.9273 3.6322 3.8743 3.3037 2.6729 2.7613 2.9512 2.6425 2.0488 1.6461 1.6796 1.9768 2.2955 2.4380 2.3658 2.1160 1.7856 1.4545 1.1511 0.9015 0.7129 0.5702 0.4677 0.3918 0.3327 0.2875 0.2518 0.2227 0.1983 0.1769 0.1581 0.1418 0.1273 0.1136 0.1014 0.0905 0.0808 0.0722 0.0644
9.1981 7.8534 8.1515 7.9231 6.7661 7.2250 5.9108 6.2346 5.3315 5.0042 5.0633 4.0591 4.0093 4.1158 3.3893 2.8611 3.0333 3.1435 2.7281 2.1145 1.7592 1.8426 2.1541 2.4569 2.5715 2.4747 2.2075 1.8654 1.5266 1.2161 0.9592 0.7635 0.6137 0.5052 0.4239 0.3600 0.3108 0.2717 0.2397 0.2131 0.1900 0.1697 0.1521 0.1363 0.1215 0.1085 0.0968 0.0864 0.0773 0.0689
9.9766 8.9350 8.0374 8.6428 7.1395 7.6139 6.2716 6.6944 5.4547 5.5441 5.2110 4.2593 4.4115 4.3016 3.4769 3.0892 3.3123 3.3132 2.7981 2.1851 1.8877 2.0181 2.3355 2.6150 2.6982 2.5764 2.2931 1.9414 1.5967 1.2808 1.0176 0.8154 0.6590 0.5444 0.4577 0.3890 0.3356 0.2928 0.2578 0.2288 0.2039 0.1820 0.1629 0.1458 0.1297 0.1157 0.1033 0.0922 0.0825 0.0735
9.7553 10.0168 8.4729 8.8057 7.9393 7.6783 6.9098 6.9250 5.7351 6.0482 5.2872 4.5563 4.8019 4.4303 3.5875 3.3575 3.5863 3.4556 2.8568 2.2659 2.0332 2.2046 2.5182 2.7677 2.8168 2.6704 2.3729 2.0136 1.6650 1.3452 1.0767 0.8686 0.7059 0.5855 0.4933 0.4198 0.3619 0.3154 0.2770 0.2455 0.2186 0.1950 0.1743 0.1558 0.1384 0.1234 0.1101 0.0983 0.0879 0.0784
9.6902 10.2377 9.5382 8.6861 8.8485 7.6682 7.6708 6.9777 6.2143 6.4262 5.3593 4.9502 5.1402 4.5157 3.7417 3.6592 3.8419 3.5693 2.9106 2.3622 2.1964 2.3998 2.6997 2.9132 2.9268 2.7567 2.4469 2.0822 1.7315 1.4092 1.1364 0.9231 0.7544 0.6284 0.5308 0.4523 0.3899 0.3393 0.2975 0.2633 0.2342 0.2088 0.1865 0.1663 0.1475 0.1314 0.1172 0.1046 0.0936 0.0835
10.7489 9.9799 10.4444 8.9159 9.3781 7.9220 8.2680 7.0226 6.8155 6.6319 5.5052 5.4050 5.3968 4.5848 3.9512 3.9794 4.0684 3.6586 2.9686 2.4791 2.3772 2.6016 2.8777 3.0508 3.0284 2.8359 2.5155 2.1477 1.7965 1.4731 1.1974 0.9796 0.8053 0.6735 0.5703 0.4867 0.4197 0.3651 0.3196 0.2824 0.2509 0.2234 0.1992 0.1774 0.1573 0.1400 0.1249 0.1114 0.0997 0.0889
11.8588 10.4043 10.5828 9.7277 9.4162 8.5575 8.5281 7.2549 7.3854 6.7077 5.7806 5.8588 5.5668 4.6738 4.2180 4.2987 4.2588 3.7310 3.0397 2.6196 2.5737 2.8068 3.0502 3.1801 3.1223 2.9088 2.5796 2.2106 1.8605 1.5371 1.2596 1.0383 0.8587 0.7209 0.6116 0.5229 0.4514 0.3929 0.3436 0.3031 0.2687 0.2388 0.2126 0.1891 0.1678 0.1495 0.1333 0.1189 0.1062 0.0948
11.8848 11.5046 10.4699 10.6082 9.4007 9.3279 8.5636 7.7466 7.7910 6.7734 6.1879 6.2493 5.6763 4.8179 4.5334 4.5986 4.4125 3.7966 3.1312 2.7837 2.7822 3.0114 3.2154 3.3006 3.2087 2.9765 2.6403 2.2715 1.9234 1.6009 1.3224 1.0981 0.9136 0.7699 0.6547 0.5609 0.4849 0.4223 0.3690 0.3250 0.2876 0.2551 0.2268 0.2015 0.1790 0.1596 0.1422 0.1267 0.1132 0.1010
11.8592 12.1393 10.9373 10.9856 9.7872 9.8546 8.6652 8.3643 8.0029 6.9471 6.6654 6.5419 5.7736 5.0352 4.8750 4.8648 4.5369 3.8681 3.2487 2.9701 2.9988 3.2130 3.3727 3.4133 3.2893 3.0403 2.6987 2.3309 1.9855 1.6645 1.3856 1.1587 0.9697 0.8204 0.6994 0.6006 0.5200 0.4535 0.3960 0.3484 0.3078 0.2725 0.2419 0.2147 0.1909 0.1703 0.1516 0.1350 0.1205 0.1075
12.6985 12.1864 11.8086 11.0541 10.5009 10.0649 9.0307 8.8989 8.1258 7.2760 7.1259 6.7487 5.9094 5.3218 5.2172 5.0932 4.6454 3.9572 3.3947 3.1756 3.2201 3.4102 3.5231 3.5200 3.3659 3.1017 2.7559 2.3895 2.0471 1.7280 1.4490 1.2201 1.0269 0.8722 0.7454 0.6418 0.5569 0.4863 0.4247 0.3733 0.3292 0.2910 0.2579 0.2287 0.2035 0.1817 0.1617 0.1438 0.1283 0.1144
13.3265 12.4175 12.2825 11.2791 11.0501 10.1758 9.5378 9.2231 8.2782 7.6894 7.4856 6.8973 6.0971 5.6489 5.5384 5.2900 4.7543 4.0743 3.5725 3.4026 3.4513 3.6097 3.6722 3.6242 3.4402 3.1631 2.8158 2.4523 2.1135 1.7956 1.5154 1.2842 1.0872 0.9279 0.7961 0.6869 0.5970 0.5222 0.4570 0.4020 0.3543 0.3125 0.2766 0.2451 0.2179 0.1945 0.1732 0.1541 0.1375 0.1225
13.5809 12.9541 12.5197 11.7595 11.3839 10.4573 10.0317 9.4583 8.5507 8.1228 7.7755 7.0631 6.3517 5.9950 5.8347 5.4705 4.8767 4.2205 3.7749 3.6415 3.6842 3.8068 3.8187 3.7271 3.5143 3.2248 2.8762 2.5152 2.1799 1.8629 1.5818 1.3488 1.1483 0.9848 0.8481 0.7335 0.6388 0.5597 0.4911 0.4325 0.3810 0.3354 0.2964 0.2625 0.2333 0.2082 0.1856 0.1652 0.1473 0.1312
13.8952 13.4471 12.8310 12.2368 11.6995 10.8394 10.4619 9.7178 8.9006 8.5341 8.0409 7.2709 6.6518 6.3436 6.1143 5.6501 5.0198 4.3943 3.9979 3.8906 3.9199 4.0040 3.9654 3.8308 3.5895 3.2875 2.9370 2.5781 2.2459 1.9295 1.6477 1.4134 1.2097 1.0424 0.9012 0.7813 0.6820 0.5988 0.5269 0.4647 0.4093 0.3597 0.3174 0.2810 0.2496 0.2228 0.1987 0.1769 0.1577 0.1404
14.0755 14.0722 13.0735 12.8066 11.9908 11.2612 10.9048 9.9951 9.2841 8.9472 8.3107 7.5105 6.9801 6.6979 6.3916 5.8378 5.1837 4.5922 4.2396 4.1509 4.1615 4.2045 4.1145 3.9368 3.6668 3.3516 2.9986 2.6412 2.3115 1.9953 1.7133 1.4779 1.2715 1.1008 0.9554 0.8305 0.7267 0.6395 0.5644 0.4985 0.4392 0.3854 0.3397 0.3007 0.2670 0.2383 0.2128 0.1895 0.1689 0.1503
14.8195 14.2990 13.5274 13.3531 12.1719 11.8513 11.2954 10.2410 9.7415 9.3811 8.5712 7.7750 7.3457 7.0807 6.6855 6.0433 5.3759 4.8232 4.5121 4.4361 4.4218 4.4182 4.2766 4.0585 3.7628 3.4322 3.0709 2.7101 2.3808 2.0659 1.7843 1.5478 1.3392 1.1655 1.0164 0.8869 0.7779 0.6855 0.6053 0.5354 0.4729 0.4165 0.3679 0.3256 0.2890 0.2578 0.2299 0.2046 0.1824 0.1623
15.7133 14.2255 14.5028 13.4215 12.6343 12.5447 11.4808 10.5796 10.3284 9.7747 8.7885 8.0813 7.7718 7.4862 6.9753 6.2477 5.5835 5.0800 4.8101 4.7402 4.6935 4.6379 4.4418 4.1821 3.8598 3.5130 3.1429 2.7787 2.4499 2.1367 1.8554 1.6180 1.4075 1.2313 1.0790 0.9452 0.8311 0.7333 0.6479 0.5740 0.5084 0.4495 0.3980 0.3522 0.3125 0.2786 0.2483 0.2209 0.1969 0.1751
15.2297 15.2931 14.8688 13.4741 13.6067 12.8749 11.5981 11.2086 10.9357 10.0255 8.9982 8.4905 8.2688 7.8905 7.2393 6.4453 5.8126 5.3712 5.1394 5.0654 4.9758 4.8610 4.6073 4.3050 3.9558 3.5928 3.2140 2.8468 2.5189 2.2079 1.9270 1.6888 1.4767 1.2985 1.1432 1.0053 0.8861 0.7830 0.6923 0.6144 0.5459 0.4845 0.4300 0.3806 0.3376 0.3009 0.2679 0.2383 0.2124 0.1889
15.9293 16.3385 14.5158 14.5475 14.3167 12.8067 12.1465 12.0686 11.3393 10.1697 9.3469 9.0660 8.8160 8.2583 7.4705 6.6575 6.0905 5.7176 5.5115 5.4161 5.2704 5.0898 4.7757 4.4301 4.0535 3.6750 3.2886 2.9199 2.5938 2.2852 2.0043 1.7651 1.5515 1.3712 1.2129 1.0707 0.9465 0.8379 0.7418 0.6596 0.5875 0.5228 0.4649 0.4117 0.3654 0.3257 0.2900 0.2579 0.2299 0.2045
17.7830 15.7755 15.5120 15.7792 14.1854 13.1851 13.2461 12.7249 11.4737 10.4413 9.9735 9.7784 9.3414 8.5590 7.6875 6.9252 6.4501 6.1356 5.9300 5.7906 5.5747 5.3239 4.9485 4.5599 4.1572 3.7652 3.3732 3.0047 2.6809 2.3739 2.0928 1.8528 1.6369 1.4540 1.2923 1.1454 1.0159 0.9019 0.8003 0.7130 0.6361 0.5660 0.5036 0.4468 0.3969 0.3541 0.3158 0.2811 0.2506 0.2230
17.0078 16.5181 17.1862 15.5995 14.3017 14.4368 14.1377 12.8325 11.6025 11.0538 10.8016 10.4363 9.7176 8.7721 7.9180 7.2669 6.8885 6.6057 6.3686 6.1626 5.8658 5.5430 5.1094 4.6827 4.2592 3.8575 3.4618 3.0942 2.7728 2.4672 2.1861 1.9453 1.7269 1.5414 1.3762 1.2245 1.0896 0.9699 0.8625 0.7699 0.6881 0.6121 0.5449 0.4844 0.4307 0.3847 0.3438 0.3062 0.2730 0.2430
17.6107 18.5588 16.9057 15.4798 15.7050 15.5433 14.1993 12.8074 12.1821 11.9971 11.5881 10.8731 9.9331 8.9676 8.2307 7.7142 7.4032 7.1076 6.8044 6.5135 6.1315 5.7407 5.2563 4.7988 4.3615 3.9544 3.5572 3.1909 2.8718 2.5673 2.2859 2.0441 1.8228 1.6344 1.4656 1.3088 1.1682 1.0425 0.9289 0.8307 0.7437 0.6615 0.5891 0.5247 0.4671 0.4176 0.3739 0.3333 0.2973 0.2646
20.0571 18.1173 16.7894 17.2338 17.0590 15.5886 14.1136 13.4644 13.3121 12.9701 12.1310 11.1163 10.1311 9.2979 8.7226 8.3064 8.0023 7.6444 7.2493 6.8643 6.3988 5.9472 5.4223 4.9429 4.4946 4.0839 3.6862 3.3212 3.0031 2.6970 2.4141 2.1700 1.9442 1.7500 1.5743 1.4098 1.2632 1.1324 1.0130 0.9082 0.8142 0.7260 0.6481 0.5784 0.5151 0.4609 0.4136 0.3692 0.3296 0.2936
19.0293 18.2156 18.9417 18.5559 16.8640 15.4267 14.9002 14.7625 14.3732 13.5139 12.3428 11.2949 10.4603 9.8192 9.3645 8.9713 8.6070 8.1477 7.6496 7.1761 6.6414 6.1441 5.5916 5.0998 4.6457 4.2340 3.8365 3.4728 3.1549 2.8454 2.5598 2.3121 2.0807 1.8790 1.6949 1.5213 1.3682 1.2322 1.1067 0.9949 0.8930 0.7985 0.7146 0.6389 0.5692 0.5096 0.4583 0.4098 0.3663 0.3264
19.9575 20.7297 19.8070 17.9693 16.7782 16.5028 16.3787 15.8086 14.8047 13.6269 12.4973 11.6629 11.0359 10.5204 10.0826 9.6261 9.1531 8.5792 7.9882 7.4462 6.8640 6.3387 5.7715 5.2754 4.8195 4.4083 4.0108 3.6476 3.3283 3.0134 2.7232 2.4705 2.2320 2.0212 1.8272 1.6433 1.4831 1.3416 1.2096 1.0901 0.9796 0.8783 0.7878 0.7057 0.6289 0.5633 0.5078 0.4548 0.4069 0.3629
22.3110 20.6345 18.9940 18.3900 18.3584 18.1026 17.2578 16.0154 14.7824 13.7523 12.9092 12.3164 11.8062 11.2892 10.7669 10.1879 9.6021 8.9318 8.2705 7.6875 7.0822 6.5470 5.9766 5.4827 5.0289 4.6187 4.2192 3.8566 3.5365 3.2168 2.9199 2.6599 2.4122 2.1916 1.9873 1.7926 1.6230 1.4730 1.3331 1.2048 1.0847 0.9741 0.8758 0.7870 0.7036 0.6318 0.5701 0.5113 0.4584 0.4095
21.1730 20.3909 20.4502 20.4084 19.7296 18.5385 17.1774 15.9488 15.0216 14.3174 13.6700 13.1435 12.5933 11.9729 11.3218 10.6162 9.9512 9.2235 8.5208 7.9235 7.3154 6.7853 6.2195 5.7312 5.2807 4.8699 4.4651 4.1034 3.7829 3.4589 3.1530 2.8834 2.6244 2.3932 2.1783 1.9725 1.7910 1.6292 1.4800 1.3418 1.2109 1.0883 0.9805 0.8850 0.7956 0.7175 0.6472 0.5814 0.5225 0.4681
22.7186 22.7602 22.1307 20.9176 19.5224 18.2964 17.3172 16.5271 15.8845 15.2640 14.5451 13.8920 13.2048 12.4661 11.7164 10.9335 10.2395 9.4961 8.7797 8.1877 7.5887 7.0709 6.5113 6.0277 5.5771 5.1619 4.7478 4.3852 4.0627 3.7326 3.4153 3.1340 2.8615 2.6183 2.3914 2.1735 1.9787 1.8038 1.6445 1.4952 1.3525 1.2164 1.0980 0.9953 0.8999 0.8150 0.7348 0.6612 0.5957 0.5350
24.4110 23.0502 21.7130 20.5970 19.7328 19.0512 18.3972 17.6690 16.9057 16.0802 15.1528 14.3444 13.5602 12.7608 11.9789 11.1802 10.4979 9.7661 9.0534 8.4757 7.8893 7.3850 6.8307 6.3500 5.8958 5.4730 5.0468 4.6793 4.3526 4.0164 3.6890 3.3974 3.1123 2.8578 2.6197 2.3904 2.1829 1.9949 1.8236 1.6631 1.5094 1.3619 1.2337 1.1228 1.0196 0.9269 0.8366 0.7546 0.6818 0.6141
24.1499 23.3119 22.6305 21.9701 21.2595 20.4589 19.5380 18.5075 17.4715 16.4370 15.3936 14.5396 13.7595 12.9446 12.1680 11.3857 10.7226 10.0065 9.3084 8.7451 8.1680 7.6737 7.1250 6.6486 6.1902 5.7599 5.3220 4.9421 4.6085 4.2691 3.9397 3.6454 3.3536 3.0927 2.8477 2.6118 2.3955 2.1974 2.0099 1.8394 1.6800 1.5305 1.3967 1.2752 1.1601 1.0571 0.9591 0.8686 0.7877 0.7121
26.3307 25.4453 24.4473 23.3664 22.2601 21.1322 19.9757 18.7989 17.6735 16.5943 15.5655 14.7596 14.0422 13.2340 12.4649 11.6889 11.0338 10.3215 9.6280 9.0687 8.4917 8.0005 7.4524 6.9772 6.5119 6.0714 5.6191 5.2244 4.8830 4.5403 4.2095 3.9129 3.6147 3.3477 3.0962 2.8540 2.6290 2.4204 2.2151 2.0340 1.8696 1.7199 1.5811 1.4480 1.3196 1.2052 1.0991 0.9996 0.9099 0.8256
27.4006 26.1486 24.9033 23.6899 22.5432 21.4100 20.2678 19.1175 17.9968 16.9140 15.9083 15.1408 14.4649 13.6360 12.8464 12.0505 11.3857 10.6633 9.9636 9.3988 8.8143 8.3212 7.7704 7.2945 6.8227 6.3727 5.9070 5.4971 5.1476 4.8021 4.4700 4.1718 3.8686 3.5970 3.3404 3.0930 2.8602 2.6419 2.4190 2.2281 2.0599 1.9114 1.7688 1.6244 1.4825 1.3570 1.2435 1.1352 1.0369 0.9439
27.1552 25.9966 24.8502 23.6998 22.5744 21.4585 20.3385 19.2372 18.1404 17.0661 16.0433 15.2585 14.5632 13.7200 12.9137 12.0994 11.4390 10.7166 10.0068 9.4274 8.8296 8.3296 7.7708 7.2890 6.8289 6.3890 5.9319 5.5163 5.1612 4.8097 4.4705 4.1684 3.8674 3.6003 3.3473 3.0986 2.8639 2.6438 2.4219 2.2319 2.0641 1.9118 1.7664 1.6211 1.4799 1.3556 1.2442 1.1364 1.0380 0.9447
