0.0000 0.0000 0.0000 0.0000 0.0000 0.0000 0.0000 0.0000 0.0000 0.0000 0.0000 0.0000 0.0000 0.0000 0.0000 0.0000 0.0000 0.0008 0.0003 0.0005 0.0036 0.0066 0.0058 0.0025 0.0012 0.0045 0.0107 0.0163 0.0183 0.0164 0.0118 0.0067 0.0026 0.0005 0.0004 0.0020 0.0045 0.0074 0.0101 0.0123 0.0138 0.0147 0.0149 0.0146 0.0139 0.0129 0.0117 0.0105 0.0093 0.0081
0.0000 0.0000 0.0000 0.0000 0.0000 0.0000 0.0000 0.0000 0.0000 0.0000 0.0000 0.0000 0.0000 0.0000 0.0000 0.0000 0.0000 0.0023 0.0007 0.0015 0.0110 0.0198 0.0175 0.0075 0.0037 0.0137 0.0325 0.0490 0.0550 0.0492 0.0353 0.0198 0.0076 0.0014 0.0013 0.0060 0.0137 0.0223 0.0303 0.0369 0.0416 0.0441 0.0448 0.0439 0.0417 0.0386 0.0351 0.0315 0.0278 0.0242
0.0000 0.0000 0.0000 0.0000 0.0000 0.0000 0.0000 0.0000 0.0000 0.0000 0.0000 0.0000 0.0000 0.0000 0.0000 0.0000 0.0000 0.0036 0.0010 0.0029 0.0192 0.0336 0.0292 0.0126 0.0067 0.0239 0.0552 0.0823 0.0919 0.0817 0.0584 0.0325 0.0124 0.0022 0.0022 0.0103 0.0231 0.0374 0.0508 0.0617 0.0694 0.0735 0.0746 0.0731 0.0694 0.0642 0.0583 0.0523 0.0462 0.0402
0.0000 0.0000 0.0000 0.0000 0.0000 0.0000 0.0000 0.0000 0.0000 0.0000 0.0000 0.0000 0.0000 0.0000 0.0000 0.0000 0.0000 0.0045 0.0009 0.0050 0.0287 0.0483 0.0411 0.0178 0.0105 0.0355 0.0793 0.1166 0.1288 0.1136 0.0805 0.0443 0.0166 0.0028 0.0033 0.0149 0.0331 0.0531 0.0716 0.0868 0.0974 0.1030 0.1044 0.1022 0.0969 0.0896 0.0814 0.0729 0.0643 0.0560
0.0000 0.0000 0.0000 0.0000 0.0000 0.0000 0.0000 0.0000 0.0000 0.0000 0.0000 0.0000 0.0000 0.0000 0.0000 0.0000 0.0000 0.0049 0.0006 0.0084 0.0404 0.0645 0.0535 0.0232 0.0153 0.0489 0.1053 0.1518 0.1655 0.1445 0.1013 0.0550 0.0200 0.0033 0.0046 0.0201 0.0436 0.0693 0.0930 0.1122 0.1255 0.1325 0.1340 0.1311 0.1242 0.1147 0.1041 0.0932 0.0822 0.0715
0.0000 0.0000 0.0000 0.0000 0.0000 0.0000 0.0000 0.0000 0.0000 0.0000 0.0000 0.0000 0.0000 0.0000 0.0000 0.0000 0.0000 0.0047 0.0004 0.0138 0.0549 0.0826 0.0665 0.0292 0.0216 0.0644 0.1331 0.1877 0.2016 0.1737 0.1201 0.0640 0.0225 0.0034 0.0063 0.0259 0.0550 0.0864 0.1150 0.1381 0.1539 0.1621 0.1636 0.1597 0.1511 0.1394 0.1264 0.1130 0.0997 0.0867
0.0000 0.0000 0.0000 0.0000 0.0000 0.0000 0.0000 0.0000 0.0000 0.0000 0.0000 0.0000 0.0000 0.0000 0.0000 0.0000 0.0000 0.0041 0.0009 0.0223 0.0733 0.1032 0.0803 0.0357 0.0292 0.0819 0.1623 0.2235 0.2360 0.2003 0.1362 0.0708 0.0237 0.0032 0.0083 0.0326 0.0674 0.1044 0.1378 0.1645 0.1826 0.1916 0.1929 0.1879 0.1775 0.1636 0.1481 0.1324 0.1166 0.1014
0.0000 0.0000 0.0000 0.0000 0.0000 0.0000 0.0000 0.0000 0.0000 0.0000 0.0000 0.0000 0.0000 0.0000 0.0000 0.0000 0.0000 0.0034 0.0029 0.0350 0.0962 0.1264 0.0947 0.0426 0.0379 0.1007 0.1917 0.2577 0.2672 0.2229 0.1486 0.0749 0.0234 0.0027 0.0109 0.0404 0.0811 0.1236 0.1615 0.1915 0.2115 0.2211 0.2219 0.2158 0.2034 0.1872 0.1692 0.1511 0.1330 0.1155
0.0000 0.0000 0.0000 0.0000 0.0000 0.0000 0.0000 0.0000 0.0000 0.0000 0.0000 0.0000 0.0000 0.0000 0.0000 0.0000 0.0000 0.0030 0.0077 0.0529 0.1236 0.1513 0.1088 0.0489 0.0468 0.1195 0.2197 0.2884 0.2933 0.2399 0.1561 0.0756 0.0215 0.0020 0.0144 0.0496 0.0964 0.1442 0.1863 0.2192 0.2407 0.2506 0.2507 0.2431 0.2286 0.2101 0.1897 0.1691 0.1487 0.1291
0.0000 0.0000 0.0000 0.0000 0.0000 0.0000 0.0000 0.0000 0.0000 0.0000 0.0000 0.0000 0.0000 0.0000 0.0000 0.0000 0.0000 0.0038 0.0162 0.0760 0.1542 0.1759 0.1205 0.0531 0.0545 0.1367 0.2441 0.3132 0.3119 0.2495 0.1575 0.0724 0.0178 0.0014 0.0192 0.0609 0.1138 0.1668 0.2127 0.2479 0.2705 0.2802 0.2792 0.2699 0.2532 0.2322 0.2093 0.1864 0.1637 0.1420
0.0000 0.0000 0.0000 0.0000 0.0000 0.0000 0.0000 0.0000 0.0000 0.0000 0.0000 0.0000 0.0000 0.0000 0.0000 0.0000 0.0000 0.0065 0.0291 0.1032 0.1848 0.1963 0.1265 0.0528 0.0591 0.1505 0.2631 0.3302 0.3215 0.2505 0.1523 0.0652 0.0128 0.0016 0.0263 0.0751 0.1344 0.1922 0.2414 0.2784 0.3014 0.3105 0.3080 0.2967 0.2776 0.2539 0.2284 0.2031 0.1782 0.1543
0.0000 0.0000 0.0000 0.0000 0.0000 0.0000 0.0000 0.0000 0.0000 0.0000 0.0000 0.0000 0.0000 0.0000 0.0000 0.0000 0.0000 0.0118 0.0457 0.1305 0.2092 0.2060 0.1220 0.0456 0.0601 0.1610 0.2768 0.3393 0.3220 0.2430 0.1409 0.0548 0.0074 0.0038 0.0368 0.0935 0.1592 0.2215 0.2734 0.3117 0.3344 0.3422 0.3378 0.3240 0.3020 0.2755 0.2474 0.2197 0.1924 0.1664
0.0000 0.0000 0.0000 0.0000 0.0000 0.0000 0.0000 0.0000 0.0000 0.0000 0.0000 0.0000 0.0000 0.0000 0.0000 0.0000 0.0000 0.0195 0.0630 0.1510 0.2184 0.1973 0.1027 0.0309 0.0592 0.1711 0.2881 0.3432 0.3158 0.2293 0.1254 0.0430 0.0034 0.0094 0.0522 0.1171 0.1890 0.2553 0.3091 0.3476 0.3694 0.3752 0.3683 0.3515 0.3264 0.2968 0.2659 0.2356 0.2060 0.1780
0.0000 0.0000 0.0000 0.0000 0.0000 0.0000 0.0000 0.0000 0.0000 0.0000 0.0000 0.0000 0.0000 0.0000 0.0000 0.0000 0.0000 0.0281 0.0753 0.1552 0.2033 0.1643 0.0679 0.0133 0.0649 0.1908 0.3070 0.3510 0.3104 0.2153 0.1102 0.0333 0.0031 0.0201 0.0732 0.1465 0.2242 0.2935 0.3483 0.3863 0.4062 0.4094 0.3993 0.3792 0.3505 0.3175 0.2839 0.2510 0.2190 0.1889
0.0000 0.0000 0.0000 0.0000 0.0000 0.0000 0.0000 0.0000 0.0000 0.0000 0.0000 0.0000 0.0000 0.0000 0.0000 0.0000 0.0000 0.0347 0.0752 0.1351 0.1601 0.1098 0.0272 0.0073 0.0942 0.2374 0.3496 0.3768 0.3175 0.2100 0.1016 0.0291 0.0081 0.0359 0.0990 0.1802 0.2629 0.3345 0.3896 0.4262 0.4435 0.4436 0.4300 0.4062 0.3738 0.3374 0.3009 0.2655 0.2312 0.1991
0.0000 0.0000 0.0000 0.0000 0.0000 0.0000 0.0000 0.0000 0.0000 0.0000 0.0000 0.0000 0.0000 0.0000 0.0000 0.0000 0.0000 0.0346 0.0572 0.0926 0.1011 0.0547 0.0056 0.0380 0.1694 0.3297 0.4314 0.4327 0.3462 0.2193 0.1025 0.0310 0.0168 0.0537 0.1256 0.2136 0.3006 0.3739 0.4287 0.4638 0.4784 0.4754 0.4583 0.4309 0.3949 0.3553 0.3162 0.2784 0.2421 0.2082
0.0000 0.0000 0.0000 0.0000 0.0000 0.0000 0.0000 0.0000 0.0000 0.0000 0.0000 0.0000 0.0000 0.0000 0.0000 0.0000 0.0000 0.0248 0.0267 0.0534 0.0684 0.0458 0.0424 0.1288 0.2970 0.4620 0.5407 0.5058 0.3845 0.2331 0.1044 0.0313 0.0220 0.0666 0.1462 0.2404 0.3312 0.4061 0.4610 0.4947 0.5071 0.5015 0.4816 0.4512 0.4121 0.3699 0.3287 0.2889 0.2509 0.2155
0.0000 0.0000 0.0000 0.0000 0.0000 0.0000 0.0000 0.0000 0.0000 0.0000 0.0000 0.0000 0.0000 0.0000 0.0000 0.0000 0.0000 0.0080 0.0121 0.0814 0.1399 0.1453 0.1579 0.2476 0.4013 0.5353 0.5761 0.5070 0.3632 0.2031 0.0774 0.0145 0.0181 0.0750 0.1647 0.2656 0.3601 0.4362 0.4906 0.5226 0.5325 0.5243 0.5016 0.4683 0.4264 0.3817 0.3387 0.2974 0.2579 0.2213
0.0000 0.0000 0.0000 0.0000 0.0000 0.0000 0.0000 0.0000 0.0000 0.0000 0.0000 0.0000 0.0000 0.0000 0.0000 0.0000 0.0000 0.0033 0.0710 0.2385 0.3142 0.2434 0.1242 0.0774 0.1324 0.2238 0.2736 0.2511 0.1751 0.0886 0.0308 0.0231 0.0664 0.1482 0.2503 0.3544 0.4453 0.5136 0.5586 0.5810 0.5817 0.5650 0.5348 0.4951 0.4480 0.3991 0.3526 0.3085 0.2668 0.2284
0.0000 0.0000 0.0000 0.0000 0.0000 0.0000 0.0000 0.0000 0.0000 0.0000 0.0000 0.0000 0.0000 0.0000 0.0000 0.0000 0.0000 0.0072 0.1040 0.2680 0.2996 0.1985 0.0886 0.0753 0.1568 0.2516 0.2873 0.2472 0.1612 0.0760 0.0289 0.0363 0.0947 0.1887 0.2987 0.4062 0.4966 0.5617 0.6018 0.6189 0.6142 0.5922 0.5572 0.5132 0.4628 0.4112 0.3623 0.3162 0.2730 0.2333
0.0000 0.0000 0.0000 0.0000 0.0000 0.0000 0.0000 0.0000 0.0000 0.0000 0.0000 0.0000 0.0000 0.0000 0.0000 0.0000 0.0000 0.0168 0.1388 0.2835 0.2673 0.1472 0.0604 0.0862 0.1906 0.2818 0.2984 0.2398 0.1459 0.0653 0.0318 0.0561 0.1301 0.2357 0.3524 0.4618 0.5503 0.6108 0.6448 0.6557 0.6451 0.6174 0.5774 0.5292 0.4757 0.4214 0.3702 0.3225 0.2778 0.2370
0.0000 0.0000 0.0000 0.0000 0.0000 0.0000 0.0000 0.0000 0.0000 0.0000 0.0000 0.0000 0.0000 0.0000 0.0000 0.0000 0.0000 0.0317 0.1702 0.2802 0.2190 0.0959 0.0456 0.1126 0.2332 0.3127 0.3057 0.2286 0.1299 0.0579 0.0409 0.0837 0.1733 0.2895 0.4113 0.5208 0.6057 0.6600 0.6869 0.6908 0.6740 0.6403 0.5952 0.5428 0.4862 0.4296 0.3763 0.3271 0.2813 0.2396
0.0000 0.0000 0.0000 0.0000 0.0000 0.0000 0.0000 0.0000 0.0000 0.0000 0.0000 0.0000 0.0000 0.0000 0.0000 0.0000 0.0000 0.0500 0.1917 0.2555 0.1599 0.0528 0.0498 0.1554 0.2823 0.3413 0.3074 0.2138 0.1145 0.0552 0.0577 0.1198 0.2245 0.3497 0.4747 0.5825 0.6619 0.7088 0.7274 0.7237 0.7001 0.6604 0.6102 0.5537 0.4944 0.4356 0.3805 0.3299 0.2832 0.2408
0.0000 0.0000 0.0000 0.0000 0.0000 0.0000 0.0000 0.0000 0.0000 0.0000 0.0000 0.0000 0.0000 0.0000 0.0000 0.0000 0.0000 0.0685 0.1975 0.2106 0.0986 0.0269 0.0771 0.2135 0.3342 0.3645 0.3024 0.1957 0.1011 0.0591 0.0834 0.1654 0.2839 0.4163 0.5422 0.6461 0.7185 0.7568 0.7665 0.7547 0.7240 0.6782 0.6230 0.5624 0.5003 0.4395 0.3828 0.3312 0.2837 0.2408
0.0000 0.0000 0.0000 0.0000 0.0000 0.0000 0.0000 0.0000 0.0000 0.0000 0.0000 0.0000 0.0000 0.0000 0.0000 0.0000 0.0000 0.0829 0.1839 0.1512 0.0460 0.0262 0.1286 0.2827 0.3835 0.3786 0.2897 0.1754 0.0917 0.0713 0.1193 0.2207 0.3515 0.4886 0.6129 0.7107 0.7744 0.8031 0.8036 0.7832 0.7450 0.6934 0.6334 0.5689 0.5040 0.4412 0.3832 0.3307 0.2827 0.2396
0.0000 0.0000 0.0000 0.0000 0.0000 0.0000 0.0000 0.0000 0.0000 0.0000 0.0000 0.0000 0.0000 0.0000 0.0000 0.0000 0.0000 0.0889 0.1513 0.0878 0.0144 0.0561 0.2018 0.3562 0.4242 0.3806 0.2690 0.1546 0.0884 0.0936 0.1664 0.2861 0.4265 0.5654 0.6853 0.7747 0.8282 0.8464 0.8369 0.8077 0.7620 0.7046 0.6401 0.5722 0.5047 0.4403 0.3814 0.3284 0.2802 0.2370
0.0000 0.0000 0.0000 0.0000 0.0000 0.0000 0.0000 0.0000 0.0000 0.0000 0.0000 0.0000 0.0000 0.0000 0.0000 0.0000 0.0000 0.0836 0.1049 0.0342 0.0140 0.1173 0.2895 0.4251 0.4495 0.3680 0.2415 0.1359 0.0939 0.1278 0.2253 0.3612 0.5081 0.6455 0.7581 0.8369 0.8786 0.8853 0.8655 0.8275 0.7743 0.7116 0.6430 0.5719 0.5025 0.4368 0.3774 0.3241 0.2760 0.2331
0.0000 0.0000 0.0000 0.0000 0.0000 0.0000 0.0000 0.0000 0.0000 0.0000 0.0000 0.0000 0.0000 0.0000 0.0000 0.0000 0.0000 0.0672 0.0552 0.0051 0.0508 0.2046 0.3807 0.4788 0.4542 0.3404 0.2096 0.1227 0.1111 0.1755 0.2964 0.4453 0.5950 0.7272 0.8296 0.8957 0.9244 0.9190 0.8887 0.8419 0.7816 0.7139 0.6417 0.5681 0.4971 0.4307 0.3712 0.3180 0.2703 0.2278
0.0000 0.0000 0.0000 0.0000 0.0000 0.0000 0.0000 0.0000 0.0000 0.0000 0.0000 0.0000 0.0000 0.0000 0.0000 0.0000 0.0000 0.0433 0.0160 0.0122 0.1237 0.3068 0.4617 0.5080 0.4350 0.3000 0.1779 0.1197 0.1432 0.2386 0.3801 0.5374 0.6855 0.8090 0.8987 0.9507 0.9652 0.9468 0.9051 0.8493 0.7824 0.7098 0.6346 0.5597 0.4882 0.4220 0.3630 0.3104 0.2633 0.2217
0.0000 0.0000 0.0000 0.0000 0.0000 0.0000 0.0000 0.0000 0.0000 0.0000 0.0000 0.0000 0.0000 0.0000 0.0000 0.0000 0.0000 0.0190 0.0006 0.0599 0.2231 0.4069 0.5175 0.5051 0.3921 0.2512 0.1520 0.1311 0.1927 0.3176 0.4752 0.6356 0.7774 0.8886 0.9629 0.9993 0.9988 0.9673 0.9145 0.8503 0.7773 0.7006 0.6231 0.5475 0.4762 0.4107 0.3526 0.3010 0.2549 0.2143
0.0000 0.0000 0.0000 0.0000 0.0000 0.0000 0.0000 0.0000 0.0000 0.0000 0.0000 0.0000 0.0000 0.0000 0.0000 0.0000 0.0000 0.0028 0.0179 0.1430 0.3312 0.4857 0.5358 0.4677 0.3306 0.2018 0.1389 0.1619 0.2618 0.4123 0.5802 0.7376 0.8682 0.9635 1.0202 1.0398 1.0240 0.9796 0.9164 0.8445 0.7663 0.6862 0.6072 0.5317 0.4612 0.3968 0.3400 0.2897 0.2450 0.2057
0.0000 0.0000 0.0000 0.0000 0.0000 0.0000 0.0000 0.0000 0.0000 0.0000 0.0000 0.0000 0.0000 0.0000 0.0000 0.0000 0.0000 0.0022 0.0683 0.2454 0.4251 0.5254 0.5102 0.3997 0.2598 0.1621 0.1465 0.2164 0.3516 0.5216 0.6925 0.8405 0.9551 1.0312 1.0686 1.0707 1.0397 0.9830 0.9102 0.8317 0.7493 0.6668 0.5871 0.5123 0.4432 0.3805 0.3255 0.2769 0.2337 0.1960
0.0000 0.0000 0.0000 0.0000 0.0000 0.0000 0.0000 0.0000 0.0000 0.0000 0.0000 0.0000 0.0000 0.0000 0.0000 0.0000 0.0000 0.0201 0.1416 0.3434 0.4829 0.5155 0.4437 0.3133 0.1945 0.1442 0.1826 0.2981 0.4621 0.6428 0.8095 0.9432 1.0375 1.0916 1.1079 1.0915 1.0456 0.9777 0.8978 0.8146 0.7293 0.6455 0.5658 0.4915 0.4238 0.3629 0.3097 0.2629 0.2216 0.1856
0.0000 0.0000 0.0000 0.0000 0.0000 0.0000 0.0000 0.0000 0.0000 0.0000 0.0000 0.0000 0.0000 0.0000 0.0000 0.0000 0.0000 0.0528 0.2183 0.4103 0.4872 0.4541 0.3467 0.2243 0.1494 0.1585 0.2524 0.4072 0.5905 0.7716 0.9260 1.0395 1.1095 1.1397 1.1345 1.0999 1.0401 0.9624 0.8768 0.7901 0.7032 0.6193 0.5403 0.4674 0.4017 0.3431 0.2920 0.2475 0.2083 0.1743
0.0000 0.0000 0.0000 0.0000 0.0000 0.0000 0.0000 0.0000 0.0000 0.0000 0.0000 0.0000 0.0000 0.0000 0.0000 0.0000 0.0000 0.0905 0.2747 0.4250 0.4338 0.3532 0.2401 0.1542 0.1409 0.2141 0.3582 0.5416 0.7317 0.9022 1.0366 1.1246 1.1676 1.1729 1.1464 1.0948 1.0226 0.9368 0.8471 0.7584 0.6712 0.5882 0.5109 0.4401 0.3771 0.3213 0.2728 0.2308 0.1940 0.1621
0.0000 0.0000 0.0000 0.0000 0.0000 0.0000 0.0000 0.0000 0.0000 0.0000 0.0000 0.0000 0.0000 0.0000 0.0000 0.0000 0.0000 0.1199 0.2914 0.3807 0.3346 0.2372 0.1512 0.1249 0.1822 0.3158 0.4983 0.6960 0.8798 1.0299 1.1371 1.1956 1.2101 1.1905 1.1439 1.0771 0.9946 0.9026 0.8101 0.7208 0.6344 0.5533 0.4787 0.4108 0.3508 0.2981 0.2526 0.2134 0.1791 0.1495
0.0000 0.0000 0.0000 0.0000 0.0000 0.0000 0.0000 0.0000 0.0000 0.0000 0.0000 0.0000 0.0000 0.0000 0.0000 0.0000 0.0000 0.1293 0.2605 0.2885 0.2163 0.1377 0.1070 0.1542 0.2805 0.4618 0.6658 0.8619 1.0273 1.1493 1.2232 1.2491 1.2352 1.1920 1.1272 1.0477 0.9572 0.8610 0.7670 0.6782 0.5938 0.5155 0.4442 0.3800 0.3234 0.2739 0.2317 0.1954 0.1638 0.1366
0.0000 0.0000 0.0000 0.0000 0.0000 0.0000 0.0000 0.0000 0.0000 0.0000 0.0000 0.0000 0.0000 0.0000 0.0000 0.0000 0.0000 0.1138 0.1908 0.1762 0.1144 0.0865 0.1287 0.2501 0.4324 0.6417 0.8469 1.0249 1.1601 1.2470 1.2843 1.2771 1.2364 1.1721 1.0920 1.0028 0.9070 0.8092 0.7158 0.6291 0.5482 0.4738 0.4068 0.3470 0.2943 0.2485 0.2099 0.1767 0.1480 0.1232
0.0000 0.0000 0.0000 0.0000 0.0000 0.0000 0.0000 0.0000 0.0000 0.0000 0.0000 0.0000 0.0000 0.0000 0.0000 0.0000 0.0000 0.0788 0.1071 0.0829 0.0654 0.1078 0.2254 0.4082 0.6244 0.8378 1.0238 1.1692 1.2655 1.3133 1.3135 1.2752 1.2111 1.1295 1.0381 0.9426 0.8447 0.7479 0.6572 0.5744 0.4982 0.4288 0.3668 0.3121 0.2638 0.2221 0.1873 0.1575 0.1317 0.1095
0.0000 0.0000 0.0000 0.0000 0.0000 0.0000 0.0000 0.0000 0.0000 0.0000 0.0000 0.0000 0.0000 0.0000 0.0000 0.0000 0.0000 0.0392 0.0433 0.0462 0.0944 0.2102 0.3907 0.6121 0.8362 1.0308 1.1811 1.2837 1.3358 1.3429 1.3093 1.2448 1.1617 1.0681 0.9701 0.8720 0.7749 0.6813 0.5947 0.5168 0.4457 0.3823 0.3261 0.2767 0.2334 0.1962 0.1651 0.1386 0.1158 0.0962
0.0000 0.0000 0.0000 0.0000 0.0000 0.0000 0.0000 0.0000 0.0000 0.0000 0.0000 0.0000 0.0000 0.0000 0.0000 0.0000 0.0000 0.0129 0.0281 0.0878 0.2051 0.3798 0.5983 0.8295 1.0349 1.1911 1.2942 1.3488 1.3568 1.3265 1.2649 1.1806 1.0846 0.9847 0.8848 0.7881 0.6951 0.6072 0.5268 0.4552 0.3906 0.3339 0.2840 0.2404 0.2025 0.1699 0.1428 0.1197 0.0998 0.0829
0.0000 0.0000 0.0000 0.0000 0.0000 0.0000 0.0000 0.0000 0.0000 0.0000 0.0000 0.0000 0.0000 0.0000 0.0000 0.0000 0.0000 0.0144 0.0748 0.2042 0.3753 0.5821 0.8078 1.0205 1.1859 1.2916 1.3433 1.3516 1.3208 1.2607 1.1790 1.0828 0.9810 0.8806 0.7839 0.6925 0.6066 0.5269 0.4546 0.3907 0.3336 0.2843 0.2413 0.2038 0.1714 0.1436 0.1205 0.1009 0.0840 0.0697
0.0000 0.0000 0.0000 0.0000 0.0000 0.0000 0.0000 0.0000 0.0000 0.0000 0.0000 0.0000 0.0000 0.0000 0.0000 0.0000 0.0000 0.0464 0.1724 0.3644 0.5619 0.7692 0.9735 1.1464 1.2611 1.3146 1.3191 1.2889 1.2294 1.1500 1.0578 0.9582 0.8582 0.7629 0.6735 0.5906 0.5140 0.4439 0.3809 0.3261 0.2777 0.2362 0.2001 0.1686 0.1415 0.1184 0.0992 0.0829 0.0690 0.0572
0.0000 0.0000 0.0000 0.0000 0.0000 0.0000 0.0000 0.0000 0.0000 0.0000 0.0000 0.0000 0.0000 0.0000 0.0000 0.0000 0.0000 0.0976 0.2873 0.5176 0.7107 0.8911 1.0537 1.1762 1.2404 1.2487 1.2172 1.1608 1.0853 0.9984 0.9057 0.8110 0.7196 0.6345 0.5561 0.4845 0.4191 0.3599 0.3073 0.2624 0.2232 0.1897 0.1605 0.1349 0.1130 0.0944 0.0789 0.0659 0.0549 0.0455
0.0000 0.0000 0.0000 0.0000 0.0000 0.0000 0.0000 0.0000 0.0000 0.0000 0.0000 0.0000 0.0000 0.0000 0.0000 0.0000 0.0000 0.1458 0.3744 0.6089 0.7722 0.9089 1.0218 1.0948 1.1172 1.0941 1.0419 0.9742 0.8958 0.8130 0.7290 0.6465 0.5693 0.4985 0.4343 0.3763 0.3238 0.2766 0.2352 0.2003 0.1703 0.1448 0.1223 0.1026 0.0858 0.0715 0.0597 0.0499 0.0415 0.0344
0.0000 0.0000 0.0000 0.0000 0.0000 0.0000 0.0000 0.0000 0.0000 0.0000 0.0000 0.0000 0.0000 0.0000 0.0000 0.0000 0.0000 0.1679 0.3953 0.6002 0.7199 0.8095 0.8766 0.9105 0.9056 0.8679 0.8115 0.7470 0.6779 0.6083 0.5407 0.4760 0.4166 0.3628 0.3146 0.2715 0.2326 0.1980 0.1679 0.1427 0.1213 0.1030 0.0870 0.0729 0.0608 0.0507 0.0423 0.0353 0.0293 0.0243
0.0000 0.0000 0.0000 0.0000 0.0000 0.0000 0.0000 0.0000 0.0000 0.0000 0.0000 0.0000 0.0000 0.0000 0.0000 0.0000 0.0000 0.1514 0.3364 0.4872 0.5623 0.6128 0.6461 0.6559 0.6392 0.6025 0.5557 0.5058 0.4543 0.4038 0.3568 0.3127 0.2724 0.2361 0.2041 0.1759 0.1505 0.1278 0.1082 0.0920 0.0782 0.0663 0.0559 0.0469 0.0391 0.0326 0.0272 0.0227 0.0188 0.0156
0.0000 0.0000 0.0000 0.0000 0.0000 0.0000 0.0000 0.0000 0.0000 0.0000 0.0000 0.0000 0.0000 0.0000 0.0000 0.0000 0.0000 0.1030 0.2201 0.3089 0.3474 0.3706 0.3835 0.3831 0.3679 0.3427 0.3130 0.2826 0.2520 0.2223 0.1958 0.1711 0.1485 0.1284 0.1107 0.0954 0.0815 0.0691 0.0585 0.0497 0.0424 0.0358 0.0302 0.0253 0.0212 0.0176 0.0147 0.0122 0.0102 0.0084
0.0000 0.0000 0.0000 0.0000 0.0000 0.0000 0.0000 0.0000 0.0000 0.0000 0.0000 0.0000 0.0000 0.0000 0.0000 0.0000 0.0000 0.0448 0.0935 0.1287 0.1424 0.1500 0.1534 0.1517 0.1443 0.1334 0.1211 0.1088 0.0965 0.0848 0.0745 0.0650 0.0563 0.0486 0.0418 0.0361 0.0308 0.0261 0.0221 0.0188 0.0160 0.0135 0.0114 0.0096 0.0080 0.0067 0.0056 0.0046 0.0039 0.0032
0.0000 0.0000 0.0000 0.0000 0.0000 0.0000 0.0000 0.0000 0.0000 0.0000 0.0000 0.0000 0.0000 0.0000 0.0000 0.0000 0.0000 0.0054 0.0112 0.0152 0.0167 0.0175 0.0178 0.0174 0.0165 0.0152 0.0138 0.0123 0.0109 0.0096 0.0084 0.0073 0.0063 0.0055 0.0047 0.0040 0.0035 0.0029 0.0025 0.0021 0.0018 0.0015 0.0013 0.0011 0.0009 0.0007 0.0006 0.0005 0.0004 0.0004
