0.0533 0.0544 0.0562 0.0556 0.0492 0.0494 0.0476 0.0439 0.0434 0.0392 0.0378 0.0350 0.0315 0.0300 0.0275 0.0247 0.0228 0.0208 0.0186 0.0169 0.0154 0.0140 0.0125 0.0112 0.0100 0.0090 0.0082 0.0074 0.0067 0.0060 0.0053 0.0047 0.0042 0.0037 0.0033 0.0030 0.0027 0.0024 0.0021 0.0019 0.0017 0.0015 0.0014 0.0012 0.0011 0.0010 0.0009 0.0008 0.0007 0.0006
0.1598 0.1628 0.1681 0.1671 0.1481 0.1481 0.1431 0.1317 0.1302 0.1177 0.1136 0.1051 0.0947 0.0902 0.0825 0.0742 0.0683 0.0623 0.0559 0.0506 0.0461 0.0420 0.0376 0.0335 0.0301 0.0271 0.0246 0.0223 0.0202 0.0181 0.0160 0.0142 0.0126 0.0112 0.0100 0.0089 0.0080 0.0072 0.0064 0.0057 0.0051 0.0046 0.0042 0.0037 0.0034 0.0030 0.0027 0.0024 0.0022 0.0019
0.2668 0.2702 0.2784 0.2796 0.2485 0.2461 0.2393 0.2194 0.2171 0.1962 0.1898 0.1750 0.1580 0.1507 0.1377 0.1237 0.1138 0.1040 0.0933 0.0844 0.0768 0.0700 0.0626 0.0559 0.0501 0.0452 0.0411 0.0372 0.0337 0.0301 0.0266 0.0236 0.0209 0.0186 0.0166 0.0148 0.0134 0.0120 0.0107 0.0096 0.0086 0.0077 0.0069 0.0062 0.0056 0.0050 0.0045 0.0040 0.0036 0.0032
0.3760 0.3771 0.3864 0.3928 0.3518 0.3436 0.3363 0.3074 0.3040 0.2748 0.2667 0.2447 0.2217 0.2119 0.1931 0.1730 0.1594 0.1458 0.1307 0.1181 0.1075 0.0980 0.0876 0.0781 0.0702 0.0633 0.0576 0.0520 0.0471 0.0420 0.0372 0.0330 0.0292 0.0260 0.0232 0.0208 0.0187 0.0169 0.0151 0.0134 0.0121 0.0109 0.0097 0.0088 0.0079 0.0071 0.0063 0.0056 0.0050 0.0045
0.4915 0.4852 0.4922 0.5057 0.4594 0.4409 0.4343 0.3961 0.3907 0.3540 0.3440 0.3139 0.2860 0.2740 0.2486 0.2222 0.2054 0.1881 0.1682 0.1517 0.1381 0.1260 0.1125 0.1003 0.0901 0.0815 0.0741 0.0669 0.0605 0.0538 0.0476 0.0422 0.0373 0.0334 0.0298 0.0267 0.0241 0.0218 0.0194 0.0173 0.0155 0.0140 0.0126 0.0113 0.0101 0.0091 0.0081 0.0072 0.0065 0.0058
0.6174 0.5984 0.5975 0.6160 0.5721 0.5393 0.5331 0.4863 0.4770 0.4340 0.4216 0.3825 0.3515 0.3373 0.3038 0.2713 0.2520 0.2310 0.2058 0.1853 0.1688 0.1539 0.1373 0.1224 0.1101 0.0996 0.0906 0.0817 0.0737 0.0655 0.0578 0.0513 0.0454 0.0407 0.0365 0.0327 0.0296 0.0267 0.0238 0.0213 0.0191 0.0172 0.0154 0.0138 0.0124 0.0111 0.0099 0.0088 0.0079 0.0071
0.7547 0.7201 0.7061 0.7223 0.6892 0.6400 0.6329 0.5786 0.5629 0.5151 0.4984 0.4505 0.4186 0.4013 0.3582 0.3206 0.2999 0.2745 0.2434 0.2186 0.1994 0.1819 0.1621 0.1444 0.1300 0.1177 0.1071 0.0964 0.0867 0.0769 0.0678 0.0602 0.0535 0.0480 0.0431 0.0388 0.0351 0.0317 0.0283 0.0253 0.0226 0.0203 0.0182 0.0163 0.0146 0.0131 0.0117 0.0104 0.0093 0.0084
0.8968 0.8504 0.8218 0.8258 0.8072 0.7432 0.7351 0.6723 0.6493 0.5967 0.5736 0.5180 0.4873 0.4648 0.4108 0.3706 0.3497 0.3186 0.2804 0.2519 0.2303 0.2100 0.1868 0.1663 0.1497 0.1357 0.1233 0.1107 0.0994 0.0880 0.0776 0.0691 0.0615 0.0554 0.0499 0.0449 0.0407 0.0367 0.0328 0.0292 0.0261 0.0235 0.0210 0.0188 0.0168 0.0150 0.0134 0.0119 0.0107 0.0096
1.0341 0.9818 0.9435 0.9310 0.9210 0.8468 0.8411 0.7651 0.7377 0.6773 0.6469 0.5851 0.5563 0.5252 0.4611 0.4225 0.4015 0.3622 0.3165 0.2850 0.2615 0.2383 0.2114 0.1880 0.1694 0.1535 0.1393 0.1247 0.1117 0.0988 0.0873 0.0779 0.0696 0.0629 0.0568 0.0512 0.0463 0.0418 0.0373 0.0332 0.0296 0.0265 0.0237 0.0212 0.0190 0.0169 0.0151 0.0134 0.0120 0.0108
1.1656 1.1069 1.0622 1.0406 1.0278 0.9469 0.9485 0.8545 0.8299 0.7552 0.7191 0.6511 0.6230 0.5800 0.5097 0.4772 0.4535 0.4032 0.3510 0.3185 0.2935 0.2667 0.2357 0.2094 0.1888 0.1710 0.1548 0.1383 0.1236 0.1095 0.0970 0.0868 0.0779 0.0705 0.0637 0.0574 0.0519 0.0468 0.0416 0.0369 0.0329 0.0294 0.0262 0.0235 0.0210 0.0187 0.0167 0.0149 0.0133 0.0120
1.2979 1.2377 1.1669 1.1476 1.1313 1.0421 1.0467 0.9445 0.9244 0.8312 0.7931 0.7159 0.6864 0.6299 0.5603 0.5353 0.5033 0.4408 0.3857 0.3545 0.3274 0.2961 0.2606 0.2315 0.2088 0.1889 0.1706 0.1521 0.1360 0.1207 0.1073 0.0964 0.0866 0.0785 0.0709 0.0638 0.0575 0.0516 0.0458 0.0406 0.0361 0.0323 0.0288 0.0257 0.0230 0.0206 0.0183 0.0164 0.0146 0.0132
1.4110 1.3890 1.2688 1.2358 1.2341 1.1357 1.1193 1.0453 1.0093 0.9097 0.8702 0.7799 0.7479 0.6790 0.6158 0.5933 0.5472 0.4760 0.4239 0.3949 0.3639 0.3265 0.2866 0.2550 0.2303 0.2081 0.1874 0.1670 0.1496 0.1331 0.1187 0.1069 0.0961 0.0870 0.0784 0.0702 0.0631 0.0565 0.0500 0.0443 0.0394 0.0352 0.0314 0.0281 0.0252 0.0226 0.0201 0.0180 0.0161 0.0145
1.4542 1.5060 1.4090 1.2967 1.3216 1.2368 1.1612 1.1540 1.0638 0.9961 0.9431 0.8430 0.8091 0.7286 0.6715 0.6426 0.5817 0.5110 0.4664 0.4372 0.3989 0.3551 0.3119 0.2789 0.2524 0.2278 0.2047 0.1825 0.1638 0.1461 0.1305 0.1175 0.1054 0.0952 0.0854 0.0763 0.0683 0.0610 0.0541 0.0479 0.0426 0.0381 0.0341 0.0306 0.0275 0.0246 0.0220 0.0197 0.0176 0.0159
1.4521 1.5045 1.5610 1.3725 1.3748 1.3525 1.2003 1.2470 1.0976 1.0936 1.0023 0.9112 0.8727 0.7804 0.7252 0.6839 0.6161 0.5536 0.5129 0.4763 0.4287 0.3809 0.3372 0.3039 0.2753 0.2480 0.2226 0.1987 0.1786 0.1596 0.1425 0.1280 0.1145 0.1030 0.0922 0.0821 0.0734 0.0656 0.0582 0.0517 0.0461 0.0413 0.0370 0.0333 0.0300 0.0269 0.0240 0.0215 0.0193 0.0174
1.5330 1.4796 1.5953 1.5281 1.3996 1.4578 1.2859 1.3129 1.1615 1.1799 1.0481 0.9897 0.9363 0.8377 0.7826 0.7314 0.6646 0.6054 0.5562 0.5072 0.4544 0.4080 0.3659 0.3314 0.2995 0.2688 0.2409 0.2154 0.1940 0.1734 0.1546 0.1385 0.1236 0.1109 0.0991 0.0882 0.0789 0.0706 0.0629 0.0560 0.0501 0.0450 0.0403 0.0364 0.0328 0.0295 0.0263 0.0235 0.0211 0.0190
1.7515 1.6163 1.5920 1.6752 1.4940 1.5266 1.4311 1.3805 1.2784 1.2491 1.1232 1.0759 0.9990 0.9069 0.8506 0.7935 0.7249 0.6551 0.5921 0.5391 0.4905 0.4472 0.4023 0.3618 0.3240 0.2895 0.2595 0.2328 0.2102 0.1879 0.1672 0.1494 0.1331 0.1194 0.1069 0.0952 0.0854 0.0766 0.0684 0.0610 0.0547 0.0491 0.0440 0.0397 0.0358 0.0322 0.0286 0.0256 0.0229 0.0206
1.9145 1.8390 1.7544 1.7775 1.6935 1.6286 1.5685 1.4843 1.4168 1.3650 1.2395 1.1596 1.0849 0.9895 0.9178 0.8560 0.7798 0.7010 0.6411 0.5977 0.5505 0.4977 0.4391 0.3889 0.3465 0.3107 0.2802 0.2526 0.2283 0.2035 0.1805 0.1611 0.1433 0.1287 0.1154 0.1029 0.0924 0.0829 0.0740 0.0661 0.0592 0.0531 0.0475 0.0428 0.0386 0.0346 0.0308 0.0274 0.0245 0.0220
2.0757 2.0237 1.9344 1.9430 1.8368 1.7917 1.7070 1.6414 1.5113 1.4584 1.3167 1.2963 1.2098 1.0620 0.9869 0.9229 0.8311 0.7519 0.7006 0.6525 0.5874 0.5196 0.4578 0.4132 0.3771 0.3437 0.3111 0.2792 0.2502 0.2212 0.1949 0.1732 0.1540 0.1383 0.1239 0.1104 0.0989 0.0885 0.0790 0.0704 0.0630 0.0563 0.0503 0.0453 0.0409 0.0367 0.0326 0.0291 0.0260 0.0234
2.0528 2.1278 2.0255 1.9224 1.9609 1.7910 1.8003 1.6432 1.6205 1.4862 1.4047 1.3244 1.2079 1.1323 1.0539 0.9582 0.8798 0.8111 0.7367 0.6641 0.5989 0.5471 0.4963 0.4497 0.4035 0.3598 0.3218 0.2887 0.2614 0.2348 0.2101 0.1887 0.1685 0.1512 0.1350 0.1196 0.1066 0.0950 0.0845 0.0752 0.0672 0.0600 0.0537 0.0484 0.0437 0.0392 0.0349 0.0312 0.0279 0.0251
2.1426 2.1631 2.2108 2.0308 2.0567 1.9303 1.8868 1.7595 1.7173 1.5727 1.5069 1.4005 1.2883 1.2106 1.1177 1.0193 0.9408 0.8643 0.7818 0.7068 0.6414 0.5871 0.5308 0.4788 0.4295 0.3840 0.3450 0.3099 0.2807 0.2519 0.2253 0.2022 0.1803 0.1617 0.1443 0.1279 0.1141 0.1017 0.0905 0.0807 0.0722 0.0646 0.0577 0.0519 0.0468 0.0420 0.0374 0.0334 0.0299 0.0269
2.3859 2.2223 2.3050 2.2162 2.1155 2.0954 1.9596 1.8956 1.8008 1.6745 1.6066 1.4790 1.3750 1.2886 1.1838 1.0848 1.0029 0.9172 0.8285 0.7529 0.6864 0.6279 0.5653 0.5081 0.4565 0.4098 0.3699 0.3324 0.3010 0.2697 0.2410 0.2160 0.1924 0.1724 0.1539 0.1366 0.1219 0.1088 0.0969 0.0865 0.0775 0.0693 0.0619 0.0556 0.0501 0.0449 0.0400 0.0357 0.0320 0.0288
2.5775 2.4330 2.3341 2.4050 2.2046 2.2387 2.0527 2.0312 1.8818 1.7906 1.7011 1.5637 1.4662 1.3667 1.2540 1.1536 1.0650 0.9708 0.8784 0.8024 0.7330 0.6689 0.5999 0.5382 0.4852 0.4376 0.3966 0.3563 0.3220 0.2879 0.2568 0.2300 0.2048 0.1835 0.1638 0.1456 0.1302 0.1162 0.1037 0.0926 0.0831 0.0744 0.0664 0.0595 0.0535 0.0479 0.0427 0.0382 0.0342 0.0308
2.5723 2.6692 2.4541 2.5033 2.3750 2.3306 2.1916 2.1452 1.9772 1.9132 1.7921 1.6570 1.5602 1.4469 1.3289 1.2242 1.1273 1.0269 0.9324 0.8547 0.7804 0.7099 0.6350 0.5699 0.5161 0.4677 0.4252 0.3812 0.3436 0.3063 0.2729 0.2443 0.2175 0.1949 0.1742 0.1552 0.1389 0.1242 0.1109 0.0992 0.0891 0.0797 0.0711 0.0636 0.0570 0.0510 0.0455 0.0407 0.0364 0.0328
2.6530 2.7266 2.6981 2.5454 2.5764 2.4005 2.3596 2.2343 2.0964 2.0306 1.8817 1.7566 1.6551 1.5299 1.4070 1.2956 1.1918 1.0882 0.9913 0.9088 0.8276 0.7510 0.6720 0.6049 0.5498 0.4995 0.4543 0.4067 0.3658 0.3256 0.2898 0.2592 0.2308 0.2072 0.1855 0.1654 0.1481 0.1325 0.1185 0.1061 0.0954 0.0854 0.0761 0.0680 0.0609 0.0545 0.0486 0.0434 0.0389 0.0350
2.9633 2.7532 2.8777 2.6747 2.7099 2.5177 2.5104 2.3224 2.2351 2.1366 1.9750 1.8611 1.7513 1.6155 1.4862 1.3684 1.2611 1.1554 1.0539 0.9634 0.8745 0.7933 0.7122 0.6442 0.5865 0.5326 0.4834 0.4324 0.3886 0.3460 0.3077 0.2751 0.2451 0.2204 0.1977 0.1763 0.1579 0.1411 0.1264 0.1133 0.1020 0.0913 0.0813 0.0726 0.0651 0.0583 0.0520 0.0464 0.0415 0.0374
3.1161 2.9962 2.9148 2.9107 2.7752 2.7032 2.6186 2.4416 2.3778 2.2354 2.0794 1.9721 1.8500 1.7026 1.5666 1.4455 1.3368 1.2266 1.1169 1.0174 0.9221 0.8385 0.7564 0.6870 0.6256 0.5669 0.5128 0.4582 0.4117 0.3670 0.3263 0.2919 0.2603 0.2346 0.2109 0.1881 0.1683 0.1504 0.1348 0.1210 0.1090 0.0976 0.0869 0.0775 0.0696 0.0623 0.0555 0.0496 0.0443 0.0398
3.1038 3.2493 3.0213 3.0927 2.8836 2.8907 2.7099 2.5980 2.5073 2.3359 2.1972 2.0877 1.9490 1.7900 1.6510 1.5300 1.4181 1.2988 1.1786 1.0713 0.9725 0.8881 0.8049 0.7330 0.6661 0.6015 0.5420 0.4840 0.4353 0.3888 0.3460 0.3098 0.2766 0.2498 0.2250 0.2006 0.1794 0.1601 0.1437 0.1290 0.1163 0.1041 0.0926 0.0826 0.0742 0.0665 0.0592 0.0528 0.0472 0.0424
3.3583 3.2984 3.2864 3.1674 3.0890 3.0184 2.8360 2.7664 2.6199 2.4492 2.3272 2.2034 2.0452 1.8800 1.7439 1.6222 1.5015 1.3690 1.2393 1.1278 1.0279 0.9429 0.8572 0.7808 0.7071 0.6359 0.5711 0.5103 0.4598 0.4119 0.3671 0.3292 0.2942 0.2663 0.2402 0.2140 0.1912 0.1704 0.1530 0.1374 0.1240 0.1110 0.0987 0.0879 0.0790 0.0709 0.0630 0.0562 0.0503 0.0450
3.6079 3.4003 3.4661 3.2732 3.2837 3.1056 3.0016 2.9097 2.7253 2.5810 2.4604 2.3096 2.1363 1.9772 1.8476 1.7188 1.5825 1.4365 1.3010 1.1903 1.0915 1.0043 0.9129 0.8297 0.7498 0.6731 0.6038 0.5396 0.4867 0.4368 0.3906 0.3513 0.3147 0.2849 0.2569 0.2289 0.2047 0.1827 0.1638 0.1470 0.1326 0.1187 0.1056 0.0939 0.0842 0.0755 0.0673 0.0601 0.0537 0.0481
3.6273 3.6627 3.5286 3.4835 3.4024 3.2340 3.1773 3.0259 2.8460 2.7306 2.5876 2.4065 2.2325 2.0880 1.9583 1.8122 1.6582 1.5038 1.3684 1.2605 1.1610 1.0684 0.9687 0.8778 0.7921 0.7107 0.6379 0.5708 0.5159 0.4639 0.4160 0.3751 0.3368 0.3048 0.2746 0.2446 0.2189 0.1957 0.1751 0.1569 0.1415 0.1267 0.1127 0.1003 0.0897 0.0803 0.0718 0.0641 0.0573 0.0514
3.7857 3.8100 3.6659 3.6705 3.4986 3.4106 3.3231 3.1345 2.9937 2.8834 2.6984 2.5011 2.3437 2.2104 2.0667 1.8974 1.7312 1.5767 1.4448 1.3380 1.2337 1.1323 1.0230 0.9248 0.8347 0.7499 0.6744 0.6047 0.5478 0.4934 0.4435 0.4007 0.3602 0.3258 0.2931 0.2609 0.2337 0.2092 0.1869 0.1673 0.1508 0.1351 0.1203 0.1069 0.0954 0.0852 0.0765 0.0684 0.0611 0.0548
4.0171 3.8901 3.8735 3.7838 3.6385 3.5880 3.4339 3.2630 3.1609 3.0182 2.7945 2.6089 2.4727 2.3331 2.1637 1.9760 1.8089 1.6604 1.5304 1.4196 1.3058 1.1938 1.0755 0.9719 0.8792 0.7922 0.7143 0.6421 0.5826 0.5253 0.4729 0.4278 0.3848 0.3477 0.3123 0.2779 0.2491 0.2233 0.1991 0.1781 0.1605 0.1440 0.1282 0.1139 0.1014 0.0905 0.0815 0.0730 0.0652 0.0584
4.1175 4.0318 4.0306 3.8796 3.8211 3.7290 3.5388 3.4248 3.3186 3.1240 2.8992 2.7453 2.6110 2.4432 2.2503 2.0609 1.9047 1.7631 1.6291 1.5060 1.3783 1.2561 1.1315 1.0251 0.9312 0.8426 0.7625 0.6872 0.6242 0.5625 0.5069 0.4587 0.4123 0.3724 0.3345 0.2976 0.2666 0.2388 0.2131 0.1906 0.1716 0.1540 0.1374 0.1223 0.1090 0.0973 0.0875 0.0783 0.0700 0.0628
4.1831 4.2147 4.1127 4.0190 3.9973 3.8187 3.6774 3.6024 3.4372 3.2181 3.0314 2.8964 2.7346 2.5349 2.3356 2.1589 2.0149 1.8725 1.7267 1.5879 1.4471 1.3179 1.1901 1.0831 0.9887 0.8982 0.8151 0.7356 0.6682 0.6015 0.5421 0.4905 0.4407 0.3981 0.3576 0.3182 0.2849 0.2550 0.2278 0.2038 0.1833 0.1647 0.1472 0.1313 0.1171 0.1045 0.0940 0.0841 0.0751 0.0674
4.3375 4.3252 4.1787 4.2188 4.0879 3.9154 3.8663 3.7408 3.5190 3.3377 3.1908 3.0355 2.8326 2.6194 2.4340 2.2738 2.1332 1.9799 1.8181 1.6647 1.5148 1.3827 1.2544 1.1475 1.0522 0.9587 0.8711 0.7865 0.7139 0.6415 0.5781 0.5233 0.4700 0.4246 0.3817 0.3397 0.3042 0.2722 0.2435 0.2179 0.1959 0.1762 0.1576 0.1410 0.1258 0.1123 0.1009 0.0903 0.0806 0.0724
4.5171 4.3191 4.3933 4.3294 4.1341 4.1050 4.0324 3.8140 3.6214 3.5041 3.3492 3.1463 2.9217 2.7224 2.5581 2.4036 2.2527 2.0820 1.9054 1.7433 1.5900 1.4578 1.3288 1.2203 1.1219 1.0237 0.9308 0.8401 0.7622 0.6845 0.6168 0.5584 0.5016 0.4534 0.4080 0.3635 0.3258 0.2918 0.2613 0.2341 0.2105 0.1895 0.1697 0.1520 0.1358 0.1213 0.1089 0.0974 0.0871 0.0782
4.4474 4.5531 4.5416 4.3285 4.3248 4.3009 4.0929 3.8979 3.7976 3.6842 3.4725 3.2401 3.0337 2.8622 2.7073 2.5404 2.3691 2.1814 1.9955 1.8325 1.6805 1.5484 1.4157 1.3018 1.1974 1.0930 0.9942 0.8971 0.8145 0.7330 0.6603 0.5977 0.5373 0.4861 0.4378 0.3907 0.3512 0.3156 0.2829 0.2539 0.2288 0.2060 0.1844 0.1648 0.1476 0.1322 0.1186 0.1062 0.0949 0.0853
4.7021 4.7103 4.4780 4.5317 4.5463 4.3324 4.1441 4.0826 3.9980 3.8092 3.5551 3.3441 3.1784 3.0228 2.8568 2.6669 2.4773 2.2801 2.0921 1.9319 1.7816 1.6474 1.5084 1.3866 1.2747 1.1633 1.0588 0.9555 0.8686 0.7839 0.7063 0.6395 0.5756 0.5213 0.4700 0.4203 0.3789 0.3416 0.3066 0.2755 0.2489 0.2241 0.2004 0.1788 0.1605 0.1440 0.1292 0.1157 0.1035 0.0930
4.8185 4.5832 4.7243 4.7703 4.5286 4.3608 4.3471 4.3031 4.1187 3.8743 3.6501 3.4923 3.3520 3.1849 2.9938 2.7831 2.5845 2.3863 2.2000 2.0425 1.8913 1.7520 1.6039 1.4728 1.3528 1.2347 1.1250 1.0160 0.9254 0.8380 0.7556 0.6846 0.6171 0.5594 0.5050 0.4525 0.4091 0.3700 0.3324 0.2992 0.2709 0.2439 0.2179 0.1940 0.1745 0.1569 0.1408 0.1261 0.1129 0.1014
4.6973 4.9482 4.9539 4.7056 4.5978 4.6431 4.6039 4.4226 4.1879 3.9953 3.8309 3.6929 3.5331 3.3369 3.1256 2.9088 2.7125 2.5179 2.3323 2.1713 2.0134 1.8669 1.7104 1.5720 1.4452 1.3209 1.2060 1.0908 0.9943 0.9000 0.8142 0.7403 0.6692 0.6078 0.5496 0.4939 0.4472 0.4049 0.3634 0.3269 0.2960 0.2669 0.2392 0.2141 0.1929 0.1737 0.1559 0.1397 0.1251 0.1124
5.1834 5.0464 4.8208 4.8592 4.9566 4.8846 4.6738 4.4708 4.3295 4.2202 4.0630 3.8891 3.6880 3.4706 3.2565 3.0470 2.8579 2.6656 2.4767 2.3081 2.1404 1.9861 1.8218 1.6774 1.5447 1.4150 1.2953 1.1739 1.0709 0.9683 0.8792 0.8025 0.7274 0.6620 0.5996 0.5402 0.4898 0.4437 0.3977 0.3575 0.3235 0.2924 0.2629 0.2367 0.2138 0.1927 0.1730 0.1551 0.1389 0.1249
5.0274 4.9639 5.1578 5.2491 5.1023 4.8809 4.7336 4.6674 4.6044 4.4852 4.2651 4.0400 3.8165 3.6031 3.4025 3.2053 3.0209 2.8260 2.6294 2.4502 2.2719 2.1103 1.9394 1.7900 1.6522 1.5174 1.3929 1.2651 1.1549 1.0430 0.9503 0.8706 0.7911 0.7212 0.6542 0.5909 0.5364 0.4861 0.4351 0.3907 0.3534 0.3200 0.2888 0.2616 0.2368 0.2137 0.1919 0.1721 0.1542 0.1388
5.2978 5.5021 5.4369 5.2314 5.0806 5.0435 5.0437 4.9944 4.8626 4.6642 4.3996 4.1670 3.9561 3.7616 3.5756 3.3856 3.1979 2.9946 2.7886 2.6012 2.4148 2.2454 2.0673 1.9124 1.7693 1.6292 1.4995 1.3665 1.2513 1.1331 1.0342 0.9491 0.8641 0.7888 0.7168 0.6491 0.5906 0.5362 0.4810 0.4330 0.3926 0.3560 0.3219 0.2923 0.2651 0.2396 0.2155 0.1935 0.1736 0.1564
5.7110 5.4964 5.3627 5.3772 5.4371 5.4504 5.3686 5.2014 4.9903 4.7701 4.5333 4.3333 4.1446 3.9597 3.7755 3.5829 3.3842 3.1692 2.9543 2.7623 2.5709 2.3930 2.2066 2.0449 1.8961 1.7500 1.6145 1.4777 1.3600 1.2388 1.1312 1.0382 0.9465 0.8654 0.7877 0.7155 0.6530 0.5948 0.5364 0.4853 0.4422 0.4015 0.3633 0.3297 0.2994 0.2712 0.2443 0.2199 0.1977 0.1785
5.6329 5.7321 5.8357 5.8578 5.7752 5.6409 5.4785 5.3004 5.1209 4.9428 4.7489 4.5678 4.3783 4.1831 3.9877 3.7867 3.5748 3.3486 3.1265 2.9317 2.7363 2.5501 2.3551 2.1863 2.0314 1.8789 1.7371 1.5967 1.4766 1.3528 1.2357 1.1343 1.0356 0.9482 0.8647 0.7879 0.7213 0.6591 0.5977 0.5435 0.4977 0.4526 0.4097 0.3718 0.3381 0.3068 0.2770 0.2498 0.2251 0.2036
6.3093 6.2706 6.1352 5.9803 5.8402 5.7413 5.6508 5.5328 5.3888 5.2203 5.0270 4.8304 4.6185 4.4002 4.1860 3.9701 3.7495 3.5168 3.2906 3.0946 2.8966 2.7040 2.5010 2.3251 2.1645 2.0068 1.8609 1.7174 1.5951 1.4680 1.3432 1.2348 1.1303 1.0380 0.9494 0.8675 0.7963 0.7297 0.6650 0.6076 0.5589 0.5095 0.4620 0.4194 0.3823 0.3478 0.3150 0.2848 0.2574 0.2333
6.4746 6.3663 6.2896 6.2376 6.1854 6.1192 6.0168 5.8587 5.6845 5.4927 5.2822 5.0660 4.8342 4.5921 4.3517 4.1058 3.8842 3.6521 3.4249 3.2287 3.0297 2.8357 2.6264 2.4436 2.2788 2.1202 1.9760 1.8308 1.7054 1.5722 1.4450 1.3351 1.2286 1.1357 1.0452 0.9566 0.8795 0.8073 0.7385 0.6771 0.6248 0.5727 0.5215 0.4744 0.4341 0.3967 0.3611 0.3280 0.2975 0.2706
6.9485 6.9061 6.8452 6.7621 6.6511 6.5015 6.3184 6.0943 5.8932 5.6949 5.4877 5.2698 5.0319 4.7749 4.5136 4.2398 4.0190 3.7883 3.5608 3.3649 3.1651 2.9699 2.7543 2.5647 2.3959 2.2371 2.0957 1.9495 1.8216 1.6822 1.5531 1.4424 1.3345 1.2419 1.1499 1.0543 0.9708 0.8926 0.8195 0.7541 0.6981 0.6434 0.5883 0.5363 0.4927 0.4524 0.4139 0.3775 0.3437 0.3138
7.4362 7.3022 7.1786 7.0490 6.9032 6.7154 6.4995 6.2499 6.0502 5.8641 5.6721 5.4592 5.2182 4.9472 4.6650 4.3637 4.1430 3.9137 3.6864 3.4908 3.2906 3.0948 2.8730 2.6765 2.5038 2.3456 2.2080 2.0615 1.9321 1.7880 1.6575 1.5464 1.4378 1.3460 1.2533 1.1507 1.0613 0.9773 0.9004 0.8311 0.7716 0.7145 0.6560 0.5992 0.5524 0.5092 0.4682 0.4287 0.3917 0.3587
7.4104 7.2928 7.1854 7.0632 6.9117 6.7255 6.5120 6.2650 6.0585 5.8631 5.6698 5.4572 5.2174 4.9394 4.6556 4.3581 4.1342 3.9042 3.6817 3.4881 3.2889 3.0934 2.8669 2.6640 2.4873 2.3294 2.1950 2.0493 1.9245 1.7897 1.6579 1.5450 1.4365 1.3433 1.2490 1.1465 1.0585 0.9764 0.9000 0.8300 0.7690 0.7120 0.6540 0.5984 0.5511 0.5078 0.4680 0.4289 0.3920 0.3590
