0.1566 0.0320 0.1058 0.3908 0.2694 0.0329 0.3704 0.0308 0.3122 0.0422 0.2894 0.0681 0.0856 0.1875 0.0822 0.0198 0.0426 0.1123 0.1696 0.1455 0.0686 0.0239 0.0419 0.0827 0.0983 0.0785 0.0418 0.0124 0.0022 0.0100 0.0269 0.0438 0.0549 0.0580 0.0549 0.0468 0.0368 0.0266 0.0177 0.0107 0.0058 0.0027 0.0011 0.0007 0.0010 0.0018 0.0028 0.0039 0.0049 0.0058
0.5187 0.1120 0.2867 1.1485 0.8393 0.0866 1.1080 0.1021 0.9294 0.1307 0.8686 0.1942 0.2654 0.5583 0.2373 0.0595 0.1345 0.3441 0.5125 0.4357 0.2038 0.0707 0.1252 0.2469 0.2925 0.2327 0.1231 0.0360 0.0065 0.0306 0.0816 0.1323 0.1651 0.1742 0.1644 0.1399 0.1099 0.0796 0.0529 0.0320 0.0172 0.0081 0.0034 0.0021 0.0031 0.0055 0.0086 0.0118 0.0148 0.0175
1.0336 0.2547 0.3840 1.8267 1.4984 0.1121 1.8291 0.2076 1.5217 0.2346 1.4466 0.2909 0.4707 0.9145 0.3654 0.1010 0.2470 0.5974 0.8649 0.7227 0.3322 0.1142 0.2073 0.4075 0.4794 0.3782 0.1976 0.0563 0.0110 0.0535 0.1391 0.2229 0.2765 0.2905 0.2735 0.2321 0.1819 0.1314 0.0871 0.0525 0.0282 0.0131 0.0055 0.0035 0.0053 0.0094 0.0145 0.0199 0.0249 0.0294
1.8128 0.5471 0.3753 2.3487 2.2894 0.1170 2.5002 0.3848 2.0600 0.3723 2.0136 0.3445 0.7177 1.2418 0.4519 0.1513 0.3957 0.8842 1.2292 1.0010 0.4477 0.1515 0.2869 0.5619 0.6541 0.5093 0.2607 0.0713 0.0158 0.0802 0.2014 0.3175 0.3902 0.4074 0.3816 0.3226 0.2520 0.1813 0.1197 0.0719 0.0384 0.0177 0.0074 0.0049 0.0076 0.0134 0.0207 0.0282 0.0352 0.0415
2.9442 1.1265 0.2991 2.6169 3.2187 0.1500 3.0570 0.6902 2.4994 0.5738 2.5468 0.3499 1.0200 1.5191 0.4889 0.2254 0.5978 1.2120 1.6014 1.2602 0.5420 0.1796 0.3628 0.7069 0.8112 0.6202 0.3087 0.0797 0.0220 0.1130 0.2708 0.4179 0.5071 0.5250 0.4887 0.4110 0.3195 0.2289 0.1503 0.0897 0.0475 0.0218 0.0092 0.0064 0.0101 0.0178 0.0272 0.0370 0.0458 0.0539
4.4111 2.1543 0.2887 2.5358 4.2261 0.3135 3.4021 1.1976 2.7785 0.8818 3.0068 0.3163 1.3843 1.7196 0.4800 0.3482 0.8695 1.5803 1.9675 1.4836 0.6044 0.1950 0.4343 0.8402 0.9460 0.7060 0.3382 0.0809 0.0312 0.1546 0.3502 0.5262 0.6287 0.6440 0.5947 0.4969 0.3840 0.2734 0.1784 0.1057 0.0554 0.0251 0.0106 0.0079 0.0130 0.0226 0.0342 0.0462 0.0570 0.0667
5.9696 3.7247 0.5894 2.0688 5.1534 0.7609 3.4195 1.9840 2.8274 1.3477 3.3373 0.2712 1.8053 1.8139 0.4463 0.5540 1.2214 1.9751 2.3007 1.6466 0.6227 0.1961 0.5028 0.9612 1.0555 0.7635 0.3478 0.0759 0.0461 0.2085 0.4427 0.6448 0.7563 0.7650 0.6997 0.5799 0.4449 0.3145 0.2036 0.1195 0.0619 0.0277 0.0119 0.0096 0.0161 0.0279 0.0418 0.0559 0.0686 0.0801
7.0625 5.7002 1.5140 1.3231 5.7379 1.6579 3.0185 3.0957 2.5902 2.0205 3.4707 0.2633 2.2594 1.7787 0.4327 0.8815 1.6499 2.3630 2.5592 1.7186 0.5855 0.1857 0.5749 1.0739 1.1407 0.7927 0.3389 0.0674 0.0704 0.2785 0.5517 0.7762 0.8915 0.8888 0.8038 0.6601 0.5021 0.3520 0.2258 0.1310 0.0669 0.0295 0.0129 0.0114 0.0198 0.0338 0.0501 0.0664 0.0809 0.0940
6.9400 7.5383 3.2886 0.6306 5.6689 3.0932 2.2106 4.4938 2.0627 2.9256 3.3430 0.3604 2.6998 1.6105 0.5099 1.3619 2.1257 2.6870 2.6884 1.6681 0.4884 0.1758 0.6660 1.1904 1.2095 0.7993 0.3162 0.0603 0.1088 0.3686 0.6800 0.9223 1.0354 1.0157 0.9072 0.7371 0.5554 0.3855 0.2446 0.1401 0.0704 0.0305 0.0137 0.0135 0.0240 0.0404 0.0591 0.0776 0.0940 0.1085
5.1633 8.2950 5.7818 0.5438 4.7392 4.9478 1.2044 5.9887 1.3446 4.0330 2.9183 0.6391 3.0592 1.3436 0.7677 1.9992 2.5830 2.8684 2.6305 1.4737 0.3430 0.1944 0.8052 1.3340 1.2785 0.7954 0.2888 0.0614 0.1657 0.4814 0.8288 1.0831 1.1873 1.1450 1.0090 0.8105 0.6041 0.4148 0.2601 0.1468 0.0724 0.0309 0.0145 0.0161 0.0289 0.0479 0.0690 0.0897 0.1077 0.1237
2.3794 7.0704 8.2275 1.6528 3.0707 6.7803 0.4643 7.1995 0.6887 5.2238 2.2235 1.1684 3.2656 1.0677 1.2962 2.7483 2.9181 2.8235 2.3480 1.1442 0.1891 0.2915 1.0391 1.5424 1.3759 0.8007 0.2696 0.0776 0.2439 0.6166 0.9964 1.2566 1.3455 1.2753 1.1083 0.8795 0.6481 0.4398 0.2721 0.1511 0.0730 0.0307 0.0154 0.0191 0.0346 0.0563 0.0800 0.1028 0.1225 0.1399
0.6641 4.0002 9.2640 4.1807 1.3032 7.8629 0.6363 7.6056 0.5086 6.2633 1.3831 1.9841 3.2644 0.9277 2.1453 3.4896 3.0002 2.4950 1.8560 0.7407 0.1042 0.5391 1.4252 1.8592 1.5335 0.8371 0.2707 0.1130 0.3410 0.7679 1.1750 1.4351 1.5035 1.4015 1.2013 0.9414 0.6855 0.4594 0.2802 0.1528 0.0722 0.0300 0.0165 0.0229 0.0414 0.0660 0.0922 0.1172 0.1386 0.1573
2.3178 1.0966 7.6916 7.5026 0.5270 7.4901 2.2543 6.7612 1.2886 6.8075 0.6440 3.0589 3.0444 1.0949 3.2669 4.0178 2.7077 1.9028 1.2637 0.3981 0.2044 1.0146 2.0082 2.3097 1.7667 0.9138 0.2948 0.1627 0.4456 0.9193 1.3464 1.6009 1.6453 1.5104 1.2777 0.9890 0.7114 0.4704 0.2824 0.1509 0.0696 0.0289 0.0181 0.0278 0.0495 0.0771 0.1060 0.1331 0.1560 0.1759
7.2965 1.4720 3.8791 9.9618 1.8091 5.5048 5.2708 4.6607 3.3422 6.4852 0.3740 4.2870 2.6728 1.7133 4.4745 4.0912 2.0231 1.2286 0.8205 0.3275 0.6132 1.7575 2.7776 2.8675 2.0520 1.0131 0.3266 0.2097 0.5372 1.0478 1.4875 1.7322 1.7522 1.5871 1.3262 1.0142 0.7202 0.4694 0.2768 0.1445 0.0650 0.0275 0.0205 0.0341 0.0595 0.0902 0.1217 0.1508 0.1750 0.1959
11.8617 6.3252 0.7803 9.5231 5.4179 2.7339 8.7115 2.1001 6.4244 5.0798 1.0052 5.4696 2.2806 2.8037 5.4369 3.5323 1.1392 0.8638 0.9000 0.7545 1.3769 2.6794 3.5869 3.3904 2.2839 1.0682 0.3266 0.2292 0.5968 1.1355 1.5809 1.8129 1.8099 1.6197 1.3376 1.0102 0.7075 0.4535 0.2619 0.1330 0.0583 0.0260 0.0243 0.0426 0.0719 0.1058 0.1399 0.1708 0.1960 0.2177
11.1785 12.2784 2.2713 5.6182 10.0855 0.8355 10.9348 0.6035 9.3832 2.8347 2.8934 6.2961 1.9994 4.1806 5.7649 2.3889 0.5326 1.3580 1.8659 1.7570 2.3107 3.4398 4.0636 3.5646 2.2495 0.9621 0.2487 0.2172 0.6405 1.2045 1.6469 1.8587 1.8296 1.6157 1.3166 0.9800 0.6752 0.4241 0.2386 0.1172 0.0502 0.0253 0.0300 0.0538 0.0874 0.1245 0.1609 0.1934 0.2195 0.2416
4.7959 13.6407 8.4010 1.2805 12.7434 1.5038 10.6333 1.4838 10.3284 0.7951 6.0208 6.2940 1.8714 5.4569 5.2052 1.0710 0.8650 3.1235 3.7186 2.9741 2.8228 3.3775 3.6141 2.9504 1.6941 0.6008 0.1152 0.2641 0.7869 1.3764 1.7940 1.9592 1.8809 1.6265 1.3000 0.9490 0.6400 0.3919 0.2135 0.1008 0.0427 0.0260 0.0379 0.0675 0.1055 0.1458 0.1845 0.2183 0.2449 0.2673
0.8448 7.8491 13.6683 1.6438 9.7045 5.6704 7.5901 4.4436 7.9586 0.7888 9.3654 4.7624 1.9161 6.2645 3.8767 0.2849 2.4942 5.6908 5.4114 3.2470 1.9525 1.8508 1.8997 1.4524 0.6995 0.1819 0.1866 0.6531 1.3110 1.9000 2.2336 2.2858 2.0968 1.7508 1.3592 0.9661 0.6345 0.3774 0.1984 0.0900 0.0383 0.0285 0.0468 0.0819 0.1241 0.1675 0.2086 0.2438 0.2709 0.2934
7.8083 0.7717 11.4997 8.2887 2.9748 11.4668 1.6574 9.5724 4.1633 3.7400 9.1800 0.9478 4.0280 7.8114 2.5284 0.5114 4.2694 5.8169 3.1949 0.5326 0.4314 1.8674 2.8875 2.7552 1.9084 1.1664 0.9418 1.2156 1.7120 2.1690 2.3931 2.3606 2.1110 1.7273 1.3164 0.9178 0.5897 0.3412 0.1733 0.0763 0.0351 0.0344 0.0600 0.1008 0.1471 0.1934 0.2362 0.2723 0.2995 0.3218
16.0197 4.8919 4.1453 14.2999 0.6844 13.1434 0.7374 12.1242 1.1958 7.5835 7.5103 0.3797 6.6579 7.2937 1.1660 1.5161 5.7318 5.7754 2.3564 0.2393 0.9513 2.6470 3.4242 2.9455 1.9115 1.1715 1.0409 1.4033 1.9327 2.3680 2.5349 2.4364 2.1292 1.7057 1.2726 0.8671 0.5422 0.3032 0.1476 0.0633 0.0337 0.0429 0.0763 0.1230 0.1734 0.2224 0.2668 0.3035 0.3305 0.3524
11.9014 14.7276 0.9078 13.0505 5.1384 9.2793 4.5132 10.8627 0.7282 10.9415 4.4747 1.6123 8.9500 5.7173 0.3656 3.2231 6.9335 5.2218 1.4608 0.2506 1.7540 3.5038 3.8889 3.0347 1.8574 1.1710 1.1620 1.6143 2.1630 2.5598 2.6567 2.4859 2.1207 1.6607 1.2107 0.8040 0.4873 0.2620 0.1218 0.0523 0.0357 0.0553 0.0969 0.1493 0.2037 0.2551 0.3006 0.3375 0.3639 0.3850
1.6010 15.6842 8.2844 5.0973 13.2312 2.9304 11.0664 6.1380 3.9410 11.8389 1.5193 4.6503 9.9818 3.4794 0.5990 5.3890 7.5604 4.1929 0.7058 0.6712 2.8098 4.3572 4.2218 3.0028 1.7518 1.1771 1.3128 1.8492 2.3984 2.7382 2.7529 2.5054 2.0836 1.5923 1.1316 0.7299 0.4269 0.2193 0.0974 0.0446 0.0419 0.0726 0.1222 0.1803 0.2381 0.2916 0.3377 0.3744 0.3998 0.4197
5.8058 5.1027 17.5222 0.8673 16.2409 0.9648 15.1011 1.4672 9.5699 9.3331 0.5299 8.5480 9.1226 1.3875 2.1166 7.5455 7.3680 2.8633 0.3211 1.5556 4.0345 5.1045 4.3678 2.8428 1.6103 1.2064 1.5011 2.1073 2.6333 2.8961 2.8180 2.4914 2.0168 1.5010 1.0369 0.6469 0.3629 0.1771 0.0762 0.0416 0.0537 0.0955 0.1530 0.2162 0.2772 0.3321 0.3784 0.4144 0.4383 0.4565
19.4007 1.9012 14.1939 8.1743 9.7178 7.1178 12.3521 1.4186 13.9913 4.6449 2.7422 11.5884 6.4820 0.4418 4.7564 9.0867 6.2903 1.5448 0.5193 2.8768 5.2886 5.6357 4.2888 2.5661 1.4591 1.2786 1.7344 2.3855 2.8603 3.0263 2.8475 2.4430 1.9218 1.3892 0.9292 0.5579 0.2982 0.1378 0.0602 0.0450 0.0722 0.1252 0.1902 0.2581 0.3214 0.3772 0.4230 0.4576 0.4795 0.4957
14.7183 14.8686 2.8243 18.4272 1.5834 15.9668 4.8934 7.3714 13.5775 1.0181 7.6272 12.0610 3.1350 1.4191 7.8626 9.4548 4.5227 0.6376 1.4311 4.5058 6.3907 5.8500 3.9732 2.2059 1.3347 1.4148 2.0169 2.6781 3.0703 3.1210 2.8369 2.3586 1.7993 1.2591 0.8117 0.4660 0.2356 0.1039 0.0512 0.0562 0.0986 0.1625 0.2345 0.3063 0.3712 0.4269 0.4716 0.5043 0.5235 0.5372
1.1665 20.5732 4.2737 15.9465 4.2041 17.1266 0.8583 14.9174 8.1012 1.7501 12.6464 9.3740 0.8422 4.3987 10.4055 8.3787 2.5438 0.5349 3.0408 6.2108 7.1447 5.6792 3.4465 1.8183 1.2811 1.6341 2.3478 2.9753 3.2525 3.1722 2.7815 2.2367 1.6502 1.1136 0.6880 0.3748 0.1783 0.0779 0.0515 0.0768 0.1341 0.2083 0.2864 0.3612 0.4266 0.4814 0.5242 0.5542 0.5702 0.5810
11.8858 6.6252 18.7394 3.8324 16.0873 8.3163 6.2137 16.8285 2.0765 7.3592 14.5113 4.8192 1.2255 8.4864 11.3376 6.0777 1.0324 1.4924 5.1443 7.6844 7.3804 5.1141 2.7793 1.4784 1.3430 1.9492 2.7203 3.2633 3.3945 3.1721 2.6788 2.0785 1.4780 0.9570 0.5626 0.2884 0.1297 0.0626 0.0630 0.1085 0.1799 0.2632 0.3464 0.4229 0.4878 0.5407 0.5809 0.6075 0.6197 0.6270
24.2792 3.2900 19.7038 3.5086 20.3271 1.1229 16.3364 10.5108 1.6409 14.2426 11.5504 1.2609 4.7238 11.9942 10.0912 3.3181 0.6685 3.4965 7.3520 8.6035 7.0013 4.2206 2.0836 1.2713 1.5579 2.3619 3.1188 3.5242 3.4830 3.1146 2.5280 1.8872 1.2878 0.7951 0.4410 0.2114 0.0937 0.0610 0.0881 0.1529 0.2370 0.3282 0.4148 0.4918 0.5549 0.6049 0.6415 0.6641 0.6718 0.6752
7.4730 20.8342 4.3952 18.0448 9.4645 7.0977 19.1970 2.4329 8.5013 16.7890 5.5495 1.5136 9.9486 13.1397 6.9944 1.2319 1.8652 6.1894 9.1565 8.7167 6.0328 3.1491 1.5037 1.2808 1.9491 2.8603 3.5229 3.7424 3.5122 3.0023 2.3338 1.6682 1.0865 0.6348 0.3294 0.1491 0.0741 0.0759 0.1287 0.2110 0.3059 0.4027 0.4909 0.5671 0.6276 0.6740 0.7067 0.7247 0.7274 0.7266
5.1812 19.8676 5.4256 21.6723 1.2579 19.3798 10.4945 2.5179 16.8522 12.3572 1.2127 6.2022 14.1121 11.1107 3.3724 0.8992 4.5268 8.9028 10.0555 7.9165 4.6258 2.1058 1.1833 1.5632 2.5110 3.4120 3.8956 3.8880 3.4623 2.8243 2.0963 1.4281 0.8816 0.4831 0.2338 0.1060 0.0746 0.1101 0.1867 0.2842 0.3875 0.4878 0.5757 0.6495 0.7061 0.7480 0.7759 0.7886 0.7857 0.7801
25.7572 2.2328 22.8349 6.7412 11.3761 19.7182 1.5889 12.1075 18.1226 4.5839 2.6773 12.7036 14.5649 6.7536 1.0595 2.8245 7.9546 10.8208 9.7180 6.3211 3.0708 1.3349 1.2457 2.1382 3.2081 3.9677 4.1964 3.9363 3.3238 2.5815 1.8226 1.1764 0.6826 0.3483 0.1607 0.0871 0.0988 0.1660 0.2636 0.3735 0.4824 0.5836 0.6690 0.7389 0.7903 0.8267 0.8488 0.8555 0.8464 0.8357
13.4398 12.8031 18.4324 3.2909 23.4548 6.8557 5.9112 20.3351 10.3795 1.0949 9.6327 16.4810 10.6987 2.4545 1.5270 6.5503 10.9974 11.2504 8.1338 4.2861 1.7433 1.0612 1.7566 2.9726 3.9725 4.4641 4.3827 3.8665 3.0923 2.2798 1.5234 0.9248 0.5002 0.2389 0.1168 0.0974 0.1501 0.2459 0.3609 0.4796 0.5909 0.6903 0.7710 0.8352 0.8801 0.9098 0.9255 0.9254 0.9095 0.8932
3.1241 26.0896 1.8782 20.1671 15.0929 1.9306 18.6277 16.4423 2.0509 6.2183 16.6084 14.3973 4.8401 0.9528 4.9731 10.6726 12.4667 9.9313 5.6968 2.3513 1.0216 1.4331 2.7032 3.9876 4.7283 4.8517 4.4298 3.6725 2.7737 1.9312 1.2152 0.6891 0.3470 0.1647 0.1091 0.1417 0.2318 0.3520 0.4805 0.6048 0.7160 0.8116 0.8856 0.9418 0.9782 0.9997 1.0073 0.9996 0.9765 0.9541
25.8420 7.0617 13.4059 22.0974 1.7064 14.5937 21.0335 5.0036 3.4397 15.5588 17.2744 7.7208 1.1113 3.6044 9.9324 13.3359 11.6177 7.1731 3.1064 1.0911 1.1756 2.4623 3.9642 5.0302 5.3445 5.0406 4.2919 3.3426 2.3770 1.5543 0.9140 0.4821 0.2338 0.1337 0.1435 0.2238 0.3461 0.4853 0.6226 0.7483 0.8556 0.9445 1.0093 1.0553 1.0818 1.0939 1.0925 1.0765 1.0456 1.0167
14.4686 7.3826 25.8343 4.3031 10.3537 23.5495 8.7833 1.8449 13.8343 19.4012 10.5645 1.7955 2.5958 9.1979 13.8247 13.1311 8.6231 3.9071 1.2380 0.9710 2.2806 4.0009 5.3299 5.9206 5.7049 4.9746 3.9560 2.8893 1.9255 1.1744 0.6418 0.3214 0.1735 0.1550 0.2258 0.3472 0.4950 0.6468 0.7873 0.9097 1.0093 1.0884 1.1416 1.1753 1.1904 1.1919 1.1807 1.1558 1.1166 1.0808
3.7873 26.9800 7.7360 7.2607 24.6080 12.2590 1.2714 12.3734 20.7519 13.1222 2.6689 1.9636 8.7308 14.3548 14.3505 9.9477 4.6571 1.3934 0.8295 2.1623 4.1572 5.7558 6.5396 6.4851 5.7221 4.6303 3.4380 2.3469 1.4570 0.8248 0.4247 0.2260 0.1792 0.2369 0.3613 0.5153 0.6806 0.8380 0.9758 1.0901 1.1782 1.2444 1.2835 1.3033 1.3052 1.2949 1.2731 1.2386 1.1906 1.1476
27.5636 10.3453 5.7478 25.2134 14.7072 1.2284 11.7311 21.9866 14.9666 3.3907 1.6806 8.6923 15.2047 15.5757 10.9535 5.2313 1.4849 0.7389 2.1844 4.4395 6.3853 7.3417 7.3306 6.5866 5.3537 4.0241 2.7818 1.7656 1.0161 0.5403 0.2887 0.2145 0.2634 0.3877 0.5553 0.7315 0.9057 1.0614 1.1900 1.2909 1.3635 1.4136 1.4364 1.4413 1.4279 1.4039 1.3710 1.3264 1.2689 1.2181
10.8552 5.8099 26.2020 15.5356 1.2637 12.2899 23.3584 15.9599 3.5575 1.7470 9.3093 16.3878 16.8495 11.6815 5.4205 1.4313 0.7100 2.4062 4.9851 7.1821 8.3696 8.3377 7.4705 6.1399 4.6095 3.2109 2.0545 1.2054 0.6502 0.3562 0.2591 0.3035 0.4360 0.6124 0.8096 0.9954 1.1681 1.3136 1.4262 1.5085 1.5616 1.5925 1.5967 1.5848 1.5546 1.5159 1.4712 1.4160 1.3487 1.2897
7.8497 27.8709 14.2739 1.3684 14.5417 24.8749 15.7078 2.9909 2.3005 10.9914 18.0674 17.8910 11.9755 5.1677 1.1764 0.8057 2.9570 5.9086 8.3230 9.5375 9.5184 8.4371 6.8673 5.1822 3.5862 2.3013 1.3558 0.7457 0.4173 0.3124 0.3609 0.5075 0.7046 0.9142 1.1245 1.3059 1.4661 1.5928 1.6825 1.7411 1.7708 1.7796 1.7630 1.7329 1.6846 1.6301 1.5732 1.5069 1.4296 1.3623
29.5352 10.5467 2.5079 19.0316 26.1507 13.6969 1.8318 3.9120 13.9927 20.4989 18.5182 11.4150 4.3590 0.8044 1.1917 4.0530 7.4280 9.9410 11.0356 10.7415 9.4683 7.5749 5.6269 3.8910 2.4662 1.4521 0.8063 0.4730 0.3756 0.4464 0.6167 0.8398 1.0768 1.2980 1.5047 1.6679 1.8052 1.9053 1.9650 1.9936 1.9941 1.9788 1.9401 1.8905 1.8245 1.7548 1.6846 1.6062 1.5179 1.4421
4.5873 7.0537 25.4056 25.2506 9.3768 1.0287 7.6180 18.5970 22.7908 18.2313 9.6530 2.9172 0.5746 2.2318 5.9275 9.6976 12.0937 12.7813 12.0162 10.2764 8.1220 5.8875 3.9768 2.5010 1.4503 0.8176 0.5148 0.4596 0.5693 0.7822 1.0373 1.3030 1.5502 1.7587 1.9434 2.0734 2.1770 2.2422 2.2652 2.2587 2.2261 2.1846 2.1223 2.0520 1.9680 1.8827 1.7987 1.7079 1.6081 1.5237
17.8233 30.5486 19.4535 3.6832 3.0612 14.5719 24.1101 23.7280 15.6822 6.5739 1.3076 1.1530 4.5340 8.9981 12.6852 14.6737 14.6085 13.0865 10.7717 8.2064 5.8256 3.8020 2.3160 1.3370 0.7769 0.5603 0.5839 0.7651 1.0286 1.3316 1.6238 1.8922 2.1172 2.2879 2.4322 2.5147 2.5745 2.5975 2.5781 2.5321 2.4631 2.3939 2.3069 2.2153 2.1128 2.0118 1.9138 1.8102 1.6989 1.6059
27.0020 8.3840 1.5574 11.4773 24.3272 27.7778 20.9282 10.3500 2.7462 0.8687 3.7612 8.8298 13.5540 16.4108 17.1343 16.0505 13.5801 10.6101 7.7179 5.2215 3.2960 1.9291 1.1113 0.7290 0.6596 0.8086 1.0836 1.4225 1.7647 2.0948 2.3717 2.6026 2.7753 2.8855 2.9728 2.9952 3.0011 2.9738 2.9065 2.8195 2.7162 2.6201 2.5080 2.3928 2.2700 2.1517 2.0387 1.9222 1.7993 1.6971
1.5427 11.5396 26.1285 31.1308 24.3250 12.5600 3.5945 1.0227 4.1014 9.9433 15.4806 19.0984 20.0978 18.8326 16.1652 12.8582 9.4187 6.4183 4.0782 2.4263 1.4087 0.8953 0.7781 0.9317 1.2384 1.6290 2.0352 2.4276 2.7613 3.0514 3.2606 3.4157 3.5097 3.5393 3.5556 3.5069 3.4500 3.3651 3.2457 3.1176 2.9829 2.8616 2.7244 2.5833 2.4384 2.3016 2.1726 2.0431 1.9087 1.7970
32.0169 33.8546 24.0745 11.1088 2.7079 1.6997 6.4656 13.4712 19.6287 23.2278 23.5997 21.6890 18.2056 14.1488 10.2575 6.9358 4.3335 2.5433 1.4793 0.9971 0.9464 1.1715 1.5699 2.0575 2.5403 3.0007 3.3945 3.7270 3.9643 4.1507 4.2453 4.2921 4.2854 4.2189 4.1536 4.0266 3.9019 3.7561 3.5825 3.4133 3.2484 3.1027 2.9409 2.7737 2.6069 2.4516 2.3069 2.1645 2.0187 1.8977
16.5404 5.0773 1.5735 5.5936 13.5333 21.4528 26.7309 28.3650 26.8936 23.3111 18.4689 13.6829 9.4041 6.0124 3.5974 2.0784 1.2956 1.0895 1.2853 1.7312 2.3113 2.9028 3.4834 4.0253 4.4512 4.8019 5.0467 5.2197 5.2882 5.3201 5.2691 5.1882 5.0676 4.8967 4.7457 4.5408 4.3490 4.1435 3.9180 3.7097 3.5165 3.3450 3.1587 2.9684 2.7808 2.6076 2.4472 2.2921 2.1351 2.0047
10.3339 20.2116 28.7504 33.5960 34.2215 31.3697 26.3265 20.3617 14.6605 9.8237 6.0456 3.5065 2.0112 1.3589 1.3396 1.7485 2.3973 3.1575 3.9342 4.6649 5.3239 5.8195 6.2264 6.5548 6.7160 6.8128 6.8123 6.7633 6.6201 6.4657 6.2628 6.0538 5.8165 5.5413 5.3078 5.0369 4.7871 4.5289 4.2590 4.0168 3.7979 3.5938 3.3819 3.1761 2.9705 2.7803 2.6038 2.4360 2.2676 2.1273
41.1686 36.0446 29.0975 21.8024 15.1510 9.7384 5.7770 3.2284 1.9162 1.5646 1.8846 2.6553 3.6508 4.7052 5.7534 6.7377 7.5409 8.1775 8.6524 8.9984 9.2449 9.2880 9.2723 9.2175 8.9984 8.7733 8.4917 8.2045 7.8445 7.5042 7.1606 6.8357 6.4924 6.1233 5.8168 5.4905 5.1906 4.8863 4.5781 4.3072 4.0672 3.8327 3.5975 3.3791 3.1572 2.9515 2.7597 2.5800 2.4008 2.2510
4.5032 2.6177 2.0646 2.5221 3.6522 5.1673 6.8345 8.4497 9.9443 11.2719 12.2772 13.1308 13.7153 14.0348 14.2539 14.3950 14.2821 14.0303 13.6760 13.3061 12.9408 12.4267 11.9366 11.4823 10.8940 10.3732 9.8459 9.3565 8.8166 8.3241 7.8728 7.4602 7.0348 6.5924 6.2297 5.8633 5.5263 5.1872 4.8497 4.5564 4.2996 4.0396 3.7860 3.5595 3.3247 3.1059 2.9010 2.7110 2.5226 2.3647
30.7469 31.1530 31.2780 31.1539 30.7592 30.2049 29.4631 28.4788 27.4602 26.4538 25.2079 24.1344 22.9875 21.7720 20.7254 19.8249 18.7817 17.7409 16.7260 15.8202 15.0199 14.1290 13.3202 12.6029 11.8052 11.1162 10.4487 9.8358 9.2007 8.6438 8.1393 7.6824 7.2163 6.7368 6.3444 5.9558 5.6073 5.2620 4.9115 4.5979 4.3143 4.0510 3.7986 3.5774 3.3420 3.1212 2.9135 2.7210 2.5306 2.3719
