0.0533 0.0544 0.0562 0.0557 0.0492 0.0494 0.0477 0.0439 0.0434 0.0392 0.0379 0.0351 0.0316 0.0301 0.0275 0.0247 0.0228 0.0208 0.0186 0.0169 0.0154 0.0140 0.0125 0.0112 0.0100 0.0091 0.0082 0.0074 0.0068 0.0060 0.0053 0.0047 0.0042 0.0037 0.0033 0.0030 0.0027 0.0024 0.0021 0.0019 0.0017 0.0015 0.0014 0.0012 0.0011 0.0010 0.0009 0.0008 0.0007 0.0006
0.1599 0.1627 0.1681 0.1675 0.1482 0.1481 0.1433 0.1317 0.1304 0.1177 0.1139 0.1052 0.0947 0.0904 0.0826 0.0742 0.0683 0.0624 0.0559 0.0506 0.0461 0.0421 0.0376 0.0335 0.0301 0.0272 0.0247 0.0223 0.0203 0.0181 0.0160 0.0142 0.0126 0.0112 0.0100 0.0089 0.0080 0.0072 0.0064 0.0058 0.0052 0.0047 0.0042 0.0038 0.0034 0.0030 0.0027 0.0024 0.0022 0.0019
0.2670 0.2702 0.2784 0.2802 0.2488 0.2462 0.2396 0.2195 0.2174 0.1962 0.1903 0.1752 0.1581 0.1510 0.1379 0.1236 0.1139 0.1041 0.0933 0.0843 0.0769 0.0701 0.0626 0.0559 0.0501 0.0453 0.0412 0.0373 0.0338 0.0301 0.0266 0.0236 0.0209 0.0186 0.0166 0.0149 0.0134 0.0121 0.0108 0.0096 0.0086 0.0078 0.0070 0.0063 0.0056 0.0050 0.0045 0.0040 0.0036 0.0032
0.3767 0.3772 0.3865 0.3937 0.3524 0.3438 0.3367 0.3076 0.3044 0.2750 0.2673 0.2449 0.2218 0.2124 0.1933 0.1730 0.1596 0.1460 0.1307 0.1180 0.1076 0.0981 0.0876 0.0781 0.0702 0.0634 0.0577 0.0522 0.0472 0.0421 0.0372 0.0330 0.0291 0.0260 0.0232 0.0208 0.0187 0.0169 0.0151 0.0135 0.0121 0.0109 0.0098 0.0088 0.0079 0.0071 0.0063 0.0056 0.0050 0.0045
0.4927 0.4859 0.4923 0.5068 0.4603 0.4413 0.4348 0.3965 0.3913 0.3543 0.3449 0.3141 0.2863 0.2747 0.2488 0.2222 0.2056 0.1883 0.1682 0.1517 0.1382 0.1261 0.1125 0.1003 0.0902 0.0816 0.0743 0.0671 0.0606 0.0539 0.0476 0.0422 0.0373 0.0334 0.0299 0.0267 0.0241 0.0218 0.0195 0.0174 0.0156 0.0140 0.0126 0.0113 0.0101 0.0091 0.0081 0.0072 0.0065 0.0058
0.6193 0.5998 0.5980 0.6172 0.5735 0.5400 0.5338 0.4869 0.4776 0.4344 0.4226 0.3827 0.3520 0.3382 0.3040 0.2713 0.2524 0.2311 0.2058 0.1852 0.1689 0.1540 0.1373 0.1224 0.1101 0.0998 0.0908 0.0819 0.0738 0.0655 0.0578 0.0512 0.0454 0.0407 0.0365 0.0327 0.0296 0.0267 0.0239 0.0213 0.0191 0.0172 0.0154 0.0138 0.0124 0.0111 0.0099 0.0088 0.0079 0.0071
0.7568 0.7222 0.7072 0.7234 0.6908 0.6409 0.6338 0.5793 0.5635 0.5156 0.4994 0.4507 0.4193 0.4023 0.3582 0.3207 0.3004 0.2747 0.2432 0.2186 0.1996 0.1820 0.1621 0.1444 0.1300 0.1179 0.1073 0.0966 0.0868 0.0769 0.0678 0.0602 0.0534 0.0480 0.0432 0.0388 0.0352 0.0318 0.0284 0.0253 0.0227 0.0204 0.0182 0.0163 0.0146 0.0131 0.0117 0.0104 0.0093 0.0084
0.8987 0.8525 0.8234 0.8269 0.8088 0.7443 0.7361 0.6730 0.6498 0.5972 0.5745 0.5181 0.4882 0.4657 0.4107 0.3708 0.3503 0.3187 0.2802 0.2519 0.2304 0.2101 0.1867 0.1662 0.1499 0.1359 0.1236 0.1109 0.0995 0.0880 0.0776 0.0690 0.0615 0.0554 0.0500 0.0450 0.0408 0.0368 0.0329 0.0293 0.0262 0.0235 0.0210 0.0188 0.0168 0.0150 0.0134 0.0119 0.0107 0.0096
1.0353 0.9831 0.9452 0.9322 0.9224 0.8476 0.8423 0.7655 0.7382 0.6777 0.6475 0.5851 0.5573 0.5258 0.4609 0.4230 0.4021 0.3621 0.3162 0.2851 0.2617 0.2383 0.2112 0.1879 0.1695 0.1537 0.1395 0.1248 0.1117 0.0988 0.0873 0.0779 0.0697 0.0630 0.0569 0.0513 0.0465 0.0419 0.0374 0.0332 0.0297 0.0266 0.0237 0.0212 0.0190 0.0169 0.0151 0.0134 0.0120 0.0108
1.1669 1.1070 1.0626 1.0414 1.0287 0.9468 0.9496 0.8543 0.8302 0.7551 0.7193 0.6509 0.6238 0.5800 0.5094 0.4778 0.4539 0.4028 0.3507 0.3186 0.2936 0.2665 0.2355 0.2093 0.1889 0.1712 0.1549 0.1383 0.1236 0.1094 0.0970 0.0869 0.0780 0.0707 0.0639 0.0576 0.0521 0.0469 0.0417 0.0370 0.0329 0.0295 0.0263 0.0235 0.0210 0.0187 0.0167 0.0149 0.0133 0.0120
1.2998 1.2375 1.1653 1.1467 1.1317 1.0405 1.0469 0.9438 0.9240 0.8305 0.7928 0.7152 0.6866 0.6293 0.5601 0.5357 0.5032 0.4401 0.3854 0.3546 0.3274 0.2957 0.2603 0.2314 0.2089 0.1890 0.1706 0.1520 0.1359 0.1206 0.1073 0.0965 0.0868 0.0787 0.0711 0.0639 0.0576 0.0517 0.0459 0.0407 0.0361 0.0323 0.0288 0.0257 0.0230 0.0206 0.0183 0.0164 0.0146 0.0132
1.4108 1.3895 1.2661 1.2320 1.2333 1.1331 1.1174 1.0441 1.0076 0.9086 0.8691 0.7786 0.7474 0.6780 0.6154 0.5933 0.5464 0.4752 0.4237 0.3949 0.3636 0.3260 0.2862 0.2549 0.2303 0.2081 0.1874 0.1669 0.1495 0.1331 0.1188 0.1070 0.0963 0.0872 0.0785 0.0703 0.0632 0.0565 0.0501 0.0443 0.0394 0.0352 0.0314 0.0281 0.0252 0.0225 0.0201 0.0180 0.0161 0.0145
1.4468 1.5041 1.4070 1.2910 1.3180 1.2346 1.1565 1.1524 1.0606 0.9947 0.9411 0.8414 0.8083 0.7274 0.6708 0.6418 0.5806 0.5104 0.4662 0.4368 0.3982 0.3544 0.3116 0.2788 0.2523 0.2277 0.2046 0.1824 0.1637 0.1462 0.1306 0.1176 0.1056 0.0953 0.0855 0.0763 0.0683 0.0610 0.0540 0.0479 0.0426 0.0381 0.0340 0.0306 0.0275 0.0246 0.0220 0.0197 0.0176 0.0159
1.4407 1.4956 1.5588 1.3680 1.3681 1.3516 1.1944 1.2452 1.0936 1.0919 0.9996 0.9100 0.8720 0.7792 0.7242 0.6830 0.6155 0.5534 0.5125 0.4755 0.4278 0.3803 0.3370 0.3038 0.2752 0.2478 0.2224 0.1986 0.1787 0.1597 0.1426 0.1281 0.1146 0.1030 0.0922 0.0820 0.0734 0.0655 0.0582 0.0516 0.0461 0.0413 0.0370 0.0333 0.0300 0.0270 0.0241 0.0215 0.0193 0.0174
1.5290 1.4698 1.5899 1.5265 1.3942 1.4563 1.2830 1.3116 1.1587 1.1783 1.0461 0.9892 0.9356 0.8368 0.7821 0.7316 0.6651 0.6054 0.5554 0.5062 0.4539 0.4080 0.3659 0.3312 0.2992 0.2685 0.2407 0.2154 0.1941 0.1735 0.1547 0.1385 0.1235 0.1109 0.0991 0.0881 0.0789 0.0707 0.0629 0.0560 0.0502 0.0450 0.0404 0.0364 0.0329 0.0295 0.0263 0.0236 0.0211 0.0190
1.7531 1.6174 1.5883 1.6757 1.4941 1.5247 1.4331 1.3808 1.2785 1.2497 1.1232 1.0757 0.9990 0.9070 0.8514 0.7953 0.7260 0.6549 0.5916 0.5393 0.4912 0.4478 0.4023 0.3614 0.3236 0.2892 0.2595 0.2329 0.2103 0.1879 0.1672 0.1494 0.1331 0.1194 0.1069 0.0953 0.0855 0.0767 0.0685 0.0612 0.0548 0.0492 0.0441 0.0398 0.0359 0.0322 0.0287 0.0256 0.0229 0.0206
1.9172 1.8425 1.7589 1.7814 1.6963 1.6323 1.5702 1.4866 1.4193 1.3691 1.2403 1.1608 1.0865 0.9897 0.9190 0.8577 0.7802 0.7011 0.6424 0.5999 0.5521 0.4981 0.4387 0.3884 0.3463 0.3108 0.2805 0.2528 0.2283 0.2035 0.1804 0.1610 0.1433 0.1288 0.1155 0.1031 0.0926 0.0831 0.0742 0.0663 0.0594 0.0531 0.0475 0.0428 0.0386 0.0347 0.0308 0.0274 0.0245 0.0220
2.0826 2.0269 1.9323 1.9466 1.8373 1.7917 1.7088 1.6412 1.5114 1.4587 1.3153 1.2990 1.2096 1.0607 0.9876 0.9229 0.8300 0.7521 0.7020 0.6534 0.5870 0.5187 0.4574 0.4135 0.3777 0.3442 0.3113 0.2791 0.2499 0.2208 0.1946 0.1731 0.1540 0.1383 0.1240 0.1105 0.0990 0.0886 0.0790 0.0704 0.0630 0.0563 0.0503 0.0453 0.0409 0.0367 0.0326 0.0291 0.0260 0.0234
2.0393 2.1207 2.0212 1.9136 1.9567 1.7857 1.7962 1.6395 1.6173 1.4837 1.4025 1.3219 1.2072 1.1308 1.0518 0.9578 0.8801 0.8103 0.7352 0.6633 0.5993 0.5478 0.4964 0.4491 0.4027 0.3592 0.3216 0.2889 0.2618 0.2352 0.2104 0.1889 0.1685 0.1511 0.1348 0.1194 0.1064 0.0948 0.0844 0.0751 0.0672 0.0600 0.0537 0.0484 0.0437 0.0393 0.0349 0.0312 0.0279 0.0251
2.1335 2.1518 2.2066 2.0249 2.0508 1.9269 1.8823 1.7568 1.7143 1.5708 1.5046 1.3990 1.2878 1.2088 1.1163 1.0196 0.9408 0.8630 0.7805 0.7068 0.6422 0.5876 0.5305 0.4780 0.4287 0.3836 0.3450 0.3103 0.2812 0.2523 0.2256 0.2023 0.1803 0.1615 0.1441 0.1278 0.1139 0.1016 0.0905 0.0806 0.0722 0.0646 0.0577 0.0519 0.0468 0.0420 0.0374 0.0334 0.0299 0.0269
2.3832 2.2141 2.2975 2.2137 2.1093 2.0931 1.9558 1.8936 1.7985 1.6731 1.6046 1.4785 1.3742 1.2868 1.1835 1.0855 1.0023 0.9157 0.8279 0.7535 0.6873 0.6281 0.5647 0.5073 0.4559 0.4098 0.3702 0.3330 0.3015 0.2700 0.2411 0.2159 0.1923 0.1722 0.1537 0.1364 0.1218 0.1087 0.0969 0.0865 0.0775 0.0694 0.0619 0.0557 0.0501 0.0449 0.0400 0.0358 0.0320 0.0288
2.5713 2.4314 2.3268 2.4025 2.2012 2.2362 2.0507 2.0296 1.8806 1.7894 1.7001 1.5639 1.4651 1.3656 1.2548 1.1542 1.0640 0.9697 0.8787 0.8035 0.7338 0.6687 0.5990 0.5375 0.4849 0.4380 0.3972 0.3569 0.3224 0.2881 0.2568 0.2298 0.2045 0.1832 0.1636 0.1455 0.1301 0.1162 0.1037 0.0927 0.0832 0.0744 0.0664 0.0596 0.0535 0.0480 0.0427 0.0382 0.0342 0.0308
2.5630 2.6669 2.4526 2.4991 2.3750 2.3282 2.1914 2.1442 1.9771 1.9125 1.7925 1.6573 1.5592 1.4472 1.3303 1.2243 1.1262 1.0267 0.9335 0.8559 0.7807 0.7093 0.6342 0.5695 0.5163 0.4684 0.4260 0.3819 0.3439 0.3064 0.2728 0.2440 0.2172 0.1947 0.1741 0.1551 0.1388 0.1242 0.1110 0.0993 0.0891 0.0798 0.0712 0.0637 0.0571 0.0511 0.0456 0.0407 0.0364 0.0328
2.6527 2.7213 2.6999 2.5435 2.5771 2.4002 2.3603 2.2346 2.0970 2.0309 1.8831 1.7567 1.6550 1.5315 1.4083 1.2951 1.1912 1.0891 0.9930 0.9098 0.8274 0.7502 0.6715 0.6050 0.5505 0.5004 0.4551 0.4072 0.3660 0.3255 0.2896 0.2590 0.2306 0.2070 0.1854 0.1653 0.1481 0.1325 0.1186 0.1062 0.0955 0.0855 0.0762 0.0680 0.0610 0.0546 0.0486 0.0435 0.0389 0.0350
2.9669 2.7542 2.8772 2.6780 2.7101 2.5203 2.5117 2.3244 2.2363 2.1385 1.9769 1.8614 1.7527 1.6178 1.4869 1.3680 1.2617 1.1572 1.0555 0.9639 0.8740 0.7927 0.7123 0.6449 0.5876 0.5336 0.4841 0.4327 0.3886 0.3458 0.3074 0.2749 0.2449 0.2203 0.1977 0.1764 0.1580 0.1413 0.1266 0.1134 0.1021 0.0914 0.0814 0.0727 0.0652 0.0584 0.0520 0.0465 0.0415 0.0374
3.1149 3.0026 2.9162 2.9150 2.7777 2.7069 2.6212 2.4447 2.3800 2.2385 2.0811 1.9733 1.8528 1.7047 1.5668 1.4458 1.3386 1.2288 1.1180 1.0173 0.9216 0.8384 0.7571 0.6882 0.6268 0.5678 0.5132 0.4582 0.4115 0.3667 0.3260 0.2917 0.2602 0.2346 0.2110 0.1882 0.1685 0.1505 0.1350 0.1211 0.1091 0.0977 0.0870 0.0776 0.0696 0.0624 0.0555 0.0496 0.0443 0.0398
3.1096 3.2521 3.0288 3.0956 2.8897 2.8941 2.7144 2.6013 2.5108 2.3394 2.1989 2.0904 1.9522 1.7914 1.6514 1.5315 1.4207 1.3007 1.1791 1.0710 0.9724 0.8887 0.8062 0.7344 0.6672 0.6021 0.5421 0.4838 0.4350 0.3885 0.3458 0.3098 0.2766 0.2500 0.2252 0.2009 0.1797 0.1603 0.1439 0.1292 0.1165 0.1042 0.0927 0.0826 0.0742 0.0665 0.0592 0.0528 0.0472 0.0424
3.3686 3.3042 3.2931 3.1734 3.0950 3.0231 2.8414 2.7699 2.6245 2.4522 2.3297 2.2071 2.0478 1.8808 1.7451 1.6248 1.5040 1.3701 1.2392 1.1276 1.0285 0.9442 0.8587 0.7821 0.7078 0.6361 0.5710 0.5099 0.4595 0.4118 0.3671 0.3293 0.2944 0.2665 0.2405 0.2143 0.1914 0.1706 0.1532 0.1376 0.1242 0.1110 0.0987 0.0879 0.0790 0.0709 0.0631 0.0563 0.0503 0.0450
3.6122 3.4116 3.4707 3.2821 3.2880 3.1125 3.0059 2.9143 2.7298 2.5835 2.4639 2.3132 2.1379 1.9783 1.8500 1.7216 1.5842 1.4367 1.3008 1.1907 1.0927 1.0060 0.9143 0.8306 0.7501 0.6729 0.6035 0.5392 0.4865 0.4368 0.3907 0.3515 0.3150 0.2853 0.2573 0.2292 0.2050 0.1829 0.1640 0.1471 0.1327 0.1187 0.1056 0.0939 0.0842 0.0755 0.0673 0.0601 0.0537 0.0481
3.6382 3.6682 3.5381 3.4887 3.4089 3.2399 3.1810 3.0314 2.8492 2.7334 2.5916 2.4090 2.2336 2.0899 1.9612 1.8144 1.6589 1.5037 1.3687 1.2617 1.1627 1.0700 0.9697 0.8782 0.7920 0.7104 0.6376 0.5706 0.5159 0.4642 0.4164 0.3756 0.3372 0.3052 0.2749 0.2449 0.2192 0.1959 0.1752 0.1570 0.1415 0.1267 0.1128 0.1003 0.0897 0.0802 0.0718 0.0641 0.0573 0.0513
3.7951 3.8166 3.6736 3.6747 3.5061 3.4133 3.3281 3.1388 2.9956 2.8868 2.7015 2.5023 2.3450 2.2129 2.0690 1.8983 1.7311 1.5768 1.4457 1.3396 1.2352 1.1334 1.0234 0.9247 0.8343 0.7495 0.6742 0.6048 0.5480 0.4938 0.4440 0.4012 0.3606 0.3261 0.2933 0.2611 0.2339 0.2093 0.1869 0.1673 0.1508 0.1351 0.1203 0.1069 0.0954 0.0852 0.0765 0.0684 0.0611 0.0548
4.0191 3.9000 3.8748 3.7915 3.6408 3.5911 3.4388 3.2642 3.1629 3.0214 2.7959 2.6094 2.4744 2.3353 2.1648 1.9759 1.8087 1.6611 1.5318 1.4210 1.3068 1.1941 1.0753 0.9714 0.8788 0.7920 0.7144 0.6424 0.5831 0.5258 0.4734 0.4283 0.3852 0.3479 0.3125 0.2780 0.2492 0.2233 0.1991 0.1781 0.1604 0.1439 0.1282 0.1139 0.1014 0.0905 0.0815 0.0729 0.0651 0.0584
4.1270 4.0313 4.0361 3.8822 3.8211 3.7335 3.5395 3.4247 3.3211 3.1253 2.8988 2.7458 2.6125 2.4441 2.2501 2.0604 1.9049 1.7641 1.6303 1.5068 1.3785 1.2558 1.1309 1.0246 0.9310 0.8427 0.7628 0.6877 0.6247 0.5631 0.5073 0.4590 0.4126 0.3726 0.3346 0.2976 0.2666 0.2388 0.2131 0.1906 0.1715 0.1540 0.1373 0.1223 0.1090 0.0973 0.0875 0.0783 0.0699 0.0628
4.1817 4.2161 4.1154 4.0155 4.0005 3.8188 3.6748 3.6035 3.4383 3.2168 3.0304 2.8969 2.7352 2.5344 2.3347 2.1585 2.0154 1.8732 1.7271 1.5878 1.4465 1.3172 1.1896 1.0828 0.9888 0.8986 0.8155 0.7361 0.6687 0.6019 0.5424 0.4907 0.4408 0.3981 0.3576 0.3181 0.2848 0.2550 0.2277 0.2037 0.1833 0.1647 0.1471 0.1313 0.1171 0.1045 0.0939 0.0841 0.0751 0.0674
4.3341 4.3274 4.1717 4.2197 4.0872 3.9102 3.8653 3.7413 3.5165 3.3349 3.1900 3.0355 2.8317 2.6179 2.4328 2.2735 2.1334 1.9800 1.8177 1.6639 1.5140 1.3820 1.2541 1.1475 1.0525 0.9591 0.8716 0.7869 0.7142 0.6417 0.5782 0.5233 0.4699 0.4245 0.3816 0.3396 0.3041 0.2721 0.2434 0.2178 0.1958 0.1761 0.1576 0.1410 0.1258 0.1123 0.1009 0.0903 0.0806 0.0724
4.5181 4.3088 4.3918 4.3275 4.1262 4.1019 4.0320 3.8102 3.6167 3.5018 3.3485 3.1449 2.9195 2.7205 2.5569 2.4031 2.2522 2.0813 1.9044 1.7423 1.5892 1.4574 1.3288 1.2205 1.1223 1.0241 0.9311 0.8403 0.7623 0.6845 0.6167 0.5583 0.5014 0.4533 0.4078 0.3633 0.3256 0.2917 0.2613 0.2340 0.2105 0.1895 0.1697 0.1519 0.1358 0.1213 0.1089 0.0974 0.0871 0.0782
4.4337 4.5496 4.5379 4.3178 4.3201 4.2995 4.0874 3.8913 3.7941 3.6828 3.4704 3.2370 3.0308 2.8602 2.7061 2.5394 2.3681 2.1802 1.9944 1.8316 1.6800 1.5482 1.4158 1.3019 1.1976 1.0930 0.9942 0.8971 0.8144 0.7328 0.6601 0.5975 0.5371 0.4859 0.4376 0.3906 0.3511 0.3155 0.2829 0.2538 0.2288 0.2060 0.1844 0.1648 0.1476 0.1322 0.1186 0.1062 0.0949 0.0853
4.6982 4.7041 4.4651 4.5264 4.5439 4.3250 4.1359 4.0783 3.9961 3.8064 3.5511 3.3402 3.1755 3.0210 2.8554 2.6655 2.4759 2.2788 2.0912 1.9313 1.7812 1.6473 1.5083 1.3865 1.2745 1.1631 1.0586 0.9552 0.8683 0.7836 0.7060 0.6393 0.5754 0.5211 0.4698 0.4202 0.3788 0.3416 0.3066 0.2755 0.2489 0.2241 0.2004 0.1788 0.1605 0.1440 0.1292 0.1157 0.1035 0.0930
4.8089 4.5692 4.7197 4.7665 4.5191 4.3519 4.3430 4.3010 4.1151 3.8693 3.6454 3.4890 3.3499 3.1834 2.9924 2.7816 2.5831 2.3851 2.1992 2.0419 1.8909 1.7517 1.6036 1.4724 1.3524 1.2343 1.1246 1.0156 0.9250 0.8377 0.7554 0.6844 0.6170 0.5594 0.5049 0.4525 0.4091 0.3700 0.3324 0.2992 0.2709 0.2439 0.2179 0.1940 0.1745 0.1570 0.1408 0.1261 0.1129 0.1014
4.6849 4.9452 4.9479 4.6943 4.5896 4.6400 4.6016 4.4179 4.1819 3.9902 3.8276 3.6909 3.5316 3.3355 3.1241 2.9073 2.7111 2.5168 2.3314 2.1707 2.0128 1.8664 1.7099 1.5715 1.4447 1.3205 1.2056 1.0905 0.9941 0.8998 0.8141 0.7402 0.6692 0.6078 0.5497 0.4939 0.4473 0.4050 0.3635 0.3270 0.2960 0.2670 0.2392 0.2141 0.1930 0.1738 0.1559 0.1397 0.1251 0.1124
5.1811 5.0372 4.8096 4.8537 4.9549 4.8815 4.6679 4.4644 4.3249 4.2176 4.0616 3.8879 3.6866 3.4689 3.2549 3.0455 2.8567 2.6646 2.4759 2.3074 2.1398 1.9855 1.8213 1.6769 1.5443 1.4147 1.2951 1.1738 1.0708 0.9683 0.8792 0.8026 0.7275 0.6621 0.5997 0.5403 0.4899 0.4438 0.3978 0.3576 0.3236 0.2924 0.2629 0.2367 0.2138 0.1928 0.1730 0.1551 0.1390 0.1249
5.0160 4.9564 5.1561 5.2477 5.0975 4.8743 4.7281 4.6644 4.6031 4.4846 4.2641 4.0385 3.8146 3.6013 3.4009 3.2040 3.0199 2.8251 2.6287 2.4497 2.2715 2.1099 1.9391 1.7898 1.6520 1.5173 1.3929 1.2651 1.1549 1.0431 0.9504 0.8707 0.7913 0.7213 0.6543 0.5910 0.5365 0.4862 0.4352 0.3908 0.3535 0.3201 0.2888 0.2616 0.2368 0.2137 0.1919 0.1721 0.1542 0.1388
5.2965 5.5021 5.4334 5.2252 5.0751 5.0406 5.0429 4.9944 4.8622 4.6630 4.3978 4.1651 3.9543 3.7601 3.5745 3.3848 3.1973 2.9942 2.7883 2.6010 2.4147 2.2453 2.0673 1.9124 1.7694 1.6293 1.4996 1.3666 1.2514 1.1333 1.0344 0.9492 0.8642 0.7890 0.7169 0.6492 0.5907 0.5363 0.4811 0.4331 0.3927 0.3561 0.3219 0.2923 0.2651 0.2396 0.2155 0.1935 0.1736 0.1564
5.7082 5.4909 5.3582 5.3754 5.4374 5.4513 5.3687 5.2004 4.9886 4.7681 4.5315 4.3319 4.1436 3.9591 3.7751 3.5828 3.3842 3.1692 2.9544 2.7625 2.5710 2.3932 2.2068 2.0451 1.8964 1.7502 1.6147 1.4779 1.3602 1.2390 1.1313 1.0383 0.9466 0.8655 0.7878 0.7156 0.6531 0.5948 0.5365 0.4854 0.4422 0.4016 0.3633 0.3298 0.2995 0.2712 0.2444 0.2199 0.1977 0.1785
5.6305 5.7324 5.8374 5.8592 5.7754 5.6399 5.4769 5.2986 5.1195 4.9418 4.7485 4.5677 4.3785 4.1833 3.9880 3.7871 3.5751 3.3489 3.1268 2.9320 2.7366 2.5503 2.3553 2.1866 2.0317 1.8791 1.7373 1.5968 1.4768 1.3529 1.2359 1.1344 1.0357 0.9483 0.8647 0.7879 0.7213 0.6591 0.5977 0.5436 0.4977 0.4526 0.4097 0.3718 0.3381 0.3068 0.2770 0.2498 0.2251 0.2036
6.3114 6.2715 6.1348 5.9792 5.8389 5.7403 5.6503 5.5327 5.3892 5.2208 5.0277 4.8311 4.6192 4.4008 4.1865 3.9706 3.7499 3.5172 3.2909 3.0949 2.8968 2.7042 2.5012 2.3253 2.1646 2.0069 1.8610 1.7175 1.5952 1.4680 1.3432 1.2349 1.1303 1.0380 0.9495 0.8675 0.7964 0.7298 0.6651 0.6077 0.5589 0.5095 0.4620 0.4194 0.3823 0.3478 0.3150 0.2848 0.2574 0.2334
6.4737 6.3655 6.2893 6.2378 6.1860 6.1201 6.0178 5.8598 5.6855 5.4936 5.2830 5.0666 4.8348 4.5925 4.3521 4.1061 3.8845 3.6523 3.4251 3.2289 3.0298 2.8358 2.6265 2.4437 2.2789 2.1203 1.9760 1.8308 1.7055 1.5722 1.4450 1.3352 1.2286 1.1358 1.0452 0.9566 0.8795 0.8073 0.7385 0.6771 0.6248 0.5727 0.5215 0.4744 0.4341 0.3967 0.3611 0.3280 0.2975 0.2706
6.9496 6.9073 6.8465 6.7633 6.6521 6.5024 6.3192 6.0949 5.8937 5.6953 5.4881 5.2701 5.0321 4.7751 4.5137 4.2400 4.0191 3.7884 3.5609 3.3649 3.1651 2.9700 2.7544 2.5647 2.3959 2.2371 2.0957 1.9495 1.8216 1.6822 1.5531 1.4424 1.3345 1.2419 1.1499 1.0543 0.9708 0.8926 0.8196 0.7541 0.6981 0.6434 0.5883 0.5363 0.4927 0.4524 0.4139 0.3775 0.3437 0.3138
7.4368 7.3027 7.1789 7.0493 6.9035 6.7156 6.4997 6.2501 6.0503 5.8641 5.6721 5.4593 5.2182 4.9472 4.6650 4.3637 4.1430 3.9137 3.6864 3.4908 3.2906 3.0948 2.8730 2.6765 2.5038 2.3456 2.2080 2.0615 1.9321 1.7880 1.6575 1.5464 1.4378 1.3460 1.2533 1.1507 1.0613 0.9773 0.9004 0.8311 0.7716 0.7145 0.6560 0.5992 0.5524 0.5092 0.4682 0.4287 0.3917 0.3587
7.4104 7.2928 7.1854 7.0632 6.9117 6.7255 6.5120 6.2650 6.0585 5.8631 5.6698 5.4572 5.2174 4.9394 4.6556 4.3581 4.1342 3.9042 3.6817 3.4881 3.2889 3.0934 2.8669 2.6640 2.4873 2.3294 2.1950 2.0493 1.9245 1.7897 1.6579 1.5450 1.4365 1.3433 1.2490 1.1465 1.0585 0.9764 0.9000 0.8300 0.7690 0.7120 0.6540 0.5984 0.5511 0.5078 0.4680 0.4289 0.3920 0.3590
