0.1260 0.0672 0.0066 0.0636 0.1421 0.0224 0.0839 0.0755 0.0513 0.0673 0.0725 0.0187 0.1013 0.0193 0.0316 0.0846 0.0316 0.0041 0.0460 0.0642 0.0328 0.0035 0.0082 0.0310 0.0441 0.0387 0.0224 0.0076 0.0010 0.0028 0.0092 0.0161 0.0209 0.0224 0.0214 0.0183 0.0144 0.0105 0.0070 0.0043 0.0023 0.0011 0.0005 0.0002 0.0003 0.0006 0.0010 0.0014 0.0017 0.0020
0.3903 0.2167 0.0230 0.1785 0.4278 0.0744 0.2426 0.2348 0.1467 0.2083 0.2119 0.0597 0.3038 0.0550 0.0981 0.2535 0.0922 0.0130 0.1398 0.1923 0.0969 0.0100 0.0255 0.0939 0.1325 0.1155 0.0666 0.0223 0.0029 0.0086 0.0279 0.0487 0.0628 0.0673 0.0641 0.0548 0.0431 0.0314 0.0210 0.0128 0.0069 0.0033 0.0013 0.0007 0.0010 0.0018 0.0029 0.0041 0.0051 0.0061
0.6869 0.4118 0.0530 0.2573 0.7152 0.1499 0.3731 0.4185 0.2205 0.3687 0.3339 0.1122 0.5047 0.0823 0.1746 0.4218 0.1453 0.0246 0.2391 0.3191 0.1563 0.0151 0.0451 0.1595 0.2215 0.1910 0.1089 0.0357 0.0047 0.0149 0.0475 0.0821 0.1052 0.1123 0.1067 0.0910 0.0714 0.0519 0.0346 0.0210 0.0114 0.0053 0.0022 0.0012 0.0017 0.0031 0.0049 0.0068 0.0086 0.0103
1.0204 0.6810 0.1191 0.2809 0.9946 0.2700 0.4566 0.6411 0.2603 0.5605 0.4265 0.1856 0.7008 0.0973 0.2680 0.5877 0.1862 0.0413 0.3472 0.4433 0.2081 0.0182 0.0688 0.2295 0.3114 0.2641 0.1479 0.0470 0.0062 0.0224 0.0688 0.1169 0.1485 0.1576 0.1491 0.1267 0.0990 0.0717 0.0476 0.0288 0.0155 0.0072 0.0030 0.0017 0.0025 0.0044 0.0070 0.0097 0.0122 0.0145
1.3646 1.0414 0.2603 0.2418 1.2415 0.4604 0.4767 0.9122 0.2581 0.7926 0.4781 0.2911 0.8854 0.0978 0.3855 0.7479 0.2110 0.0665 0.4672 0.5626 0.2493 0.0193 0.0986 0.3056 0.4021 0.3335 0.1823 0.0556 0.0074 0.0315 0.0922 0.1536 0.1930 0.2032 0.1910 0.1616 0.1257 0.0906 0.0599 0.0360 0.0193 0.0089 0.0036 0.0022 0.0033 0.0059 0.0092 0.0127 0.0159 0.0188
1.6479 1.4783 0.5286 0.1570 1.4130 0.7475 0.4254 1.2316 0.2143 1.0686 0.4791 0.4415 1.0474 0.0856 0.5342 0.8964 0.2168 0.1051 0.6010 0.6742 0.2772 0.0189 0.1369 0.3891 0.4932 0.3980 0.2109 0.0610 0.0087 0.0428 0.1186 0.1927 0.2387 0.2489 0.2323 0.1953 0.1511 0.1084 0.0712 0.0425 0.0225 0.0103 0.0042 0.0027 0.0042 0.0075 0.0116 0.0159 0.0198 0.0233
1.7539 1.9191 0.9696 0.0822 1.4532 1.1468 0.3125 1.5819 0.1434 1.3814 0.4257 0.6490 1.1710 0.0670 0.7194 1.0248 0.2027 0.1633 0.7495 0.7738 0.2896 0.0187 0.1860 0.4809 0.5838 0.4559 0.2326 0.0627 0.0103 0.0570 0.1484 0.2345 0.2858 0.2948 0.2727 0.2277 0.1750 0.1246 0.0813 0.0481 0.0252 0.0114 0.0047 0.0032 0.0053 0.0093 0.0142 0.0193 0.0238 0.0280
1.5624 2.2175 1.5828 0.1195 1.3110 1.6441 0.1772 1.9212 0.0802 1.7082 0.3248 0.9219 1.2371 0.0552 0.9431 1.1213 0.1710 0.2483 0.9115 0.8564 0.2849 0.0213 0.2489 0.5816 0.6724 0.5054 0.2463 0.0609 0.0129 0.0748 0.1824 0.2795 0.3344 0.3405 0.3119 0.2582 0.1969 0.1392 0.0900 0.0527 0.0272 0.0121 0.0050 0.0038 0.0065 0.0113 0.0171 0.0229 0.0282 0.0329
1.0478 2.1845 2.2666 0.4023 0.9757 2.1740 0.0963 2.1808 0.0819 2.0056 0.1998 1.2596 1.2263 0.0697 1.2012 1.1722 0.1275 0.3681 1.0835 0.9156 0.2631 0.0304 0.3282 0.6908 0.7572 0.5446 0.2511 0.0557 0.0173 0.0972 0.2211 0.3276 0.3842 0.3857 0.3495 0.2865 0.2166 0.1517 0.0971 0.0561 0.0286 0.0125 0.0053 0.0045 0.0079 0.0136 0.0202 0.0268 0.0327 0.0380
0.4068 1.6992 2.7853 1.0365 0.5243 2.6064 0.1788 2.2726 0.2227 2.2102 0.0960 1.6461 1.1246 0.1369 1.4806 1.1632 0.0833 0.5296 1.2581 0.9448 0.2257 0.0513 0.4265 0.8073 0.8352 0.5715 0.2467 0.0478 0.0247 0.1251 0.2651 0.3792 0.4351 0.4302 0.3850 0.3124 0.2338 0.1621 0.1026 0.0584 0.0292 0.0126 0.0055 0.0054 0.0096 0.0162 0.0237 0.0311 0.0376 0.0434
0.1072 0.8787 2.8249 1.9928 0.1569 2.7631 0.5390 2.1141 0.5748 2.2491 0.0803 2.0456 0.9319 0.2862 1.7598 1.0851 0.0555 0.7379 1.4257 0.9385 0.1768 0.0903 0.5466 0.9303 0.9046 0.5850 0.2333 0.0386 0.0364 0.1598 0.3153 0.4349 0.4877 0.4742 0.4189 0.3360 0.2487 0.1705 0.1065 0.0597 0.0292 0.0123 0.0057 0.0064 0.0116 0.0192 0.0276 0.0358 0.0429 0.0491
0.6864 0.1946 2.1924 2.9962 0.1746 2.4858 1.2375 1.6719 1.1742 2.0617 0.2319 2.3967 0.6683 0.5462 2.0088 0.9369 0.0661 0.9928 1.5717 0.8919 0.1230 0.1547 0.6902 1.0576 0.9626 0.5840 0.2116 0.0296 0.0544 0.2029 0.3729 0.4955 0.5424 0.5183 0.4514 0.3576 0.2615 0.1770 0.1089 0.0599 0.0287 0.0119 0.0060 0.0077 0.0140 0.0226 0.0320 0.0410 0.0486 0.0554
2.2167 0.3333 1.0827 3.5502 0.8385 1.7541 2.2051 1.0210 1.9768 1.6313 0.6182 2.6108 0.3811 0.9355 2.1876 0.7295 0.1405 1.2838 1.6738 0.8004 0.0740 0.2517 0.8557 1.1818 1.0027 0.5658 0.1822 0.0229 0.0806 0.2554 0.4380 0.5603 0.5982 0.5612 0.4815 0.3762 0.2716 0.1812 0.1097 0.0591 0.0276 0.0114 0.0065 0.0093 0.0168 0.0266 0.0369 0.0466 0.0549 0.0620
3.7822 1.6627 0.1988 3.1919 2.1206 0.8092 3.1895 0.3891 2.8216 1.0268 1.2592 2.5976 0.1517 1.4499 2.2558 0.4923 0.3041 1.5944 1.7139 0.6685 0.0434 0.3874 1.0388 1.2956 1.0202 0.5296 0.1472 0.0215 0.1173 0.3187 0.5109 0.6290 0.6545 0.6022 0.5086 0.3916 0.2787 0.1831 0.1088 0.0572 0.0260 0.0107 0.0071 0.0114 0.0202 0.0311 0.0424 0.0529 0.0616 0.0691
3.8945 3.5462 0.4612 1.9161 3.5294 0.1685 3.7764 0.1197 3.4486 0.4320 2.0887 2.2982 0.0849 2.0431 2.1710 0.2686 0.5798 1.9071 1.6845 0.5117 0.0480 0.5644 1.2315 1.3896 1.0104 0.4760 0.1098 0.0286 0.1666 0.3934 0.5911 0.7006 0.7100 0.6403 0.5316 0.4029 0.2822 0.1822 0.1060 0.0543 0.0239 0.0101 0.0081 0.0140 0.0242 0.0364 0.0486 0.0598 0.0689 0.0767
2.0997 4.3973 2.1482 0.5306 4.2195 0.4046 3.5597 0.5201 3.5997 0.1267 2.9303 1.7269 0.2832 2.6198 1.9019 0.1138 0.9801 2.2004 1.5862 0.3528 0.1050 0.7826 1.4239 1.4551 0.9706 0.4075 0.0743 0.0480 0.2305 0.4796 0.6776 0.7733 0.7628 0.6736 0.5492 0.4092 0.2816 0.1782 0.1011 0.0502 0.0214 0.0096 0.0096 0.0173 0.0291 0.0425 0.0557 0.0675 0.0769 0.0850
0.2766 3.0930 4.1901 0.2704 3.5891 1.7367 2.4587 1.6555 3.0931 0.3546 3.5612 1.0320 0.8097 3.0512 1.4604 0.0925 1.4834 2.4212 1.4052 0.2100 0.2318 1.0461 1.6132 1.4908 0.9041 0.3300 0.0468 0.0836 0.3106 0.5771 0.7689 0.8453 0.8113 0.7008 0.5605 0.4097 0.2765 0.1710 0.0943 0.0451 0.0187 0.0094 0.0118 0.0215 0.0349 0.0496 0.0637 0.0760 0.0858 0.0939
0.9903 0.8596 4.6688 1.7791 1.8736 3.6046 1.0505 3.2103 1.9703 1.1899 3.7382 0.4328 1.6376 3.2173 0.9295 0.2768 2.0351 2.4944 1.1209 0.0969 0.4386 1.3518 1.7917 1.4937 0.8144 0.2504 0.0336 0.1394 0.4079 0.6851 0.8634 0.9148 0.8540 0.7212 0.5651 0.4049 0.2673 0.1612 0.0860 0.0395 0.0162 0.0099 0.0149 0.0266 0.0417 0.0577 0.0725 0.0853 0.0952 0.1034
4.0343 0.3430 2.8571 4.1855 0.3168 4.8437 0.1627 4.4387 0.7518 2.5196 3.2335 0.1088 2.5872 3.0160 0.4336 0.6919 2.5443 2.3855 0.7825 0.0586 0.7117 1.6421 1.8988 1.4250 0.6869 0.1678 0.0366 0.2147 0.5187 0.7978 0.9546 0.9760 0.8866 0.7318 0.5615 0.3940 0.2541 0.1490 0.0766 0.0338 0.0141 0.0111 0.0189 0.0328 0.0496 0.0668 0.0823 0.0955 0.1055 0.1137
5.3924 3.0424 0.4703 5.3044 0.6463 4.3859 0.7762 4.6006 0.1392 3.9450 2.1707 0.4204 3.5178 2.4387 0.1225 1.3666 2.9709 2.1079 0.4488 0.1491 1.0859 1.9432 1.9600 1.3087 0.5412 0.0973 0.0685 0.3212 0.6539 0.9251 1.0511 1.0358 0.9142 0.7363 0.5521 0.3783 0.2376 0.1348 0.0665 0.0281 0.0127 0.0134 0.0242 0.0405 0.0589 0.0772 0.0933 0.1068 0.1167 0.1248
2.4867 5.7381 0.8602 3.5508 3.1467 2.2630 2.8902 3.3080 0.7757 4.7114 0.9336 1.4244 4.0476 1.5822 0.1732 2.2015 3.1746 1.6632 0.1861 0.3888 1.5218 2.2007 1.9423 1.1397 0.3879 0.0513 0.1353 0.4571 0.8061 1.0571 1.1431 1.0863 0.9313 0.7310 0.5349 0.3572 0.2177 0.1189 0.0559 0.0229 0.0124 0.0171 0.0311 0.0496 0.0697 0.0890 0.1056 0.1191 0.1288 0.1367
0.1448 4.2252 4.2879 0.7324 5.6476 0.3448 5.1375 1.3023 2.6279 4.2785 0.1750 2.8915 3.9094 0.7058 0.6893 3.0385 3.0717 1.1167 0.0724 0.7867 1.9815 2.3792 1.8347 0.9274 0.2430 0.0423 0.2430 0.6225 0.9719 1.1893 1.2267 1.1246 0.9360 0.7153 0.5097 0.3307 0.1947 0.1018 0.0454 0.0187 0.0135 0.0225 0.0397 0.0605 0.0821 0.1023 0.1191 0.1325 0.1419 0.1494
3.4215 0.6160 6.2699 0.7134 5.2982 0.8779 5.5788 0.1781 4.7408 2.7186 0.4872 4.2803 3.0489 0.1631 1.6453 3.6679 2.6357 0.5794 0.1776 1.3240 2.4119 2.4445 1.6356 0.6889 0.1261 0.0831 0.3958 0.8155 1.1466 1.3166 1.2976 1.1479 0.9269 0.6886 0.4767 0.2996 0.1695 0.0842 0.0357 0.0160 0.0165 0.0300 0.0503 0.0733 0.0963 0.1171 0.1339 0.1471 0.1560 0.1629
6.7666 1.5427 3.5145 4.2851 2.1687 3.9257 3.5324 1.2252 5.6524 0.9122 1.9904 4.9194 1.7360 0.2786 2.8446 3.8824 1.9280 0.1938 0.5439 1.9500 2.7518 2.3733 1.3570 0.4502 0.0586 0.1847 0.5945 1.0308 1.3228 1.4321 1.3514 1.1541 0.9034 0.6514 0.4369 0.2646 0.1430 0.0670 0.0274 0.0154 0.0219 0.0399 0.0633 0.0883 0.1124 0.1336 0.1503 0.1630 0.1712 0.1774
3.1897 6.2314 0.2871 6.8013 0.2245 6.4723 0.8325 4.0277 4.4899 0.1816 4.0681 4.3702 0.5499 1.1824 3.9388 3.5559 1.1089 0.1030 1.1649 2.5816 2.9379 2.1551 1.0234 0.2426 0.0622 0.3544 0.8359 1.2601 1.4917 1.5289 1.3835 1.1407 0.8648 0.6039 0.3909 0.2268 0.1161 0.0511 0.0214 0.0175 0.0302 0.0526 0.0789 0.1056 0.1305 0.1519 0.1681 0.1802 0.1875 0.1929
0.3043 5.9251 2.7022 4.2540 2.6685 5.3962 0.5279 6.3042 1.9806 1.3715 5.5505 2.7871 0.1609 2.6780 4.5297 2.7198 0.4176 0.4092 1.9706 3.1097 2.9162 1.7991 0.6730 0.1019 0.1554 0.5944 1.1122 1.4928 1.6438 1.6002 1.3896 1.1056 0.8103 0.5463 0.3397 0.1875 0.0900 0.0375 0.0186 0.0230 0.0418 0.0686 0.0975 0.1254 0.1507 0.1719 0.1875 0.1987 0.2049 0.2092
5.4873 0.9424 7.2317 0.4752 6.7233 1.7345 3.5355 5.7666 0.2678 3.9833 5.3927 1.0030 0.9729 4.2350 4.3263 1.6021 0.1152 1.1278 2.8265 3.4213 2.6624 1.3443 0.3588 0.0646 0.3507 0.8995 1.4101 1.7149 1.7683 1.6389 1.3665 1.0480 0.7408 0.4802 0.2850 0.1481 0.0662 0.0275 0.0197 0.0325 0.0574 0.0882 0.1192 0.1479 0.1733 0.1939 0.2085 0.2186 0.2234 0.2265
7.1477 2.2045 5.3978 2.2912 6.4573 0.4012 6.8510 2.6917 1.2277 6.1961 3.5196 0.1828 2.8022 5.1640 3.3156 0.5959 0.3953 2.1549 3.5513 3.4258 2.1939 0.8570 0.1409 0.1610 0.6505 1.2559 1.7115 1.9107 1.8546 1.6393 1.3120 0.9682 0.6578 0.4077 0.2290 0.1109 0.0464 0.0222 0.0259 0.0469 0.0774 0.1117 0.1443 0.1732 0.1982 0.2179 0.2312 0.2398 0.2431 0.2448
1.0239 7.8034 0.5572 7.3070 1.9577 3.8654 6.4226 0.3252 4.4431 6.1288 1.1709 1.1005 4.8290 4.9585 1.8547 0.1417 1.2930 3.2699 3.9597 3.0860 1.5780 0.4257 0.0773 0.4090 1.0443 1.6433 2.0002 2.0712 1.8993 1.6005 1.2280 0.8695 0.5650 0.3322 0.1745 0.0780 0.0322 0.0231 0.0380 0.0668 0.1022 0.1393 0.1729 0.2019 0.2258 0.2441 0.2561 0.2630 0.2644 0.2645
3.0996 5.0475 3.1403 6.4957 0.6624 7.6901 2.5169 1.7123 7.0396 3.6284 0.2327 3.4675 5.9223 3.5892 0.5804 0.5468 2.6247 4.1711 3.9099 2.4400 0.9287 0.1466 0.2126 0.8073 1.5064 2.0295 2.2460 2.1731 1.8876 1.5167 1.1134 0.7534 0.4651 0.2566 0.1243 0.0517 0.0255 0.0315 0.0571 0.0929 0.1324 0.1714 0.2053 0.2337 0.2561 0.2724 0.2827 0.2876 0.2869 0.2851
8.6257 0.3634 8.3832 1.1254 5.4585 6.1019 0.3103 5.7859 6.2739 0.8360 1.7789 5.8676 5.3228 1.6937 0.1820 1.8107 4.0034 4.5657 3.3664 1.6139 0.3921 0.1068 0.5658 1.3311 1.9967 2.3775 2.4229 2.2019 1.8146 1.3887 0.9722 0.6249 0.3629 0.1852 0.0819 0.0345 0.0282 0.0486 0.0840 0.1256 0.1681 0.2082 0.2415 0.2687 0.2888 0.3027 0.3110 0.3137 0.3105 0.3067
2.6234 5.8570 4.7389 2.0877 8.3946 1.2977 3.3569 7.8440 2.7175 0.5691 4.9131 6.5857 3.2581 0.3448 1.0349 3.5472 4.9471 4.2769 2.4356 0.8064 0.1167 0.3619 1.1205 1.9311 2.4638 2.6485 2.5077 2.1479 1.6795 1.2213 0.8111 0.4907 0.2643 0.1227 0.0508 0.0291 0.0419 0.0757 0.1194 0.1656 0.2098 0.2498 0.2816 0.3069 0.3242 0.3350 0.3410 0.3411 0.3352 0.3293
2.0437 8.1183 0.3987 8.1436 3.9327 1.2510 7.8504 5.1032 0.2979 3.5210 7.1324 4.9199 1.0133 0.4809 2.9165 5.0854 5.0661 3.3419 1.3668 0.2485 0.2170 0.9179 1.8258 2.5475 2.8648 2.8185 2.4892 2.0103 1.4893 1.0259 0.6408 0.3599 0.1764 0.0743 0.0348 0.0381 0.0687 0.1142 0.1646 0.2137 0.2582 0.2972 0.3266 0.3491 0.3631 0.3707 0.3736 0.3707 0.3618 0.3536
9.1512 1.1370 6.1290 6.6869 0.3630 6.6895 7.1839 0.9368 2.1711 7.0688 6.3872 2.0267 0.2302 2.2648 5.0000 5.7215 4.2336 2.0292 0.4880 0.1401 0.7371 1.7164 2.5865 3.0894 3.1315 2.8470 2.3535 1.7912 1.2522 0.8106 0.4700 0.2402 0.1053 0.0446 0.0372 0.0638 0.1100 0.1649 0.2198 0.2698 0.3130 0.3497 0.3757 0.3945 0.4045 0.4084 0.4079 0.4016 0.3896 0.3788
3.1379 3.8517 8.5226 0.6461 5.1310 8.5468 2.0939 1.1952 6.5988 7.5412 3.1593 0.2564 1.7128 4.8168 6.2085 5.0817 2.7175 0.8013 0.1283 0.5904 1.6241 2.6358 3.2824 3.4702 3.2165 2.7181 2.1047 1.5046 0.9850 0.5914 0.3117 0.1415 0.0583 0.0385 0.0612 0.1083 0.1668 0.2283 0.2851 0.3339 0.3741 0.4071 0.4286 0.4429 0.4484 0.4480 0.4436 0.4337 0.4183 0.4049
2.2138 9.3737 1.4829 3.8214 9.2494 3.2935 0.6570 6.0741 8.3431 4.2200 0.4485 1.3254 4.6748 6.6307 5.8192 3.3850 1.1317 0.1612 0.4947 1.5640 2.7259 3.5131 3.7919 3.6201 3.0945 2.4367 1.7640 1.1762 0.7114 0.3874 0.1804 0.0742 0.0424 0.0606 0.1098 0.1733 0.2406 0.3056 0.3616 0.4070 0.4425 0.4705 0.4863 0.4950 0.4953 0.4902 0.4817 0.4679 0.4488 0.4325
9.7583 2.2212 3.0789 9.6020 4.1685 0.4431 5.7765 8.9359 5.0139 0.6571 1.1292 4.6844 7.0966 6.4934 3.9423 1.4209 0.2061 0.4550 1.5814 2.8700 3.8173 4.1743 4.0129 3.4988 2.7673 2.0275 1.3638 0.8367 0.4567 0.2180 0.0899 0.0476 0.0636 0.1149 0.1857 0.2608 0.3328 0.3980 0.4506 0.4905 0.5198 0.5414 0.5500 0.5516 0.5460 0.5358 0.5228 0.5049 0.4819 0.4623
2.3245 3.0005 9.8603 4.4421 0.4144 5.9163 9.3999 5.3998 0.7303 1.1457 4.9443 7.6252 7.0764 4.3350 1.5814 0.2296 0.4758 1.7094 3.1286 4.1796 4.6280 4.4519 3.8730 3.1009 2.2658 1.5321 0.9424 0.5180 0.2455 0.1021 0.0531 0.0701 0.1273 0.2043 0.2901 0.3709 0.4428 0.5044 0.5503 0.5824 0.6037 0.6173 0.6176 0.6110 0.5990 0.5832 0.5654 0.5431 0.5161 0.4930
3.7534 10.1113 3.9327 0.5811 6.6652 9.7584 5.2186 0.5898 1.4422 5.6024 8.2646 7.4764 4.4680 1.5501 0.2100 0.5891 1.9903 3.5587 4.6734 5.1175 4.9314 4.2556 3.3737 2.4766 1.6562 1.0144 0.5529 0.2603 0.1065 0.0586 0.0818 0.1488 0.2370 0.3305 0.4234 0.5034 0.5700 0.6241 0.6601 0.6819 0.6935 0.6977 0.6884 0.6728 0.6537 0.6321 0.6092 0.5824 0.5511 0.5244
10.0747 2.6097 1.2816 8.1216 9.8242 4.3432 0.3210 2.2319 6.7722 9.0712 7.6156 4.2130 1.2791 0.1746 0.8654 2.5278 4.2210 5.3600 5.7142 5.3967 4.6281 3.6119 2.6043 1.7330 1.0368 0.5533 0.2532 0.1035 0.0653 0.1034 0.1857 0.2894 0.3969 0.4966 0.5890 0.6614 0.7172 0.7594 0.7818 0.7906 0.7908 0.7859 0.7674 0.7430 0.7168 0.6887 0.6594 0.6271 0.5911 0.5606
0.8054 3.2444 9.9757 8.9059 2.6815 0.3345 3.8453 8.4418 9.6990 7.2440 3.4498 0.7883 0.2449 1.4487 3.4069 5.1922 6.2104 6.3833 5.8377 4.8711 3.7450 2.6308 1.6969 0.9919 0.5042 0.2202 0.0931 0.0803 0.1420 0.2478 0.3704 0.4939 0.6065 0.7010 0.7840 0.8415 0.8809 0.9070 0.9124 0.9060 0.8933 0.8786 0.8505 0.8169 0.7831 0.7481 0.7119 0.6739 0.6328 0.5984
7.0857 10.9737 6.2520 0.7976 1.5329 6.5617 10.2028 9.5901 5.9447 2.1682 0.2993 0.7072 2.5720 4.7605 6.4317 7.2010 6.9997 6.1501 4.9370 3.6562 2.4949 1.5377 0.8473 0.4053 0.1662 0.0867 0.1173 0.2162 0.3493 0.4970 0.6363 0.7604 0.8629 0.9402 1.0050 1.0405 1.0584 1.0646 1.0501 1.0265 0.9996 0.9746 0.9364 0.8932 0.8515 0.8094 0.7659 0.7219 0.6756 0.6372
8.7491 2.2245 0.5827 4.9687 9.9300 10.9311 7.8958 3.5984 0.7413 0.3908 2.0420 4.5010 6.6533 7.8765 8.0619 7.3951 6.1344 4.6914 3.2962 2.1212 1.2306 0.6195 0.2670 0.1175 0.1134 0.2062 0.3539 0.5238 0.6909 0.8498 0.9812 1.0871 1.1650 1.2148 1.2544 1.2626 1.2549 1.2381 1.2019 1.1599 1.1178 1.0805 1.0309 0.9778 0.9277 0.8781 0.8268 0.7765 0.7246 0.6819
0.4537 4.6370 10.0512 11.6686 8.8422 4.2838 1.0030 0.3695 2.0294 4.7462 7.2516 8.8078 9.1615 8.4800 7.1616 5.5694 3.9653 2.5908 1.5221 0.7866 0.3490 0.1505 0.1314 0.2324 0.4009 0.6028 0.8083 0.9991 1.1586 1.2966 1.3965 1.4669 1.5070 1.5205 1.5292 1.5057 1.4688 1.4264 1.3674 1.3059 1.2478 1.1962 1.1338 1.0707 1.0118 0.9541 0.8946 0.8377 0.7799 0.7325
11.3654 11.8427 8.2271 3.5609 0.6856 0.6688 2.8822 5.9480 8.6010 10.1110 10.2795 9.4009 7.8363 5.9855 4.2168 2.7181 1.5680 0.7926 0.3456 0.1660 0.1815 0.3239 0.5400 0.7909 1.0342 1.2626 1.4571 1.6166 1.7281 1.8152 1.8626 1.8827 1.8741 1.8441 1.8173 1.7587 1.6899 1.6199 1.5371 1.4555 1.3808 1.3144 1.2390 1.1659 1.0982 1.0323 0.9645 0.9008 0.8371 0.7848
5.1190 1.3839 0.4508 2.2384 5.4805 8.6994 10.8759 11.6179 11.0526 9.5605 7.5748 5.5435 3.7140 2.2402 1.1983 0.5579 0.2529 0.2065 0.3383 0.5802 0.8785 1.1837 1.4766 1.7456 1.9547 2.1260 2.2461 2.3288 2.3591 2.3719 2.3529 2.3138 2.2503 2.1725 2.1076 2.0128 1.9123 1.8153 1.7102 1.6092 1.5181 1.4371 1.3491 1.2664 1.1899 1.1158 1.0396 0.9691 0.8993 0.8421
3.6860 7.3186 10.5574 12.5272 12.9428 11.9924 10.1326 7.8525 5.6137 3.6728 2.1617 1.1239 0.5198 0.2792 0.3149 0.5381 0.8704 1.2545 1.6389 2.0019 2.3269 2.5812 2.7849 2.9475 3.0338 3.0868 3.0912 3.0661 2.9945 2.9207 2.8326 2.7343 2.6157 2.4889 2.3852 2.2572 2.1291 2.0099 1.8876 1.7700 1.6632 1.5686 1.4691 1.3782 1.2926 1.2101 1.1260 1.0487 0.9725 0.9101
13.7668 12.2714 10.0666 7.6327 5.3183 3.3659 1.8999 0.9462 0.4684 0.3721 0.5582 0.9336 1.4134 1.9254 2.4281 2.8888 3.2800 3.6078 3.8518 4.0396 4.1731 4.2160 4.2185 4.2001 4.1193 4.0273 3.9013 3.7606 3.5853 3.4258 3.2742 3.1226 2.9539 2.7823 2.6435 2.4864 2.3344 2.1962 2.0600 1.9279 1.8067 1.6996 1.5894 1.4914 1.3973 1.3066 1.2149 1.1308 1.0484 0.9809
1.2381 0.6501 0.5019 0.7115 1.1823 1.8211 2.5414 3.2541 3.9435 4.5763 5.1358 5.6011 5.9482 6.1733 6.3134 6.3742 6.3513 6.2901 6.1702 6.0427 5.9004 5.6858 5.4661 5.2617 5.0240 4.8021 4.5640 4.3241 4.0623 3.8331 3.6326 3.4403 3.2328 3.0261 2.8598 2.6803 2.5101 2.3578 2.2116 2.0684 1.9354 1.8179 1.6991 1.5955 1.4945 1.3968 1.2980 1.2079 1.1198 1.0478
10.2112 10.6437 10.9712 11.2351 11.4210 11.5210 11.5074 11.3399 11.1452 10.9145 10.6370 10.3428 9.9975 9.6047 9.2082 8.8057 8.3737 7.9707 7.5603 7.1956 6.8582 6.4771 6.1099 5.7810 5.4421 5.1456 4.8514 4.5516 4.2445 3.9868 3.7538 3.5358 3.3127 3.0936 2.9171 2.7246 2.5456 2.3873 2.2334 2.0855 1.9504 1.8309 1.7103 1.6051 1.5060 1.4089 1.3047 1.2125 1.1236 1.0511
