0.0000 0.0000 0.0000 0.0000 0.0000 0.0000 0.0000 0.0000 0.0000 0.0000 0.0000 0.0000 0.0000 0.0000 0.0000 0.0000 0.0000 0.0008 0.0003 0.0005 0.0036 0.0065 0.0058 0.0025 0.0012 0.0045 0.0107 0.0162 0.0183 0.0164 0.0118 0.0066 0.0026 0.0005 0.0004 0.0020 0.0045 0.0074 0.0101 0.0123 0.0138 0.0147 0.0149 0.0147 0.0139 0.0129 0.0117 0.0105 0.0093 0.0081
0.0000 0.0000 0.0000 0.0000 0.0000 0.0000 0.0000 0.0000 0.0000 0.0000 0.0000 0.0000 0.0000 0.0000 0.0000 0.0000 0.0000 0.0023 0.0008 0.0015 0.0110 0.0197 0.0173 0.0074 0.0036 0.0137 0.0324 0.0490 0.0550 0.0492 0.0353 0.0198 0.0076 0.0014 0.0013 0.0060 0.0137 0.0223 0.0303 0.0369 0.0416 0.0441 0.0448 0.0439 0.0417 0.0386 0.0351 0.0315 0.0278 0.0242
0.0000 0.0000 0.0000 0.0000 0.0000 0.0000 0.0000 0.0000 0.0000 0.0000 0.0000 0.0000 0.0000 0.0000 0.0000 0.0000 0.0000 0.0036 0.0010 0.0029 0.0191 0.0334 0.0290 0.0124 0.0066 0.0238 0.0551 0.0823 0.0918 0.0816 0.0583 0.0324 0.0123 0.0022 0.0022 0.0103 0.0232 0.0375 0.0508 0.0617 0.0694 0.0735 0.0746 0.0731 0.0694 0.0642 0.0583 0.0523 0.0462 0.0402
0.0000 0.0000 0.0000 0.0000 0.0000 0.0000 0.0000 0.0000 0.0000 0.0000 0.0000 0.0000 0.0000 0.0000 0.0000 0.0000 0.0000 0.0045 0.0009 0.0050 0.0286 0.0480 0.0408 0.0175 0.0103 0.0354 0.0793 0.1165 0.1287 0.1135 0.0804 0.0442 0.0165 0.0028 0.0033 0.0150 0.0331 0.0531 0.0716 0.0868 0.0974 0.1030 0.1044 0.1022 0.0969 0.0896 0.0814 0.0729 0.0643 0.0560
0.0000 0.0000 0.0000 0.0000 0.0000 0.0000 0.0000 0.0000 0.0000 0.0000 0.0000 0.0000 0.0000 0.0000 0.0000 0.0000 0.0000 0.0049 0.0006 0.0083 0.0401 0.0641 0.0530 0.0229 0.0152 0.0488 0.1053 0.1518 0.1655 0.1444 0.1012 0.0549 0.0200 0.0032 0.0046 0.0201 0.0437 0.0694 0.0930 0.1123 0.1256 0.1326 0.1341 0.1311 0.1242 0.1148 0.1041 0.0932 0.0822 0.0715
0.0000 0.0000 0.0000 0.0000 0.0000 0.0000 0.0000 0.0000 0.0000 0.0000 0.0000 0.0000 0.0000 0.0000 0.0000 0.0000 0.0000 0.0047 0.0004 0.0137 0.0546 0.0821 0.0659 0.0288 0.0214 0.0644 0.1332 0.1877 0.2016 0.1736 0.1200 0.0639 0.0225 0.0034 0.0063 0.0260 0.0551 0.0864 0.1151 0.1382 0.1540 0.1621 0.1636 0.1597 0.1511 0.1395 0.1264 0.1131 0.0997 0.0867
0.0000 0.0000 0.0000 0.0000 0.0000 0.0000 0.0000 0.0000 0.0000 0.0000 0.0000 0.0000 0.0000 0.0000 0.0000 0.0000 0.0000 0.0041 0.0008 0.0221 0.0728 0.1025 0.0795 0.0352 0.0291 0.0820 0.1625 0.2236 0.2361 0.2003 0.1361 0.0708 0.0237 0.0032 0.0083 0.0326 0.0675 0.1045 0.1379 0.1646 0.1826 0.1917 0.1929 0.1880 0.1775 0.1637 0.1481 0.1324 0.1166 0.1014
0.0000 0.0000 0.0000 0.0000 0.0000 0.0000 0.0000 0.0000 0.0000 0.0000 0.0000 0.0000 0.0000 0.0000 0.0000 0.0000 0.0000 0.0034 0.0028 0.0347 0.0956 0.1255 0.0938 0.0420 0.0379 0.1010 0.1921 0.2581 0.2674 0.2230 0.1486 0.0749 0.0234 0.0027 0.0109 0.0404 0.0812 0.1237 0.1616 0.1916 0.2115 0.2212 0.2220 0.2158 0.2034 0.1872 0.1693 0.1511 0.1330 0.1156
0.0000 0.0000 0.0000 0.0000 0.0000 0.0000 0.0000 0.0000 0.0000 0.0000 0.0000 0.0000 0.0000 0.0000 0.0000 0.0000 0.0000 0.0030 0.0075 0.0525 0.1229 0.1504 0.1079 0.0484 0.0470 0.1201 0.2204 0.2891 0.2937 0.2402 0.1562 0.0756 0.0215 0.0020 0.0144 0.0497 0.0965 0.1443 0.1864 0.2193 0.2408 0.2507 0.2508 0.2431 0.2287 0.2101 0.1897 0.1692 0.1487 0.1291
0.0000 0.0000 0.0000 0.0000 0.0000 0.0000 0.0000 0.0000 0.0000 0.0000 0.0000 0.0000 0.0000 0.0000 0.0000 0.0000 0.0000 0.0037 0.0160 0.0757 0.1536 0.1750 0.1197 0.0527 0.0548 0.1375 0.2452 0.3141 0.3126 0.2499 0.1577 0.0725 0.0178 0.0014 0.0193 0.0609 0.1139 0.1669 0.2128 0.2480 0.2705 0.2802 0.2793 0.2699 0.2533 0.2322 0.2093 0.1864 0.1637 0.1420
0.0000 0.0000 0.0000 0.0000 0.0000 0.0000 0.0000 0.0000 0.0000 0.0000 0.0000 0.0000 0.0000 0.0000 0.0000 0.0000 0.0000 0.0063 0.0289 0.1030 0.1844 0.1956 0.1259 0.0527 0.0598 0.1517 0.2645 0.3314 0.3225 0.2511 0.1527 0.0654 0.0128 0.0016 0.0263 0.0751 0.1344 0.1922 0.2414 0.2785 0.3015 0.3105 0.3081 0.2967 0.2776 0.2539 0.2285 0.2032 0.1782 0.1544
0.0000 0.0000 0.0000 0.0000 0.0000 0.0000 0.0000 0.0000 0.0000 0.0000 0.0000 0.0000 0.0000 0.0000 0.0000 0.0000 0.0000 0.0116 0.0457 0.1307 0.2092 0.2058 0.1219 0.0459 0.0610 0.1624 0.2784 0.3407 0.3231 0.2438 0.1414 0.0550 0.0075 0.0038 0.0368 0.0935 0.1591 0.2215 0.2734 0.3117 0.3344 0.3423 0.3379 0.3240 0.3021 0.2755 0.2474 0.2197 0.1924 0.1665
0.0000 0.0000 0.0000 0.0000 0.0000 0.0000 0.0000 0.0000 0.0000 0.0000 0.0000 0.0000 0.0000 0.0000 0.0000 0.0000 0.0000 0.0193 0.0633 0.1517 0.2191 0.1977 0.1030 0.0315 0.0603 0.1726 0.2896 0.3446 0.3168 0.2299 0.1257 0.0432 0.0034 0.0093 0.0520 0.1170 0.1889 0.2552 0.3090 0.3476 0.3693 0.3752 0.3683 0.3515 0.3264 0.2968 0.2659 0.2356 0.2060 0.1780
0.0000 0.0000 0.0000 0.0000 0.0000 0.0000 0.0000 0.0000 0.0000 0.0000 0.0000 0.0000 0.0000 0.0000 0.0000 0.0000 0.0000 0.0281 0.0760 0.1566 0.2047 0.1653 0.0686 0.0139 0.0657 0.1916 0.3078 0.3517 0.3109 0.2156 0.1103 0.0332 0.0030 0.0199 0.0730 0.1463 0.2240 0.2933 0.3482 0.3862 0.4061 0.4093 0.3993 0.3791 0.3505 0.3175 0.2839 0.2510 0.2190 0.1889
0.0000 0.0000 0.0000 0.0000 0.0000 0.0000 0.0000 0.0000 0.0000 0.0000 0.0000 0.0000 0.0000 0.0000 0.0000 0.0000 0.0000 0.0349 0.0763 0.1370 0.1618 0.1110 0.0278 0.0074 0.0940 0.2371 0.3492 0.3763 0.3170 0.2095 0.1012 0.0288 0.0079 0.0357 0.0988 0.1801 0.2628 0.3344 0.3895 0.4261 0.4434 0.4436 0.4300 0.4062 0.3737 0.3374 0.3009 0.2655 0.2312 0.1991
0.0000 0.0000 0.0000 0.0000 0.0000 0.0000 0.0000 0.0000 0.0000 0.0000 0.0000 0.0000 0.0000 0.0000 0.0000 0.0000 0.0000 0.0351 0.0586 0.0943 0.1022 0.0550 0.0053 0.0372 0.1681 0.3279 0.4295 0.4309 0.3446 0.2180 0.1016 0.0305 0.0165 0.0536 0.1256 0.2138 0.3007 0.3740 0.4289 0.4639 0.4785 0.4754 0.4584 0.4310 0.3949 0.3553 0.3162 0.2784 0.2421 0.2082
0.0000 0.0000 0.0000 0.0000 0.0000 0.0000 0.0000 0.0000 0.0000 0.0000 0.0000 0.0000 0.0000 0.0000 0.0000 0.0000 0.0000 0.0254 0.0277 0.0535 0.0674 0.0442 0.0407 0.1272 0.2954 0.4602 0.5387 0.5038 0.3828 0.2318 0.1036 0.0310 0.0221 0.0670 0.1467 0.2410 0.3318 0.4067 0.4615 0.4952 0.5075 0.5018 0.4819 0.4514 0.4123 0.3700 0.3287 0.2890 0.2509 0.2155
0.0000 0.0000 0.0000 0.0000 0.0000 0.0000 0.0000 0.0000 0.0000 0.0000 0.0000 0.0000 0.0000 0.0000 0.0000 0.0000 0.0000 0.0084 0.0117 0.0789 0.1361 0.1419 0.1563 0.2482 0.4033 0.5377 0.5781 0.5084 0.3640 0.2035 0.0777 0.0147 0.0184 0.0755 0.1652 0.2662 0.3607 0.4367 0.4911 0.5231 0.5329 0.5246 0.5018 0.4685 0.4266 0.3818 0.3389 0.2975 0.2580 0.2214
0.0000 0.0000 0.0000 0.0000 0.0000 0.0000 0.0000 0.0000 0.0000 0.0000 0.0000 0.0000 0.0000 0.0000 0.0000 0.0000 0.0000 0.0034 0.0709 0.2387 0.3156 0.2465 0.1288 0.0824 0.1367 0.2266 0.2750 0.2512 0.1744 0.0874 0.0295 0.0218 0.0653 0.1473 0.2497 0.3539 0.4449 0.5134 0.5584 0.5809 0.5816 0.5649 0.5347 0.4950 0.4480 0.3991 0.3526 0.3085 0.2668 0.2283
0.0000 0.0000 0.0000 0.0000 0.0000 0.0000 0.0000 0.0000 0.0000 0.0000 0.0000 0.0000 0.0000 0.0000 0.0000 0.0000 0.0000 0.0072 0.1039 0.2685 0.3017 0.2022 0.0932 0.0796 0.1599 0.2531 0.2873 0.2463 0.1597 0.0744 0.0274 0.0350 0.0936 0.1879 0.2981 0.4058 0.4964 0.5616 0.6017 0.6188 0.6142 0.5922 0.5571 0.5132 0.4628 0.4112 0.3623 0.3162 0.2730 0.2333
0.0000 0.0000 0.0000 0.0000 0.0000 0.0000 0.0000 0.0000 0.0000 0.0000 0.0000 0.0000 0.0000 0.0000 0.0000 0.0000 0.0000 0.0168 0.1389 0.2845 0.2700 0.1512 0.0646 0.0895 0.1923 0.2818 0.2971 0.2378 0.1437 0.0633 0.0301 0.0549 0.1292 0.2351 0.3520 0.4616 0.5502 0.6107 0.6448 0.6557 0.6451 0.6175 0.5774 0.5292 0.4757 0.4214 0.3702 0.3225 0.2778 0.2370
0.0000 0.0000 0.0000 0.0000 0.0000 0.0000 0.0000 0.0000 0.0000 0.0000 0.0000 0.0000 0.0000 0.0000 0.0000 0.0000 0.0000 0.0316 0.1704 0.2817 0.2221 0.0998 0.0490 0.1145 0.2332 0.3110 0.3031 0.2258 0.1272 0.0557 0.0393 0.0826 0.1726 0.2891 0.4111 0.5208 0.6057 0.6601 0.6870 0.6909 0.6740 0.6404 0.5953 0.5428 0.4863 0.4296 0.3764 0.3271 0.2813 0.2396
0.0000 0.0000 0.0000 0.0000 0.0000 0.0000 0.0000 0.0000 0.0000 0.0000 0.0000 0.0000 0.0000 0.0000 0.0000 0.0000 0.0000 0.0500 0.1922 0.2575 0.1632 0.0562 0.0521 0.1557 0.2806 0.3382 0.3038 0.2103 0.1115 0.0530 0.0562 0.1189 0.2240 0.3496 0.4748 0.5826 0.6621 0.7090 0.7276 0.7239 0.7003 0.6605 0.6103 0.5537 0.4944 0.4357 0.3805 0.3299 0.2832 0.2408
0.0000 0.0000 0.0000 0.0000 0.0000 0.0000 0.0000 0.0000 0.0000 0.0000 0.0000 0.0000 0.0000 0.0000 0.0000 0.0000 0.0000 0.0686 0.1983 0.2129 0.1016 0.0294 0.0779 0.2120 0.3308 0.3601 0.2980 0.1918 0.0981 0.0570 0.0822 0.1648 0.2838 0.4164 0.5425 0.6465 0.7188 0.7571 0.7668 0.7549 0.7242 0.6784 0.6231 0.5625 0.5004 0.4396 0.3829 0.3312 0.2837 0.2408
0.0000 0.0000 0.0000 0.0000 0.0000 0.0000 0.0000 0.0000 0.0000 0.0000 0.0000 0.0000 0.0000 0.0000 0.0000 0.0000 0.0000 0.0830 0.1850 0.1535 0.0485 0.0275 0.1277 0.2795 0.3788 0.3734 0.2848 0.1715 0.0889 0.0695 0.1185 0.2206 0.3517 0.4890 0.6135 0.7113 0.7750 0.8036 0.8040 0.7836 0.7453 0.6936 0.6335 0.5691 0.5041 0.4413 0.3833 0.3307 0.2828 0.2396
0.0000 0.0000 0.0000 0.0000 0.0000 0.0000 0.0000 0.0000 0.0000 0.0000 0.0000 0.0000 0.0000 0.0000 0.0000 0.0000 0.0000 0.0891 0.1525 0.0898 0.0160 0.0559 0.1992 0.3516 0.4184 0.3748 0.2641 0.1510 0.0861 0.0924 0.1660 0.2864 0.4272 0.5662 0.6862 0.7755 0.8289 0.8470 0.8374 0.8082 0.7623 0.7049 0.6403 0.5723 0.5048 0.4404 0.3815 0.3284 0.2802 0.2370
0.0000 0.0000 0.0000 0.0000 0.0000 0.0000 0.0000 0.0000 0.0000 0.0000 0.0000 0.0000 0.0000 0.0000 0.0000 0.0000 0.0000 0.0839 0.1061 0.0357 0.0144 0.1156 0.2855 0.4193 0.4432 0.3622 0.2369 0.1328 0.0922 0.1272 0.2255 0.3619 0.5092 0.6466 0.7592 0.8379 0.8795 0.8861 0.8661 0.8280 0.7747 0.7119 0.6432 0.5721 0.5026 0.4369 0.3775 0.3242 0.2760 0.2331
0.0000 0.0000 0.0000 0.0000 0.0000 0.0000 0.0000 0.0000 0.0000 0.0000 0.0000 0.0000 0.0000 0.0000 0.0000 0.0000 0.0000 0.0676 0.0562 0.0059 0.0499 0.2015 0.3756 0.4725 0.4479 0.3351 0.2058 0.1204 0.1101 0.1756 0.2973 0.4465 0.5964 0.7286 0.8309 0.8969 0.9254 0.9198 0.8894 0.8424 0.7820 0.7143 0.6420 0.5683 0.4972 0.4308 0.3712 0.3181 0.2703 0.2279
0.0000 0.0000 0.0000 0.0000 0.0000 0.0000 0.0000 0.0000 0.0000 0.0000 0.0000 0.0000 0.0000 0.0000 0.0000 0.0000 0.0000 0.0436 0.0166 0.0119 0.1217 0.3026 0.4559 0.5017 0.4292 0.2955 0.1751 0.1183 0.1431 0.2394 0.3815 0.5390 0.6872 0.8107 0.9001 0.9520 0.9663 0.9477 0.9058 0.8499 0.7828 0.7101 0.6349 0.5599 0.4884 0.4221 0.3630 0.3105 0.2634 0.2217
0.0000 0.0000 0.0000 0.0000 0.0000 0.0000 0.0000 0.0000 0.0000 0.0000 0.0000 0.0000 0.0000 0.0000 0.0000 0.0000 0.0000 0.0192 0.0007 0.0587 0.2200 0.4022 0.5117 0.4994 0.3873 0.2479 0.1503 0.1308 0.1934 0.3190 0.4771 0.6375 0.7793 0.8903 0.9644 1.0006 0.9999 0.9682 0.9152 0.8509 0.7778 0.7009 0.6234 0.5477 0.4764 0.4108 0.3527 0.3010 0.2549 0.2143
0.0000 0.0000 0.0000 0.0000 0.0000 0.0000 0.0000 0.0000 0.0000 0.0000 0.0000 0.0000 0.0000 0.0000 0.0000 0.0000 0.0000 0.0029 0.0174 0.1410 0.3275 0.4809 0.5306 0.4630 0.3271 0.1999 0.1384 0.1626 0.2633 0.4142 0.5823 0.7398 0.8702 0.9653 1.0217 1.0411 1.0251 0.9805 0.9171 0.8451 0.7667 0.6865 0.6075 0.5319 0.4613 0.3969 0.3401 0.2898 0.2450 0.2057
0.0000 0.0000 0.0000 0.0000 0.0000 0.0000 0.0000 0.0000 0.0000 0.0000 0.0000 0.0000 0.0000 0.0000 0.0000 0.0000 0.0000 0.0021 0.0673 0.2428 0.4213 0.5210 0.5060 0.3964 0.2578 0.1615 0.1471 0.2179 0.3537 0.5239 0.6948 0.8428 0.9571 1.0330 1.0701 1.0719 1.0408 0.9839 0.9109 0.8322 0.7497 0.6671 0.5874 0.5125 0.4434 0.3806 0.3256 0.2769 0.2337 0.1960
0.0000 0.0000 0.0000 0.0000 0.0000 0.0000 0.0000 0.0000 0.0000 0.0000 0.0000 0.0000 0.0000 0.0000 0.0000 0.0000 0.0000 0.0197 0.1403 0.3408 0.4795 0.5120 0.4408 0.3115 0.1939 0.1447 0.1841 0.3001 0.4645 0.6452 0.8118 0.9454 1.0394 1.0932 1.1093 1.0926 1.0465 0.9785 0.8984 0.8150 0.7297 0.6458 0.5660 0.4917 0.4240 0.3630 0.3097 0.2630 0.2216 0.1856
0.0000 0.0000 0.0000 0.0000 0.0000 0.0000 0.0000 0.0000 0.0000 0.0000 0.0000 0.0000 0.0000 0.0000 0.0000 0.0000 0.0000 0.0523 0.2169 0.4079 0.4846 0.4518 0.3452 0.2238 0.1500 0.1599 0.2544 0.4096 0.5929 0.7740 0.9282 1.0414 1.1112 1.1411 1.1357 1.1009 1.0409 0.9630 0.8773 0.7905 0.7035 0.6195 0.5405 0.4675 0.4018 0.3432 0.2921 0.2476 0.2084 0.1743
0.0000 0.0000 0.0000 0.0000 0.0000 0.0000 0.0000 0.0000 0.0000 0.0000 0.0000 0.0000 0.0000 0.0000 0.0000 0.0000 0.0000 0.0900 0.2735 0.4233 0.4322 0.3522 0.2399 0.1548 0.1423 0.2161 0.3605 0.5440 0.7340 0.9044 1.0385 1.1263 1.1691 1.1741 1.1473 1.0956 1.0233 0.9373 0.8475 0.7587 0.6714 0.5884 0.5111 0.4402 0.3772 0.3213 0.2729 0.2309 0.1941 0.1622
0.0000 0.0000 0.0000 0.0000 0.0000 0.0000 0.0000 0.0000 0.0000 0.0000 0.0000 0.0000 0.0000 0.0000 0.0000 0.0000 0.0000 0.1194 0.2905 0.3798 0.3341 0.2373 0.1519 0.1264 0.1842 0.3180 0.5006 0.6982 0.8818 1.0318 1.1386 1.1969 1.2112 1.1914 1.1446 1.0777 0.9951 0.9029 0.8104 0.7210 0.6346 0.5535 0.4788 0.4109 0.3509 0.2981 0.2526 0.2134 0.1791 0.1495
0.0000 0.0000 0.0000 0.0000 0.0000 0.0000 0.0000 0.0000 0.0000 0.0000 0.0000 0.0000 0.0000 0.0000 0.0000 0.0000 0.0000 0.1291 0.2602 0.2883 0.2166 0.1386 0.1084 0.1559 0.2825 0.4639 0.6678 0.8637 1.0289 1.1507 1.2244 1.2501 1.2360 1.1927 1.1277 1.0481 0.9575 0.8612 0.7672 0.6783 0.5939 0.5156 0.4443 0.3801 0.3235 0.2740 0.2318 0.1954 0.1638 0.1366
0.0000 0.0000 0.0000 0.0000 0.0000 0.0000 0.0000 0.0000 0.0000 0.0000 0.0000 0.0000 0.0000 0.0000 0.0000 0.0000 0.0000 0.1138 0.1909 0.1766 0.1153 0.0877 0.1303 0.2518 0.4342 0.6435 0.8485 1.0263 1.1612 1.2479 1.2851 1.2777 1.2369 1.1725 1.0923 1.0030 0.9072 0.8094 0.7159 0.6292 0.5482 0.4738 0.4068 0.3470 0.2943 0.2485 0.2099 0.1767 0.1480 0.1232
0.0000 0.0000 0.0000 0.0000 0.0000 0.0000 0.0000 0.0000 0.0000 0.0000 0.0000 0.0000 0.0000 0.0000 0.0000 0.0000 0.0000 0.0789 0.1075 0.0836 0.0664 0.1091 0.2268 0.4096 0.6258 0.8390 1.0248 1.1701 1.2662 1.3139 1.3140 1.2756 1.2113 1.1297 1.0382 0.9427 0.8448 0.7479 0.6572 0.5744 0.4982 0.4288 0.3668 0.3121 0.2638 0.2221 0.1873 0.1575 0.1317 0.1095
0.0000 0.0000 0.0000 0.0000 0.0000 0.0000 0.0000 0.0000 0.0000 0.0000 0.0000 0.0000 0.0000 0.0000 0.0000 0.0000 0.0000 0.0394 0.0438 0.0470 0.0954 0.2112 0.3917 0.6131 0.8370 1.0315 1.1817 1.2841 1.3361 1.3431 1.3095 1.2450 1.1618 1.0682 0.9701 0.8720 0.7749 0.6813 0.5947 0.5168 0.4457 0.3822 0.3261 0.2767 0.2334 0.1962 0.1651 0.1386 0.1158 0.0962
0.0000 0.0000 0.0000 0.0000 0.0000 0.0000 0.0000 0.0000 0.0000 0.0000 0.0000 0.0000 0.0000 0.0000 0.0000 0.0000 0.0000 0.0131 0.0286 0.0884 0.2058 0.3805 0.5989 0.8300 1.0353 1.1914 1.2944 1.3489 1.3568 1.3265 1.2649 1.1806 1.0846 0.9846 0.8848 0.7880 0.6951 0.6072 0.5268 0.4552 0.3905 0.3338 0.2840 0.2404 0.2025 0.1699 0.1428 0.1197 0.0998 0.0829
0.0000 0.0000 0.0000 0.0000 0.0000 0.0000 0.0000 0.0000 0.0000 0.0000 0.0000 0.0000 0.0000 0.0000 0.0000 0.0000 0.0000 0.0145 0.0751 0.2046 0.3757 0.5824 0.8080 1.0206 1.1859 1.2916 1.3433 1.3515 1.3207 1.2605 1.1789 1.0827 0.9809 0.8805 0.7838 0.6924 0.6066 0.5268 0.4545 0.3907 0.3336 0.2843 0.2413 0.2038 0.1714 0.1436 0.1205 0.1009 0.0840 0.0697
0.0000 0.0000 0.0000 0.0000 0.0000 0.0000 0.0000 0.0000 0.0000 0.0000 0.0000 0.0000 0.0000 0.0000 0.0000 0.0000 0.0000 0.0465 0.1725 0.3645 0.5620 0.7692 0.9735 1.1463 1.2610 1.3144 1.3190 1.2887 1.2292 1.1498 1.0577 0.9580 0.8581 0.7628 0.6734 0.5905 0.5139 0.4438 0.3809 0.3261 0.2776 0.2362 0.2001 0.1686 0.1415 0.1184 0.0992 0.0829 0.0690 0.0572
0.0000 0.0000 0.0000 0.0000 0.0000 0.0000 0.0000 0.0000 0.0000 0.0000 0.0000 0.0000 0.0000 0.0000 0.0000 0.0000 0.0000 0.0976 0.2873 0.5176 0.7106 0.8910 1.0536 1.1760 1.2401 1.2485 1.2170 1.1606 1.0851 0.9983 0.9056 0.8109 0.7195 0.6344 0.5560 0.4844 0.4190 0.3598 0.3073 0.2623 0.2231 0.1897 0.1605 0.1349 0.1130 0.0944 0.0789 0.0659 0.0548 0.0455
0.0000 0.0000 0.0000 0.0000 0.0000 0.0000 0.0000 0.0000 0.0000 0.0000 0.0000 0.0000 0.0000 0.0000 0.0000 0.0000 0.0000 0.1457 0.3744 0.6088 0.7721 0.9087 1.0216 1.0946 1.1170 1.0939 1.0417 0.9740 0.8957 0.8128 0.7289 0.6464 0.5692 0.4984 0.4343 0.3763 0.3237 0.2766 0.2352 0.2003 0.1703 0.1447 0.1223 0.1026 0.0858 0.0715 0.0597 0.0499 0.0415 0.0344
0.0000 0.0000 0.0000 0.0000 0.0000 0.0000 0.0000 0.0000 0.0000 0.0000 0.0000 0.0000 0.0000 0.0000 0.0000 0.0000 0.0000 0.1678 0.3953 0.6001 0.7198 0.8094 0.8764 0.9104 0.9055 0.8678 0.8114 0.7469 0.6779 0.6082 0.5406 0.4760 0.4165 0.3627 0.3145 0.2714 0.2326 0.1980 0.1678 0.1427 0.1213 0.1030 0.0870 0.0729 0.0608 0.0507 0.0423 0.0353 0.0293 0.0243
0.0000 0.0000 0.0000 0.0000 0.0000 0.0000 0.0000 0.0000 0.0000 0.0000 0.0000 0.0000 0.0000 0.0000 0.0000 0.0000 0.0000 0.1514 0.3363 0.4871 0.5623 0.6128 0.6460 0.6558 0.6391 0.6024 0.5556 0.5057 0.4543 0.4037 0.3568 0.3127 0.2723 0.2361 0.2040 0.1759 0.1505 0.1278 0.1082 0.0920 0.0782 0.0663 0.0559 0.0469 0.0391 0.0326 0.0272 0.0227 0.0188 0.0156
0.0000 0.0000 0.0000 0.0000 0.0000 0.0000 0.0000 0.0000 0.0000 0.0000 0.0000 0.0000 0.0000 0.0000 0.0000 0.0000 0.0000 0.1030 0.2201 0.3089 0.3474 0.3706 0.3835 0.3831 0.3679 0.3426 0.3130 0.2826 0.2520 0.2223 0.1958 0.1711 0.1485 0.1284 0.1107 0.0954 0.0815 0.0691 0.0585 0.0497 0.0424 0.0358 0.0302 0.0253 0.0212 0.0176 0.0147 0.0122 0.0102 0.0084
0.0000 0.0000 0.0000 0.0000 0.0000 0.0000 0.0000 0.0000 0.0000 0.0000 0.0000 0.0000 0.0000 0.0000 0.0000 0.0000 0.0000 0.0448 0.0935 0.1287 0.1424 0.1500 0.1534 0.1517 0.1443 0.1334 0.1211 0.1088 0.0965 0.0848 0.0745 0.0650 0.0563 0.0486 0.0418 0.0361 0.0308 0.0261 0.0221 0.0188 0.0160 0.0135 0.0114 0.0096 0.0080 0.0067 0.0056 0.0046 0.0039 0.0032
0.0000 0.0000 0.0000 0.0000 0.0000 0.0000 0.0000 0.0000 0.0000 0.0000 0.0000 0.0000 0.0000 0.0000 0.0000 0.0000 0.0000 0.0054 0.0112 0.0152 0.0167 0.0175 0.0178 0.0174 0.0165 0.0152 0.0138 0.0123 0.0109 0.0096 0.0084 0.0073 0.0063 0.0055 0.0047 0.0040 0.0035 0.0029 0.0025 0.0021 0.0018 0.0015 0.0013 0.0011 0.0009 0.0007 0.0006 0.0005 0.0004 0.0004
