0.1260 0.0672 0.0066 0.0635 0.1421 0.0224 0.0839 0.0755 0.0513 0.0673 0.0725 0.0187 0.1013 0.0192 0.0316 0.0845 0.0316 0.0041 0.0460 0.0642 0.0328 0.0035 0.0082 0.0310 0.0441 0.0387 0.0224 0.0076 0.0010 0.0028 0.0092 0.0161 0.0209 0.0224 0.0214 0.0183 0.0144 0.0105 0.0070 0.0043 0.0023 0.0011 0.0005 0.0002 0.0003 0.0006 0.0010 0.0014 0.0017 0.0020
0.3903 0.2168 0.0228 0.1783 0.4278 0.0743 0.2424 0.2348 0.1465 0.2083 0.2117 0.0596 0.3037 0.0549 0.0981 0.2535 0.0922 0.0130 0.1398 0.1923 0.0968 0.0099 0.0255 0.0939 0.1325 0.1155 0.0666 0.0223 0.0029 0.0086 0.0279 0.0487 0.0628 0.0673 0.0641 0.0548 0.0431 0.0314 0.0210 0.0128 0.0069 0.0033 0.0013 0.0007 0.0010 0.0018 0.0029 0.0041 0.0051 0.0061
0.6870 0.4120 0.0528 0.2570 0.7150 0.1498 0.3728 0.4186 0.2202 0.3688 0.3337 0.1121 0.5046 0.0822 0.1745 0.4217 0.1452 0.0246 0.2391 0.3191 0.1562 0.0150 0.0451 0.1595 0.2215 0.1910 0.1088 0.0357 0.0047 0.0149 0.0475 0.0821 0.1052 0.1123 0.1067 0.0910 0.0714 0.0519 0.0346 0.0210 0.0114 0.0053 0.0022 0.0012 0.0017 0.0031 0.0049 0.0068 0.0086 0.0103
1.0205 0.6813 0.1189 0.2803 0.9944 0.2699 0.4562 0.6412 0.2600 0.5606 0.4262 0.1855 0.7007 0.0971 0.2679 0.5876 0.1861 0.0413 0.3472 0.4432 0.2080 0.0182 0.0688 0.2295 0.3114 0.2641 0.1478 0.0470 0.0062 0.0224 0.0688 0.1169 0.1485 0.1576 0.1491 0.1267 0.0990 0.0717 0.0476 0.0288 0.0155 0.0072 0.0030 0.0017 0.0025 0.0044 0.0070 0.0097 0.0122 0.0145
1.3645 1.0417 0.2603 0.2412 1.2412 0.4603 0.4762 0.9124 0.2577 0.7929 0.4777 0.2911 0.8853 0.0976 0.3855 0.7476 0.2108 0.0665 0.4672 0.5625 0.2492 0.0193 0.0987 0.3057 0.4021 0.3335 0.1823 0.0556 0.0074 0.0315 0.0922 0.1536 0.1930 0.2032 0.1910 0.1616 0.1257 0.0906 0.0599 0.0360 0.0193 0.0089 0.0036 0.0022 0.0033 0.0059 0.0092 0.0127 0.0159 0.0188
1.6476 1.4786 0.5288 0.1564 1.4126 0.7475 0.4248 1.2317 0.2138 1.0689 0.4787 0.4416 1.0472 0.0853 0.5341 0.8962 0.2166 0.1051 0.6009 0.6740 0.2771 0.0189 0.1369 0.3891 0.4932 0.3980 0.2109 0.0610 0.0087 0.0428 0.1186 0.1927 0.2387 0.2489 0.2323 0.1953 0.1511 0.1084 0.0712 0.0425 0.0225 0.0103 0.0042 0.0027 0.0042 0.0075 0.0116 0.0159 0.0198 0.0233
1.7533 1.9192 0.9702 0.0817 1.4527 1.1469 0.3119 1.5819 0.1431 1.3818 0.4253 0.6492 1.1709 0.0668 0.7193 1.0245 0.2026 0.1633 0.7494 0.7736 0.2894 0.0187 0.1861 0.4810 0.5838 0.4558 0.2326 0.0627 0.0103 0.0570 0.1485 0.2346 0.2858 0.2948 0.2728 0.2277 0.1750 0.1246 0.0813 0.0481 0.0252 0.0114 0.0047 0.0032 0.0053 0.0093 0.0142 0.0193 0.0238 0.0280
1.5615 2.2171 1.5836 0.1195 1.3104 1.6443 0.1768 1.9211 0.0800 1.7085 0.3244 0.9223 1.2371 0.0550 0.9431 1.1211 0.1708 0.2483 0.9115 0.8561 0.2848 0.0213 0.2490 0.5817 0.6725 0.5053 0.2462 0.0608 0.0129 0.0748 0.1825 0.2795 0.3344 0.3405 0.3120 0.2582 0.1969 0.1392 0.0900 0.0527 0.0272 0.0121 0.0050 0.0038 0.0065 0.0113 0.0171 0.0229 0.0281 0.0328
1.0469 2.1837 2.2671 0.4029 0.9751 2.1743 0.0961 2.1805 0.0821 2.0058 0.1996 1.2603 1.2263 0.0697 1.2014 1.1721 0.1274 0.3681 1.0834 0.9154 0.2630 0.0305 0.3284 0.6909 0.7572 0.5445 0.2511 0.0556 0.0173 0.0973 0.2212 0.3277 0.3843 0.3858 0.3495 0.2866 0.2167 0.1517 0.0972 0.0561 0.0286 0.0125 0.0053 0.0045 0.0079 0.0136 0.0202 0.0268 0.0327 0.0380
0.4064 1.6984 2.7853 1.0377 0.5240 2.6067 0.1791 2.2722 0.2233 2.2101 0.0961 1.6470 1.1246 0.1371 1.4810 1.1632 0.0833 0.5297 1.2581 0.9446 0.2256 0.0514 0.4267 0.8075 0.8352 0.5714 0.2467 0.0478 0.0247 0.1252 0.2652 0.3793 0.4352 0.4303 0.3851 0.3124 0.2339 0.1621 0.1026 0.0584 0.0292 0.0126 0.0055 0.0054 0.0096 0.0162 0.0237 0.0311 0.0376 0.0434
0.1076 0.8784 2.8244 1.9940 0.1572 2.7634 0.5398 2.1137 0.5756 2.2488 0.0807 2.0465 0.9319 0.2867 1.7606 1.0853 0.0556 0.7381 1.4257 0.9384 0.1767 0.0905 0.5468 0.9305 0.9046 0.5849 0.2332 0.0386 0.0365 0.1599 0.3155 0.4350 0.4878 0.4743 0.4190 0.3360 0.2488 0.1705 0.1065 0.0597 0.0292 0.0123 0.0057 0.0064 0.0116 0.0192 0.0276 0.0358 0.0429 0.0491
0.6874 0.1951 2.1920 2.9968 0.1753 2.4859 1.2386 1.6718 1.1752 2.0612 0.2326 2.3973 0.6681 0.5470 2.0097 0.9371 0.0663 0.9933 1.5719 0.8919 0.1230 0.1549 0.6905 1.0577 0.9626 0.5839 0.2115 0.0296 0.0545 0.2031 0.3731 0.4957 0.5426 0.5184 0.4515 0.3576 0.2616 0.1770 0.1089 0.0599 0.0287 0.0119 0.0060 0.0077 0.0140 0.0226 0.0320 0.0410 0.0486 0.0554
2.2173 0.3339 1.0827 3.5502 0.8394 1.7537 2.2063 1.0211 1.9778 1.6309 0.6191 2.6109 0.3807 0.9365 2.1883 0.7295 0.1408 1.2845 1.6741 0.8003 0.0740 0.2520 0.8560 1.1819 1.0027 0.5656 0.1820 0.0229 0.0807 0.2556 0.4382 0.5605 0.5984 0.5613 0.4816 0.3762 0.2716 0.1812 0.1097 0.0591 0.0276 0.0114 0.0065 0.0093 0.0168 0.0266 0.0369 0.0467 0.0549 0.0620
3.7825 1.6628 0.1988 3.1916 2.1215 0.8083 3.1902 0.3889 2.8223 1.0264 1.2602 2.5972 0.1514 1.4508 2.2559 0.4919 0.3045 1.5951 1.7141 0.6684 0.0435 0.3877 1.0391 1.2957 1.0201 0.5294 0.1470 0.0215 0.1174 0.3189 0.5110 0.6292 0.6546 0.6023 0.5085 0.3916 0.2786 0.1830 0.1087 0.0572 0.0259 0.0107 0.0071 0.0114 0.0202 0.0311 0.0424 0.0529 0.0616 0.0691
3.8941 3.5464 0.4604 1.9150 3.5300 0.1674 3.7762 0.1189 3.4486 0.4315 2.0894 2.2971 0.0847 2.0437 2.1702 0.2679 0.5801 1.9074 1.6842 0.5114 0.0481 0.5648 1.2318 1.3896 1.0101 0.4758 0.1096 0.0286 0.1667 0.3935 0.5912 0.7007 0.7100 0.6402 0.5315 0.4028 0.2821 0.1821 0.1059 0.0542 0.0239 0.0101 0.0081 0.0140 0.0242 0.0364 0.0486 0.0598 0.0689 0.0767
2.0976 4.3968 2.1480 0.5283 4.2186 0.4045 3.5581 0.5193 3.5984 0.1257 2.9302 1.7252 0.2834 2.6200 1.9005 0.1129 0.9802 2.2001 1.5853 0.3522 0.1050 0.7828 1.4239 1.4547 0.9701 0.4071 0.0742 0.0481 0.2307 0.4798 0.6777 0.7733 0.7628 0.6735 0.5491 0.4091 0.2815 0.1782 0.1011 0.0501 0.0214 0.0096 0.0096 0.0173 0.0291 0.0425 0.0557 0.0675 0.0770 0.0850
0.2740 3.0902 4.1905 0.2690 3.5865 1.7369 2.4558 1.6565 3.0910 0.3538 3.5599 1.0301 0.8101 3.0506 1.4588 0.0923 1.4838 2.4208 1.4043 0.2095 0.2316 1.0459 1.6127 1.4901 0.9036 0.3297 0.0468 0.0837 0.3107 0.5772 0.7690 0.8453 0.8112 0.7008 0.5604 0.4097 0.2764 0.1710 0.0943 0.0451 0.0187 0.0094 0.0118 0.0215 0.0349 0.0496 0.0637 0.0760 0.0858 0.0939
0.9912 0.8579 4.6669 1.7807 1.8716 3.6053 1.0491 3.2110 1.9683 1.1915 3.7381 0.4324 1.6381 3.2162 0.9285 0.2775 2.0361 2.4946 1.1207 0.0969 0.4388 1.3520 1.7917 1.4935 0.8142 0.2503 0.0336 0.1394 0.4080 0.6851 0.8634 0.9148 0.8539 0.7211 0.5651 0.4048 0.2673 0.1611 0.0860 0.0395 0.0162 0.0099 0.0149 0.0266 0.0417 0.0577 0.0725 0.0853 0.0952 0.1035
4.0362 0.3443 2.8560 4.1877 0.3167 4.8447 0.1629 4.4402 0.7508 2.5221 3.2325 0.1090 2.5893 3.0154 0.4328 0.6933 2.5456 2.3851 0.7816 0.0587 0.7127 1.6430 1.8991 1.4246 0.6863 0.1675 0.0367 0.2150 0.5192 0.7982 0.9549 0.9761 0.8866 0.7317 0.5615 0.3939 0.2540 0.1489 0.0766 0.0337 0.0141 0.0111 0.0189 0.0328 0.0496 0.0668 0.0823 0.0955 0.1055 0.1137
5.3924 3.0445 0.4697 5.3045 0.6477 4.3847 0.7778 4.6001 0.1392 3.9467 2.1688 0.4215 3.5192 2.4372 0.1221 1.3683 2.9715 2.1069 0.4479 0.1495 1.0870 1.9438 1.9599 1.3081 0.5406 0.0971 0.0687 0.3216 0.6544 0.9255 1.0513 1.0358 0.9142 0.7362 0.5520 0.3782 0.2375 0.1347 0.0664 0.0281 0.0127 0.0134 0.0242 0.0405 0.0590 0.0772 0.0934 0.1068 0.1167 0.1248
2.4852 5.7386 0.8612 3.5488 3.1488 2.2607 2.8924 3.3057 0.7770 4.7114 0.9316 1.4261 4.0476 1.5802 0.1735 2.2030 3.1743 1.6617 0.1855 0.3895 1.5227 2.2010 1.9418 1.1390 0.3874 0.0511 0.1355 0.4575 0.8065 1.0573 1.1432 1.0862 0.9312 0.7309 0.5347 0.3570 0.2176 0.1188 0.0558 0.0229 0.0124 0.0171 0.0311 0.0496 0.0697 0.0890 0.1056 0.1191 0.1288 0.1367
0.1441 4.2232 4.2894 0.7303 5.6482 0.3432 5.1384 1.2997 2.6296 4.2764 0.1739 2.8930 3.9079 0.7040 0.6902 3.0394 3.0705 1.1151 0.0721 0.7875 1.9822 2.3790 1.8339 0.9265 0.2426 0.0423 0.2433 0.6229 0.9723 1.1895 1.2267 1.1245 0.9359 0.7151 0.5095 0.3306 0.1946 0.1017 0.0454 0.0187 0.0135 0.0226 0.0397 0.0605 0.0822 0.1023 0.1191 0.1325 0.1419 0.1494
3.4223 0.6135 6.2690 0.7133 5.2957 0.8782 5.5770 0.1767 4.7416 2.7153 0.4874 4.2807 3.0462 0.1620 1.6464 3.6677 2.6338 0.5780 0.1778 1.3248 2.4121 2.4438 1.6345 0.6880 0.1257 0.0832 0.3961 0.8159 1.1468 1.3166 1.2975 1.1478 0.9267 0.6884 0.4765 0.2994 0.1694 0.0841 0.0357 0.0160 0.0165 0.0300 0.0503 0.0734 0.0963 0.1171 0.1339 0.1471 0.1560 0.1629
6.7658 1.5425 3.5107 4.2860 2.1647 3.9268 3.5285 1.2256 5.6508 0.9092 1.9914 4.9181 1.7329 0.2785 2.8453 3.8811 1.9258 0.1928 0.5443 1.9506 2.7515 2.3722 1.3558 0.4494 0.0584 0.1848 0.5948 1.0310 1.3229 1.4321 1.3512 1.1538 0.9031 0.6512 0.4367 0.2644 0.1429 0.0670 0.0274 0.0154 0.0219 0.0399 0.0633 0.0883 0.1124 0.1336 0.1503 0.1630 0.1712 0.1774
3.1855 6.2314 0.2841 6.7998 0.2222 6.4713 0.8289 4.0285 4.4860 0.1802 4.0686 4.3672 0.5475 1.1829 3.9386 3.5536 1.1067 0.1026 1.1654 2.5817 2.9371 2.1538 1.0222 0.2420 0.0621 0.3546 0.8361 1.2602 1.4916 1.5287 1.3832 1.1404 0.8645 0.6036 0.3907 0.2267 0.1160 0.0511 0.0214 0.0175 0.0302 0.0527 0.0790 0.1056 0.1305 0.1519 0.1681 0.1802 0.1875 0.1929
0.3018 5.9213 2.7023 4.2492 2.6688 5.3919 0.5267 6.3030 1.9763 1.3717 5.5493 2.7833 0.1598 2.6785 4.5283 2.7171 0.4161 0.4093 1.9709 3.1093 2.9149 1.7977 0.6720 0.1015 0.1554 0.5946 1.1123 1.4928 1.6436 1.5999 1.3893 1.1053 0.8100 0.5461 0.3396 0.1873 0.0900 0.0375 0.0186 0.0230 0.0418 0.0686 0.0975 0.1254 0.1507 0.1719 0.1875 0.1987 0.2049 0.2092
5.4876 0.9378 7.2309 0.4713 6.7228 1.7297 3.5361 5.7626 0.2653 3.9838 5.3896 0.9999 0.9729 4.2348 4.3239 1.5996 0.1143 1.1280 2.8264 3.4204 2.6609 1.3430 0.3581 0.0643 0.3508 0.8996 1.4101 1.7148 1.7681 1.6386 1.3661 1.0476 0.7405 0.4800 0.2849 0.1481 0.0662 0.0275 0.0197 0.0326 0.0574 0.0882 0.1192 0.1479 0.1733 0.1939 0.2085 0.2186 0.2234 0.2265
7.1442 2.2043 5.3929 2.2913 6.4531 0.3995 6.8501 2.6870 1.2276 6.1951 3.5156 0.1813 2.8026 5.1627 3.3128 0.5941 0.3952 2.1552 3.5509 3.4246 2.1924 0.8560 0.1404 0.1609 0.6506 1.2560 1.7114 1.9105 1.8543 1.6390 1.3116 0.9679 0.6576 0.4076 0.2289 0.1108 0.0463 0.0222 0.0259 0.0469 0.0774 0.1117 0.1443 0.1732 0.1982 0.2179 0.2312 0.2398 0.2431 0.2448
1.0194 7.8028 0.5536 7.3069 1.9529 3.8663 6.4188 0.3228 4.4439 6.1258 1.1678 1.1006 4.8290 4.9562 1.8522 0.1409 1.2933 3.2699 3.9588 3.0846 1.5767 0.4249 0.0771 0.4090 1.0444 1.6433 2.0000 2.0710 1.8989 1.6002 1.2277 0.8692 0.5648 0.3321 0.1744 0.0779 0.0322 0.0231 0.0380 0.0668 0.1023 0.1393 0.1730 0.2019 0.2258 0.2441 0.2561 0.2630 0.2644 0.2645
3.1007 5.0427 3.1415 6.4915 0.6619 7.6895 2.5127 1.7130 7.0388 3.6247 0.2318 3.4684 5.9212 3.5866 0.5788 0.5469 2.6251 4.1708 3.9088 2.4388 0.9278 0.1462 0.2126 0.8075 1.5065 2.0295 2.2458 2.1728 1.8873 1.5164 1.1132 0.7532 0.4649 0.2565 0.1243 0.0516 0.0255 0.0315 0.0571 0.0929 0.1324 0.1714 0.2053 0.2337 0.2561 0.2724 0.2827 0.2876 0.2869 0.2851
8.6245 0.3622 8.3828 1.1224 5.4603 6.0982 0.3096 5.7873 6.2711 0.8340 1.7800 5.8680 5.3209 1.6918 0.1817 1.8115 4.0038 4.5651 3.3653 1.6129 0.3915 0.1068 0.5660 1.3314 1.9968 2.3775 2.4227 2.2017 1.8144 1.3885 0.9721 0.6248 0.3628 0.1851 0.0819 0.0345 0.0282 0.0486 0.0840 0.1257 0.1681 0.2082 0.2415 0.2687 0.2888 0.3027 0.3110 0.3137 0.3105 0.3067
2.6201 5.8594 4.7352 2.0898 8.3934 1.2955 3.3593 7.8432 2.7149 0.5698 4.9148 6.5849 3.2561 0.3442 1.0358 3.5482 4.9473 4.2762 2.4347 0.8058 0.1166 0.3622 1.1209 1.9314 2.4640 2.6485 2.5076 2.1477 1.6794 1.2212 0.8110 0.4907 0.2643 0.1227 0.0508 0.0291 0.0419 0.0757 0.1194 0.1656 0.2098 0.2498 0.2816 0.3069 0.3242 0.3350 0.3410 0.3411 0.3352 0.3293
2.0464 8.1165 0.3996 8.1452 3.9301 1.2533 7.8517 5.1010 0.2981 3.5235 7.1330 4.9184 1.0124 0.4818 2.9181 5.0863 5.0660 3.3413 1.3663 0.2484 0.2173 0.9184 1.8264 2.5479 2.8651 2.8186 2.4893 2.0103 1.4892 1.0258 0.6408 0.3599 0.1764 0.0743 0.0348 0.0382 0.0687 0.1143 0.1647 0.2137 0.2583 0.2972 0.3266 0.3491 0.3631 0.3707 0.3736 0.3707 0.3618 0.3536
9.1517 1.1367 6.1322 6.6850 0.3645 6.6924 7.1826 0.9366 2.1740 7.0707 6.3865 2.0258 0.2311 2.2669 5.0016 5.7220 4.2333 2.0287 0.4879 0.1404 0.7378 1.7172 2.5872 3.0900 3.1318 2.8472 2.3535 1.7912 1.2522 0.8106 0.4700 0.2402 0.1053 0.0446 0.0372 0.0639 0.1100 0.1649 0.2198 0.2698 0.3130 0.3497 0.3757 0.3945 0.4045 0.4084 0.4079 0.4016 0.3896 0.3788
3.1372 3.8554 8.5220 0.6470 5.1347 8.5467 2.0934 1.1981 6.6016 7.5413 3.1585 0.2572 1.7151 4.8191 6.2096 5.0817 2.7172 0.8013 0.1287 0.5913 1.6251 2.6368 3.2832 3.4708 3.2169 2.7183 2.1047 1.5046 0.9850 0.5914 0.3117 0.1415 0.0583 0.0385 0.0612 0.1083 0.1669 0.2284 0.2852 0.3340 0.3741 0.4071 0.4286 0.4429 0.4484 0.4480 0.4436 0.4337 0.4183 0.4049
2.2173 9.3741 1.4835 3.8253 9.2502 3.2931 0.6597 6.0775 8.3439 4.2195 0.4493 1.3279 4.6775 6.6323 5.8196 3.3848 1.1317 0.1617 0.4957 1.5653 2.7272 3.5142 3.7927 3.6207 3.0948 2.4368 1.7640 1.1762 0.7114 0.3874 0.1804 0.0742 0.0424 0.0606 0.1099 0.1733 0.2407 0.3057 0.3617 0.4071 0.4425 0.4706 0.4864 0.4950 0.4953 0.4902 0.4817 0.4679 0.4488 0.4325
9.7590 2.2217 3.0824 9.6031 4.1683 0.4457 5.7799 8.9370 5.0136 0.6579 1.1318 4.6873 7.0985 6.4940 3.9421 1.4209 0.2067 0.4561 1.5828 2.8715 3.8186 4.1752 4.0135 3.4992 2.7675 2.0276 1.3638 0.8367 0.4567 0.2180 0.0900 0.0477 0.0637 0.1150 0.1858 0.2608 0.3329 0.3981 0.4506 0.4906 0.5198 0.5414 0.5501 0.5516 0.5461 0.5358 0.5228 0.5049 0.4820 0.4623
2.3250 3.0033 9.8613 4.4420 0.4166 5.9194 9.4009 5.3995 0.7311 1.1482 4.9472 7.6271 7.0769 4.3348 1.5814 0.2302 0.4770 1.7110 3.1303 4.1810 4.6290 4.4525 3.8734 3.1011 2.2659 1.5321 0.9424 0.5179 0.2455 0.1022 0.0532 0.0702 0.1274 0.2045 0.2902 0.3710 0.4429 0.5045 0.5504 0.5824 0.6037 0.6174 0.6176 0.6110 0.5990 0.5832 0.5654 0.5431 0.5161 0.4930
3.7553 10.1118 3.9325 0.5828 6.6675 9.7590 5.2181 0.5904 1.4445 5.6050 8.2661 7.4766 4.4676 1.5499 0.2105 0.5903 1.9919 3.5604 4.6748 5.1185 4.9320 4.2559 3.3738 2.4766 1.6561 1.0143 0.5529 0.2603 0.1065 0.0586 0.0820 0.1489 0.2372 0.3306 0.4236 0.5036 0.5701 0.6242 0.6602 0.6820 0.6936 0.6978 0.6885 0.6728 0.6538 0.6321 0.6092 0.5824 0.5512 0.5244
10.0746 2.6093 1.2827 8.1230 9.8241 4.3425 0.3215 2.2337 6.7741 9.0721 7.6153 4.2123 1.2788 0.1751 0.8665 2.5293 4.2225 5.3612 5.7150 5.3971 4.6282 3.6118 2.6041 1.7328 1.0366 0.5532 0.2532 0.1035 0.0654 0.1035 0.1859 0.2896 0.3971 0.4968 0.5892 0.6615 0.7173 0.7595 0.7819 0.7907 0.7909 0.7859 0.7675 0.7431 0.7168 0.6887 0.6594 0.6272 0.5911 0.5606
0.8046 3.2448 9.9761 8.9050 2.6804 0.3347 3.8466 8.4429 9.6990 7.2431 3.4488 0.7879 0.2452 1.4497 3.4082 5.1934 6.2113 6.3838 5.8378 4.8709 3.7446 2.6304 1.6965 0.9916 0.5040 0.2201 0.0931 0.0803 0.1421 0.2480 0.3706 0.4941 0.6067 0.7012 0.7842 0.8416 0.8811 0.9071 0.9125 0.9061 0.8934 0.8787 0.8505 0.8170 0.7831 0.7482 0.7120 0.6739 0.6328 0.5984
7.0855 10.9731 6.2504 0.7963 1.5328 6.5623 10.2029 9.5892 5.9432 2.1669 0.2988 0.7074 2.5728 4.7615 6.4324 7.2014 6.9997 6.1497 4.9364 3.6556 2.4943 1.5372 0.8470 0.4051 0.1661 0.0867 0.1173 0.2164 0.3495 0.4972 0.6365 0.7606 0.8631 0.9404 1.0051 1.0406 1.0586 1.0647 1.0502 1.0266 0.9997 0.9747 0.9364 0.8932 0.8515 0.8094 0.7659 0.7219 0.6756 0.6372
8.7474 2.2223 0.5813 4.9685 9.9298 10.9302 7.8941 3.5965 0.7399 0.3902 2.0422 4.5015 6.6538 7.8767 8.0617 7.3946 6.1336 4.6906 3.2954 2.1205 1.2300 0.6190 0.2667 0.1174 0.1134 0.2062 0.3540 0.5240 0.6911 0.8499 0.9814 1.0873 1.1652 1.2150 1.2545 1.2627 1.2550 1.2382 1.2020 1.1599 1.1179 1.0806 1.0309 0.9778 0.9277 0.8781 0.8268 0.7765 0.7246 0.6819
0.4516 4.6361 10.0507 11.6676 8.8402 4.2815 1.0010 0.3683 2.0289 4.7462 7.2517 8.8077 9.1611 8.4792 7.1606 5.5683 3.9643 2.5898 1.5212 0.7859 0.3485 0.1502 0.1312 0.2324 0.4009 0.6029 0.8084 0.9992 1.1587 1.2967 1.3966 1.4671 1.5071 1.5206 1.5293 1.5058 1.4689 1.4264 1.3675 1.3060 1.2478 1.1962 1.1338 1.0707 1.0118 0.9541 0.8946 0.8377 0.7800 0.7325
11.3649 11.8414 8.2249 3.5584 0.6835 0.6674 2.8815 5.9477 8.6008 10.1107 10.2788 9.3999 7.8351 5.9842 4.2155 2.7169 1.5670 0.7917 0.3449 0.1656 0.1812 0.3237 0.5399 0.7908 1.0342 1.2626 1.4572 1.6167 1.7282 1.8153 1.8627 1.8828 1.8742 1.8442 1.8173 1.7587 1.6899 1.6199 1.5371 1.4555 1.3808 1.3144 1.2391 1.1659 1.0982 1.0323 0.9645 0.9008 0.8371 0.7848
5.1166 1.3815 0.4490 2.2374 5.4800 8.6992 10.8755 11.6173 11.0516 9.5592 7.5734 5.5420 3.7126 2.2389 1.1972 0.5570 0.2522 0.2059 0.3379 0.5800 0.8783 1.1836 1.4766 1.7456 1.9547 2.1261 2.2462 2.3289 2.3591 2.3720 2.3530 2.3139 2.2503 2.1725 2.1076 2.0129 1.9123 1.8154 1.7102 1.6092 1.5181 1.4371 1.3491 1.2664 1.1899 1.1158 1.0396 0.9691 0.8993 0.8421
3.6853 7.3183 10.5572 12.5268 12.9421 11.9914 10.1313 7.8510 5.6122 3.6713 2.1603 1.1227 0.5188 0.2784 0.3143 0.5376 0.8701 1.2543 1.6387 2.0018 2.3268 2.5812 2.7848 2.9475 3.0338 3.0869 3.0912 3.0661 2.9945 2.9207 2.8326 2.7343 2.6157 2.4889 2.3852 2.2572 2.1291 2.0099 1.8876 1.7700 1.6632 1.5686 1.4691 1.3782 1.2926 1.2101 1.1260 1.0487 0.9725 0.9101
13.7662 12.2705 10.0654 7.6314 5.3170 3.3646 1.8987 0.9451 0.4674 0.3713 0.5576 0.9331 1.4130 1.9251 2.4279 2.8886 3.2799 3.6077 3.8517 4.0396 4.1731 4.2159 4.2185 4.2001 4.1193 4.0273 3.9013 3.7606 3.5853 3.4258 3.2742 3.1226 2.9539 2.7823 2.6435 2.4864 2.3344 2.1962 2.0600 1.9279 1.8067 1.6996 1.5894 1.4914 1.3973 1.3066 1.2149 1.1308 1.0484 0.9809
1.2372 0.6493 0.5012 0.7109 1.1818 1.8207 2.5410 3.2538 3.9433 4.5761 5.1356 5.6010 5.9481 6.1732 6.3134 6.3742 6.3512 6.2901 6.1702 6.0427 5.9004 5.6858 5.4661 5.2617 5.0240 4.8021 4.5640 4.3241 4.0623 3.8331 3.6326 3.4403 3.2328 3.0261 2.8598 2.6803 2.5101 2.3578 2.2116 2.0684 1.9354 1.8179 1.6991 1.5955 1.4945 1.3968 1.2980 1.2079 1.1198 1.0478
10.2112 10.6437 10.9711 11.2350 11.4210 11.5210 11.5074 11.3399 11.1452 10.9145 10.6370 10.3428 9.9975 9.6047 9.2082 8.8057 8.3737 7.9707 7.5603 7.1956 6.8582 6.4771 6.1099 5.7810 5.4421 5.1456 4.8514 4.5516 4.2445 3.9868 3.7538 3.5358 3.3127 3.0936 2.9171 2.7246 2.5456 2.3873 2.2334 2.0855 1.9504 1.8309 1.7103 1.6051 1.5060 1.4089 1.3047 1.2125 1.1236 1.0511
