0.2184 0.2177 0.2176 0.1860 0.1751 0.1652 0.1538 0.1451 0.1406 0.1517 0.1127 0.1077 0.1199 0.1202 0.1140 0.1026 0.0831 0.0612 0.0521 0.0599 0.0728 0.0781 0.0705 0.0556 0.0403 0.0290 0.0226 0.0198 0.0189 0.0185 0.0177 0.0165 0.0148 0.0132 0.0115 0.0099 0.0085 0.0073 0.0062 0.0054 0.0046 0.0041 0.0036 0.0032 0.0028 0.0025 0.0022 0.0020 0.0018 0.0016
0.6546 0.6507 0.6505 0.5583 0.5256 0.4948 0.4606 0.4341 0.4211 0.4538 0.3382 0.3233 0.3610 0.3626 0.3434 0.3085 0.2501 0.1843 0.1558 0.1781 0.2164 0.2333 0.2114 0.1679 0.1221 0.0879 0.0681 0.0592 0.0565 0.0550 0.0527 0.0492 0.0444 0.0394 0.0344 0.0297 0.0255 0.0219 0.0188 0.0162 0.0140 0.0122 0.0108 0.0096 0.0085 0.0075 0.0067 0.0060 0.0054 0.0048
1.0897 1.0771 1.0766 0.9314 0.8775 0.8226 0.7646 0.7201 0.6994 0.7526 0.5640 0.5390 0.6066 0.6109 0.5768 0.5169 0.4195 0.3092 0.2582 0.2913 0.3539 0.3846 0.3525 0.2829 0.2073 0.1494 0.1146 0.0984 0.0930 0.0904 0.0867 0.0812 0.0736 0.0656 0.0575 0.0496 0.0427 0.0367 0.0315 0.0272 0.0234 0.0205 0.0181 0.0160 0.0142 0.0126 0.0112 0.0100 0.0089 0.0080
1.5248 1.4963 1.4924 1.3046 1.2330 1.1480 1.0641 1.0023 0.9735 1.0470 0.7901 0.7553 0.8603 0.8690 0.8161 0.7287 0.5928 0.4375 0.3591 0.3964 0.4811 0.5294 0.4932 0.4024 0.2984 0.2154 0.1632 0.1375 0.1281 0.1238 0.1189 0.1120 0.1021 0.0915 0.0805 0.0698 0.0602 0.0519 0.0446 0.0384 0.0331 0.0289 0.0254 0.0225 0.0199 0.0177 0.0157 0.0140 0.0125 0.0112
1.9633 1.9120 1.8970 1.6752 1.5960 1.4716 1.3577 1.2811 1.2405 1.3378 1.0165 0.9730 1.1268 1.1406 1.0623 0.9438 0.7711 0.5714 0.4593 0.4911 0.5938 0.6638 0.6325 0.5277 0.3980 0.2887 0.2158 0.1773 0.1616 0.1548 0.1488 0.1409 0.1294 0.1169 0.1035 0.0902 0.0781 0.0674 0.0580 0.0499 0.0430 0.0375 0.0330 0.0291 0.0257 0.0228 0.0202 0.0180 0.0161 0.0144
2.4097 2.3320 2.2966 2.0390 1.9717 1.7961 1.6451 1.5584 1.4977 1.6280 1.2426 1.1941 1.4123 1.4287 1.3144 1.1608 0.9552 0.7139 0.5609 0.5745 0.6881 0.7838 0.7680 0.6593 0.5087 0.3723 0.2750 0.2195 0.1944 0.1832 0.1757 0.1672 0.1549 0.1411 0.1260 0.1106 0.0962 0.0833 0.0718 0.0619 0.0533 0.0464 0.0407 0.0359 0.0316 0.0280 0.0248 0.0221 0.0197 0.0176
2.8679 2.7635 2.7071 2.3928 2.3639 2.1281 1.9284 1.8363 1.7433 1.9229 1.4663 1.4226 1.7236 1.7342 1.5689 1.3762 1.1455 0.8691 0.6686 0.6478 0.7612 0.8845 0.8964 0.7966 0.6325 0.4699 0.3445 0.2669 0.2280 0.2097 0.1994 0.1903 0.1778 0.1636 0.1476 0.1306 0.1144 0.0995 0.0861 0.0743 0.0640 0.0557 0.0488 0.0429 0.0377 0.0333 0.0295 0.0262 0.0233 0.0208
3.3378 3.2056 3.1528 2.7422 2.7693 2.4804 2.2125 2.1163 1.9790 2.2286 1.6844 1.6655 2.0680 2.0543 1.8184 1.5848 1.3419 1.0429 0.7901 0.7157 0.8121 0.9611 1.0123 0.9370 0.7705 0.5852 0.4290 0.3238 0.2655 0.2358 0.2205 0.2100 0.1974 0.1834 0.1672 0.1495 0.1320 0.1156 0.1004 0.0870 0.0750 0.0653 0.0572 0.0503 0.0441 0.0389 0.0344 0.0304 0.0271 0.0241
3.8098 3.6462 3.6510 3.1144 3.1705 2.8755 2.5034 2.3976 2.2123 2.5484 1.8922 1.9337 2.4501 2.3805 2.0518 1.7795 1.5446 1.2427 0.9371 0.7881 0.8440 1.0098 1.1088 1.0748 0.9209 0.7204 0.5332 0.3957 0.3116 0.2648 0.2405 0.2265 0.2131 0.1996 0.1839 0.1663 0.1483 0.1310 0.1145 0.0996 0.0861 0.0751 0.0658 0.0578 0.0507 0.0446 0.0394 0.0348 0.0309 0.0275
4.2521 4.0715 4.1847 3.5659 3.5324 3.3450 2.8040 2.6777 2.4571 2.8766 2.0856 2.2414 2.8676 2.6963 2.2544 1.9531 1.7540 1.4772 1.1251 0.8807 0.8655 1.0288 1.1772 1.2003 1.0775 0.8747 0.6608 0.4884 0.3725 0.3019 0.2628 0.2415 0.2255 0.2118 0.1968 0.1798 0.1621 0.1445 0.1274 0.1115 0.0969 0.0848 0.0744 0.0655 0.0574 0.0505 0.0445 0.0393 0.0349 0.0309
4.6117 4.4816 4.6852 4.1638 3.8185 3.9197 3.1111 2.9615 2.7322 3.1948 2.2695 2.6055 3.3080 2.9795 2.4143 2.1029 1.9725 1.7564 1.3740 1.0188 0.8956 1.0237 1.2099 1.2997 1.2284 1.0423 0.8128 0.6079 0.4565 0.3552 0.2943 0.2601 0.2376 0.2216 0.2064 0.1899 0.1728 0.1557 0.1385 0.1222 0.1070 0.0942 0.0830 0.0732 0.0642 0.0566 0.0499 0.0440 0.0390 0.0346
4.8898 4.8799 5.0677 4.9126 4.0299 4.5922 3.4111 3.2626 3.0446 3.4675 2.4580 3.0333 3.7398 3.2035 2.5248 2.2305 2.1999 2.0825 1.6989 1.2301 0.9620 1.0078 1.2016 1.3548 1.3523 1.2071 0.9818 0.7550 0.5700 0.4338 0.3441 0.2900 0.2551 0.2327 0.2147 0.1975 0.1807 0.1640 0.1473 0.1312 0.1159 0.1027 0.0910 0.0807 0.0711 0.0628 0.0554 0.0490 0.0434 0.0385
5.2930 5.2221 5.3249 5.6609 4.2477 5.2614 3.6875 3.5938 3.3631 3.6455 2.6671 3.5012 4.1086 3.3429 2.5880 2.3388 2.4240 2.4353 2.0921 1.5297 1.0915 0.9997 1.1491 1.3418 1.4148 1.3356 1.1433 0.9164 0.7096 0.5410 0.4189 0.3385 0.2846 0.2500 0.2251 0.2043 0.1862 0.1693 0.1529 0.1373 0.1223 0.1092 0.0975 0.0869 0.0770 0.0683 0.0605 0.0536 0.0476 0.0423
6.1434 5.4479 5.5532 6.1191 4.6179 5.7287 3.9663 3.9615 3.6270 3.7066 2.9231 3.9513 4.3560 3.3993 2.6291 2.4367 2.6192 2.7660 2.5165 1.9178 1.3165 1.0373 1.0698 1.2481 1.3806 1.3838 1.2575 1.0640 0.8606 0.6738 0.5235 0.4147 0.3365 0.2836 0.2459 0.2168 0.1939 0.1747 0.1573 0.1415 0.1266 0.1137 0.1021 0.0916 0.0816 0.0728 0.0648 0.0576 0.0514 0.0457
7.2094 5.7097 5.7914 6.1288 5.1661 5.8084 4.3083 4.3296 3.7873 3.6932 3.2309 4.2828 4.4480 3.4183 2.6913 2.5263 2.7335 2.9805 2.8807 2.3538 1.6604 1.1807 1.0184 1.0952 1.2325 1.3073 1.2705 1.1488 0.9868 0.8113 0.6508 0.5215 0.4194 0.3445 0.2887 0.2457 0.2130 0.1873 0.1660 0.1479 0.1317 0.1181 0.1061 0.0955 0.0854 0.0764 0.0683 0.0609 0.0545 0.0486
7.4624 6.2611 5.9792 5.9618 5.5905 5.5818 4.7054 4.6466 3.9171 3.7214 3.5334 4.3788 4.4215 3.4985 2.8171 2.5905 2.6963 2.9479 3.0298 2.7304 2.1144 1.5114 1.1134 0.9830 1.0188 1.0997 1.1370 1.1081 1.0261 0.9033 0.7669 0.6403 0.5273 0.4357 0.3615 0.3012 0.2543 0.2174 0.1879 0.1640 0.1438 0.1272 0.1133 0.1015 0.0904 0.0808 0.0721 0.0644 0.0577 0.0515
6.9596 6.5932 6.4203 6.0036 5.6017 5.4828 4.9504 5.0224 4.2692 3.8893 3.7022 4.1833 4.4157 3.7663 3.0144 2.6001 2.4815 2.5822 2.7848 2.8504 2.5818 2.0915 1.5446 1.1457 0.9385 0.8811 0.8921 0.9117 0.9099 0.8679 0.7950 0.7086 0.6148 0.5275 0.4479 0.3768 0.3176 0.2688 0.2289 0.1964 0.1693 0.1471 0.1290 0.1139 0.1003 0.0888 0.0786 0.0699 0.0623 0.0554
7.1208 6.5380 7.2105 6.5129 5.9947 5.7664 4.9231 5.8454 4.9882 4.1359 3.7327 3.8010 4.5467 4.2660 3.2369 2.5756 2.2944 2.1109 2.1414 2.4365 2.7129 2.7413 2.4183 1.9288 1.4406 1.0718 0.8420 0.7273 0.6835 0.6625 0.6421 0.6136 0.5705 0.5213 0.4671 0.4102 0.3573 0.3097 0.2678 0.2316 0.2003 0.1737 0.1514 0.1326 0.1158 0.1016 0.0892 0.0787 0.0697 0.0616
7.9482 7.4778 8.1158 7.0077 6.6811 6.5859 5.7433 5.6724 5.2194 4.5476 4.8180 3.8953 3.6681 3.8892 3.2677 2.6729 2.8095 2.9795 2.6209 2.0142 1.6463 1.7275 2.0498 2.3621 2.4765 2.3710 2.0944 1.7483 1.4119 1.1109 0.8679 0.6870 0.5515 0.4550 0.3837 0.3279 0.2850 0.2507 0.2224 0.1984 0.1772 0.1585 0.1422 0.1277 0.1138 0.1017 0.0907 0.0809 0.0724 0.0644
9.2645 7.8790 8.1094 7.9776 6.7435 7.2522 5.8951 6.2700 5.2965 5.0485 5.0523 4.0407 4.0540 4.1200 3.3549 2.8738 3.0853 3.1656 2.7022 2.0832 1.7672 1.8975 2.2310 2.5249 2.6105 2.4805 2.1867 1.8290 1.4847 1.1763 0.9255 0.7371 0.5945 0.4918 0.4151 0.3546 0.3077 0.2701 0.2391 0.2130 0.1902 0.1700 0.1524 0.1367 0.1217 0.1087 0.0969 0.0865 0.0774 0.0689
9.9903 9.0093 8.0141 8.6666 7.1624 7.6107 6.2919 6.7091 5.4379 5.5935 5.1876 4.2598 4.4596 4.2946 3.4482 3.1151 3.3657 3.3280 2.7689 2.1586 1.9041 2.0798 2.4156 2.6837 2.7372 2.5826 2.2732 1.9061 1.5558 1.2415 0.9841 0.7888 0.6392 0.5304 0.4483 0.3830 0.3320 0.2908 0.2568 0.2285 0.2038 0.1822 0.1631 0.1461 0.1300 0.1160 0.1035 0.0923 0.0826 0.0736
9.7235 10.0746 8.5088 8.7895 8.0019 7.6523 6.9623 6.9158 5.7464 6.0908 5.2581 4.5778 4.8470 4.4133 3.5685 3.3959 3.6381 3.4623 2.8256 2.2456 2.0584 2.2727 2.6009 2.8364 2.8555 2.6768 2.3538 1.9795 1.6252 1.3067 1.0435 0.8420 0.6858 0.5710 0.4833 0.4132 0.3578 0.3129 0.2757 0.2449 0.2183 0.1950 0.1745 0.1560 0.1386 0.1235 0.1102 0.0984 0.0880 0.0785
9.6987 10.2369 9.6200 8.6621 8.9171 7.6464 7.7354 6.9540 6.2547 6.4516 5.3346 4.9909 5.1759 4.4917 3.7358 3.7080 3.8892 3.5676 2.8789 2.3494 2.2307 2.4737 2.7839 2.9811 2.9645 2.7630 2.4287 2.0494 1.6930 1.3717 1.1038 0.8966 0.7341 0.6135 0.5203 0.4452 0.3853 0.3365 0.2958 0.2624 0.2338 0.2087 0.1865 0.1664 0.1477 0.1315 0.1173 0.1047 0.0937 0.0836
10.8374 9.9615 10.5109 8.9319 9.4146 7.9338 8.3178 7.0036 6.8753 6.6356 5.4951 5.4589 5.4182 4.5586 3.9606 4.0352 4.1081 3.6486 2.9381 2.4748 2.4204 2.6802 2.9624 3.1172 3.0646 2.8418 2.4980 2.1163 1.7596 1.4369 1.1655 0.9534 0.7850 0.6583 0.5594 0.4792 0.4147 0.3619 0.3176 0.2812 0.2502 0.2231 0.1991 0.1774 0.1574 0.1401 0.1250 0.1115 0.0997 0.0890
11.9458 10.4441 10.5917 9.7977 9.4110 8.6123 8.5450 7.2605 7.4465 6.6936 5.7925 5.9162 5.5716 4.6512 4.2434 4.3572 4.2883 3.7137 3.0124 2.6248 2.6252 2.8888 3.1342 3.2440 3.1563 2.9139 2.5626 2.1806 1.8251 1.5023 1.2288 1.0126 0.8386 0.7056 0.6005 0.5150 0.4460 0.3892 0.3412 0.3016 0.2678 0.2383 0.2124 0.1890 0.1678 0.1496 0.1334 0.1189 0.1063 0.0949
11.8909 11.6002 10.4538 10.6906 9.3849 9.4034 8.5513 7.7857 7.8340 6.7529 6.2231 6.2992 5.6660 4.8047 4.5730 4.6545 4.4299 3.7735 3.1089 2.7988 2.8408 3.0954 3.2972 3.3610 3.2400 2.9804 2.6238 2.2429 1.8898 1.5677 1.2928 1.0732 0.8938 0.7547 0.6434 0.5528 0.4791 0.4184 0.3664 0.3233 0.2865 0.2544 0.2264 0.2013 0.1789 0.1596 0.1422 0.1267 0.1132 0.1010
11.8487 12.2007 10.9659 11.0222 9.8054 9.9102 8.6489 8.4270 8.0161 6.9356 6.7177 6.5746 5.7534 5.0360 4.9249 4.9131 4.5414 3.8415 3.2332 2.9948 3.0632 3.2971 3.4509 3.4692 3.3172 3.0428 2.6825 2.3037 1.9538 1.6331 1.3574 1.1348 0.9505 0.8054 0.6880 0.5923 0.5141 0.4493 0.3931 0.3464 0.3065 0.2716 0.2413 0.2144 0.1907 0.1702 0.1516 0.1350 0.1205 0.1075
12.7671 12.1718 11.8897 11.0373 10.5639 10.0739 9.0398 8.9594 8.1120 7.2859 7.1823 6.7589 5.8869 5.3385 5.2715 5.1293 4.6376 3.9297 3.3874 3.2092 3.2885 3.4925 3.5961 3.5705 3.3899 3.1026 2.7400 2.3638 2.0173 1.6986 1.4224 1.1974 1.0085 0.8576 0.7343 0.6335 0.5508 0.4819 0.4215 0.3711 0.3277 0.2900 0.2572 0.2283 0.2032 0.1815 0.1616 0.1438 0.1283 0.1144
13.4055 12.4079 12.3386 11.2658 11.1165 10.1510 9.5817 9.2541 8.2545 7.7232 7.5305 6.8860 6.0809 5.6802 5.5899 5.3107 4.7360 4.0487 3.5742 3.4439 3.5214 3.6881 3.7387 3.6684 3.4600 3.1622 2.8002 2.4281 2.0858 1.7683 1.4907 1.2631 1.0699 0.9140 0.7853 0.6787 0.5909 0.5177 0.4538 0.3997 0.3527 0.3114 0.2758 0.2445 0.2175 0.1943 0.1731 0.1540 0.1374 0.1225
13.5605 13.0130 12.4992 11.7977 11.4000 10.4415 10.0882 9.4493 8.5392 8.1704 7.7960 7.0379 6.3484 6.0359 5.8762 5.4746 4.8511 4.1997 3.7858 3.6887 3.7537 3.8795 3.8777 3.7647 3.5299 3.2222 2.8609 2.4927 2.1544 1.8378 1.5591 1.3293 1.1321 0.9717 0.8378 0.7256 0.6328 0.5553 0.4878 0.4301 0.3793 0.3342 0.2955 0.2619 0.2328 0.2079 0.1854 0.1650 0.1472 0.1311
13.8581 13.4926 12.7939 12.2927 11.6627 10.8624 10.4920 9.6840 8.9144 8.5762 8.0327 7.2435 6.6642 6.3864 6.1403 5.6387 4.9908 4.3804 4.0174 3.9413 3.9865 4.0695 4.0161 3.8616 3.6009 3.2833 2.9223 2.5574 2.2229 1.9068 1.6272 1.3957 1.1950 1.0304 0.8916 0.7739 0.6763 0.5945 0.5237 0.4622 0.4075 0.3584 0.3164 0.2803 0.2491 0.2224 0.1985 0.1767 0.1576 0.1403
14.1201 14.0264 13.0951 12.8059 11.9567 11.3041 10.8868 9.9675 9.3174 8.9646 8.2806 7.4927 7.0054 6.7337 6.3990 5.8143 5.1558 4.5868 4.2663 4.2027 4.2231 4.2616 4.1567 3.9610 3.6744 3.3462 2.9846 2.6224 2.2909 1.9751 1.6951 1.4622 1.2584 1.0899 0.9466 0.8236 0.7213 0.6354 0.5613 0.4962 0.4374 0.3841 0.3387 0.3000 0.2665 0.2379 0.2125 0.1893 0.1688 0.1502
14.8269 14.2500 13.5614 13.2943 12.1834 11.8637 11.2476 10.2415 9.7715 9.3657 8.5348 7.7736 7.3760 7.1020 6.6749 6.0129 5.3529 4.8267 4.5441 4.4867 4.4767 4.4663 4.3104 4.0767 3.7671 3.4260 3.0579 2.6935 2.3629 2.0484 1.7685 1.5341 1.3276 1.1559 1.0086 0.8807 0.7731 0.6817 0.6024 0.5331 0.4712 0.4152 0.3669 0.3248 0.2884 0.2573 0.2296 0.2044 0.1822 0.1621
15.6295 14.2473 14.4623 13.3837 12.6604 12.5037 11.4452 10.6015 10.3312 9.7353 8.7623 8.0950 7.7970 7.4888 6.9508 6.2164 5.5685 5.0917 4.8449 4.7873 4.7407 4.6768 4.4678 4.1949 3.8615 3.5065 3.1311 2.7643 2.4346 2.1219 1.8421 1.6064 1.3976 1.2231 1.0722 0.9397 0.8267 0.7299 0.6452 0.5719 0.5068 0.4482 0.3970 0.3514 0.3119 0.2782 0.2479 0.2206 0.1967 0.1750
15.2057 15.2846 14.7963 13.4880 13.5860 12.8163 11.5976 11.2221 10.9047 9.9833 8.9911 8.5105 8.2800 7.8751 7.2074 6.4186 5.8070 5.3896 5.1746 5.1072 5.0147 4.8913 4.6264 4.3135 3.9556 3.5864 3.2037 2.8346 2.5063 2.1958 1.9160 1.6791 1.4685 1.2916 1.1375 1.0006 0.8824 0.7800 0.6899 0.6125 0.5444 0.4833 0.4292 0.3799 0.3371 0.3005 0.2676 0.2380 0.2122 0.1887
15.9411 16.2566 14.5035 14.5445 14.2516 12.7811 12.1606 12.0491 11.2913 10.1444 9.3559 9.0802 8.8091 8.2304 7.4389 6.6395 6.0941 5.7401 5.5446 5.4515 5.3011 5.1124 4.7891 4.4352 4.0522 3.6692 3.2800 2.9100 2.5837 2.2756 1.9955 1.7574 1.5449 1.3656 1.2082 1.0669 0.9434 0.8354 0.7398 0.6580 0.5863 0.5218 0.4641 0.4111 0.3649 0.3253 0.2897 0.2577 0.2297 0.2044
17.7067 15.7388 15.5183 15.7184 14.1407 13.1935 13.2362 12.6779 11.4361 10.4387 9.9861 9.7775 9.3188 8.5270 7.6626 6.9176 6.4611 6.1596 5.9593 5.8191 5.5979 5.3401 4.9574 4.5627 4.1554 3.7602 3.3663 2.9970 2.6731 2.3665 2.0860 1.8468 1.6317 1.4496 1.2886 1.1424 1.0134 0.8999 0.7986 0.7116 0.6351 0.5651 0.5029 0.4462 0.3965 0.3537 0.3156 0.2809 0.2505 0.2228
16.9577 16.5280 17.1330 15.5452 14.3038 14.4333 14.0948 12.7890 11.5911 11.0633 10.8042 10.4190 9.6875 8.7444 7.9036 7.2692 6.9042 6.6286 6.3929 6.1843 5.8825 5.5540 5.1151 4.6840 4.2574 3.8535 3.4567 3.0885 2.7671 2.4618 2.1811 1.9408 1.7230 1.5381 1.3734 1.2222 1.0877 0.9683 0.8612 0.7688 0.6872 0.6114 0.5443 0.4839 0.4304 0.3844 0.3435 0.3060 0.2729 0.2428
17.6239 18.5115 16.8505 15.4797 15.7050 15.5048 14.1550 12.7919 12.1893 12.0012 11.5749 10.8463 9.9057 8.9504 8.2276 7.7236 7.4204 7.1276 6.8232 6.5292 6.1430 5.7480 5.2598 4.7994 4.3600 3.9515 3.5537 3.1870 2.8678 2.5635 2.2824 2.0409 1.8200 1.6320 1.4636 1.3071 1.1667 1.0413 0.9279 0.8299 0.7430 0.6609 0.5887 0.5244 0.4668 0.4174 0.3737 0.3332 0.2971 0.2645
20.0107 18.0686 16.7933 17.2355 17.0234 15.5473 14.0993 13.4717 13.3173 12.9594 12.1076 11.0912 10.1140 9.2928 8.7284 8.3194 8.0186 7.6604 7.2630 6.8749 6.4062 5.9518 5.4244 4.9432 4.4936 4.0820 3.6839 3.3187 3.0006 2.6945 2.4118 2.1679 1.9424 1.7484 1.5729 1.4086 1.2622 1.1315 1.0122 0.9076 0.8137 0.7256 0.6478 0.5781 0.5149 0.4607 0.4134 0.3691 0.3295 0.2935
18.9959 18.2284 18.9422 18.5218 16.8296 15.4186 14.9100 14.7683 14.3640 13.4935 12.3214 11.2805 10.4559 9.8239 9.3751 8.9845 8.6204 8.1595 7.6588 7.1828 6.6459 6.1469 5.5929 5.1001 4.6451 4.2329 3.8352 3.4714 3.1534 2.8439 2.5584 2.3108 2.0795 1.8780 1.6940 1.5205 1.3675 1.2316 1.1062 0.9944 0.8927 0.7982 0.7143 0.6387 0.5690 0.5094 0.4582 0.4097 0.3662 0.3264
19.9786 20.7241 19.7748 17.9466 16.7803 16.5158 16.3838 15.7995 14.7870 13.6100 12.4873 11.6614 11.0414 10.5300 10.0938 9.6369 9.1628 8.5869 7.9938 7.4501 6.8667 6.3403 5.7724 5.2757 4.8193 4.4079 4.0102 3.6468 3.3275 3.0127 2.7225 2.4698 2.2314 2.0207 1.8267 1.6428 1.4827 1.3412 1.2093 1.0898 0.9794 0.8781 0.7877 0.7056 0.6288 0.5632 0.5078 0.4547 0.4068 0.3628
22.2949 20.6095 18.9883 18.4031 18.3726 18.1049 17.2479 16.0009 14.7710 13.7478 12.9116 12.3237 11.8159 11.2991 10.7760 10.1954 9.6082 8.9364 8.2738 7.6898 7.0837 6.5480 5.9772 5.4830 5.0290 4.6186 4.2190 3.8564 3.5362 3.2164 2.9195 2.6595 2.4119 2.1913 1.9870 1.7923 1.6228 1.4728 1.3329 1.2047 1.0846 0.9740 0.8757 0.7869 0.7035 0.6317 0.5701 0.5113 0.4583 0.4095
21.1663 20.4037 20.4688 20.4181 19.7268 18.5285 17.1678 15.9443 15.0234 14.3240 13.6793 13.1533 12.6022 11.9803 11.3276 10.6206 9.9545 9.2259 8.5225 7.9247 7.3162 6.7860 6.2199 5.7315 5.2809 4.8700 4.4651 4.1034 3.7828 3.4589 3.1529 2.8833 2.6242 2.3931 2.1782 1.9724 1.7909 1.6291 1.4800 1.3417 1.2108 1.0883 0.9805 0.8849 0.7956 0.7175 0.6472 0.5814 0.5225 0.4680
22.7393 22.7724 22.1314 20.9114 19.5161 18.2943 17.3205 16.5345 15.8940 15.2739 14.5542 13.8994 13.2104 12.4701 11.7193 10.9355 10.2409 9.4971 8.7805 8.1883 7.5892 7.0713 6.5116 6.0279 5.5773 5.1620 4.7479 4.3852 4.0627 3.7326 3.4152 3.1340 2.8615 2.6183 2.3914 2.1734 1.9787 1.8037 1.6445 1.4952 1.3524 1.2163 1.0980 0.9953 0.8998 0.8150 0.7348 0.6612 0.5957 0.5350
24.4105 23.0463 21.7108 20.5990 19.7391 19.0602 18.4070 17.6783 16.9137 16.0868 15.1580 14.3480 13.5625 12.7623 11.9799 11.1808 10.4984 9.7664 9.0537 8.4760 7.8896 7.3852 6.8309 6.3502 5.8959 5.4731 5.0469 4.6793 4.3527 4.0164 3.6890 3.3974 3.1123 2.8578 2.6197 2.3904 2.1829 1.9948 1.8236 1.6631 1.5094 1.3619 1.2337 1.1228 1.0196 0.9269 0.8366 0.7545 0.6818 0.6141
24.1535 23.3188 22.6396 21.9796 21.2683 20.4664 19.5438 18.5117 17.4746 16.4393 15.3952 14.5406 13.7600 12.9448 12.1682 11.3858 10.7227 10.0066 9.3085 8.7452 8.1681 7.6738 7.1250 6.6487 6.1903 5.7600 5.3220 4.9421 4.6086 4.2691 3.9398 3.6454 3.3536 3.0927 2.8478 2.6118 2.3955 2.1974 2.0099 1.8394 1.6800 1.5305 1.3967 1.2752 1.1601 1.0571 0.9591 0.8686 0.7877 0.7121
26.3382 25.4515 24.4521 23.3699 22.2625 21.1337 19.9766 18.7994 17.6738 16.5945 15.5657 14.7596 14.0422 13.2340 12.4649 11.6889 11.0338 10.3215 9.6280 9.0688 8.4917 8.0005 7.4524 6.9772 6.5119 6.0714 5.6191 5.2245 4.8830 4.5403 4.2095 3.9129 3.6147 3.3477 3.0962 2.8540 2.6290 2.4204 2.2151 2.0340 1.8696 1.7199 1.5811 1.4480 1.3196 1.2052 1.0991 0.9996 0.9099 0.8256
27.4008 26.1487 24.9033 23.6898 22.5430 21.4099 20.2677 19.1174 17.9967 16.9140 15.9083 15.1408 14.4649 13.6360 12.8463 12.0505 11.3857 10.6633 9.9636 9.3988 8.8143 8.3212 7.7704 7.2945 6.8227 6.3727 5.9070 5.4971 5.1476 4.8021 4.4700 4.1718 3.8686 3.5970 3.3404 3.0930 2.8602 2.6419 2.4190 2.2281 2.0599 1.9114 1.7688 1.6244 1.4825 1.3570 1.2435 1.1352 1.0369 0.9439
27.1551 25.9966 24.8502 23.6998 22.5743 21.4585 20.3385 19.2372 18.1404 17.0661 16.0433 15.2585 14.5632 13.7200 12.9137 12.0994 11.4390 10.7166 10.0068 9.4274 8.8296 8.3296 7.7708 7.2890 6.8289 6.3890 5.9319 5.5163 5.1612 4.8097 4.4705 4.1684 3.8674 3.6003 3.3473 3.0986 2.8639 2.6438 2.4219 2.2319 2.0641 1.9118 1.7664 1.6211 1.4799 1.3556 1.2442 1.1364 1.0380 0.9447
