0.0533 0.0544 0.0562 0.0555 0.0492 0.0494 0.0476 0.0439 0.0434 0.0392 0.0378 0.0350 0.0315 0.0300 0.0275 0.0247 0.0228 0.0208 0.0186 0.0169 0.0154 0.0140 0.0125 0.0112 0.0100 0.0090 0.0082 0.0074 0.0067 0.0060 0.0053 0.0047 0.0042 0.0037 0.0033 0.0030 0.0027 0.0024 0.0021 0.0019 0.0017 0.0015 0.0014 0.0012 0.0011 0.0010 0.0009 0.0008 0.0007 0.0006
0.1598 0.1628 0.1681 0.1670 0.1480 0.1481 0.1431 0.1317 0.1301 0.1177 0.1135 0.1051 0.0947 0.0901 0.0825 0.0742 0.0683 0.0623 0.0559 0.0506 0.0461 0.0420 0.0376 0.0335 0.0301 0.0271 0.0246 0.0223 0.0202 0.0180 0.0160 0.0142 0.0126 0.0112 0.0100 0.0089 0.0080 0.0072 0.0064 0.0057 0.0051 0.0046 0.0042 0.0037 0.0034 0.0030 0.0027 0.0024 0.0022 0.0019
0.2667 0.2702 0.2784 0.2794 0.2484 0.2461 0.2392 0.2194 0.2170 0.1961 0.1897 0.1750 0.1580 0.1506 0.1377 0.1237 0.1138 0.1039 0.0933 0.0844 0.0768 0.0700 0.0626 0.0559 0.0501 0.0452 0.0411 0.0371 0.0336 0.0300 0.0266 0.0236 0.0209 0.0186 0.0166 0.0148 0.0134 0.0120 0.0107 0.0096 0.0086 0.0077 0.0069 0.0062 0.0056 0.0050 0.0045 0.0040 0.0036 0.0032
0.3759 0.3770 0.3864 0.3926 0.3516 0.3435 0.3362 0.3074 0.3039 0.2748 0.2665 0.2446 0.2216 0.2118 0.1931 0.1730 0.1594 0.1458 0.1307 0.1181 0.1075 0.0980 0.0876 0.0781 0.0702 0.0633 0.0576 0.0520 0.0471 0.0420 0.0372 0.0330 0.0292 0.0260 0.0232 0.0208 0.0187 0.0169 0.0151 0.0134 0.0121 0.0109 0.0097 0.0088 0.0079 0.0070 0.0063 0.0056 0.0050 0.0045
0.4912 0.4851 0.4922 0.5054 0.4591 0.4408 0.4342 0.3960 0.3906 0.3539 0.3438 0.3138 0.2859 0.2739 0.2486 0.2222 0.2053 0.1880 0.1683 0.1517 0.1381 0.1259 0.1125 0.1003 0.0901 0.0814 0.0741 0.0669 0.0604 0.0538 0.0476 0.0422 0.0373 0.0334 0.0298 0.0267 0.0241 0.0217 0.0194 0.0173 0.0155 0.0140 0.0125 0.0113 0.0101 0.0091 0.0081 0.0072 0.0065 0.0058
0.6169 0.5980 0.5974 0.6157 0.5718 0.5391 0.5329 0.4862 0.4769 0.4339 0.4213 0.3824 0.3514 0.3371 0.3038 0.2713 0.2519 0.2309 0.2059 0.1853 0.1687 0.1539 0.1373 0.1224 0.1101 0.0996 0.0906 0.0817 0.0737 0.0655 0.0578 0.0513 0.0454 0.0407 0.0365 0.0327 0.0295 0.0267 0.0238 0.0213 0.0191 0.0172 0.0154 0.0138 0.0124 0.0111 0.0099 0.0088 0.0079 0.0071
0.7541 0.7196 0.7058 0.7221 0.6888 0.6397 0.6327 0.5784 0.5628 0.5150 0.4981 0.4504 0.4184 0.4011 0.3582 0.3205 0.2998 0.2745 0.2434 0.2186 0.1994 0.1819 0.1621 0.1444 0.1299 0.1177 0.1070 0.0963 0.0867 0.0769 0.0678 0.0602 0.0535 0.0480 0.0431 0.0387 0.0351 0.0317 0.0283 0.0252 0.0226 0.0203 0.0182 0.0163 0.0146 0.0131 0.0116 0.0104 0.0093 0.0084
0.8964 0.8499 0.8213 0.8255 0.8067 0.7429 0.7348 0.6721 0.6491 0.5965 0.5734 0.5180 0.4870 0.4645 0.4108 0.3705 0.3496 0.3186 0.2805 0.2519 0.2302 0.2100 0.1868 0.1663 0.1497 0.1357 0.1233 0.1107 0.0994 0.0880 0.0776 0.0691 0.0615 0.0554 0.0499 0.0449 0.0406 0.0367 0.0328 0.0292 0.0261 0.0234 0.0210 0.0188 0.0168 0.0150 0.0134 0.0119 0.0107 0.0096
1.0337 0.9814 0.9431 0.9307 0.9207 0.8466 0.8408 0.7650 0.7376 0.6773 0.6468 0.5851 0.5561 0.5251 0.4611 0.4224 0.4013 0.3622 0.3165 0.2850 0.2614 0.2383 0.2114 0.1880 0.1694 0.1535 0.1392 0.1247 0.1117 0.0989 0.0873 0.0779 0.0696 0.0629 0.0568 0.0511 0.0463 0.0418 0.0372 0.0331 0.0296 0.0265 0.0237 0.0212 0.0189 0.0169 0.0151 0.0134 0.0120 0.0108
1.1652 1.1069 1.0621 1.0403 1.0276 0.9469 0.9483 0.8545 0.8298 0.7552 0.7191 0.6512 0.6228 0.5800 0.5098 0.4770 0.4534 0.4032 0.3510 0.3184 0.2934 0.2667 0.2358 0.2094 0.1888 0.1710 0.1547 0.1382 0.1236 0.1095 0.0970 0.0868 0.0779 0.0705 0.0637 0.0574 0.0519 0.0467 0.0416 0.0369 0.0329 0.0294 0.0262 0.0235 0.0210 0.0187 0.0167 0.0149 0.0133 0.0120
1.2973 1.2377 1.1673 1.1478 1.1311 1.0424 1.0467 0.9447 0.9245 0.8313 0.7932 0.7161 0.6863 0.6300 0.5604 0.5351 0.5033 0.4409 0.3857 0.3544 0.3275 0.2961 0.2607 0.2315 0.2088 0.1889 0.1706 0.1521 0.1360 0.1207 0.1073 0.0964 0.0866 0.0785 0.0709 0.0637 0.0575 0.0516 0.0458 0.0406 0.0361 0.0323 0.0288 0.0257 0.0230 0.0206 0.0183 0.0164 0.0146 0.0132
1.4109 1.3889 1.2695 1.2367 1.2342 1.1364 1.1198 1.0456 1.0097 0.9099 0.8705 0.7802 0.7480 0.6793 0.6158 0.5933 0.5473 0.4761 0.4239 0.3949 0.3640 0.3267 0.2867 0.2550 0.2303 0.2081 0.1875 0.1671 0.1496 0.1331 0.1187 0.1068 0.0960 0.0869 0.0783 0.0702 0.0631 0.0565 0.0500 0.0443 0.0394 0.0352 0.0314 0.0281 0.0252 0.0226 0.0201 0.0180 0.0161 0.0145
1.4559 1.5064 1.4095 1.2981 1.3225 1.2374 1.1623 1.1544 1.0646 0.9964 0.9437 0.8434 0.8093 0.7289 0.6717 0.6428 0.5820 0.5111 0.4664 0.4372 0.3990 0.3552 0.3120 0.2789 0.2524 0.2278 0.2048 0.1826 0.1638 0.1461 0.1304 0.1174 0.1054 0.0951 0.0854 0.0762 0.0683 0.0610 0.0541 0.0479 0.0426 0.0381 0.0341 0.0306 0.0275 0.0246 0.0220 0.0197 0.0176 0.0159
1.4549 1.5067 1.5615 1.3736 1.3764 1.3528 1.2017 1.2475 1.0986 1.0940 1.0029 0.9115 0.8729 0.7807 0.7254 0.6842 0.6163 0.5537 0.5130 0.4765 0.4289 0.3810 0.3373 0.3039 0.2754 0.2481 0.2226 0.1987 0.1786 0.1596 0.1424 0.1280 0.1145 0.1030 0.0922 0.0821 0.0734 0.0656 0.0582 0.0517 0.0461 0.0413 0.0370 0.0333 0.0300 0.0269 0.0240 0.0215 0.0193 0.0174
1.5340 1.4821 1.5967 1.5285 1.4010 1.4583 1.2867 1.3132 1.1622 1.1804 1.0487 0.9899 0.9365 0.8379 0.7827 0.7313 0.6645 0.6054 0.5563 0.5074 0.4545 0.4080 0.3659 0.3314 0.2996 0.2689 0.2409 0.2154 0.1940 0.1734 0.1546 0.1385 0.1236 0.1109 0.0991 0.0882 0.0790 0.0706 0.0629 0.0560 0.0501 0.0450 0.0403 0.0363 0.0328 0.0295 0.0263 0.0235 0.0211 0.0190
1.7511 1.6162 1.5931 1.6751 1.4941 1.5271 1.4307 1.3804 1.2783 1.2490 1.1232 1.0760 0.9990 0.9069 0.8504 0.7931 0.7246 0.6552 0.5922 0.5390 0.4903 0.4471 0.4023 0.3619 0.3241 0.2895 0.2595 0.2328 0.2102 0.1879 0.1672 0.1494 0.1331 0.1194 0.1069 0.0952 0.0854 0.0766 0.0683 0.0610 0.0547 0.0491 0.0440 0.0397 0.0358 0.0322 0.0286 0.0256 0.0229 0.0206
1.9138 1.8381 1.7533 1.7766 1.6928 1.6277 1.5681 1.4837 1.4162 1.3640 1.2393 1.1593 1.0845 0.9894 0.9176 0.8556 0.7797 0.7010 0.6408 0.5971 0.5501 0.4976 0.4392 0.3890 0.3466 0.3107 0.2801 0.2525 0.2282 0.2035 0.1806 0.1611 0.1434 0.1287 0.1154 0.1029 0.0923 0.0828 0.0740 0.0661 0.0592 0.0530 0.0474 0.0428 0.0386 0.0346 0.0308 0.0274 0.0245 0.0220
2.0739 2.0229 1.9348 1.9420 1.8366 1.7916 1.7065 1.6414 1.5113 1.4583 1.3170 1.2956 1.2098 1.0624 0.9867 0.9229 0.8314 0.7519 0.7003 0.6522 0.5874 0.5198 0.4580 0.4132 0.3769 0.3435 0.3111 0.2792 0.2502 0.2212 0.1950 0.1733 0.1540 0.1383 0.1239 0.1103 0.0989 0.0885 0.0790 0.0704 0.0630 0.0563 0.0503 0.0453 0.0409 0.0367 0.0326 0.0291 0.0260 0.0234
2.0562 2.1295 2.0267 1.9246 1.9620 1.7924 1.8013 1.6441 1.6214 1.4869 1.4052 1.3251 1.2081 1.1326 1.0544 0.9584 0.8797 0.8114 0.7372 0.6643 0.5989 0.5470 0.4963 0.4498 0.4038 0.3600 0.3219 0.2887 0.2614 0.2347 0.2100 0.1887 0.1685 0.1512 0.1350 0.1197 0.1066 0.0950 0.0845 0.0752 0.0672 0.0601 0.0537 0.0484 0.0437 0.0392 0.0349 0.0312 0.0279 0.0251
2.1451 2.1660 2.2118 2.0324 2.0582 1.9312 1.8879 1.7603 1.7181 1.5732 1.5076 1.4010 1.2884 1.2111 1.1182 1.0193 0.9408 0.8647 0.7821 0.7069 0.6412 0.5869 0.5309 0.4790 0.4297 0.3842 0.3450 0.3098 0.2806 0.2518 0.2253 0.2022 0.1804 0.1617 0.1443 0.1280 0.1141 0.1017 0.0906 0.0807 0.0722 0.0646 0.0577 0.0519 0.0468 0.0420 0.0374 0.0334 0.0299 0.0269
2.3866 2.2245 2.3069 2.2169 2.1171 2.0960 1.9607 1.8962 1.8014 1.6749 1.6072 1.4792 1.3752 1.2891 1.1839 1.0846 1.0030 0.9176 0.8287 0.7528 0.6861 0.6278 0.5654 0.5084 0.4567 0.4099 0.3698 0.3323 0.3008 0.2696 0.2409 0.2160 0.1925 0.1725 0.1539 0.1366 0.1220 0.1088 0.0970 0.0865 0.0775 0.0693 0.0619 0.0556 0.0500 0.0449 0.0400 0.0357 0.0320 0.0288
2.5791 2.4336 2.3361 2.4057 2.2056 2.2394 2.0534 2.0316 1.8822 1.7909 1.7015 1.5637 1.4665 1.3670 1.2539 1.1535 1.0652 0.9711 0.8784 0.8021 0.7328 0.6689 0.6001 0.5384 0.4852 0.4376 0.3965 0.3561 0.3219 0.2878 0.2568 0.2300 0.2048 0.1835 0.1639 0.1457 0.1302 0.1162 0.1037 0.0926 0.0831 0.0744 0.0664 0.0595 0.0535 0.0479 0.0427 0.0382 0.0341 0.0308
2.5748 2.6699 2.4546 2.5044 2.3751 2.3313 2.1917 2.1455 1.9773 1.9134 1.7921 1.6569 1.5605 1.4469 1.3286 1.2242 1.1276 1.0270 0.9322 0.8544 0.7803 0.7100 0.6352 0.5700 0.5160 0.4675 0.4250 0.3811 0.3435 0.3063 0.2730 0.2443 0.2175 0.1950 0.1743 0.1552 0.1389 0.1242 0.1109 0.0992 0.0890 0.0797 0.0711 0.0636 0.0570 0.0510 0.0455 0.0407 0.0364 0.0328
2.6533 2.7281 2.6978 2.5460 2.5763 2.4008 2.3595 2.2343 2.0963 2.0305 1.8814 1.7566 1.6552 1.5296 1.4067 1.2957 1.1920 1.0880 0.9910 0.9086 0.8276 0.7512 0.6721 0.6049 0.5497 0.4993 0.4541 0.4066 0.3658 0.3257 0.2899 0.2593 0.2309 0.2072 0.1855 0.1654 0.1481 0.1324 0.1185 0.1060 0.0953 0.0853 0.0761 0.0679 0.0609 0.0545 0.0486 0.0434 0.0389 0.0350
2.9625 2.7533 2.8779 2.6741 2.7100 2.5172 2.5102 2.3220 2.2349 2.1362 1.9746 1.8611 1.7510 1.6150 1.4860 1.3685 1.2610 1.1549 1.0535 0.9633 0.8746 0.7935 0.7123 0.6440 0.5863 0.5324 0.4832 0.4323 0.3886 0.3461 0.3078 0.2752 0.2451 0.2204 0.1977 0.1763 0.1579 0.1411 0.1264 0.1133 0.1020 0.0913 0.0813 0.0726 0.0651 0.0583 0.0520 0.0464 0.0415 0.0374
3.1166 2.9947 2.9147 2.9097 2.7747 2.7024 2.6181 2.4409 2.3774 2.2347 2.0791 1.9718 1.8494 1.7021 1.5666 1.4455 1.3364 1.2260 1.1166 1.0174 0.9223 0.8385 0.7563 0.6868 0.6253 0.5667 0.5127 0.4582 0.4118 0.3671 0.3264 0.2920 0.2603 0.2346 0.2109 0.1880 0.1683 0.1503 0.1348 0.1209 0.1090 0.0975 0.0868 0.0775 0.0695 0.0623 0.0555 0.0495 0.0443 0.0398
3.1026 3.2486 3.0196 3.0920 2.8822 2.8899 2.7089 2.5973 2.5065 2.3351 2.1968 2.0871 1.9482 1.7897 1.6510 1.5296 1.4175 1.2983 1.1785 1.0714 0.9726 0.8879 0.8046 0.7326 0.6659 0.6014 0.5420 0.4841 0.4354 0.3889 0.3460 0.3098 0.2766 0.2498 0.2250 0.2006 0.1794 0.1601 0.1436 0.1290 0.1163 0.1041 0.0926 0.0826 0.0742 0.0665 0.0592 0.0528 0.0472 0.0424
3.3558 3.2972 3.2847 3.1660 3.0876 3.0174 2.8347 2.7655 2.6188 2.4485 2.3267 2.2025 2.0446 1.8798 1.7436 1.6216 1.5009 1.3687 1.2393 1.1278 1.0278 0.9426 0.8568 0.7805 0.7069 0.6359 0.5712 0.5103 0.4598 0.4120 0.3671 0.3292 0.2941 0.2662 0.2402 0.2140 0.1911 0.1703 0.1530 0.1374 0.1240 0.1109 0.0987 0.0879 0.0790 0.0709 0.0630 0.0562 0.0503 0.0450
3.6069 3.3976 3.4650 3.2710 3.2826 3.1039 3.0006 2.9086 2.7242 2.5803 2.4595 2.3087 2.1359 1.9770 1.8470 1.7181 1.5821 1.4364 1.3010 1.1902 1.0912 1.0039 0.9125 0.8295 0.7497 0.6731 0.6039 0.5396 0.4868 0.4369 0.3905 0.3512 0.3146 0.2848 0.2568 0.2289 0.2047 0.1827 0.1638 0.1470 0.1326 0.1186 0.1055 0.0939 0.0842 0.0755 0.0673 0.0601 0.0537 0.0481
3.6246 3.6613 3.5262 3.4821 3.4008 3.2325 3.1764 3.0245 2.8452 2.7299 2.5866 2.4059 2.2323 2.0876 1.9576 1.8116 1.6581 1.5039 1.3683 1.2602 1.1606 1.0680 0.9684 0.8777 0.7922 0.7108 0.6380 0.5708 0.5159 0.4639 0.4159 0.3751 0.3367 0.3047 0.2745 0.2445 0.2189 0.1957 0.1751 0.1569 0.1415 0.1267 0.1127 0.1003 0.0897 0.0803 0.0718 0.0642 0.0573 0.0514
3.7832 3.8084 3.6639 3.6695 3.4967 3.4098 3.3218 3.1335 2.9932 2.8825 2.6976 2.5008 2.3434 2.2098 2.0661 1.8971 1.7312 1.5767 1.4445 1.3377 1.2333 1.1320 1.0229 0.9249 0.8348 0.7500 0.6744 0.6047 0.5477 0.4933 0.4434 0.4006 0.3601 0.3257 0.2930 0.2609 0.2337 0.2092 0.1869 0.1673 0.1508 0.1351 0.1203 0.1069 0.0954 0.0853 0.0765 0.0684 0.0611 0.0548
4.0165 3.8876 3.8731 3.7819 3.6378 3.5872 3.4327 3.2626 3.1604 3.0173 2.7942 2.6087 2.4722 2.3326 2.1634 1.9760 1.8089 1.6603 1.5301 1.4192 1.3055 1.1937 1.0756 0.9720 0.8793 0.7922 0.7143 0.6420 0.5825 0.5251 0.4728 0.4277 0.3847 0.3476 0.3122 0.2778 0.2491 0.2233 0.1991 0.1781 0.1605 0.1440 0.1282 0.1139 0.1014 0.0905 0.0815 0.0730 0.0652 0.0584
4.1151 4.0318 4.0292 3.8789 3.8211 3.7278 3.5385 3.4248 3.3179 3.1236 2.8992 2.7452 2.6106 2.4429 2.2503 2.0610 1.9047 1.7629 1.6288 1.5058 1.3783 1.2562 1.1316 1.0252 0.9312 0.8426 0.7624 0.6870 0.6241 0.5624 0.5067 0.4586 0.4123 0.3724 0.3345 0.2976 0.2666 0.2388 0.2131 0.1906 0.1716 0.1540 0.1374 0.1223 0.1090 0.0973 0.0875 0.0783 0.0700 0.0628
4.1833 4.2143 4.1119 4.0198 3.9965 3.8185 3.6779 3.6021 3.4369 3.2184 3.0316 2.8962 2.7344 2.5350 2.3358 2.1590 2.0148 1.8722 1.7265 1.5879 1.4472 1.3180 1.1903 1.0831 0.9887 0.8981 0.8149 0.7355 0.6681 0.6014 0.5420 0.4905 0.4407 0.3981 0.3576 0.3182 0.2849 0.2551 0.2278 0.2038 0.1833 0.1648 0.1472 0.1313 0.1171 0.1045 0.0940 0.0841 0.0751 0.0674
4.3383 4.3245 4.1803 4.2185 4.0880 3.9166 3.8665 3.7406 3.5195 3.3384 3.1910 3.0355 2.8328 2.6198 2.4342 2.2738 2.1332 1.9799 1.8181 1.6649 1.5150 1.3829 1.2545 1.1474 1.0521 0.9586 0.8710 0.7864 0.7138 0.6415 0.5781 0.5233 0.4700 0.4246 0.3818 0.3398 0.3042 0.2722 0.2435 0.2179 0.1959 0.1762 0.1576 0.1410 0.1258 0.1123 0.1009 0.0903 0.0806 0.0724
4.5167 4.3215 4.3937 4.3298 4.1360 4.1057 4.0325 3.8149 3.6226 3.5046 3.3494 3.1467 2.9222 2.7229 2.5583 2.4037 2.2527 2.0822 1.9056 1.7435 1.5902 1.4579 1.3288 1.2202 1.1218 1.0236 0.9307 0.8401 0.7622 0.6845 0.6168 0.5584 0.5016 0.4535 0.4080 0.3635 0.3258 0.2918 0.2614 0.2341 0.2105 0.1895 0.1697 0.1520 0.1358 0.1213 0.1089 0.0974 0.0871 0.0782
4.4507 4.5539 4.5425 4.3310 4.3259 4.3013 4.0942 3.8995 3.7985 3.6846 3.4729 3.2408 3.0344 2.8627 2.7076 2.5406 2.3694 2.1816 1.9958 1.8327 1.6806 1.5484 1.4157 1.3017 1.1974 1.0929 0.9942 0.8972 0.8146 0.7331 0.6604 0.5977 0.5374 0.4861 0.4378 0.3908 0.3512 0.3156 0.2830 0.2539 0.2288 0.2060 0.1844 0.1648 0.1476 0.1322 0.1186 0.1062 0.0949 0.0853
4.7031 4.7117 4.4811 4.5330 4.5469 4.3342 4.1461 4.0836 3.9985 3.8098 3.5560 3.3450 3.1790 3.0232 2.8571 2.6672 2.4776 2.2804 2.0924 1.9321 1.7817 1.6475 1.5084 1.3866 1.2747 1.1633 1.0589 0.9556 0.8686 0.7839 0.7064 0.6395 0.5757 0.5213 0.4700 0.4203 0.3789 0.3416 0.3066 0.2755 0.2489 0.2241 0.2004 0.1788 0.1605 0.1440 0.1292 0.1157 0.1035 0.0930
4.8208 4.5866 4.7254 4.7712 4.5309 4.3630 4.3481 4.3037 4.1196 3.8756 3.6513 3.4931 3.3525 3.1853 2.9942 2.7834 2.5848 2.3866 2.2002 2.0426 1.8914 1.7521 1.6039 1.4728 1.3529 1.2348 1.1251 1.0161 0.9254 0.8381 0.7556 0.6846 0.6171 0.5595 0.5050 0.4525 0.4091 0.3700 0.3324 0.2992 0.2709 0.2439 0.2179 0.1940 0.1745 0.1569 0.1407 0.1261 0.1129 0.1014
4.7004 4.9489 4.9554 4.7083 4.5999 4.6439 4.6045 4.4237 4.1893 3.9966 3.8317 3.6934 3.5334 3.3372 3.1260 2.9092 2.7128 2.5181 2.3325 2.1715 2.0135 1.8670 1.7106 1.5721 1.4453 1.3210 1.2061 1.0909 0.9944 0.9001 0.8142 0.7403 0.6692 0.6078 0.5496 0.4939 0.4472 0.4049 0.3634 0.3269 0.2960 0.2669 0.2392 0.2141 0.1929 0.1737 0.1559 0.1397 0.1251 0.1124
5.1839 5.0487 4.8236 4.8606 4.9571 4.8854 4.6752 4.4724 4.3307 4.2209 4.0634 3.8894 3.6883 3.4710 3.2569 3.0474 2.8582 2.6659 2.4769 2.3082 2.1405 1.9862 1.8220 1.6775 1.5448 1.4151 1.2953 1.1740 1.0709 0.9683 0.8792 0.8025 0.7274 0.6620 0.5996 0.5402 0.4898 0.4437 0.3977 0.3575 0.3235 0.2923 0.2629 0.2367 0.2138 0.1927 0.1730 0.1551 0.1389 0.1249
5.0302 4.9658 5.1582 5.2495 5.1035 4.8826 4.7349 4.6682 4.6047 4.4854 4.2653 4.0404 3.8169 3.6036 3.4029 3.2056 3.0212 2.8262 2.6295 2.4504 2.2721 2.1104 1.9395 1.7900 1.6522 1.5174 1.3929 1.2651 1.1549 1.0430 0.9503 0.8706 0.7911 0.7211 0.6542 0.5908 0.5364 0.4861 0.4351 0.3907 0.3534 0.3200 0.2888 0.2615 0.2368 0.2137 0.1919 0.1721 0.1542 0.1388
5.2981 5.5021 5.4378 5.2329 5.0820 5.0442 5.0439 4.9944 4.8628 4.6645 4.4000 4.1675 3.9566 3.7620 3.5759 3.3858 3.1981 2.9947 2.7887 2.6012 2.4148 2.2454 2.0673 1.9124 1.7693 1.6291 1.4994 1.3664 1.2512 1.1331 1.0342 0.9490 0.8641 0.7888 0.7167 0.6491 0.5906 0.5362 0.4810 0.4330 0.3926 0.3560 0.3219 0.2923 0.2651 0.2396 0.2155 0.1935 0.1736 0.1564
5.7118 5.4977 5.3639 5.3777 5.4370 5.4503 5.3686 5.2016 4.9908 4.7706 4.5337 4.3336 4.1448 3.9599 3.7756 3.5830 3.3842 3.1692 2.9543 2.7623 2.5709 2.3930 2.2065 2.0449 1.8961 1.7500 1.6145 1.4777 1.3599 1.2388 1.1311 1.0381 0.9465 0.8653 0.7877 0.7155 0.6530 0.5947 0.5364 0.4853 0.4422 0.4015 0.3632 0.3297 0.2994 0.2712 0.2443 0.2199 0.1977 0.1785
5.6335 5.7321 5.8353 5.8575 5.7751 5.6412 5.4790 5.3008 5.1213 4.9430 4.7491 4.5678 4.3783 4.1830 3.9876 3.7866 3.5747 3.3485 3.1264 2.9316 2.7363 2.5500 2.3550 2.1863 2.0314 1.8788 1.7371 1.5966 1.4766 1.3527 1.2357 1.1343 1.0356 0.9482 0.8646 0.7879 0.7213 0.6591 0.5977 0.5435 0.4977 0.4526 0.4097 0.3717 0.3381 0.3068 0.2770 0.2498 0.2251 0.2036
6.3087 6.2704 6.1353 5.9806 5.8406 5.7416 5.6510 5.5328 5.3888 5.2201 5.0268 4.8303 4.6184 4.4000 4.1858 3.9700 3.7494 3.5167 3.2905 3.0945 2.8965 2.7039 2.5009 2.3250 2.1644 2.0068 1.8609 1.7174 1.5951 1.4680 1.3431 1.2348 1.1303 1.0380 0.9494 0.8675 0.7963 0.7297 0.6650 0.6076 0.5589 0.5095 0.4620 0.4194 0.3823 0.3478 0.3150 0.2848 0.2574 0.2333
6.4748 6.3665 6.2897 6.2376 6.1852 6.1190 6.0165 5.8585 5.6843 5.4925 5.2820 5.0658 4.8341 4.5919 4.3516 4.1057 3.8842 3.6520 3.4249 3.2287 3.0296 2.8356 2.6263 2.4436 2.2788 2.1202 1.9760 1.8308 1.7054 1.5722 1.4450 1.3351 1.2286 1.1357 1.0452 0.9566 0.8795 0.8073 0.7385 0.6771 0.6248 0.5727 0.5215 0.4744 0.4341 0.3967 0.3611 0.3280 0.2975 0.2706
6.9482 6.9058 6.8449 6.7618 6.6508 6.5012 6.3182 6.0941 5.8930 5.6948 5.4876 5.2698 5.0318 4.7749 4.5135 4.2398 4.0190 3.7883 3.5608 3.3649 3.1651 2.9699 2.7543 2.5647 2.3958 2.2371 2.0957 1.9495 1.8216 1.6822 1.5531 1.4424 1.3345 1.2419 1.1499 1.0543 0.9708 0.8926 0.8195 0.7541 0.6981 0.6434 0.5883 0.5363 0.4927 0.4524 0.4139 0.3775 0.3437 0.3138
7.4361 7.3021 7.1785 7.0489 6.9032 6.7154 6.4995 6.2499 6.0502 5.8640 5.6721 5.4592 5.2182 4.9472 4.6650 4.3637 4.1430 3.9137 3.6863 3.4908 3.2906 3.0948 2.8730 2.6765 2.5038 2.3456 2.2080 2.0615 1.9321 1.7880 1.6575 1.5464 1.4378 1.3460 1.2533 1.1507 1.0613 0.9773 0.9004 0.8311 0.7716 0.7145 0.6560 0.5992 0.5524 0.5092 0.4682 0.4287 0.3917 0.3587
7.4104 7.2928 7.1854 7.0632 6.9117 6.7255 6.5120 6.2650 6.0585 5.8631 5.6698 5.4572 5.2174 4.9394 4.6556 4.3581 4.1342 3.9042 3.6817 3.4881 3.2889 3.0934 2.8669 2.6640 2.4873 2.3294 2.1950 2.0493 1.9245 1.7897 1.6579 1.5450 1.4365 1.3433 1.2490 1.1465 1.0585 0.9764 0.9000 0.8300 0.7690 0.7120 0.6540 0.5984 0.5511 0.5078 0.4680 0.4289 0.3920 0.3590
