0.1564 0.0314 0.1054 0.3914 0.2687 0.0338 0.3700 0.0285 0.3095 0.0419 0.2905 0.0763 0.0766 0.1807 0.0915 0.0237 0.0320 0.0990 0.1628 0.1442 0.0695 0.0258 0.0447 0.0862 0.1017 0.0812 0.0434 0.0131 0.0022 0.0097 0.0265 0.0435 0.0547 0.0579 0.0548 0.0467 0.0368 0.0267 0.0177 0.0108 0.0058 0.0027 0.0011 0.0007 0.0010 0.0018 0.0028 0.0039 0.0049 0.0058
0.5181 0.1103 0.2856 1.1506 0.8374 0.0889 1.1074 0.0949 0.9223 0.1296 0.8727 0.2181 0.2379 0.5388 0.2651 0.0698 0.1016 0.3048 0.4930 0.4327 0.2071 0.0766 0.1338 0.2575 0.3028 0.2408 0.1280 0.0381 0.0067 0.0297 0.0805 0.1312 0.1643 0.1737 0.1642 0.1398 0.1099 0.0796 0.0529 0.0320 0.0173 0.0081 0.0034 0.0021 0.0031 0.0055 0.0086 0.0118 0.0148 0.0175
1.0326 0.2516 0.3826 1.8313 1.4957 0.1148 1.8297 0.1944 1.5125 0.2318 1.4559 0.3293 0.4233 0.8850 0.4114 0.1135 0.1893 0.5334 0.8361 0.7210 0.3396 0.1246 0.2215 0.4250 0.4965 0.3916 0.2057 0.0596 0.0110 0.0518 0.1370 0.2210 0.2751 0.2896 0.2729 0.2318 0.1819 0.1314 0.0871 0.0526 0.0282 0.0131 0.0055 0.0035 0.0053 0.0093 0.0145 0.0199 0.0248 0.0294
1.8120 0.5424 0.3740 2.3573 2.2868 0.1185 2.5041 0.3641 2.0526 0.3666 2.0318 0.3947 0.6484 1.2065 0.5150 0.1591 0.3097 0.7984 1.1970 1.0056 0.4619 0.1673 0.3066 0.5856 0.6774 0.5276 0.2718 0.0757 0.0156 0.0775 0.1980 0.3145 0.3878 0.4058 0.3806 0.3221 0.2518 0.1813 0.1197 0.0719 0.0384 0.0178 0.0075 0.0049 0.0076 0.0134 0.0207 0.0282 0.0351 0.0415
2.9447 1.1204 0.2976 2.6312 3.2179 0.1481 3.0666 0.6609 2.4983 0.5635 2.5786 0.4075 0.9267 1.4839 0.5667 0.2190 0.4800 1.1097 1.5743 1.2778 0.5663 0.2012 0.3870 0.7356 0.8395 0.6426 0.3222 0.0848 0.0212 0.1091 0.2659 0.4134 0.5036 0.5225 0.4871 0.4101 0.3190 0.2286 0.1502 0.0897 0.0476 0.0218 0.0092 0.0064 0.0101 0.0178 0.0272 0.0369 0.0458 0.0539
4.4151 2.1485 0.2862 2.5566 4.2293 0.3060 3.4188 1.1598 2.7881 0.8653 3.0581 0.3743 1.2661 1.6915 0.5678 0.3168 0.7182 1.4701 1.9566 1.5219 0.6420 0.2221 0.4608 0.8711 0.9771 0.7309 0.3531 0.0862 0.0295 0.1491 0.3435 0.5200 0.6236 0.6404 0.5922 0.4953 0.3831 0.2729 0.1782 0.1056 0.0554 0.0251 0.0106 0.0079 0.0129 0.0226 0.0342 0.0461 0.0569 0.0667
5.9793 3.7226 0.5847 2.0950 5.1638 0.7458 3.4433 1.9403 2.8505 1.3242 3.4136 0.3201 1.6633 1.8004 0.5370 0.4869 1.0385 1.8693 2.3189 1.7133 0.6754 0.2266 0.5276 0.9901 1.0857 0.7883 0.3627 0.0805 0.0430 0.2012 0.4341 0.6368 0.7497 0.7601 0.6962 0.5777 0.4435 0.3137 0.2032 0.1193 0.0618 0.0277 0.0119 0.0096 0.0162 0.0279 0.0418 0.0559 0.0686 0.0801
7.0790 5.7074 1.5073 1.3504 5.7588 1.6336 3.0464 3.0523 2.6257 1.9916 3.5762 0.2908 2.0977 1.7867 0.5164 0.7700 1.4427 2.2775 2.6191 1.8191 0.6524 0.2148 0.5917 1.0945 1.1651 0.8140 0.3516 0.0704 0.0658 0.2695 0.5414 0.7666 0.8835 0.8826 0.7994 0.6571 0.5002 0.3508 0.2251 0.1306 0.0668 0.0294 0.0129 0.0114 0.0198 0.0338 0.0501 0.0664 0.0810 0.0940
6.9620 7.5590 3.2842 0.6506 5.7026 3.0592 2.2372 4.4598 2.1042 2.8966 3.4774 0.3525 2.5271 1.6456 0.5751 1.2024 1.9082 2.6392 2.7992 1.8021 0.5638 0.1957 0.6665 1.1951 1.2219 0.8129 0.3245 0.0611 0.1029 0.3586 0.6688 0.9117 1.0265 1.0088 0.9021 0.7336 0.5530 0.3840 0.2438 0.1396 0.0702 0.0304 0.0137 0.0136 0.0241 0.0405 0.0592 0.0777 0.0940 0.1085
5.1874 8.3279 5.7889 0.5460 4.7854 4.9038 1.2238 5.9744 1.3808 4.0144 3.0747 0.5829 2.8893 1.4083 0.8032 1.7961 2.3747 2.8730 2.7930 1.6325 0.4153 0.1944 0.7802 1.3152 1.2732 0.7976 0.2911 0.0596 0.1594 0.4719 0.8183 1.0731 1.1787 1.1382 1.0039 0.8069 0.6017 0.4133 0.2591 0.1463 0.0721 0.0308 0.0145 0.0161 0.0290 0.0479 0.0691 0.0897 0.1078 0.1238
2.4017 7.1059 8.2560 1.6312 3.1228 6.7275 0.4727 7.2109 0.7065 5.2306 2.3856 1.0555 3.1170 1.1611 1.2936 2.5147 2.7409 2.8872 2.5501 1.3081 0.2412 0.2604 0.9818 1.4957 1.3501 0.7902 0.2656 0.0742 0.2388 0.6097 0.9888 1.2491 1.3390 1.2700 1.1043 0.8766 0.6461 0.4385 0.2713 0.1506 0.0728 0.0306 0.0154 0.0191 0.0347 0.0564 0.0800 0.1028 0.1226 0.1400
0.6772 4.0278 9.3131 4.1433 1.3460 7.8058 0.6354 7.6390 0.5008 6.3108 1.5249 1.8167 3.1592 1.0441 2.1010 3.2460 2.8727 2.6103 2.0697 0.8799 0.1171 0.4695 1.3360 1.7879 1.4906 0.8165 0.2627 0.1101 0.3393 0.7659 1.1724 1.4323 1.5008 1.3992 1.1994 0.9400 0.6845 0.4587 0.2797 0.1525 0.0721 0.0300 0.0165 0.0230 0.0414 0.0660 0.0923 0.1173 0.1386 0.1573
2.3043 1.1181 7.7419 7.4747 0.5395 7.4405 2.2485 6.8026 1.2619 6.9030 0.7345 2.8551 3.0040 1.2228 3.1822 3.7871 2.6379 2.0457 1.4486 0.4796 0.1638 0.9099 1.8997 2.2285 1.7189 0.8914 0.2878 0.1632 0.4490 0.9231 1.3497 1.6034 1.6472 1.5117 1.2786 0.9896 0.7117 0.4706 0.2825 0.1510 0.0696 0.0289 0.0181 0.0278 0.0495 0.0771 0.1060 0.1331 0.1560 0.1759
7.2443 1.4967 3.9082 9.9693 1.7804 5.4793 5.2624 4.6945 3.3178 6.6162 0.3884 4.0837 2.7103 1.8340 4.3540 3.8921 2.0053 1.3643 0.9364 0.3284 0.5204 1.6372 2.6773 2.8028 2.0196 1.0018 0.3267 0.2152 0.5445 1.0552 1.4942 1.7380 1.7569 1.5908 1.3290 1.0162 0.7217 0.4703 0.2774 0.1449 0.0651 0.0275 0.0205 0.0340 0.0594 0.0901 0.1216 0.1507 0.1749 0.1958
11.8053 6.3426 0.7958 9.5575 5.3714 2.7383 8.7003 2.1233 6.4200 5.2079 0.9439 5.3175 2.3898 2.8899 5.2860 3.3752 1.1585 0.9637 0.9286 0.6780 1.2540 2.5757 3.5282 3.3707 2.2863 1.0783 0.3365 0.2367 0.6020 1.1394 1.5842 1.8158 1.8127 1.6221 1.3396 1.0118 0.7087 0.4544 0.2624 0.1333 0.0584 0.0260 0.0242 0.0425 0.0718 0.1057 0.1397 0.1706 0.1959 0.2176
11.1725 12.2769 2.2913 5.6377 10.0762 0.8433 10.9323 0.6247 9.3793 2.9118 2.7987 6.2387 2.1416 4.1984 5.5900 2.2780 0.5791 1.4218 1.8296 1.6387 2.1922 3.3775 4.0609 3.5964 2.2877 0.9903 0.2623 0.2187 0.6346 1.1958 1.6382 1.8515 1.8243 1.6121 1.3143 0.9787 0.6745 0.4238 0.2385 0.1172 0.0502 0.0253 0.0300 0.0537 0.0873 0.1244 0.1609 0.1933 0.2194 0.2415
4.8087 13.6600 8.3778 1.2844 12.7665 1.4785 10.6673 1.4841 10.2591 0.8132 5.9684 6.3270 1.9707 5.3767 5.0201 1.0129 0.9431 3.1816 3.6701 2.8598 2.7236 3.3388 3.6301 2.9923 1.7339 0.6242 0.1197 0.2543 0.7693 1.3564 1.7753 1.9436 1.8689 1.6178 1.2940 0.9450 0.6376 0.3905 0.2127 0.1004 0.0426 0.0260 0.0380 0.0676 0.1056 0.1459 0.1846 0.2184 0.2450 0.2673
0.8767 7.8392 13.5792 1.6409 9.6189 5.6595 7.6286 4.3596 7.7979 0.8209 9.3784 4.7880 1.9008 6.0984 3.7122 0.2862 2.5996 5.7482 5.3629 3.1375 1.8490 1.7885 1.8769 1.4521 0.7059 0.1863 0.1867 0.6501 1.3066 1.8958 2.2303 2.2836 2.0955 1.7502 1.3590 0.9661 0.6346 0.3775 0.1985 0.0900 0.0383 0.0284 0.0467 0.0818 0.1240 0.1675 0.2085 0.2437 0.2708 0.2934
7.9411 0.7564 11.4754 8.4179 2.9166 11.5719 1.6140 9.6822 4.1019 3.8421 9.1918 0.9140 4.1397 7.8476 2.4708 0.5565 4.4053 5.8841 3.1558 0.4963 0.5062 2.0644 3.1403 2.9833 2.0581 1.2275 0.9307 1.1596 1.6370 2.0927 2.3264 2.3074 2.0714 1.6997 1.2978 0.9061 0.5827 0.3373 0.1714 0.0755 0.0350 0.0346 0.0604 0.1012 0.1474 0.1936 0.2364 0.2724 0.2996 0.3219
16.1382 4.9994 4.0928 14.4095 0.7022 13.1929 0.7676 12.1990 1.1675 7.7119 7.4896 0.3966 6.7859 7.3023 1.1303 1.6068 5.8743 5.8226 2.3169 0.2357 1.0708 2.8739 3.6814 3.1568 2.0343 1.2052 1.0073 1.3313 1.8476 2.2861 2.4654 2.3821 2.0894 1.6781 1.2543 0.8557 0.5354 0.2995 0.1458 0.0626 0.0337 0.0431 0.0767 0.1234 0.1738 0.2228 0.2671 0.3037 0.3307 0.3525
11.9085 14.8817 0.9324 13.0790 5.2526 9.2671 4.6240 10.8824 0.7648 11.0598 4.4405 1.6876 9.0710 5.7037 0.3667 3.3528 7.0683 5.2477 1.4300 0.2863 1.9149 3.7495 4.1373 3.2185 1.9469 1.1747 1.1060 1.5279 2.0699 2.4742 2.5861 2.4318 2.0816 1.6340 1.1932 0.7932 0.4810 0.2586 0.1202 0.0518 0.0358 0.0557 0.0973 0.1498 0.2041 0.2555 0.3009 0.3378 0.3641 0.3851
1.5802 15.7593 8.4190 5.0754 13.3854 2.9080 11.2157 6.1212 4.0474 11.9165 1.5025 4.7744 10.0747 3.4581 0.6469 5.5433 7.6742 4.2006 0.6936 0.7490 3.0036 4.6071 4.4473 3.1493 1.8033 1.1502 1.2361 1.7511 2.3001 2.6513 2.6832 2.4529 2.0462 1.5671 1.1153 0.7200 0.4212 0.2164 0.0962 0.0443 0.0422 0.0731 0.1228 0.1808 0.2386 0.2920 0.3381 0.3747 0.4000 0.4198
5.8978 5.0972 17.6758 0.8910 16.3484 1.0013 15.2232 1.4629 9.7156 9.3621 0.5587 8.6943 9.1766 1.3785 2.2112 7.7042 7.4514 2.8605 0.3364 1.6729 4.2478 5.3420 4.5571 2.9446 1.6220 1.1505 1.4071 2.0010 2.5331 2.8108 2.7512 2.4421 1.9823 1.4780 1.0222 0.6382 0.3581 0.1747 0.0754 0.0416 0.0541 0.0962 0.1537 0.2169 0.2777 0.3326 0.3788 0.4147 0.4385 0.4567
19.5657 1.9395 14.2653 8.2906 9.7489 7.2338 12.4089 1.4713 14.1253 4.6468 2.8268 11.7224 6.5019 0.4636 4.8857 9.2283 6.3406 1.5424 0.5672 3.0249 5.5041 5.8438 4.4310 2.6194 1.4323 1.1978 1.6279 2.2759 2.7620 2.9454 2.7857 2.3982 1.8909 1.3690 0.9166 0.5506 0.2943 0.1361 0.0597 0.0452 0.0728 0.1259 0.1909 0.2587 0.3220 0.3777 0.4234 0.4579 0.4797 0.4959
14.8066 14.9993 2.8368 18.5724 1.5955 16.1093 4.9064 7.4832 13.6605 1.0306 7.7503 12.1550 3.1398 1.4804 8.0043 9.5618 4.5454 0.6468 1.5108 4.6699 6.5887 6.0137 4.0613 2.2109 1.2739 1.3154 1.9042 2.5702 2.9779 3.0473 2.7818 2.3195 1.7729 1.2422 0.8014 0.4602 0.2327 0.1028 0.0512 0.0566 0.0993 0.1633 0.2353 0.3070 0.3718 0.4274 0.4720 0.5046 0.5237 0.5374
1.1813 20.6960 4.3239 16.0315 4.2649 17.2232 0.8841 15.0431 8.1323 1.8012 12.7703 9.4203 0.8561 4.4926 10.5327 8.4431 2.5505 0.5640 3.1442 6.3716 7.3063 5.7876 3.4787 1.7796 1.1941 1.5240 2.2357 2.8743 3.1695 3.1080 2.7347 2.2042 1.6288 1.1001 0.6800 0.3705 0.1764 0.0774 0.0518 0.0775 0.1350 0.2091 0.2872 0.3619 0.4272 0.4819 0.5246 0.5546 0.5705 0.5812
11.9390 6.6697 18.8388 3.8582 16.1872 8.3514 6.2815 16.9145 2.0899 7.4441 14.5988 4.8331 1.2642 8.5908 11.4277 6.1032 1.0372 1.5425 5.2561 7.8211 7.4905 5.1623 2.7598 1.4051 1.2398 1.8374 2.6156 3.1740 3.3240 3.1194 2.6414 2.0533 1.4618 0.9472 0.5571 0.2857 0.1288 0.0627 0.0637 0.1094 0.1808 0.2641 0.3471 0.4236 0.4884 0.5412 0.5812 0.6078 0.6199 0.6272
24.3680 3.3070 19.7800 3.5360 20.4018 1.1411 16.4162 10.5427 1.6709 14.3261 11.5873 1.2693 4.7841 12.0799 10.1340 3.3185 0.6824 3.5604 7.4522 8.6975 7.0514 4.2114 2.0222 1.1759 1.4500 2.2574 3.0278 3.4504 3.4272 3.0743 2.5004 1.8692 1.2768 0.7887 0.4377 0.2102 0.0936 0.0615 0.0890 0.1538 0.2379 0.3290 0.4155 0.4924 0.5554 0.6053 0.6419 0.6644 0.6720 0.6753
7.5234 20.8641 4.4230 18.0833 9.4913 7.1286 19.2408 2.4410 8.5467 16.8337 5.5519 1.5348 10.0081 13.1835 6.9960 1.2249 1.8912 6.2518 9.2249 8.7556 6.0231 3.0924 1.4146 1.1773 1.8479 2.7711 3.4502 3.6867 3.4720 2.9745 2.3157 1.6571 1.0802 0.6316 0.3282 0.1490 0.0747 0.0768 0.1297 0.2120 0.3067 0.4035 0.4916 0.5677 0.6280 0.6744 0.7070 0.7249 0.7276 0.7267
5.1716 19.8961 5.4270 21.6894 1.2667 19.3983 10.4978 2.5309 16.8790 12.3557 1.2097 6.2312 14.1419 11.1071 3.3515 0.8979 4.5573 8.9440 10.0763 7.8974 4.5658 2.0177 1.0836 1.4660 2.4265 3.3439 3.8442 3.8513 3.4376 2.8084 2.0870 1.4231 0.8794 0.4825 0.2341 0.1068 0.0756 0.1111 0.1877 0.2851 0.3883 0.4884 0.5762 0.6500 0.7065 0.7483 0.7761 0.7887 0.7858 0.7802
25.7159 2.2477 22.8066 6.7436 11.3690 19.7004 1.5846 12.1121 18.1052 4.5624 2.6825 12.7148 14.5482 6.7175 1.0372 2.8309 7.9732 10.8230 9.6851 6.2522 2.9779 1.2352 1.1526 2.0595 3.1475 3.9241 4.1671 3.9179 3.3132 2.5761 1.8206 1.1763 0.6835 0.3496 0.1621 0.0885 0.1000 0.1671 0.2645 0.3742 0.4830 0.5841 0.6694 0.7392 0.7906 0.8268 0.8490 0.8556 0.8465 0.8357
13.4352 12.7634 18.3969 3.2846 23.4054 6.8299 5.9051 20.2981 10.3344 1.0819 9.6301 16.4497 10.6437 2.4120 1.5151 6.5534 10.9857 11.2045 8.0535 4.1854 1.6396 0.9697 1.6844 2.9209 3.9393 4.4453 4.3739 3.8640 3.0934 2.2826 1.5269 0.9283 0.5032 0.2414 0.1188 0.0989 0.1512 0.2468 0.3616 0.4801 0.5912 0.6906 0.7712 0.8354 0.8802 0.9099 0.9255 0.9254 0.9096 0.8932
3.1190 25.9997 1.8731 20.1066 15.0301 1.9205 18.5821 16.3692 2.0175 6.2093 16.5686 14.3240 4.7757 0.9247 4.9669 10.6541 12.4125 9.8411 5.5868 2.2425 0.9295 1.3662 2.6614 3.9664 4.7221 4.8549 4.4380 3.6825 2.7834 1.9397 1.2223 0.6947 0.3512 0.1677 0.1112 0.1431 0.2327 0.3526 0.4809 0.6050 0.7161 0.8117 0.8856 0.9418 0.9782 0.9997 1.0073 0.9996 0.9765 0.9540
25.7306 7.0293 13.3639 21.9963 1.6848 14.5557 20.9383 4.9450 3.4274 15.5198 17.1887 7.6357 1.0673 3.5927 9.9142 13.2805 11.5225 7.0564 2.9924 0.9987 1.1133 2.4302 3.9561 5.0383 5.3616 5.0612 4.3123 3.3608 2.3919 1.5660 0.9227 0.4884 0.2381 0.1365 0.1453 0.2249 0.3467 0.4855 0.6226 0.7482 0.8554 0.9443 1.0092 1.0551 1.0816 1.0937 1.0924 1.0764 1.0455 1.0166
14.3889 7.3703 25.7134 4.2590 10.3328 23.4465 8.6991 1.8285 13.8046 19.3121 10.4635 1.7375 2.5809 9.1847 13.7756 13.0373 8.5042 3.7909 1.1464 0.9144 2.2584 4.0061 5.3527 5.9524 5.7388 5.0062 3.9832 2.9113 1.9423 1.1868 0.6505 0.3272 0.1772 0.1571 0.2269 0.3477 0.4950 0.6465 0.7869 0.9093 1.0089 1.0880 1.1412 1.1750 1.1901 1.1917 1.1805 1.1556 1.1164 1.0807
3.7990 26.8626 7.6674 7.2575 24.5118 12.1559 1.2506 12.3571 20.6691 13.0121 2.6010 1.9481 8.7259 14.3165 14.2654 9.8325 4.5431 1.3058 0.7802 2.1509 4.1758 5.7931 6.5855 6.5319 5.7647 4.6664 3.4668 2.3688 1.4729 0.8358 0.4320 0.2305 0.1818 0.2382 0.3617 0.5151 0.6801 0.8374 0.9752 1.0895 1.1775 1.2438 1.2830 1.3029 1.3049 1.2946 1.2729 1.2384 1.1904 1.1474
27.4617 10.2608 5.7601 25.1327 14.5956 1.2067 11.7299 21.9154 14.8565 3.3190 1.6683 8.6981 15.1794 15.5026 10.8485 5.1249 1.4056 0.6997 2.1851 4.4714 6.4365 7.4005 7.3887 6.6389 5.3974 4.0587 2.8079 1.7844 1.0290 0.5487 0.2938 0.2173 0.2646 0.3879 0.5549 0.7308 0.9048 1.0604 1.1890 1.2901 1.3627 1.4129 1.4359 1.4408 1.4275 1.4035 1.3707 1.3262 1.2687 1.2179
10.7698 5.8375 26.1372 15.4274 1.2488 12.3039 23.3003 15.8566 3.4913 1.7435 9.3274 16.3763 16.7894 11.5896 5.3280 1.3652 0.6847 2.4207 5.0300 7.2451 8.4393 8.4045 7.5296 6.1889 4.6478 3.2395 2.0750 1.2193 0.6591 0.3615 0.2617 0.3045 0.4358 0.6117 0.8085 0.9942 1.1668 1.3124 1.4251 1.5075 1.5607 1.5917 1.5960 1.5843 1.5542 1.5155 1.4709 1.4157 1.3485 1.2896
7.8951 27.8156 14.1792 1.3706 14.5695 24.8271 15.6161 2.9395 2.3120 11.0227 18.0677 17.8435 11.8980 5.0925 1.1290 0.7978 2.9870 5.9661 8.3954 9.6138 9.5905 8.4994 6.9180 5.2216 3.6150 2.3216 1.3693 0.7541 0.4219 0.3145 0.3613 0.5069 0.7033 0.9127 1.1229 1.3043 1.4646 1.5915 1.6813 1.7401 1.7699 1.7788 1.7624 1.7324 1.6842 1.6297 1.5729 1.5067 1.4294 1.3622
29.4776 10.4757 2.5369 19.0679 26.1072 13.6209 1.8038 3.9435 14.0357 20.5067 18.4806 11.3529 4.3035 0.7787 1.2038 4.0992 7.4970 10.0202 11.1147 10.8135 9.5295 7.6235 5.6637 3.9177 2.4843 1.4638 0.8131 0.4764 0.3767 0.4459 0.6153 0.8380 1.0748 1.2960 1.5029 1.6662 1.8037 1.9040 1.9638 1.9926 1.9933 1.9781 1.9395 1.8900 1.8241 1.7545 1.6843 1.6060 1.5177 1.4419
4.5566 7.1122 25.4380 25.2058 9.3232 1.0327 7.6706 18.6461 22.7994 18.1995 9.6067 2.8845 0.5730 2.2647 5.9879 9.7747 12.1753 12.8582 12.0831 10.3311 8.1644 5.9184 3.9982 2.5150 1.4585 0.8218 0.5162 0.4592 0.5678 0.7801 1.0350 1.3006 1.5479 1.7567 1.9416 2.0718 2.1756 2.2410 2.2642 2.2578 2.2254 2.1840 2.1218 2.0516 1.9677 1.8824 1.7985 1.7077 1.6080 1.5235
17.8970 30.5593 19.4092 3.6637 3.1012 14.6386 24.1545 23.7298 15.6548 6.5449 1.3000 1.1764 4.5859 9.0688 12.7637 14.7510 14.6773 13.1432 10.8157 8.2386 5.8479 3.8163 2.3242 1.3409 0.7778 0.5593 0.5818 0.7624 1.0257 1.3287 1.6211 1.8898 2.1150 2.2860 2.4305 2.5133 2.5733 2.5965 2.5773 2.5314 2.4625 2.3934 2.3065 2.2150 2.1126 2.0116 1.9136 1.8101 1.6988 1.6058
26.9823 8.3588 1.5834 11.5450 24.3901 27.8040 20.9195 10.3297 2.7387 0.8876 3.8069 8.8949 13.6278 16.4836 17.1995 16.1047 13.6218 10.6401 7.7378 5.2335 3.3022 1.9311 1.1106 0.7266 0.6563 0.8049 1.0798 1.4189 1.7615 2.0919 2.3691 2.6004 2.7735 2.8839 2.9715 2.9941 3.0002 2.9730 2.9059 2.8190 2.7157 2.6197 2.5077 2.3926 2.2698 2.1515 2.0385 1.9221 1.7992 1.6971
1.5657 11.6044 26.1948 31.1659 24.3265 12.5474 3.5909 1.0417 4.1446 10.0042 15.5485 19.1646 20.1559 18.8792 16.1998 12.8819 9.4332 6.4256 4.0804 2.4250 1.4052 0.8908 0.7731 0.9267 1.2337 1.6247 2.0314 2.4244 2.7585 3.0491 3.2586 3.4141 3.5084 3.5382 3.5546 3.5061 3.4493 3.3646 3.2452 3.1173 2.9827 2.8613 2.7242 2.5831 2.4383 2.3015 2.1726 2.0430 1.9086 1.7969
32.0749 33.8824 24.0747 11.1005 2.7105 1.7231 6.5090 13.5273 19.6884 23.2837 23.6462 21.7242 18.2294 14.1628 10.2638 6.9364 4.3304 2.5380 1.4729 0.9904 0.9398 1.1654 1.5645 2.0527 2.5362 2.9973 3.3916 3.7246 3.9623 4.1491 4.2439 4.2910 4.2845 4.2182 4.1530 4.0261 3.9015 3.7558 3.5823 3.4131 3.2482 3.1026 2.9407 2.7736 2.6069 2.4515 2.3068 2.1645 2.0187 1.8977
16.5338 5.0748 1.5867 5.6247 13.5773 21.5019 26.7775 28.4039 26.9226 23.3302 18.4790 13.6857 9.4015 6.0063 3.5894 2.0696 1.2869 1.0814 1.2779 1.7247 2.3058 2.8981 3.4795 4.0220 4.4486 4.7997 5.0449 5.2182 5.2871 5.3192 5.2683 5.1876 5.0671 4.8964 4.7454 4.5405 4.3488 4.1433 3.9178 3.7096 3.5164 3.3450 3.1587 2.9683 2.7808 2.6075 2.4471 2.2921 2.1351 2.0047
10.3615 20.2473 28.7874 33.6289 34.2468 31.3861 26.3345 20.3627 14.6563 9.8162 6.0363 3.4964 2.0011 1.3494 1.3310 1.7410 2.3908 3.1521 3.9297 4.6612 5.3208 5.8170 6.2245 6.5532 6.7147 6.8118 6.8115 6.7626 6.6196 6.4653 6.2624 6.0535 5.8163 5.5412 5.3076 5.0368 4.7870 4.5288 4.2590 4.0168 3.7978 3.5938 3.3819 3.1761 2.9704 2.7803 2.6038 2.4360 2.2676 2.1273
41.1805 36.0496 29.0964 21.7968 15.1422 9.7279 5.7659 3.2176 1.9061 1.5556 1.8767 2.6485 3.6450 4.7004 5.7495 6.7344 7.5384 8.1754 8.6508 8.9971 9.2438 9.2872 9.2716 9.2170 8.9980 8.7730 8.4914 8.2043 7.8443 7.5041 7.1605 6.8356 6.4924 6.1233 5.8167 5.4904 5.1905 4.8863 4.5781 4.3072 4.0672 3.8327 3.5975 3.3791 3.1572 2.9514 2.7597 2.5800 2.4008 2.2510
4.4933 2.6085 2.0564 2.5149 3.6461 5.1621 6.8302 8.4462 9.9415 11.2696 12.2754 13.1294 13.7141 14.0339 14.2532 14.3944 14.2816 14.0300 13.6757 13.3059 12.9406 12.4266 11.9365 11.4822 10.8939 10.3732 9.8458 9.3564 8.8166 8.3240 7.8728 7.4602 7.0348 6.5924 6.2296 5.8633 5.5263 5.1872 4.8497 4.5564 4.2995 4.0396 3.7860 3.5595 3.3247 3.1059 2.9010 2.7110 2.5226 2.3647
30.7466 31.1528 31.2778 31.1537 30.7590 30.2048 29.4630 28.4788 27.4602 26.4538 25.2078 24.1344 22.9875 21.7720 20.7254 19.8249 18.7817 17.7409 16.7260 15.8202 15.0199 14.1290 13.3202 12.6029 11.8052 11.1162 10.4487 9.8358 9.2007 8.6438 8.1393 7.6824 7.2163 6.7368 6.3444 5.9558 5.6073 5.2620 4.9115 4.5979 4.3143 4.0510 3.7986 3.5774 3.3420 3.1212 2.9135 2.7210 2.5306 2.3719
