0.0533 0.0544 0.0562 0.0556 0.0492 0.0494 0.0476 0.0439 0.0434 0.0392 0.0378 0.0350 0.0315 0.0300 0.0275 0.0247 0.0228 0.0208 0.0186 0.0169 0.0154 0.0140 0.0125 0.0112 0.0100 0.0090 0.0082 0.0074 0.0067 0.0060 0.0053 0.0047 0.0042 0.0037 0.0033 0.0030 0.0027 0.0024 0.0021 0.0019 0.0017 0.0015 0.0014 0.0012 0.0011 0.0010 0.0009 0.0008 0.0007 0.0006
0.1598 0.1628 0.1681 0.1670 0.1480 0.1481 0.1431 0.1317 0.1301 0.1177 0.1136 0.1051 0.0947 0.0902 0.0825 0.0742 0.0683 0.0623 0.0559 0.0506 0.0461 0.0420 0.0376 0.0335 0.0301 0.0271 0.0246 0.0223 0.0202 0.0181 0.0160 0.0142 0.0126 0.0112 0.0100 0.0089 0.0080 0.0072 0.0064 0.0057 0.0051 0.0046 0.0042 0.0037 0.0034 0.0030 0.0027 0.0024 0.0022 0.0019
0.2667 0.2702 0.2784 0.2795 0.2484 0.2461 0.2393 0.2194 0.2170 0.1961 0.1898 0.1750 0.1580 0.1507 0.1377 0.1237 0.1138 0.1040 0.0933 0.0844 0.0768 0.0700 0.0626 0.0559 0.0501 0.0452 0.0411 0.0371 0.0337 0.0301 0.0266 0.0236 0.0209 0.0186 0.0166 0.0148 0.0134 0.0120 0.0107 0.0096 0.0086 0.0077 0.0069 0.0062 0.0056 0.0050 0.0045 0.0040 0.0036 0.0032
0.3760 0.3770 0.3864 0.3927 0.3517 0.3436 0.3363 0.3074 0.3039 0.2748 0.2666 0.2446 0.2216 0.2118 0.1931 0.1730 0.1594 0.1458 0.1307 0.1181 0.1075 0.0980 0.0876 0.0781 0.0702 0.0633 0.0576 0.0520 0.0471 0.0420 0.0372 0.0330 0.0292 0.0260 0.0232 0.0208 0.0187 0.0169 0.0151 0.0134 0.0121 0.0109 0.0097 0.0088 0.0079 0.0071 0.0063 0.0056 0.0050 0.0045
0.4913 0.4852 0.4922 0.5055 0.4593 0.4409 0.4342 0.3961 0.3906 0.3540 0.3439 0.3138 0.2860 0.2740 0.2486 0.2222 0.2054 0.1881 0.1682 0.1517 0.1381 0.1260 0.1125 0.1003 0.0901 0.0814 0.0741 0.0669 0.0605 0.0538 0.0476 0.0422 0.0373 0.0334 0.0298 0.0267 0.0241 0.0217 0.0194 0.0173 0.0155 0.0140 0.0126 0.0113 0.0101 0.0091 0.0081 0.0072 0.0065 0.0058
0.6171 0.5982 0.5974 0.6159 0.5720 0.5392 0.5330 0.4863 0.4769 0.4340 0.4214 0.3824 0.3515 0.3372 0.3038 0.2713 0.2520 0.2309 0.2059 0.1853 0.1687 0.1539 0.1373 0.1224 0.1101 0.0996 0.0906 0.0817 0.0737 0.0655 0.0578 0.0513 0.0454 0.0407 0.0365 0.0327 0.0295 0.0267 0.0238 0.0213 0.0191 0.0172 0.0154 0.0138 0.0124 0.0111 0.0099 0.0088 0.0079 0.0071
0.7544 0.7199 0.7060 0.7222 0.6890 0.6398 0.6328 0.5785 0.5629 0.5150 0.4982 0.4504 0.4185 0.4012 0.3582 0.3205 0.2999 0.2745 0.2434 0.2186 0.1994 0.1819 0.1621 0.1444 0.1299 0.1177 0.1070 0.0964 0.0867 0.0769 0.0678 0.0602 0.0535 0.0480 0.0431 0.0388 0.0351 0.0317 0.0283 0.0252 0.0226 0.0203 0.0182 0.0163 0.0146 0.0131 0.0116 0.0104 0.0093 0.0084
0.8966 0.8501 0.8215 0.8257 0.8069 0.7430 0.7350 0.6722 0.6492 0.5966 0.5735 0.5180 0.4872 0.4646 0.4108 0.3705 0.3497 0.3186 0.2805 0.2519 0.2302 0.2100 0.1868 0.1663 0.1497 0.1357 0.1233 0.1107 0.0994 0.0880 0.0776 0.0691 0.0615 0.0554 0.0499 0.0449 0.0407 0.0367 0.0328 0.0292 0.0261 0.0235 0.0210 0.0188 0.0168 0.0150 0.0134 0.0119 0.0107 0.0096
1.0339 0.9816 0.9433 0.9309 0.9208 0.8467 0.8409 0.7650 0.7377 0.6773 0.6469 0.5851 0.5562 0.5251 0.4611 0.4224 0.4014 0.3622 0.3165 0.2850 0.2615 0.2383 0.2114 0.1880 0.1694 0.1535 0.1392 0.1247 0.1117 0.0988 0.0873 0.0779 0.0696 0.0629 0.0568 0.0512 0.0463 0.0418 0.0372 0.0331 0.0296 0.0265 0.0237 0.0212 0.0189 0.0169 0.0151 0.0134 0.0120 0.0108
1.1654 1.1069 1.0621 1.0405 1.0277 0.9469 0.9484 0.8545 0.8299 0.7552 0.7191 0.6511 0.6229 0.5800 0.5098 0.4771 0.4534 0.4032 0.3510 0.3185 0.2934 0.2667 0.2357 0.2094 0.1888 0.1710 0.1548 0.1383 0.1236 0.1095 0.0970 0.0868 0.0779 0.0705 0.0637 0.0574 0.0519 0.0467 0.0416 0.0369 0.0329 0.0294 0.0262 0.0235 0.0210 0.0187 0.0167 0.0149 0.0133 0.0120
1.2976 1.2377 1.1671 1.1477 1.1312 1.0423 1.0467 0.9446 0.9245 0.8313 0.7932 0.7160 0.6864 0.6300 0.5604 0.5352 0.5033 0.4408 0.3857 0.3544 0.3274 0.2961 0.2606 0.2315 0.2088 0.1889 0.1706 0.1521 0.1360 0.1207 0.1073 0.0964 0.0866 0.0785 0.0709 0.0637 0.0575 0.0516 0.0458 0.0406 0.0361 0.0323 0.0288 0.0257 0.0230 0.0206 0.0183 0.0164 0.0146 0.0132
1.4110 1.3889 1.2691 1.2363 1.2342 1.1360 1.1196 1.0455 1.0095 0.9098 0.8703 0.7801 0.7480 0.6791 0.6158 0.5933 0.5473 0.4761 0.4239 0.3949 0.3640 0.3266 0.2866 0.2550 0.2303 0.2081 0.1875 0.1671 0.1496 0.1331 0.1187 0.1068 0.0961 0.0870 0.0783 0.0702 0.0631 0.0565 0.0500 0.0443 0.0394 0.0352 0.0314 0.0281 0.0252 0.0226 0.0201 0.0180 0.0161 0.0145
1.4551 1.5062 1.4092 1.2974 1.3221 1.2371 1.1617 1.1542 1.0642 0.9962 0.9434 0.8432 0.8092 0.7287 0.6716 0.6427 0.5819 0.5110 0.4664 0.4372 0.3990 0.3551 0.3119 0.2789 0.2524 0.2278 0.2048 0.1826 0.1638 0.1461 0.1305 0.1174 0.1054 0.0952 0.0854 0.0762 0.0683 0.0610 0.0541 0.0479 0.0426 0.0381 0.0341 0.0306 0.0275 0.0246 0.0220 0.0197 0.0176 0.0159
1.4535 1.5056 1.5612 1.3730 1.3756 1.3527 1.2010 1.2472 1.0981 1.0938 1.0026 0.9114 0.8728 0.7806 0.7253 0.6840 0.6162 0.5536 0.5130 0.4764 0.4288 0.3809 0.3372 0.3039 0.2754 0.2481 0.2226 0.1987 0.1786 0.1596 0.1425 0.1280 0.1145 0.1030 0.0922 0.0821 0.0734 0.0656 0.0582 0.0517 0.0461 0.0413 0.0370 0.0333 0.0300 0.0269 0.0240 0.0215 0.0193 0.0174
1.5335 1.4808 1.5960 1.5283 1.4003 1.4581 1.2863 1.3130 1.1619 1.1802 1.0484 0.9898 0.9364 0.8378 0.7826 0.7313 0.6645 0.6054 0.5563 0.5073 0.4544 0.4080 0.3659 0.3314 0.2996 0.2688 0.2409 0.2154 0.1940 0.1734 0.1546 0.1385 0.1236 0.1109 0.0991 0.0882 0.0790 0.0706 0.0629 0.0560 0.0501 0.0450 0.0403 0.0364 0.0328 0.0295 0.0263 0.0235 0.0211 0.0190
1.7513 1.6162 1.5925 1.6751 1.4941 1.5269 1.4309 1.3805 1.2783 1.2490 1.1232 1.0760 0.9990 0.9069 0.8505 0.7933 0.7247 0.6552 0.5921 0.5391 0.4904 0.4472 0.4023 0.3618 0.3241 0.2895 0.2595 0.2328 0.2102 0.1879 0.1672 0.1494 0.1331 0.1194 0.1069 0.0952 0.0854 0.0766 0.0683 0.0610 0.0547 0.0491 0.0440 0.0397 0.0358 0.0322 0.0286 0.0256 0.0229 0.0206
1.9141 1.8385 1.7538 1.7770 1.6931 1.6282 1.5683 1.4840 1.4165 1.3645 1.2394 1.1594 1.0847 0.9894 0.9177 0.8558 0.7798 0.7010 0.6410 0.5974 0.5503 0.4977 0.4392 0.3890 0.3465 0.3107 0.2802 0.2525 0.2282 0.2035 0.1806 0.1611 0.1433 0.1287 0.1154 0.1029 0.0924 0.0829 0.0740 0.0661 0.0592 0.0530 0.0474 0.0428 0.0386 0.0346 0.0308 0.0274 0.0245 0.0220
2.0748 2.0233 1.9346 1.9425 1.8367 1.7917 1.7067 1.6414 1.5113 1.4584 1.3169 1.2960 1.2098 1.0622 0.9868 0.9229 0.8312 0.7519 0.7004 0.6524 0.5874 0.5197 0.4579 0.4132 0.3770 0.3436 0.3111 0.2792 0.2502 0.2212 0.1949 0.1733 0.1540 0.1383 0.1239 0.1103 0.0989 0.0885 0.0790 0.0704 0.0630 0.0563 0.0503 0.0453 0.0409 0.0367 0.0326 0.0291 0.0260 0.0234
2.0545 2.1287 2.0261 1.9235 1.9614 1.7917 1.8008 1.6437 1.6209 1.4866 1.4050 1.3247 1.2080 1.1325 1.0542 0.9583 0.8798 0.8112 0.7370 0.6642 0.5989 0.5471 0.4963 0.4498 0.4037 0.3599 0.3218 0.2887 0.2614 0.2347 0.2100 0.1887 0.1685 0.1512 0.1350 0.1196 0.1066 0.0950 0.0845 0.0752 0.0672 0.0600 0.0537 0.0484 0.0437 0.0392 0.0349 0.0312 0.0279 0.0251
2.1438 2.1645 2.2113 2.0316 2.0575 1.9307 1.8873 1.7599 1.7177 1.5729 1.5073 1.4008 1.2883 1.2109 1.1179 1.0193 0.9408 0.8645 0.7819 0.7069 0.6413 0.5870 0.5308 0.4789 0.4296 0.3841 0.3450 0.3098 0.2807 0.2519 0.2253 0.2022 0.1803 0.1617 0.1443 0.1280 0.1141 0.1017 0.0905 0.0807 0.0722 0.0646 0.0577 0.0519 0.0468 0.0420 0.0374 0.0334 0.0299 0.0269
2.3862 2.2234 2.3060 2.2165 2.1163 2.0957 1.9601 1.8959 1.8011 1.6747 1.6069 1.4791 1.3751 1.2888 1.1839 1.0847 1.0029 0.9174 0.8286 0.7528 0.6862 0.6278 0.5654 0.5082 0.4566 0.4099 0.3698 0.3324 0.3009 0.2696 0.2409 0.2160 0.1924 0.1725 0.1539 0.1366 0.1219 0.1088 0.0970 0.0865 0.0775 0.0693 0.0619 0.0556 0.0500 0.0449 0.0400 0.0357 0.0320 0.0288
2.5783 2.4333 2.3351 2.4054 2.2051 2.2391 2.0531 2.0314 1.8820 1.7908 1.7013 1.5637 1.4663 1.3668 1.2539 1.1536 1.0651 0.9709 0.8784 0.8022 0.7329 0.6689 0.6000 0.5383 0.4852 0.4376 0.3965 0.3562 0.3219 0.2878 0.2568 0.2300 0.2048 0.1835 0.1638 0.1457 0.1302 0.1162 0.1037 0.0926 0.0831 0.0744 0.0664 0.0595 0.0535 0.0479 0.0427 0.0382 0.0341 0.0308
2.5735 2.6695 2.4543 2.5038 2.3750 2.3309 2.1917 2.1453 1.9772 1.9133 1.7921 1.6569 1.5604 1.4469 1.3288 1.2242 1.1274 1.0270 0.9323 0.8545 0.7803 0.7099 0.6351 0.5699 0.5160 0.4676 0.4251 0.3811 0.3435 0.3063 0.2730 0.2443 0.2175 0.1949 0.1742 0.1552 0.1389 0.1242 0.1109 0.0992 0.0891 0.0797 0.0711 0.0636 0.0570 0.0510 0.0455 0.0407 0.0364 0.0328
2.6531 2.7273 2.6980 2.5457 2.5764 2.4006 2.3595 2.2343 2.0963 2.0305 1.8815 1.7566 1.6552 1.5297 1.4068 1.2956 1.1919 1.0881 0.9912 0.9087 0.8276 0.7511 0.6721 0.6049 0.5497 0.4994 0.4542 0.4067 0.3658 0.3256 0.2898 0.2593 0.2308 0.2072 0.1855 0.1654 0.1481 0.1324 0.1185 0.1061 0.0953 0.0854 0.0761 0.0680 0.0609 0.0545 0.0486 0.0434 0.0389 0.0350
2.9629 2.7532 2.8778 2.6744 2.7100 2.5174 2.5103 2.3222 2.2350 2.1364 1.9748 1.8611 1.7511 1.6152 1.4861 1.3685 1.2611 1.1551 1.0537 0.9634 0.8745 0.7934 0.7123 0.6441 0.5864 0.5325 0.4833 0.4324 0.3886 0.3461 0.3077 0.2752 0.2451 0.2204 0.1977 0.1763 0.1579 0.1411 0.1264 0.1133 0.1020 0.0913 0.0813 0.0726 0.0651 0.0583 0.0520 0.0464 0.0415 0.0374
3.1163 2.9955 2.9147 2.9102 2.7750 2.7028 2.6184 2.4413 2.3776 2.2351 2.0792 1.9720 1.8497 1.7024 1.5666 1.4455 1.3366 1.2263 1.1167 1.0174 0.9222 0.8385 0.7563 0.6869 0.6255 0.5668 0.5127 0.4582 0.4118 0.3670 0.3263 0.2919 0.2603 0.2346 0.2109 0.1880 0.1683 0.1503 0.1348 0.1209 0.1090 0.0975 0.0869 0.0775 0.0696 0.0623 0.0555 0.0495 0.0443 0.0398
3.1031 3.2489 3.0204 3.0924 2.8829 2.8903 2.7094 2.5976 2.5069 2.3355 2.1970 2.0874 1.9486 1.7899 1.6510 1.5298 1.4178 1.2986 1.1786 1.0714 0.9725 0.8880 0.8047 0.7328 0.6660 0.6014 0.5420 0.4841 0.4353 0.3888 0.3460 0.3098 0.2766 0.2498 0.2250 0.2006 0.1794 0.1601 0.1437 0.1290 0.1163 0.1041 0.0926 0.0826 0.0742 0.0665 0.0592 0.0528 0.0472 0.0424
3.3570 3.2978 3.2856 3.1667 3.0883 3.0179 2.8354 2.7659 2.6193 2.4489 2.3270 2.2030 2.0449 1.8799 1.7437 1.6219 1.5012 1.3689 1.2393 1.1278 1.0279 0.9428 0.8570 0.7807 0.7070 0.6359 0.5711 0.5103 0.4598 0.4120 0.3671 0.3292 0.2942 0.2662 0.2402 0.2140 0.1912 0.1704 0.1530 0.1374 0.1240 0.1109 0.0987 0.0879 0.0790 0.0709 0.0630 0.0562 0.0503 0.0450
3.6074 3.3989 3.4655 3.2721 3.2831 3.1047 3.0011 2.9092 2.7247 2.5806 2.4599 2.3091 2.1361 1.9771 1.8473 1.7184 1.5823 1.4364 1.3010 1.1902 1.0913 1.0041 0.9127 0.8296 0.7498 0.6731 0.6039 0.5396 0.4868 0.4369 0.3905 0.3512 0.3147 0.2849 0.2569 0.2289 0.2047 0.1827 0.1638 0.1470 0.1326 0.1186 0.1056 0.0939 0.0842 0.0755 0.0673 0.0601 0.0537 0.0481
3.6259 3.6620 3.5274 3.4828 3.4016 3.2333 3.1769 3.0252 2.8456 2.7302 2.5871 2.4062 2.2324 2.0878 1.9580 1.8119 1.6582 1.5038 1.3683 1.2604 1.1608 1.0682 0.9686 0.8778 0.7922 0.7108 0.6379 0.5708 0.5159 0.4639 0.4160 0.3751 0.3367 0.3048 0.2745 0.2446 0.2189 0.1957 0.1751 0.1569 0.1415 0.1267 0.1127 0.1003 0.0897 0.0803 0.0718 0.0641 0.0573 0.0514
3.7844 3.8092 3.6649 3.6700 3.4976 3.4102 3.3224 3.1340 2.9934 2.8830 2.6980 2.5009 2.3436 2.2101 2.0664 1.8972 1.7312 1.5767 1.4447 1.3378 1.2335 1.1322 1.0230 0.9249 0.8348 0.7499 0.6744 0.6047 0.5477 0.4934 0.4435 0.4007 0.3602 0.3257 0.2930 0.2609 0.2337 0.2092 0.1869 0.1673 0.1508 0.1351 0.1203 0.1069 0.0954 0.0853 0.0765 0.0684 0.0611 0.0548
4.0168 3.8889 3.8733 3.7829 3.6381 3.5876 3.4333 3.2628 3.1606 3.0178 2.7943 2.6088 2.4725 2.3329 2.1636 1.9760 1.8089 1.6603 1.5303 1.4194 1.3056 1.1937 1.0755 0.9719 0.8793 0.7922 0.7143 0.6421 0.5825 0.5252 0.4729 0.4278 0.3848 0.3476 0.3122 0.2779 0.2491 0.2233 0.1991 0.1781 0.1605 0.1440 0.1282 0.1139 0.1014 0.0905 0.0815 0.0730 0.0652 0.0584
4.1163 4.0318 4.0299 3.8792 3.8211 3.7284 3.5386 3.4248 3.3183 3.1238 2.8992 2.7452 2.6108 2.4430 2.2503 2.0610 1.9047 1.7630 1.6290 1.5059 1.3783 1.2562 1.1316 1.0251 0.9312 0.8426 0.7625 0.6871 0.6241 0.5625 0.5068 0.4586 0.4123 0.3724 0.3345 0.2976 0.2666 0.2388 0.2131 0.1906 0.1716 0.1540 0.1374 0.1223 0.1090 0.0973 0.0875 0.0783 0.0700 0.0628
4.1832 4.2145 4.1123 4.0194 3.9969 3.8186 3.6776 3.6023 3.4370 3.2183 3.0315 2.8963 2.7345 2.5349 2.3357 2.1589 2.0149 1.8724 1.7266 1.5879 1.4471 1.3180 1.1902 1.0831 0.9887 0.8982 0.8150 0.7355 0.6682 0.6014 0.5420 0.4905 0.4407 0.3981 0.3576 0.3182 0.2849 0.2550 0.2278 0.2038 0.1833 0.1648 0.1472 0.1313 0.1171 0.1045 0.0940 0.0841 0.0751 0.0674
4.3379 4.3248 4.1795 4.2187 4.0880 3.9160 3.8664 3.7407 3.5193 3.3381 3.1909 3.0355 2.8327 2.6196 2.4341 2.2738 2.1332 1.9799 1.8181 1.6648 1.5149 1.3828 1.2544 1.1475 1.0521 0.9586 0.8711 0.7864 0.7139 0.6415 0.5781 0.5233 0.4700 0.4246 0.3817 0.3398 0.3042 0.2722 0.2435 0.2179 0.1959 0.1762 0.1576 0.1410 0.1258 0.1123 0.1009 0.0903 0.0806 0.0724
4.5169 4.3203 4.3935 4.3296 4.1351 4.1053 4.0325 3.8145 3.6220 3.5044 3.3493 3.1465 2.9220 2.7227 2.5582 2.4036 2.2527 2.0821 1.9055 1.7434 1.5901 1.4578 1.3288 1.2202 1.1219 1.0237 0.9308 0.8401 0.7622 0.6845 0.6168 0.5584 0.5016 0.4535 0.4080 0.3635 0.3258 0.2918 0.2613 0.2341 0.2105 0.1895 0.1697 0.1520 0.1358 0.1213 0.1089 0.0974 0.0871 0.0782
4.4490 4.5535 4.5421 4.3297 4.3253 4.3011 4.0935 3.8987 3.7980 3.6844 3.4727 3.2405 3.0340 2.8624 2.7074 2.5405 2.3693 2.1815 1.9957 1.8326 1.6806 1.5484 1.4157 1.3018 1.1974 1.0929 0.9942 0.8972 0.8145 0.7331 0.6604 0.5977 0.5374 0.4861 0.4378 0.3908 0.3512 0.3156 0.2830 0.2539 0.2288 0.2060 0.1844 0.1648 0.1476 0.1322 0.1186 0.1062 0.0949 0.0853
4.7026 4.7110 4.4796 4.5323 4.5466 4.3333 4.1451 4.0831 3.9983 3.8095 3.5556 3.3446 3.1787 3.0230 2.8569 2.6670 2.4774 2.2803 2.0923 1.9320 1.7816 1.6474 1.5084 1.3866 1.2747 1.1633 1.0588 0.9555 0.8686 0.7839 0.7063 0.6395 0.5756 0.5213 0.4700 0.4203 0.3789 0.3416 0.3066 0.2755 0.2489 0.2241 0.2004 0.1788 0.1605 0.1440 0.1292 0.1157 0.1035 0.0930
4.8197 4.5849 4.7249 4.7707 4.5297 4.3619 4.3476 4.3034 4.1191 3.8749 3.6507 3.4927 3.3522 3.1851 2.9940 2.7832 2.5846 2.3864 2.2001 2.0425 1.8913 1.7520 1.6039 1.4728 1.3528 1.2348 1.1251 1.0160 0.9254 0.8380 0.7556 0.6846 0.6171 0.5595 0.5050 0.4525 0.4091 0.3700 0.3324 0.2992 0.2709 0.2439 0.2179 0.1940 0.1745 0.1569 0.1407 0.1261 0.1129 0.1014
4.6989 4.9485 4.9546 4.7069 4.5988 4.6435 4.6042 4.4231 4.1886 3.9960 3.8313 3.6931 3.5332 3.3371 3.1258 2.9090 2.7126 2.5180 2.3324 2.1714 2.0134 1.8670 1.7105 1.5721 1.4452 1.3210 1.2061 1.0909 0.9943 0.9000 0.8142 0.7403 0.6692 0.6078 0.5496 0.4939 0.4472 0.4049 0.3634 0.3269 0.2960 0.2669 0.2392 0.2141 0.1929 0.1737 0.1559 0.1397 0.1251 0.1124
5.1836 5.0475 4.8222 4.8599 4.9568 4.8850 4.6745 4.4716 4.3301 4.2205 4.0632 3.8893 3.6881 3.4708 3.2567 3.0472 2.8581 2.6658 2.4768 2.3082 2.1405 1.9861 1.8219 1.6774 1.5447 1.4151 1.2953 1.1739 1.0709 0.9683 0.8792 0.8025 0.7274 0.6620 0.5996 0.5402 0.4898 0.4437 0.3977 0.3575 0.3235 0.2923 0.2629 0.2367 0.2138 0.1927 0.1730 0.1551 0.1389 0.1249
5.0288 4.9649 5.1580 5.2493 5.1029 4.8817 4.7342 4.6678 4.6045 4.4853 4.2652 4.0402 3.8167 3.6033 3.4027 3.2055 3.0211 2.8261 2.6294 2.4503 2.2720 2.1103 1.9394 1.7900 1.6522 1.5174 1.3929 1.2651 1.1549 1.0430 0.9503 0.8706 0.7911 0.7211 0.6542 0.5908 0.5364 0.4861 0.4351 0.3907 0.3534 0.3200 0.2888 0.2616 0.2368 0.2137 0.1919 0.1721 0.1542 0.1388
5.2979 5.5021 5.4374 5.2322 5.0813 5.0438 5.0438 4.9944 4.8627 4.6644 4.3998 4.1673 3.9563 3.7618 3.5758 3.3857 3.1980 2.9947 2.7886 2.6012 2.4148 2.2454 2.0673 1.9124 1.7693 1.6291 1.4995 1.3664 1.2513 1.1331 1.0342 0.9491 0.8641 0.7888 0.7167 0.6491 0.5906 0.5362 0.4810 0.4330 0.3926 0.3560 0.3219 0.2923 0.2651 0.2396 0.2155 0.1935 0.1736 0.1564
5.7114 5.4970 5.3633 5.3775 5.4370 5.4503 5.3686 5.2015 4.9906 4.7703 4.5335 4.3334 4.1447 3.9598 3.7755 3.5829 3.3842 3.1692 2.9543 2.7623 2.5709 2.3930 2.2066 2.0449 1.8961 1.7500 1.6145 1.4777 1.3600 1.2388 1.1311 1.0382 0.9465 0.8653 0.7877 0.7155 0.6530 0.5948 0.5364 0.4853 0.4422 0.4015 0.3633 0.3297 0.2994 0.2712 0.2443 0.2199 0.1977 0.1785
5.6332 5.7321 5.8355 5.8577 5.7751 5.6411 5.4788 5.3006 5.1211 4.9429 4.7490 4.5678 4.3783 4.1830 3.9877 3.7867 3.5747 3.3485 3.1265 2.9317 2.7363 2.5500 2.3551 2.1863 2.0314 1.8788 1.7371 1.5967 1.4766 1.3528 1.2357 1.1343 1.0356 0.9482 0.8647 0.7879 0.7213 0.6591 0.5977 0.5435 0.4977 0.4526 0.4097 0.3718 0.3381 0.3068 0.2770 0.2498 0.2251 0.2036
6.3090 6.2705 6.1352 5.9805 5.8404 5.7415 5.6509 5.5328 5.3888 5.2202 5.0269 4.8304 4.6184 4.4001 4.1859 3.9701 3.7495 3.5168 3.2906 3.0946 2.8966 2.7040 2.5010 2.3251 2.1644 2.0068 1.8609 1.7174 1.5951 1.4680 1.3432 1.2348 1.1303 1.0380 0.9494 0.8675 0.7963 0.7297 0.6650 0.6076 0.5589 0.5095 0.4620 0.4194 0.3823 0.3478 0.3150 0.2848 0.2574 0.2333
6.4747 6.3664 6.2896 6.2376 6.1853 6.1191 6.0167 5.8586 5.6844 5.4926 5.2821 5.0659 4.8342 4.5920 4.3516 4.1057 3.8842 3.6520 3.4249 3.2287 3.0296 2.8356 2.6263 2.4436 2.2788 2.1202 1.9760 1.8308 1.7054 1.5722 1.4450 1.3351 1.2286 1.1357 1.0452 0.9566 0.8795 0.8073 0.7385 0.6771 0.6248 0.5727 0.5215 0.4744 0.4341 0.3967 0.3611 0.3280 0.2975 0.2706
6.9484 6.9059 6.8451 6.7620 6.6509 6.5014 6.3183 6.0942 5.8931 5.6949 5.4877 5.2698 5.0319 4.7749 4.5135 4.2398 4.0190 3.7883 3.5608 3.3649 3.1651 2.9699 2.7543 2.5647 2.3959 2.2371 2.0957 1.9495 1.8216 1.6822 1.5531 1.4424 1.3345 1.2419 1.1499 1.0543 0.9708 0.8926 0.8195 0.7541 0.6981 0.6434 0.5883 0.5363 0.4927 0.4524 0.4139 0.3775 0.3437 0.3138
7.4361 7.3022 7.1785 7.0490 6.9032 6.7154 6.4995 6.2499 6.0502 5.8640 5.6721 5.4592 5.2182 4.9472 4.6650 4.3637 4.1430 3.9137 3.6864 3.4908 3.2906 3.0948 2.8730 2.6765 2.5038 2.3456 2.2080 2.0615 1.9321 1.7880 1.6575 1.5464 1.4378 1.3460 1.2533 1.1507 1.0613 0.9773 0.9004 0.8311 0.7716 0.7145 0.6560 0.5992 0.5524 0.5092 0.4682 0.4287 0.3917 0.3587
7.4104 7.2928 7.1854 7.0632 6.9117 6.7255 6.5120 6.2650 6.0585 5.8631 5.6698 5.4572 5.2174 4.9394 4.6556 4.3581 4.1342 3.9042 3.6817 3.4881 3.2889 3.0934 2.8669 2.6640 2.4873 2.3294 2.1950 2.0493 1.9245 1.7897 1.6579 1.5450 1.4365 1.3433 1.2490 1.1465 1.0585 0.9764 0.9000 0.8300 0.7690 0.7120 0.6540 0.5984 0.5511 0.5078 0.4680 0.4289 0.3920 0.3590
