0.0533 0.0544 0.0562 0.0556 0.0492 0.0494 0.0477 0.0439 0.0434 0.0392 0.0379 0.0351 0.0315 0.0301 0.0275 0.0247 0.0228 0.0208 0.0186 0.0169 0.0154 0.0140 0.0125 0.0112 0.0100 0.0090 0.0082 0.0074 0.0067 0.0060 0.0053 0.0047 0.0042 0.0037 0.0033 0.0030 0.0027 0.0024 0.0021 0.0019 0.0017 0.0015 0.0014 0.0012 0.0011 0.0010 0.0009 0.0008 0.0007 0.0006
0.1598 0.1627 0.1681 0.1673 0.1481 0.1481 0.1432 0.1317 0.1303 0.1177 0.1137 0.1052 0.0947 0.0903 0.0826 0.0742 0.0683 0.0623 0.0559 0.0506 0.0461 0.0420 0.0376 0.0335 0.0301 0.0271 0.0247 0.0223 0.0202 0.0181 0.0160 0.0142 0.0126 0.0112 0.0100 0.0089 0.0080 0.0072 0.0064 0.0057 0.0052 0.0046 0.0042 0.0037 0.0034 0.0030 0.0027 0.0024 0.0022 0.0019
0.2669 0.2702 0.2784 0.2799 0.2486 0.2462 0.2394 0.2195 0.2172 0.1962 0.1900 0.1751 0.1580 0.1509 0.1378 0.1236 0.1138 0.1040 0.0933 0.0844 0.0768 0.0701 0.0626 0.0559 0.0501 0.0453 0.0411 0.0372 0.0337 0.0301 0.0266 0.0236 0.0209 0.0186 0.0166 0.0148 0.0134 0.0120 0.0107 0.0096 0.0086 0.0078 0.0070 0.0063 0.0056 0.0050 0.0045 0.0040 0.0036 0.0032
0.3763 0.3771 0.3864 0.3932 0.3520 0.3437 0.3365 0.3075 0.3042 0.2749 0.2670 0.2448 0.2217 0.2121 0.1932 0.1730 0.1595 0.1459 0.1307 0.1181 0.1075 0.0980 0.0876 0.0781 0.0702 0.0634 0.0577 0.0521 0.0472 0.0420 0.0372 0.0330 0.0292 0.0260 0.0232 0.0208 0.0187 0.0169 0.0151 0.0135 0.0121 0.0109 0.0098 0.0088 0.0079 0.0071 0.0063 0.0056 0.0050 0.0045
0.4920 0.4855 0.4923 0.5061 0.4598 0.4411 0.4345 0.3963 0.3909 0.3541 0.3444 0.3140 0.2861 0.2743 0.2487 0.2222 0.2055 0.1882 0.1682 0.1517 0.1382 0.1260 0.1125 0.1003 0.0901 0.0815 0.0742 0.0670 0.0605 0.0539 0.0476 0.0422 0.0373 0.0334 0.0298 0.0267 0.0241 0.0218 0.0194 0.0174 0.0156 0.0140 0.0126 0.0113 0.0101 0.0091 0.0081 0.0072 0.0065 0.0058
0.6182 0.5990 0.5977 0.6165 0.5727 0.5396 0.5334 0.4866 0.4773 0.4342 0.4220 0.3826 0.3517 0.3377 0.3039 0.2713 0.2522 0.2310 0.2058 0.1852 0.1688 0.1540 0.1373 0.1224 0.1101 0.0997 0.0907 0.0818 0.0738 0.0655 0.0578 0.0513 0.0454 0.0407 0.0365 0.0327 0.0296 0.0267 0.0239 0.0213 0.0191 0.0172 0.0154 0.0138 0.0124 0.0111 0.0099 0.0088 0.0079 0.0071
0.7556 0.7210 0.7066 0.7228 0.6899 0.6404 0.6333 0.5789 0.5632 0.5153 0.4988 0.4506 0.4189 0.4017 0.3582 0.3206 0.3001 0.2746 0.2433 0.2186 0.1995 0.1820 0.1621 0.1444 0.1300 0.1178 0.1072 0.0965 0.0868 0.0769 0.0678 0.0602 0.0535 0.0480 0.0431 0.0388 0.0351 0.0317 0.0283 0.0253 0.0226 0.0203 0.0182 0.0163 0.0146 0.0131 0.0117 0.0104 0.0093 0.0084
0.8977 0.8513 0.8225 0.8263 0.8079 0.7436 0.7356 0.6726 0.6495 0.5969 0.5740 0.5180 0.4877 0.4652 0.4107 0.3707 0.3500 0.3187 0.2803 0.2519 0.2303 0.2100 0.1868 0.1663 0.1498 0.1358 0.1234 0.1108 0.0994 0.0880 0.0776 0.0690 0.0615 0.0554 0.0499 0.0450 0.0407 0.0368 0.0328 0.0293 0.0262 0.0235 0.0210 0.0188 0.0168 0.0150 0.0134 0.0119 0.0107 0.0096
1.0346 0.9823 0.9443 0.9316 0.9216 0.8471 0.8416 0.7653 0.7380 0.6775 0.6472 0.5851 0.5568 0.5255 0.4610 0.4227 0.4017 0.3621 0.3164 0.2850 0.2616 0.2383 0.2113 0.1880 0.1694 0.1536 0.1393 0.1248 0.1117 0.0988 0.0873 0.0779 0.0696 0.0629 0.0568 0.0512 0.0464 0.0418 0.0373 0.0332 0.0296 0.0265 0.0237 0.0212 0.0190 0.0169 0.0151 0.0134 0.0120 0.0108
1.1662 1.1070 1.0624 1.0409 1.0282 0.9469 0.9490 0.8544 0.8300 0.7552 0.7192 0.6510 0.6234 0.5800 0.5096 0.4775 0.4537 0.4030 0.3508 0.3185 0.2935 0.2666 0.2356 0.2094 0.1888 0.1711 0.1548 0.1383 0.1236 0.1094 0.0970 0.0869 0.0779 0.0706 0.0638 0.0575 0.0520 0.0468 0.0416 0.0370 0.0329 0.0295 0.0263 0.0235 0.0210 0.0187 0.0167 0.0149 0.0133 0.0120
1.2987 1.2376 1.1662 1.1472 1.1315 1.0414 1.0468 0.9442 0.9243 0.8309 0.7930 0.7156 0.6865 0.6296 0.5602 0.5355 0.5033 0.4405 0.3856 0.3545 0.3274 0.2959 0.2605 0.2314 0.2088 0.1890 0.1706 0.1520 0.1359 0.1206 0.1073 0.0964 0.0867 0.0786 0.0710 0.0638 0.0575 0.0517 0.0458 0.0406 0.0361 0.0323 0.0288 0.0257 0.0230 0.0206 0.0183 0.0164 0.0146 0.0132
1.4109 1.3892 1.2677 1.2342 1.2338 1.1346 1.1185 1.0448 1.0086 0.9092 0.8697 0.7794 0.7477 0.6786 0.6156 0.5933 0.5469 0.4756 0.4238 0.3949 0.3638 0.3263 0.2864 0.2550 0.2303 0.2081 0.1874 0.1670 0.1495 0.1331 0.1187 0.1069 0.0962 0.0871 0.0784 0.0702 0.0631 0.0565 0.0501 0.0443 0.0394 0.0352 0.0314 0.0281 0.0252 0.0226 0.0201 0.0180 0.0161 0.0145
1.4511 1.5052 1.4081 1.2943 1.3201 1.2359 1.1592 1.1533 1.0624 0.9955 0.9422 0.8423 0.8087 0.7281 0.6712 0.6422 0.5812 0.5107 0.4663 0.4370 0.3986 0.3548 0.3117 0.2789 0.2523 0.2277 0.2047 0.1825 0.1638 0.1461 0.1305 0.1175 0.1055 0.0952 0.0855 0.0763 0.0683 0.0610 0.0541 0.0479 0.0426 0.0381 0.0340 0.0306 0.0275 0.0246 0.0220 0.0197 0.0176 0.0159
1.4472 1.5007 1.5600 1.3705 1.3719 1.3521 1.1977 1.2462 1.0958 1.0928 1.0011 0.9107 0.8724 0.7799 0.7247 0.6835 0.6158 0.5535 0.5128 0.4759 0.4283 0.3806 0.3371 0.3038 0.2753 0.2479 0.2225 0.1986 0.1786 0.1596 0.1425 0.1281 0.1146 0.1030 0.0922 0.0820 0.0734 0.0656 0.0582 0.0517 0.0461 0.0413 0.0370 0.0333 0.0300 0.0269 0.0241 0.0215 0.0193 0.0174
1.5311 1.4752 1.5929 1.5274 1.3972 1.4572 1.2846 1.3123 1.1603 1.1792 1.0472 0.9895 0.9360 0.8373 0.7823 0.7314 0.6648 0.6054 0.5558 0.5068 0.4542 0.4080 0.3659 0.3313 0.2994 0.2687 0.2408 0.2154 0.1941 0.1735 0.1546 0.1385 0.1236 0.1109 0.0991 0.0882 0.0789 0.0707 0.0629 0.0560 0.0501 0.0450 0.0403 0.0364 0.0328 0.0295 0.0263 0.0235 0.0211 0.0190
1.7521 1.6167 1.5903 1.6753 1.4940 1.5258 1.4319 1.3806 1.2784 1.2493 1.1232 1.0758 0.9990 0.9069 0.8509 0.7943 0.7254 0.6550 0.5918 0.5392 0.4908 0.4475 0.4023 0.3616 0.3238 0.2894 0.2595 0.2328 0.2103 0.1879 0.1672 0.1494 0.1331 0.1194 0.1069 0.0952 0.0854 0.0766 0.0684 0.0611 0.0548 0.0491 0.0440 0.0397 0.0358 0.0322 0.0287 0.0256 0.0229 0.0206
1.9156 1.8405 1.7563 1.7792 1.6947 1.6302 1.5692 1.4853 1.4179 1.3668 1.2398 1.1601 1.0856 0.9896 0.9183 0.8568 0.7800 0.7010 0.6416 0.5986 0.5512 0.4979 0.4390 0.3887 0.3464 0.3108 0.2803 0.2527 0.2283 0.2035 0.1805 0.1610 0.1433 0.1288 0.1154 0.1030 0.0925 0.0830 0.0741 0.0662 0.0593 0.0531 0.0475 0.0428 0.0386 0.0346 0.0308 0.0274 0.0245 0.0220
2.0787 2.0252 1.9336 1.9447 1.8371 1.7918 1.7078 1.6414 1.5114 1.4586 1.3161 1.2976 1.2098 1.0615 0.9872 0.9229 0.8306 0.7520 0.7012 0.6529 0.5872 0.5192 0.4576 0.4134 0.3774 0.3439 0.3112 0.2792 0.2500 0.2210 0.1948 0.1732 0.1540 0.1383 0.1240 0.1104 0.0989 0.0885 0.0790 0.0704 0.0630 0.0563 0.0503 0.0453 0.0409 0.0367 0.0326 0.0291 0.0260 0.0234
2.0469 2.1247 2.0236 1.9185 1.9590 1.7886 1.7985 1.6415 1.6191 1.4851 1.4037 1.3233 1.2076 1.1316 1.0529 0.9580 0.8799 0.8108 0.7361 0.6637 0.5991 0.5474 0.4964 0.4494 0.4032 0.3596 0.3217 0.2888 0.2616 0.2349 0.2102 0.1888 0.1685 0.1512 0.1349 0.1195 0.1065 0.0949 0.0844 0.0751 0.0672 0.0600 0.0537 0.0484 0.0437 0.0392 0.0349 0.0312 0.0279 0.0251
2.1385 2.1581 2.2089 2.0282 2.0541 1.9288 1.8848 1.7583 1.7159 1.5718 1.5059 1.3998 1.2880 1.2098 1.1171 1.0194 0.9408 0.8637 0.7812 0.7068 0.6417 0.5873 0.5307 0.4784 0.4292 0.3839 0.3450 0.3100 0.2809 0.2521 0.2254 0.2022 0.1803 0.1616 0.1442 0.1279 0.1140 0.1016 0.0905 0.0806 0.0722 0.0646 0.0577 0.0519 0.0468 0.0420 0.0374 0.0334 0.0299 0.0269
2.3846 2.2186 2.3017 2.2150 2.1127 2.0943 1.9579 1.8947 1.7997 1.6738 1.6057 1.4787 1.3746 1.2878 1.1836 1.0850 1.0026 0.9165 0.8282 0.7531 0.6867 0.6280 0.5651 0.5077 0.4563 0.4098 0.3700 0.3327 0.3012 0.2698 0.2410 0.2160 0.1924 0.1723 0.1538 0.1365 0.1219 0.1087 0.0969 0.0865 0.0775 0.0693 0.0619 0.0556 0.0501 0.0449 0.0400 0.0357 0.0320 0.0288
2.5747 2.4322 2.3308 2.4038 2.2030 2.2376 2.0517 2.0304 1.8812 1.7900 1.7006 1.5637 1.4657 1.3662 1.2543 1.1539 1.0646 0.9703 0.8785 0.8029 0.7334 0.6688 0.5995 0.5379 0.4851 0.4378 0.3969 0.3566 0.3222 0.2880 0.2568 0.2299 0.2047 0.1834 0.1637 0.1456 0.1301 0.1162 0.1037 0.0926 0.0831 0.0744 0.0664 0.0595 0.0535 0.0479 0.0427 0.0382 0.0342 0.0308
2.5681 2.6681 2.4533 2.5013 2.3748 2.3294 2.1914 2.1447 1.9771 1.9128 1.7923 1.6571 1.5598 1.4469 1.3295 1.2243 1.1268 1.0268 0.9329 0.8552 0.7806 0.7096 0.6346 0.5697 0.5161 0.4680 0.4255 0.3815 0.3437 0.3063 0.2729 0.2442 0.2173 0.1948 0.1741 0.1551 0.1389 0.1242 0.1110 0.0992 0.0891 0.0798 0.0711 0.0636 0.0571 0.0511 0.0455 0.0407 0.0364 0.0328
2.6526 2.7241 2.6988 2.5444 2.5767 2.4003 2.3598 2.2343 2.0966 2.0306 1.8823 1.7566 1.6550 1.5306 1.4075 1.2954 1.1915 1.0885 0.9921 0.9093 0.8275 0.7507 0.6718 0.6049 0.5501 0.4999 0.4547 0.4070 0.3659 0.3256 0.2897 0.2591 0.2307 0.2071 0.1854 0.1653 0.1481 0.1325 0.1185 0.1061 0.0954 0.0854 0.0761 0.0680 0.0609 0.0545 0.0486 0.0434 0.0389 0.0350
2.9648 2.7535 2.8774 2.6760 2.7099 2.5187 2.5109 2.3232 2.2356 2.1374 1.9758 1.8612 1.7519 1.6165 1.4865 1.3682 1.2613 1.1561 1.0546 0.9637 0.8743 0.7930 0.7122 0.6445 0.5870 0.5331 0.4837 0.4325 0.3886 0.3459 0.3075 0.2750 0.2450 0.2203 0.1977 0.1763 0.1579 0.1412 0.1265 0.1134 0.1020 0.0913 0.0814 0.0726 0.0652 0.0583 0.0520 0.0464 0.0415 0.0374
3.1155 2.9989 2.9153 2.9125 2.7762 2.7048 2.6197 2.4429 2.3787 2.2367 2.0801 1.9726 1.8512 1.7035 1.5667 1.4456 1.3375 1.2275 1.1174 1.0173 0.9219 0.8384 0.7567 0.6875 0.6261 0.5673 0.5130 0.4582 0.4117 0.3668 0.3262 0.2918 0.2602 0.2346 0.2109 0.1881 0.1684 0.1504 0.1349 0.1210 0.1090 0.0976 0.0869 0.0775 0.0696 0.0623 0.0555 0.0496 0.0443 0.0398
3.1061 3.2505 3.0245 3.0939 2.8862 2.8921 2.7118 2.5994 2.5088 2.3374 2.1979 2.0889 1.9503 1.7906 1.6512 1.5306 1.4192 1.2997 1.1788 1.0712 0.9724 0.8883 0.8054 0.7336 0.6666 0.6018 0.5421 0.4840 0.4352 0.3887 0.3459 0.3098 0.2766 0.2499 0.2251 0.2007 0.1795 0.1602 0.1438 0.1291 0.1164 0.1041 0.0927 0.0826 0.0742 0.0665 0.0592 0.0528 0.0472 0.0424
3.3628 3.3008 3.2893 3.1700 3.0916 3.0204 2.8384 2.7679 2.6219 2.4505 2.3283 2.2050 2.0464 1.8803 1.7444 1.6233 1.5026 1.3695 1.2393 1.1277 1.0282 0.9435 0.8579 0.7814 0.7074 0.6360 0.5711 0.5101 0.4596 0.4119 0.3671 0.3292 0.2943 0.2664 0.2404 0.2141 0.1913 0.1705 0.1531 0.1375 0.1241 0.1110 0.0987 0.0879 0.0790 0.0709 0.0630 0.0562 0.0503 0.0450
3.6098 3.4052 3.4680 3.2771 3.2855 3.1086 3.0035 2.9117 2.7273 2.5821 2.4619 2.3112 2.1370 1.9777 1.8486 1.7200 1.5833 1.4366 1.3009 1.1904 1.0920 1.0050 0.9135 0.8301 0.7500 0.6730 0.6037 0.5394 0.4866 0.4368 0.3906 0.3514 0.3149 0.2851 0.2571 0.2291 0.2048 0.1828 0.1639 0.1470 0.1326 0.1187 0.1056 0.0939 0.0842 0.0755 0.0673 0.0601 0.0537 0.0481
3.6320 3.6651 3.5327 3.4858 3.4052 3.2366 3.1789 3.0283 2.8474 2.7318 2.5894 2.4076 2.2330 2.0888 1.9596 1.8132 1.6585 1.5038 1.3685 1.2610 1.1617 1.0691 0.9692 0.8780 0.7921 0.7106 0.6378 0.5707 0.5159 0.4640 0.4162 0.3753 0.3369 0.3050 0.2747 0.2447 0.2190 0.1958 0.1752 0.1570 0.1415 0.1267 0.1128 0.1003 0.0897 0.0802 0.0718 0.0641 0.0573 0.0514
3.7899 3.8129 3.6694 3.6724 3.5019 3.4118 3.3253 3.1364 2.9946 2.8849 2.6998 2.5016 2.3443 2.2115 2.0677 1.8978 1.7312 1.5767 1.4452 1.3387 1.2344 1.1328 1.0232 0.9248 0.8346 0.7497 0.6743 0.6047 0.5479 0.4936 0.4437 0.4009 0.3604 0.3259 0.2932 0.2610 0.2338 0.2093 0.1869 0.1673 0.1508 0.1351 0.1203 0.1069 0.0954 0.0852 0.0765 0.0684 0.0611 0.0548
4.0181 3.8945 3.8742 3.7872 3.6396 3.5894 3.4361 3.2636 3.1618 3.0196 2.7951 2.6091 2.4734 2.3341 2.1642 1.9760 1.8088 1.6607 1.5310 1.4202 1.3062 1.1939 1.0754 0.9717 0.8790 0.7921 0.7144 0.6422 0.5828 0.5255 0.4732 0.4280 0.3850 0.3478 0.3123 0.2779 0.2491 0.2233 0.1991 0.1781 0.1605 0.1440 0.1282 0.1139 0.1014 0.0905 0.0815 0.0730 0.0652 0.0584
4.1217 4.0317 4.0330 3.8809 3.8212 3.7310 3.5391 3.4248 3.3197 3.1246 2.8991 2.7455 2.6117 2.4436 2.2502 2.0607 1.9048 1.7636 1.6297 1.5064 1.3784 1.2560 1.1313 1.0249 0.9311 0.8426 0.7627 0.6874 0.6244 0.5628 0.5071 0.4588 0.4124 0.3725 0.3346 0.2976 0.2666 0.2388 0.2131 0.1906 0.1715 0.1540 0.1374 0.1223 0.1090 0.0973 0.0875 0.0783 0.0700 0.0628
4.1826 4.2154 4.1140 4.0176 3.9987 3.8188 3.6763 3.6029 3.4377 3.2176 3.0310 2.8966 2.7349 2.5347 2.3352 2.1587 2.0151 1.8728 1.7269 1.5878 1.4468 1.3176 1.1899 1.0829 0.9887 0.8984 0.8153 0.7358 0.6685 0.6017 0.5422 0.4906 0.4408 0.3981 0.3576 0.3182 0.2849 0.2550 0.2278 0.2038 0.1833 0.1647 0.1471 0.1313 0.1171 0.1045 0.0939 0.0841 0.0751 0.0674
4.3361 4.3262 4.1757 4.2192 4.0877 3.9132 3.8659 3.7411 3.5180 3.3365 3.1905 3.0355 2.8322 2.6188 2.4335 2.2737 2.1333 1.9800 1.8179 1.6644 1.5144 1.3824 1.2543 1.1475 1.0523 0.9589 0.8713 0.7867 0.7141 0.6416 0.5782 0.5233 0.4700 0.4246 0.3817 0.3397 0.3041 0.2721 0.2434 0.2178 0.1958 0.1762 0.1576 0.1410 0.1258 0.1123 0.1009 0.0903 0.0806 0.0724
4.5176 4.3147 4.3927 4.3286 4.1307 4.1037 4.0323 3.8124 3.6194 3.5031 3.3489 3.1457 2.9208 2.7216 2.5576 2.4034 2.2525 2.0817 1.9050 1.7429 1.5896 1.4576 1.3288 1.2203 1.1221 1.0239 0.9309 0.8402 0.7622 0.6845 0.6168 0.5583 0.5015 0.4534 0.4079 0.3634 0.3257 0.2918 0.2613 0.2340 0.2105 0.1895 0.1697 0.1520 0.1358 0.1213 0.1089 0.0974 0.0871 0.0782
4.4415 4.5516 4.5401 4.3239 4.3228 4.3003 4.0905 3.8950 3.7961 3.6836 3.4716 3.2388 3.0324 2.8613 2.7068 2.5400 2.3687 2.1808 1.9950 1.8321 1.6803 1.5483 1.4158 1.3019 1.1975 1.0930 0.9942 0.8971 0.8144 0.7330 0.6602 0.5976 0.5372 0.4860 0.4377 0.3907 0.3511 0.3156 0.2829 0.2538 0.2288 0.2060 0.1844 0.1648 0.1476 0.1322 0.1186 0.1062 0.0949 0.0853
4.7004 4.7077 4.4724 4.5294 4.5453 4.3292 4.1405 4.0807 3.9972 3.8080 3.5534 3.3424 3.1771 3.0220 2.8562 2.6663 2.4767 2.2795 2.0917 1.9316 1.7814 1.6474 1.5083 1.3866 1.2746 1.1632 1.0587 0.9554 0.8684 0.7837 0.7062 0.6394 0.5755 0.5212 0.4699 0.4203 0.3788 0.3416 0.3066 0.2755 0.2489 0.2241 0.2004 0.1788 0.1605 0.1440 0.1292 0.1157 0.1035 0.0930
4.8144 4.5771 4.7223 4.7686 4.5245 4.3569 4.3453 4.3022 4.1172 3.8722 3.6481 3.4909 3.3510 3.1842 2.9932 2.7824 2.5839 2.3858 2.1996 2.0422 1.8911 1.7519 1.6037 1.4726 1.3526 1.2345 1.1249 1.0158 0.9252 0.8379 0.7555 0.6845 0.6170 0.5594 0.5049 0.4525 0.4091 0.3700 0.3324 0.2992 0.2709 0.2439 0.2179 0.1940 0.1745 0.1569 0.1408 0.1261 0.1129 0.1014
4.6919 4.9469 4.9513 4.7007 4.5942 4.6418 4.6029 4.4205 4.1853 3.9931 3.8294 3.6920 3.5324 3.3363 3.1250 2.9081 2.7119 2.5174 2.3319 2.1711 2.0131 1.8667 1.7102 1.5718 1.4450 1.3207 1.2059 1.0907 0.9942 0.8999 0.8141 0.7403 0.6692 0.6078 0.5496 0.4939 0.4472 0.4049 0.3634 0.3269 0.2960 0.2670 0.2392 0.2141 0.1930 0.1738 0.1559 0.1397 0.1251 0.1124
5.1824 5.0424 4.8159 4.8568 4.9559 4.8833 4.6712 4.4680 4.3275 4.2191 4.0624 3.8886 3.6873 3.4698 3.2558 3.0464 2.8574 2.6652 2.4764 2.3078 2.1401 1.9858 1.8216 1.6772 1.5445 1.4149 1.2952 1.1739 1.0709 0.9683 0.8792 0.8026 0.7275 0.6620 0.5997 0.5403 0.4899 0.4437 0.3978 0.3575 0.3235 0.2924 0.2629 0.2367 0.2138 0.1927 0.1730 0.1551 0.1389 0.1249
5.0224 4.9606 5.1570 5.2485 5.1002 4.8780 4.7311 4.6661 4.6038 4.4849 4.2646 4.0394 3.8157 3.6023 3.4018 3.2047 3.0205 2.8256 2.6291 2.4500 2.2717 2.1101 1.9393 1.7899 1.6521 1.5174 1.3929 1.2651 1.1549 1.0431 0.9503 0.8707 0.7912 0.7212 0.6543 0.5909 0.5365 0.4861 0.4351 0.3908 0.3535 0.3200 0.2888 0.2616 0.2368 0.2137 0.1919 0.1721 0.1542 0.1388
5.2972 5.5021 5.4354 5.2287 5.0782 5.0422 5.0433 4.9944 4.8624 4.6637 4.3988 4.1662 3.9553 3.7609 3.5751 3.3853 3.1977 2.9944 2.7884 2.6011 2.4147 2.2454 2.0673 1.9124 1.7693 1.6292 1.4995 1.3665 1.2514 1.1332 1.0343 0.9491 0.8641 0.7889 0.7168 0.6492 0.5907 0.5362 0.4811 0.4330 0.3926 0.3560 0.3219 0.2923 0.2651 0.2396 0.2155 0.1935 0.1736 0.1564
5.7098 5.4940 5.3607 5.3764 5.4372 5.4508 5.3686 5.2009 4.9896 4.7692 4.5325 4.3327 4.1442 3.9595 3.7753 3.5828 3.3842 3.1692 2.9544 2.7624 2.5710 2.3931 2.2067 2.0450 1.8962 1.7501 1.6146 1.4778 1.3601 1.2389 1.1312 1.0382 0.9466 0.8654 0.7877 0.7156 0.6531 0.5948 0.5365 0.4853 0.4422 0.4015 0.3633 0.3297 0.2995 0.2712 0.2443 0.2199 0.1977 0.1785
5.6319 5.7322 5.8365 5.8584 5.7753 5.6405 5.4778 5.2996 5.1203 4.9424 4.7487 4.5677 4.3784 4.1832 3.9878 3.7869 3.5749 3.3487 3.1267 2.9318 2.7365 2.5502 2.3552 2.1864 2.0315 1.8790 1.7372 1.5968 1.4767 1.3528 1.2358 1.1343 1.0356 0.9483 0.8647 0.7879 0.7213 0.6591 0.5977 0.5435 0.4977 0.4526 0.4097 0.3718 0.3381 0.3068 0.2770 0.2498 0.2251 0.2036
6.3102 6.2710 6.1350 5.9798 5.8396 5.7409 5.6506 5.5327 5.3890 5.2205 5.0273 4.8307 4.6188 4.4005 4.1862 3.9703 3.7497 3.5170 3.2907 3.0947 2.8967 2.7041 2.5011 2.3252 2.1645 2.0069 1.8609 1.7175 1.5951 1.4680 1.3432 1.2348 1.1303 1.0380 0.9495 0.8675 0.7964 0.7298 0.6650 0.6076 0.5589 0.5095 0.4620 0.4194 0.3823 0.3478 0.3150 0.2848 0.2574 0.2334
6.4742 6.3659 6.2894 6.2377 6.1856 6.1196 6.0172 5.8592 5.6850 5.4931 5.2825 5.0662 4.8345 4.5923 4.3519 4.1059 3.8843 3.6522 3.4250 3.2288 3.0297 2.8357 2.6264 2.4437 2.2788 2.1202 1.9760 1.8308 1.7054 1.5722 1.4450 1.3351 1.2286 1.1357 1.0452 0.9566 0.8795 0.8073 0.7385 0.6771 0.6248 0.5727 0.5215 0.4744 0.4341 0.3967 0.3611 0.3280 0.2975 0.2706
6.9490 6.9066 6.8458 6.7626 6.6515 6.5019 6.3187 6.0946 5.8934 5.6951 5.4879 5.2700 5.0320 4.7750 4.5136 4.2399 4.0190 3.7884 3.5609 3.3649 3.1651 2.9699 2.7543 2.5647 2.3959 2.2371 2.0957 1.9495 1.8216 1.6822 1.5531 1.4424 1.3345 1.2419 1.1499 1.0543 0.9708 0.8926 0.8195 0.7541 0.6981 0.6434 0.5883 0.5363 0.4927 0.4524 0.4139 0.3775 0.3437 0.3138
7.4365 7.3024 7.1787 7.0491 6.9033 6.7155 6.4996 6.2500 6.0503 5.8641 5.6721 5.4592 5.2182 4.9472 4.6650 4.3637 4.1430 3.9137 3.6864 3.4908 3.2906 3.0948 2.8730 2.6765 2.5038 2.3456 2.2080 2.0615 1.9321 1.7880 1.6575 1.5464 1.4378 1.3460 1.2533 1.1507 1.0613 0.9773 0.9004 0.8311 0.7716 0.7145 0.6560 0.5992 0.5524 0.5092 0.4682 0.4287 0.3917 0.3587
7.4104 7.2928 7.1854 7.0632 6.9117 6.7255 6.5120 6.2650 6.0585 5.8631 5.6698 5.4572 5.2174 4.9394 4.6556 4.3581 4.1342 3.9042 3.6817 3.4881 3.2889 3.0934 2.8669 2.6640 2.4873 2.3294 2.1950 2.0493 1.9245 1.7897 1.6579 1.5450 1.4365 1.3433 1.2490 1.1465 1.0585 0.9764 0.9000 0.8300 0.7690 0.7120 0.6540 0.5984 0.5511 0.5078 0.4680 0.4289 0.3920 0.3590
