0.1260 0.0672 0.0067 0.0637 0.1421 0.0224 0.0840 0.0755 0.0514 0.0672 0.0725 0.0187 0.1014 0.0193 0.0316 0.0846 0.0316 0.0041 0.0460 0.0642 0.0328 0.0035 0.0082 0.0310 0.0441 0.0387 0.0224 0.0076 0.0010 0.0028 0.0092 0.0161 0.0209 0.0224 0.0214 0.0183 0.0144 0.0105 0.0070 0.0043 0.0023 0.0011 0.0005 0.0002 0.0003 0.0006 0.0010 0.0014 0.0017 0.0020
0.3903 0.2167 0.0231 0.1786 0.4279 0.0744 0.2427 0.2347 0.1468 0.2083 0.2119 0.0597 0.3038 0.0550 0.0981 0.2536 0.0923 0.0130 0.1398 0.1924 0.0969 0.0100 0.0255 0.0938 0.1325 0.1155 0.0666 0.0223 0.0029 0.0086 0.0279 0.0487 0.0628 0.0673 0.0641 0.0548 0.0431 0.0314 0.0210 0.0128 0.0069 0.0033 0.0013 0.0007 0.0010 0.0018 0.0029 0.0041 0.0051 0.0061
0.6869 0.4118 0.0531 0.2576 0.7153 0.1500 0.3732 0.4185 0.2206 0.3687 0.3340 0.1122 0.5048 0.0824 0.1746 0.4219 0.1454 0.0246 0.2391 0.3192 0.1564 0.0151 0.0451 0.1594 0.2215 0.1910 0.1089 0.0357 0.0047 0.0149 0.0475 0.0821 0.1052 0.1124 0.1067 0.0910 0.0714 0.0519 0.0346 0.0210 0.0114 0.0053 0.0022 0.0012 0.0017 0.0031 0.0049 0.0068 0.0086 0.0103
1.0204 0.6809 0.1192 0.2812 0.9947 0.2700 0.4568 0.6410 0.2605 0.5604 0.4266 0.1856 0.7009 0.0974 0.2680 0.5878 0.1863 0.0413 0.3472 0.4433 0.2082 0.0182 0.0688 0.2295 0.3114 0.2641 0.1479 0.0470 0.0062 0.0224 0.0687 0.1169 0.1485 0.1576 0.1491 0.1267 0.0990 0.0717 0.0476 0.0288 0.0155 0.0072 0.0030 0.0017 0.0025 0.0044 0.0070 0.0097 0.0122 0.0145
1.3647 1.0412 0.2603 0.2422 1.2416 0.4604 0.4770 0.9122 0.2584 0.7925 0.4783 0.2912 0.8855 0.0979 0.3856 0.7480 0.2111 0.0665 0.4672 0.5627 0.2494 0.0193 0.0986 0.3056 0.4021 0.3335 0.1823 0.0557 0.0074 0.0315 0.0922 0.1536 0.1930 0.2032 0.1910 0.1616 0.1257 0.0906 0.0599 0.0360 0.0193 0.0089 0.0036 0.0022 0.0033 0.0059 0.0092 0.0127 0.0159 0.0188
1.6481 1.4781 0.5284 0.1574 1.4132 0.7475 0.4257 1.2316 0.2145 1.0684 0.4793 0.4415 1.0475 0.0857 0.5343 0.8966 0.2169 0.1051 0.6010 0.6743 0.2773 0.0190 0.1368 0.3890 0.4931 0.3980 0.2110 0.0610 0.0087 0.0428 0.1186 0.1927 0.2387 0.2489 0.2323 0.1953 0.1511 0.1084 0.0712 0.0425 0.0225 0.0103 0.0042 0.0027 0.0042 0.0075 0.0116 0.0159 0.0198 0.0233
1.7542 1.9191 0.9692 0.0825 1.4535 1.1468 0.3128 1.5819 0.1436 1.3812 0.4259 0.6489 1.1711 0.0672 0.7195 1.0249 0.2028 0.1633 0.7495 0.7740 0.2897 0.0187 0.1860 0.4808 0.5837 0.4559 0.2326 0.0627 0.0103 0.0570 0.1484 0.2345 0.2858 0.2948 0.2727 0.2276 0.1750 0.1246 0.0813 0.0481 0.0252 0.0114 0.0047 0.0032 0.0053 0.0093 0.0142 0.0193 0.0238 0.0280
1.5629 2.2177 1.5823 0.1196 1.3114 1.6440 0.1774 1.9213 0.0802 1.7080 0.3250 0.9216 1.2372 0.0552 0.9431 1.1215 0.1711 0.2483 0.9116 0.8565 0.2850 0.0213 0.2488 0.5815 0.6724 0.5054 0.2463 0.0609 0.0129 0.0748 0.1824 0.2794 0.3343 0.3405 0.3119 0.2582 0.1969 0.1392 0.0900 0.0526 0.0272 0.0121 0.0050 0.0038 0.0065 0.0113 0.0171 0.0229 0.0282 0.0329
1.0483 2.1849 2.2662 0.4019 0.9761 2.1738 0.0963 2.1810 0.0818 2.0055 0.2000 1.2592 1.2263 0.0697 1.2011 1.1723 0.1275 0.3680 1.0835 0.9157 0.2632 0.0304 0.3281 0.6907 0.7571 0.5446 0.2511 0.0557 0.0173 0.0972 0.2211 0.3276 0.3841 0.3857 0.3494 0.2865 0.2166 0.1517 0.0971 0.0561 0.0286 0.0125 0.0053 0.0045 0.0079 0.0136 0.0202 0.0268 0.0327 0.0380
0.4070 1.6997 2.7853 1.0358 0.5245 2.6062 0.1786 2.2729 0.2224 2.2102 0.0960 1.6456 1.1246 0.1367 1.4804 1.1632 0.0833 0.5295 1.2581 0.9449 0.2257 0.0513 0.4264 0.8072 0.8352 0.5715 0.2467 0.0478 0.0247 0.1251 0.2650 0.3791 0.4350 0.4301 0.3850 0.3123 0.2338 0.1621 0.1026 0.0584 0.0292 0.0126 0.0055 0.0054 0.0096 0.0162 0.0237 0.0311 0.0376 0.0434
0.1069 0.8789 2.8252 1.9921 0.1568 2.7629 0.5386 2.1143 0.5743 2.2493 0.0801 2.0450 0.9319 0.2859 1.7594 1.0850 0.0554 0.7377 1.4256 0.9386 0.1768 0.0902 0.5464 0.9302 0.9046 0.5850 0.2334 0.0386 0.0364 0.1597 0.3152 0.4348 0.4876 0.4741 0.4188 0.3359 0.2487 0.1704 0.1065 0.0597 0.0292 0.0123 0.0057 0.0064 0.0116 0.0192 0.0276 0.0358 0.0429 0.0491
0.6859 0.1944 2.1926 2.9959 0.1742 2.4857 1.2368 1.6720 1.1737 2.0619 0.2315 2.3964 0.6684 0.5457 2.0082 0.9368 0.0659 0.9926 1.5716 0.8919 0.1230 0.1546 0.6901 1.0575 0.9626 0.5841 0.2116 0.0296 0.0544 0.2028 0.3728 0.4954 0.5423 0.5182 0.4514 0.3575 0.2615 0.1770 0.1089 0.0599 0.0287 0.0119 0.0060 0.0077 0.0140 0.0226 0.0320 0.0410 0.0486 0.0554
2.2164 0.3329 1.0827 3.5501 0.8380 1.7543 2.2045 1.0209 1.9763 1.6315 0.6177 2.6107 0.3812 0.9349 2.1872 0.7295 0.1402 1.2834 1.6736 0.8004 0.0739 0.2516 0.8555 1.1817 1.0028 0.5659 0.1822 0.0229 0.0805 0.2553 0.4379 0.5602 0.5982 0.5611 0.4815 0.3762 0.2716 0.1812 0.1097 0.0591 0.0276 0.0114 0.0065 0.0093 0.0168 0.0266 0.0369 0.0466 0.0548 0.0620
3.7820 1.6626 0.1989 3.1922 2.1202 0.8097 3.1892 0.3892 2.8212 1.0270 1.2586 2.5979 0.1519 1.4494 2.2558 0.4925 0.3038 1.5940 1.7139 0.6686 0.0433 0.3872 1.0386 1.2956 1.0203 0.5297 0.1472 0.0215 0.1172 0.3186 0.5108 0.6290 0.6545 0.6022 0.5086 0.3916 0.2787 0.1831 0.1088 0.0572 0.0260 0.0107 0.0071 0.0114 0.0202 0.0311 0.0424 0.0529 0.0616 0.0691
3.8948 3.5461 0.4617 1.9167 3.5291 0.1691 3.7765 0.1202 3.4487 0.4324 2.0883 2.2988 0.0850 2.0428 2.1715 0.2691 0.5796 1.9069 1.6847 0.5119 0.0480 0.5642 1.2314 1.3897 1.0106 0.4762 0.1098 0.0286 0.1665 0.3933 0.5910 0.7006 0.7100 0.6403 0.5316 0.4030 0.2823 0.1822 0.1060 0.0543 0.0239 0.0101 0.0081 0.0140 0.0242 0.0364 0.0486 0.0598 0.0689 0.0767
2.1009 4.3976 2.1484 0.5319 4.2200 0.4047 3.5605 0.5205 3.6004 0.1273 2.9304 1.7278 0.2831 2.6196 1.9026 0.1142 0.9801 2.2007 1.5867 0.3532 0.1050 0.7825 1.4240 1.4553 0.9709 0.4077 0.0744 0.0480 0.2304 0.4795 0.6776 0.7733 0.7629 0.6736 0.5493 0.4092 0.2816 0.1782 0.1011 0.0502 0.0214 0.0096 0.0096 0.0173 0.0291 0.0425 0.0557 0.0675 0.0769 0.0850
0.2780 3.0946 4.1898 0.2712 3.5906 1.7365 2.4603 1.6549 3.0943 0.3550 3.5619 1.0330 0.8094 3.0515 1.4613 0.0927 1.4832 2.4214 1.4056 0.2103 0.2319 1.0462 1.6134 1.4911 0.9045 0.3302 0.0469 0.0836 0.3105 0.5771 0.7689 0.8453 0.8113 0.7008 0.5605 0.4098 0.2765 0.1710 0.0943 0.0451 0.0187 0.0094 0.0118 0.0215 0.0349 0.0496 0.0637 0.0760 0.0858 0.0939
0.9897 0.8605 4.6699 1.7782 1.8747 3.6041 1.0513 3.2099 1.9714 1.1890 3.7382 0.4330 1.6374 3.2179 0.9300 0.2764 2.0345 2.4943 1.1210 0.0969 0.4385 1.3517 1.7917 1.4937 0.8145 0.2504 0.0336 0.1393 0.4078 0.6851 0.8634 0.9148 0.8540 0.7212 0.5651 0.4049 0.2673 0.1612 0.0860 0.0395 0.0162 0.0099 0.0149 0.0266 0.0417 0.0577 0.0725 0.0853 0.0952 0.1034
4.0333 0.3423 2.8577 4.1844 0.3170 4.8432 0.1627 4.4380 0.7525 2.5182 3.2342 0.1088 2.5860 3.0164 0.4341 0.6911 2.5436 2.3858 0.7830 0.0585 0.7111 1.6416 1.8987 1.4252 0.6872 0.1680 0.0366 0.2145 0.5185 0.7976 0.9545 0.9759 0.8866 0.7318 0.5616 0.3940 0.2542 0.1490 0.0767 0.0338 0.0141 0.0111 0.0189 0.0328 0.0496 0.0667 0.0823 0.0955 0.1055 0.1137
5.3924 3.0414 0.4707 5.3044 0.6456 4.3865 0.7754 4.6010 0.1393 3.9441 2.1718 0.4199 3.5171 2.4396 0.1227 1.3658 2.9706 2.1085 0.4493 0.1489 1.0853 1.9428 1.9601 1.3091 0.5415 0.0975 0.0684 0.3210 0.6537 0.9250 1.0510 1.0357 0.9143 0.7363 0.5522 0.3784 0.2377 0.1348 0.0665 0.0281 0.0127 0.0134 0.0242 0.0404 0.0589 0.0772 0.0933 0.1068 0.1167 0.1248
2.4876 5.7378 0.8597 3.5520 3.1457 2.2644 2.8891 3.3094 0.7751 4.7115 0.9347 1.4235 4.0477 1.5833 0.1730 2.2008 3.1748 1.6640 0.1865 0.3885 1.5213 2.2006 1.9426 1.1402 0.3882 0.0513 0.1352 0.4568 0.8059 1.0569 1.1430 1.0863 0.9314 0.7311 0.5349 0.3572 0.2177 0.1189 0.0559 0.0229 0.0124 0.0171 0.0310 0.0496 0.0697 0.0890 0.1055 0.1191 0.1288 0.1366
0.1454 4.2264 4.2872 0.7336 5.6474 0.3458 5.1371 1.3039 2.6269 4.2797 0.1756 2.8906 3.9103 0.7069 0.6888 3.0381 3.0724 1.1176 0.0726 0.7862 1.9812 2.3793 1.8352 0.9279 0.2433 0.0423 0.2429 0.6223 0.9718 1.1893 1.2267 1.1247 0.9361 0.7154 0.5098 0.3308 0.1948 0.1018 0.0454 0.0187 0.0135 0.0225 0.0397 0.0605 0.0821 0.1023 0.1191 0.1325 0.1419 0.1494
3.4211 0.6174 6.2705 0.7135 5.2996 0.8778 5.5799 0.1789 4.7405 2.7205 0.4871 4.2801 3.0505 0.1638 1.6447 3.6680 2.6368 0.5803 0.1776 1.3236 2.4118 2.4448 1.6362 0.6894 0.1263 0.0831 0.3956 0.8154 1.1465 1.3166 1.2977 1.1481 0.9271 0.6888 0.4768 0.2996 0.1696 0.0842 0.0357 0.0160 0.0165 0.0300 0.0503 0.0733 0.0963 0.1171 0.1339 0.1471 0.1560 0.1629
6.7671 1.5428 3.5167 4.2846 2.1710 3.9252 3.5347 1.2250 5.6533 0.9139 1.9899 4.9202 1.7377 0.2788 2.8442 3.8832 1.9293 0.1944 0.5437 1.9498 2.7520 2.3739 1.3577 0.4506 0.0588 0.1846 0.5943 1.0307 1.3228 1.4322 1.3515 1.1542 0.9036 0.6515 0.4370 0.2647 0.1430 0.0670 0.0274 0.0154 0.0219 0.0399 0.0633 0.0883 0.1124 0.1336 0.1502 0.1630 0.1712 0.1774
3.1920 6.2313 0.2889 6.8022 0.2259 6.4729 0.8346 4.0273 4.4921 0.1825 4.0679 4.3720 0.5513 1.1822 3.9389 3.5572 1.1101 0.1033 1.1646 2.5816 2.9384 2.1558 1.0240 0.2429 0.0622 0.3543 0.8358 1.2601 1.4917 1.5290 1.3836 1.1409 0.8650 0.6040 0.3910 0.2269 0.1161 0.0511 0.0215 0.0175 0.0302 0.0526 0.0789 0.1056 0.1305 0.1518 0.1681 0.1802 0.1875 0.1928
0.3058 5.9272 2.7022 4.2567 2.6683 5.3985 0.5286 6.3048 1.9831 1.3714 5.5511 2.7892 0.1616 2.6778 4.5305 2.7213 0.4185 0.4092 1.9705 3.1100 2.9169 1.7999 0.6735 0.1021 0.1554 0.5943 1.1121 1.4928 1.6439 1.6003 1.3898 1.1058 0.8105 0.5464 0.3398 0.1875 0.0901 0.0376 0.0186 0.0230 0.0418 0.0686 0.0975 0.1254 0.1507 0.1719 0.1875 0.1987 0.2049 0.2092
5.4871 0.9450 7.2321 0.4773 6.7235 1.7372 3.5352 5.7688 0.2693 3.9831 5.3944 1.0048 0.9729 4.2352 4.3276 1.6035 0.1157 1.1276 2.8265 3.4218 2.6632 1.3450 0.3592 0.0647 0.3507 0.8994 1.4101 1.7150 1.7685 1.6391 1.3667 1.0482 0.7409 0.4803 0.2851 0.1482 0.0663 0.0275 0.0197 0.0325 0.0574 0.0882 0.1192 0.1479 0.1733 0.1939 0.2085 0.2186 0.2234 0.2265
7.1497 2.2046 5.4006 2.2911 6.4596 0.4021 6.8514 2.6943 1.2277 6.1966 3.5218 0.1836 2.8019 5.1647 3.3172 0.5970 0.3954 2.1548 3.5516 3.4265 2.1947 0.8576 0.1412 0.1610 0.6504 1.2559 1.7116 1.9109 1.8548 1.6395 1.3122 0.9684 0.6579 0.4078 0.2291 0.1109 0.0464 0.0222 0.0259 0.0469 0.0774 0.1117 0.1443 0.1732 0.1982 0.2179 0.2312 0.2398 0.2431 0.2448
1.0263 7.8037 0.5592 7.3071 1.9603 3.8648 6.4247 0.3265 4.4426 6.1304 1.1726 1.1003 4.8290 4.9597 1.8561 0.1422 1.2928 3.2699 3.9601 3.0868 1.5787 0.4261 0.0774 0.4089 1.0442 1.6433 2.0003 2.0714 1.8994 1.6007 1.2281 0.8696 0.5651 0.3322 0.1745 0.0780 0.0322 0.0231 0.0380 0.0668 0.1022 0.1393 0.1729 0.2019 0.2258 0.2441 0.2561 0.2630 0.2644 0.2645
3.0989 5.0501 3.1396 6.4980 0.6627 7.6905 2.5192 1.7118 7.0400 3.6304 0.2331 3.4670 5.9229 3.5905 0.5812 0.5467 2.6244 4.1713 3.9105 2.4407 0.9292 0.1468 0.2126 0.8072 1.5063 2.0295 2.2461 2.1732 1.8878 1.5169 1.1135 0.7535 0.4651 0.2566 0.1244 0.0517 0.0255 0.0315 0.0571 0.0929 0.1324 0.1714 0.2053 0.2337 0.2561 0.2724 0.2827 0.2876 0.2869 0.2851
8.6264 0.3640 8.3835 1.1270 5.4574 6.1039 0.3107 5.7851 6.2754 0.8371 1.7782 5.8673 5.3238 1.6947 0.1821 1.8103 4.0032 4.5659 3.3670 1.6144 0.3924 0.1069 0.5657 1.3310 1.9966 2.3775 2.4229 2.2020 1.8147 1.3888 0.9723 0.6250 0.3629 0.1852 0.0819 0.0345 0.0282 0.0486 0.0840 0.1256 0.1681 0.2082 0.2415 0.2687 0.2888 0.3027 0.3110 0.3137 0.3105 0.3067
2.6251 5.8556 4.7408 2.0865 8.3952 1.2989 3.3555 7.8444 2.7189 0.5686 4.9121 6.5861 3.2591 0.3451 1.0344 3.5466 4.9470 4.2773 2.4361 0.8067 0.1167 0.3618 1.1203 1.9309 2.4636 2.6484 2.5077 2.1479 1.6796 1.2214 0.8112 0.4908 0.2643 0.1227 0.0508 0.0291 0.0419 0.0757 0.1194 0.1656 0.2098 0.2498 0.2816 0.3069 0.3242 0.3350 0.3410 0.3411 0.3352 0.3293
2.0422 8.1193 0.3981 8.1427 3.9341 1.2498 7.8496 5.1044 0.2977 3.5195 7.1320 4.9207 1.0137 0.4804 2.9156 5.0849 5.0661 3.3423 1.3671 0.2486 0.2168 0.9176 1.8255 2.5472 2.8646 2.8184 2.4892 2.0103 1.4893 1.0259 0.6409 0.3600 0.1764 0.0743 0.0348 0.0381 0.0687 0.1142 0.1646 0.2137 0.2582 0.2972 0.3266 0.3491 0.3631 0.3707 0.3736 0.3707 0.3618 0.3536
9.1508 1.1371 6.1272 6.6878 0.3621 6.6878 7.1845 0.9370 2.1695 7.0677 6.3876 2.0271 0.2297 2.2637 4.9990 5.7211 4.2338 2.0294 0.4880 0.1399 0.7367 1.7160 2.5861 3.0891 3.1313 2.8469 2.3534 1.7912 1.2522 0.8107 0.4700 0.2402 0.1053 0.0445 0.0372 0.0638 0.1099 0.1649 0.2198 0.2698 0.3130 0.3497 0.3757 0.3944 0.4045 0.4084 0.4079 0.4016 0.3896 0.3788
3.1382 3.8497 8.5229 0.6455 5.1289 8.5468 2.0941 1.1936 6.5971 7.5411 3.1596 0.2559 1.7115 4.8156 6.2079 5.0816 2.7177 0.8014 0.1280 0.5900 1.6235 2.6352 3.2819 3.4699 3.2163 2.7180 2.1046 1.5046 0.9850 0.5914 0.3117 0.1415 0.0583 0.0385 0.0612 0.1082 0.1668 0.2283 0.2851 0.3339 0.3740 0.4071 0.4286 0.4429 0.4484 0.4480 0.4436 0.4337 0.4183 0.4049
2.2119 9.3734 1.4826 3.8193 9.2489 3.2936 0.6554 6.0723 8.3426 4.2203 0.4480 1.3240 4.6732 6.6298 5.8190 3.3851 1.1317 0.1609 0.4941 1.5633 2.7252 3.5125 3.7914 3.6198 3.0943 2.4366 1.7640 1.1762 0.7114 0.3874 0.1804 0.0742 0.0423 0.0605 0.1098 0.1732 0.2406 0.3056 0.3616 0.4070 0.4424 0.4705 0.4863 0.4950 0.4953 0.4902 0.4817 0.4679 0.4488 0.4325
9.7578 2.2209 3.0770 9.6013 4.1686 0.4417 5.7746 8.9353 5.0141 0.6566 1.1278 4.6828 7.0955 6.4931 3.9424 1.4209 0.2058 0.4543 1.5805 2.8691 3.8166 4.1737 4.0125 3.4986 2.7672 2.0275 1.3638 0.8367 0.4567 0.2180 0.0899 0.0476 0.0636 0.1149 0.1857 0.2607 0.3327 0.3980 0.4505 0.4905 0.5198 0.5414 0.5500 0.5516 0.5460 0.5358 0.5228 0.5049 0.4819 0.4623
2.3242 2.9990 9.8598 4.4422 0.4132 5.9147 9.3994 5.4000 0.7299 1.1443 4.9428 7.6242 7.0761 4.3351 1.5814 0.2293 0.4751 1.7085 3.1277 4.1788 4.6274 4.4515 3.8728 3.1008 2.2658 1.5321 0.9425 0.5180 0.2455 0.1021 0.0531 0.0701 0.1272 0.2043 0.2901 0.3708 0.4427 0.5044 0.5502 0.5823 0.6036 0.6173 0.6175 0.6110 0.5989 0.5832 0.5654 0.5431 0.5161 0.4930
3.7525 10.1110 3.9328 0.5801 6.6639 9.7581 5.2189 0.5894 1.4410 5.6011 8.2638 7.4763 4.4682 1.5502 0.2097 0.5884 1.9894 3.5578 4.6726 5.1169 4.9310 4.2555 3.3737 2.4767 1.6563 1.0145 0.5530 0.2603 0.1065 0.0585 0.0818 0.1487 0.2370 0.3304 0.4234 0.5033 0.5699 0.6241 0.6601 0.6819 0.6934 0.6977 0.6884 0.6728 0.6537 0.6321 0.6092 0.5824 0.5511 0.5244
10.0748 2.6099 1.2810 8.1208 9.8243 4.3436 0.3208 2.2309 6.7712 9.0708 7.6157 4.2134 1.2793 0.1744 0.8647 2.5270 4.2201 5.3593 5.7137 5.3965 4.6281 3.6120 2.6044 1.7331 1.0369 0.5534 0.2533 0.1034 0.0653 0.1033 0.1857 0.2893 0.3968 0.4965 0.5889 0.6613 0.7171 0.7593 0.7817 0.7906 0.7907 0.7858 0.7674 0.7430 0.7167 0.6887 0.6594 0.6271 0.5911 0.5606
0.8059 3.2443 9.9756 8.9064 2.6821 0.3344 3.8447 8.4413 9.6990 7.2445 3.4504 0.7886 0.2447 1.4481 3.4062 5.1916 6.2100 6.3831 5.8377 4.8712 3.7452 2.6310 1.6971 0.9920 0.5043 0.2202 0.0931 0.0802 0.1419 0.2478 0.3703 0.4938 0.6064 0.7009 0.7839 0.8414 0.8809 0.9070 0.9124 0.9060 0.8933 0.8786 0.8505 0.8169 0.7831 0.7481 0.7119 0.6739 0.6328 0.5984
7.0858 10.9741 6.2529 0.7984 1.5329 6.5614 10.2028 9.5906 5.9456 2.1690 0.2997 0.7071 2.5716 4.7600 6.4313 7.2008 6.9997 6.1502 4.9373 3.6565 2.4952 1.5380 0.8475 0.4055 0.1663 0.0868 0.1172 0.2162 0.3493 0.4969 0.6362 0.7603 0.8628 0.9401 1.0049 1.0404 1.0584 1.0646 1.0500 1.0265 0.9996 0.9746 0.9363 0.8932 0.8515 0.8094 0.7659 0.7219 0.6756 0.6372
8.7500 2.2257 0.5835 4.9689 9.9301 10.9317 7.8968 3.5995 0.7421 0.3912 2.0420 4.5008 6.6531 7.8764 8.0620 7.3954 6.1348 4.6919 3.2967 2.1216 1.2309 0.6197 0.2672 0.1176 0.1135 0.2062 0.3539 0.5238 0.6908 0.8497 0.9811 1.0871 1.1650 1.2148 1.2543 1.2626 1.2548 1.2381 1.2019 1.1599 1.1178 1.0805 1.0309 0.9778 0.9277 0.8781 0.8268 0.7765 0.7246 0.6819
0.4549 4.6375 10.0515 11.6693 8.8433 4.2851 1.0041 0.3702 2.0296 4.7462 7.2516 8.8078 9.1618 8.4804 7.1622 5.5701 3.9660 2.5913 1.5225 0.7870 0.3493 0.1507 0.1315 0.2325 0.4009 0.6028 0.8082 0.9990 1.1586 1.2965 1.3964 1.4669 1.5070 1.5204 1.5291 1.5057 1.4688 1.4263 1.3674 1.3059 1.2478 1.1962 1.1338 1.0707 1.0118 0.9540 0.8946 0.8377 0.7799 0.7325
11.3658 11.8434 8.2283 3.5623 0.6868 0.6696 2.8825 5.9481 8.6011 10.1113 10.2799 9.4014 7.8370 5.9863 4.2175 2.7188 1.5686 0.7931 0.3460 0.1663 0.1817 0.3241 0.5401 0.7909 1.0342 1.2626 1.4571 1.6166 1.7281 1.8152 1.8625 1.8826 1.8741 1.8441 1.8173 1.7586 1.6899 1.6198 1.5371 1.4555 1.3808 1.3144 1.2390 1.1659 1.0982 1.0323 0.9645 0.9008 0.8371 0.7848
5.1203 1.3852 0.4518 2.2390 5.4808 8.6996 10.8761 11.6183 11.0531 9.5612 7.5756 5.5443 3.7148 2.2410 1.1989 0.5584 0.2533 0.2068 0.3385 0.5804 0.8786 1.1838 1.4766 1.7456 1.9547 2.1260 2.2461 2.3288 2.3590 2.3719 2.3529 2.3138 2.2503 2.1725 2.1075 2.0128 1.9123 1.8153 1.7101 1.6092 1.5181 1.4371 1.3491 1.2664 1.1899 1.1158 1.0396 0.9691 0.8993 0.8421
3.6864 7.3188 10.5575 12.5274 12.9431 11.9930 10.1333 7.8533 5.6145 3.6736 2.1624 1.1246 0.5204 0.2797 0.3153 0.5384 0.8707 1.2547 1.6390 2.0020 2.3269 2.5813 2.7849 2.9475 3.0338 3.0868 3.0912 3.0661 2.9945 2.9206 2.8326 2.7343 2.6157 2.4889 2.3852 2.2572 2.1291 2.0099 1.8876 1.7700 1.6632 1.5686 1.4691 1.3782 1.2926 1.2101 1.1260 1.0487 0.9725 0.9101
13.7671 12.2719 10.0672 7.6334 5.3191 3.3667 1.9006 0.9469 0.4689 0.3726 0.5586 0.9339 1.4136 1.9256 2.4283 2.8889 3.2801 3.6078 3.8518 4.0396 4.1731 4.2160 4.2185 4.2001 4.1193 4.0273 3.9013 3.7606 3.5853 3.4258 3.2742 3.1226 2.9539 2.7823 2.6435 2.4864 2.3344 2.1962 2.0600 1.9279 1.8067 1.6996 1.5894 1.4914 1.3973 1.3066 1.2149 1.1308 1.0484 0.9809
1.2386 0.6505 0.5023 0.7119 1.1826 1.8214 2.5416 3.2543 3.9436 4.5764 5.1358 5.6012 5.9482 6.1733 6.3135 6.3742 6.3513 6.2901 6.1702 6.0428 5.9005 5.6858 5.4661 5.2617 5.0240 4.8021 4.5640 4.3241 4.0623 3.8331 3.6326 3.4403 3.2328 3.0261 2.8598 2.6803 2.5101 2.3578 2.2116 2.0684 1.9354 1.8179 1.6991 1.5955 1.4945 1.3968 1.2980 1.2079 1.1198 1.0478
10.2112 10.6438 10.9712 11.2351 11.4210 11.5210 11.5074 11.3399 11.1452 10.9145 10.6370 10.3428 9.9975 9.6047 9.2082 8.8057 8.3737 7.9707 7.5603 7.1956 6.8582 6.4771 6.1099 5.7810 5.4421 5.1456 4.8514 4.5516 4.2445 3.9868 3.7538 3.5358 3.3127 3.0936 2.9171 2.7246 2.5456 2.3873 2.2334 2.0855 1.9504 1.8309 1.7103 1.6051 1.5060 1.4089 1.3047 1.2125 1.1236 1.0511
