0.0000 0.0000 0.0000 0.0000 0.0000 0.0000 0.0000 0.0000 0.0000 0.0000 0.0000 0.0000 0.0000 0.0000 0.0000 0.0000 0.0000 0.0008 0.0003 0.0005 0.0036 0.0066 0.0058 0.0025 0.0012 0.0045 0.0107 0.0163 0.0183 0.0164 0.0118 0.0067 0.0026 0.0005 0.0004 0.0020 0.0045 0.0074 0.0101 0.0123 0.0138 0.0147 0.0149 0.0146 0.0139 0.0129 0.0117 0.0105 0.0093 0.0081
0.0000 0.0000 0.0000 0.0000 0.0000 0.0000 0.0000 0.0000 0.0000 0.0000 0.0000 0.0000 0.0000 0.0000 0.0000 0.0000 0.0000 0.0023 0.0007 0.0015 0.0111 0.0199 0.0175 0.0076 0.0037 0.0138 0.0325 0.0490 0.0551 0.0492 0.0354 0.0198 0.0077 0.0014 0.0013 0.0060 0.0137 0.0223 0.0303 0.0369 0.0415 0.0441 0.0448 0.0439 0.0417 0.0386 0.0351 0.0315 0.0278 0.0242
0.0000 0.0000 0.0000 0.0000 0.0000 0.0000 0.0000 0.0000 0.0000 0.0000 0.0000 0.0000 0.0000 0.0000 0.0000 0.0000 0.0000 0.0036 0.0010 0.0029 0.0193 0.0337 0.0293 0.0127 0.0068 0.0239 0.0552 0.0824 0.0919 0.0817 0.0584 0.0325 0.0124 0.0022 0.0022 0.0103 0.0231 0.0374 0.0507 0.0617 0.0694 0.0735 0.0746 0.0731 0.0694 0.0642 0.0583 0.0523 0.0462 0.0402
0.0000 0.0000 0.0000 0.0000 0.0000 0.0000 0.0000 0.0000 0.0000 0.0000 0.0000 0.0000 0.0000 0.0000 0.0000 0.0000 0.0000 0.0045 0.0009 0.0051 0.0288 0.0485 0.0413 0.0179 0.0105 0.0355 0.0794 0.1166 0.1288 0.1136 0.0806 0.0444 0.0166 0.0029 0.0033 0.0149 0.0330 0.0530 0.0716 0.0868 0.0973 0.1030 0.1043 0.1022 0.0969 0.0896 0.0814 0.0729 0.0643 0.0560
0.0000 0.0000 0.0000 0.0000 0.0000 0.0000 0.0000 0.0000 0.0000 0.0000 0.0000 0.0000 0.0000 0.0000 0.0000 0.0000 0.0000 0.0048 0.0006 0.0085 0.0405 0.0647 0.0537 0.0235 0.0154 0.0489 0.1053 0.1518 0.1656 0.1445 0.1013 0.0550 0.0201 0.0033 0.0046 0.0201 0.0436 0.0693 0.0929 0.1122 0.1255 0.1325 0.1340 0.1311 0.1242 0.1147 0.1041 0.0932 0.0822 0.0715
0.0000 0.0000 0.0000 0.0000 0.0000 0.0000 0.0000 0.0000 0.0000 0.0000 0.0000 0.0000 0.0000 0.0000 0.0000 0.0000 0.0000 0.0047 0.0004 0.0139 0.0551 0.0830 0.0668 0.0295 0.0217 0.0644 0.1330 0.1877 0.2016 0.1737 0.1202 0.0640 0.0225 0.0034 0.0062 0.0259 0.0550 0.0863 0.1150 0.1381 0.1539 0.1620 0.1635 0.1597 0.1511 0.1394 0.1264 0.1130 0.0997 0.0867
0.0000 0.0000 0.0000 0.0000 0.0000 0.0000 0.0000 0.0000 0.0000 0.0000 0.0000 0.0000 0.0000 0.0000 0.0000 0.0000 0.0000 0.0041 0.0009 0.0225 0.0736 0.1037 0.0807 0.0360 0.0293 0.0818 0.1621 0.2234 0.2359 0.2003 0.1363 0.0709 0.0237 0.0032 0.0083 0.0325 0.0674 0.1043 0.1377 0.1644 0.1825 0.1916 0.1928 0.1879 0.1775 0.1636 0.1481 0.1324 0.1166 0.1014
0.0000 0.0000 0.0000 0.0000 0.0000 0.0000 0.0000 0.0000 0.0000 0.0000 0.0000 0.0000 0.0000 0.0000 0.0000 0.0000 0.0000 0.0034 0.0030 0.0352 0.0966 0.1269 0.0952 0.0429 0.0380 0.1005 0.1915 0.2575 0.2671 0.2229 0.1486 0.0749 0.0235 0.0027 0.0108 0.0403 0.0810 0.1235 0.1614 0.1914 0.2114 0.2210 0.2219 0.2157 0.2034 0.1872 0.1692 0.1511 0.1330 0.1155
0.0000 0.0000 0.0000 0.0000 0.0000 0.0000 0.0000 0.0000 0.0000 0.0000 0.0000 0.0000 0.0000 0.0000 0.0000 0.0000 0.0000 0.0031 0.0078 0.0531 0.1240 0.1519 0.1093 0.0492 0.0468 0.1192 0.2193 0.2880 0.2930 0.2398 0.1560 0.0756 0.0215 0.0020 0.0143 0.0495 0.0963 0.1441 0.1863 0.2191 0.2406 0.2505 0.2506 0.2430 0.2286 0.2101 0.1896 0.1691 0.1487 0.1291
0.0000 0.0000 0.0000 0.0000 0.0000 0.0000 0.0000 0.0000 0.0000 0.0000 0.0000 0.0000 0.0000 0.0000 0.0000 0.0000 0.0000 0.0039 0.0163 0.0762 0.1546 0.1765 0.1210 0.0532 0.0542 0.1361 0.2434 0.3126 0.3115 0.2492 0.1573 0.0723 0.0177 0.0014 0.0192 0.0608 0.1138 0.1667 0.2126 0.2479 0.2704 0.2801 0.2791 0.2698 0.2532 0.2322 0.2093 0.1864 0.1637 0.1419
0.0000 0.0000 0.0000 0.0000 0.0000 0.0000 0.0000 0.0000 0.0000 0.0000 0.0000 0.0000 0.0000 0.0000 0.0000 0.0000 0.0000 0.0066 0.0292 0.1033 0.1850 0.1967 0.1268 0.0528 0.0587 0.1497 0.2623 0.3294 0.3209 0.2501 0.1521 0.0651 0.0127 0.0016 0.0263 0.0751 0.1343 0.1921 0.2413 0.2784 0.3014 0.3104 0.3080 0.2966 0.2775 0.2539 0.2284 0.2031 0.1782 0.1543
0.0000 0.0000 0.0000 0.0000 0.0000 0.0000 0.0000 0.0000 0.0000 0.0000 0.0000 0.0000 0.0000 0.0000 0.0000 0.0000 0.0000 0.0119 0.0458 0.1304 0.2092 0.2062 0.1221 0.0454 0.0594 0.1600 0.2757 0.3383 0.3213 0.2425 0.1406 0.0547 0.0074 0.0038 0.0369 0.0935 0.1592 0.2215 0.2734 0.3116 0.3344 0.3422 0.3378 0.3240 0.3020 0.2755 0.2474 0.2197 0.1924 0.1664
0.0000 0.0000 0.0000 0.0000 0.0000 0.0000 0.0000 0.0000 0.0000 0.0000 0.0000 0.0000 0.0000 0.0000 0.0000 0.0000 0.0000 0.0196 0.0629 0.1505 0.2180 0.1970 0.1025 0.0305 0.0585 0.1702 0.2872 0.3424 0.3151 0.2288 0.1251 0.0429 0.0034 0.0095 0.0522 0.1172 0.1891 0.2553 0.3091 0.3477 0.3694 0.3753 0.3683 0.3515 0.3264 0.2968 0.2659 0.2356 0.2060 0.1780
0.0000 0.0000 0.0000 0.0000 0.0000 0.0000 0.0000 0.0000 0.0000 0.0000 0.0000 0.0000 0.0000 0.0000 0.0000 0.0000 0.0000 0.0282 0.0749 0.1543 0.2024 0.1637 0.0675 0.0128 0.0644 0.1902 0.3065 0.3506 0.3101 0.2151 0.1102 0.0333 0.0032 0.0202 0.0733 0.1467 0.2243 0.2936 0.3484 0.3864 0.4062 0.4095 0.3994 0.3792 0.3505 0.3176 0.2839 0.2510 0.2190 0.1890
0.0000 0.0000 0.0000 0.0000 0.0000 0.0000 0.0000 0.0000 0.0000 0.0000 0.0000 0.0000 0.0000 0.0000 0.0000 0.0000 0.0000 0.0345 0.0745 0.1339 0.1590 0.1091 0.0268 0.0072 0.0943 0.2376 0.3499 0.3771 0.3178 0.2102 0.1018 0.0293 0.0083 0.0361 0.0991 0.1803 0.2630 0.3346 0.3896 0.4262 0.4435 0.4437 0.4301 0.4062 0.3738 0.3374 0.3009 0.2655 0.2312 0.1991
0.0000 0.0000 0.0000 0.0000 0.0000 0.0000 0.0000 0.0000 0.0000 0.0000 0.0000 0.0000 0.0000 0.0000 0.0000 0.0000 0.0000 0.0344 0.0564 0.0916 0.1004 0.0545 0.0058 0.0386 0.1703 0.3308 0.4326 0.4339 0.3472 0.2200 0.1030 0.0313 0.0169 0.0537 0.1255 0.2136 0.3005 0.3738 0.4286 0.4637 0.4783 0.4753 0.4583 0.4309 0.3949 0.3553 0.3162 0.2784 0.2421 0.2082
0.0000 0.0000 0.0000 0.0000 0.0000 0.0000 0.0000 0.0000 0.0000 0.0000 0.0000 0.0000 0.0000 0.0000 0.0000 0.0000 0.0000 0.0245 0.0262 0.0533 0.0691 0.0469 0.0434 0.1298 0.2980 0.4631 0.5419 0.5070 0.3855 0.2339 0.1049 0.0315 0.0220 0.0664 0.1459 0.2400 0.3308 0.4058 0.4607 0.4945 0.5069 0.5014 0.4815 0.4511 0.4120 0.3698 0.3286 0.2889 0.2509 0.2155
0.0000 0.0000 0.0000 0.0000 0.0000 0.0000 0.0000 0.0000 0.0000 0.0000 0.0000 0.0000 0.0000 0.0000 0.0000 0.0000 0.0000 0.0078 0.0124 0.0829 0.1424 0.1474 0.1588 0.2471 0.3999 0.5338 0.5748 0.5061 0.3627 0.2029 0.0773 0.0143 0.0179 0.0748 0.1643 0.2653 0.3598 0.4359 0.4903 0.5223 0.5323 0.5241 0.5014 0.4681 0.4263 0.3816 0.3387 0.2974 0.2579 0.2213
0.0000 0.0000 0.0000 0.0000 0.0000 0.0000 0.0000 0.0000 0.0000 0.0000 0.0000 0.0000 0.0000 0.0000 0.0000 0.0000 0.0000 0.0032 0.0711 0.2384 0.3133 0.2414 0.1213 0.0743 0.1299 0.2222 0.2730 0.2512 0.1757 0.0894 0.0317 0.0239 0.0670 0.1487 0.2508 0.3547 0.4455 0.5138 0.5587 0.5811 0.5818 0.5650 0.5348 0.4951 0.4480 0.3991 0.3526 0.3085 0.2668 0.2284
0.0000 0.0000 0.0000 0.0000 0.0000 0.0000 0.0000 0.0000 0.0000 0.0000 0.0000 0.0000 0.0000 0.0000 0.0000 0.0000 0.0000 0.0072 0.1040 0.2676 0.2983 0.1962 0.0858 0.0727 0.1550 0.2508 0.2875 0.2480 0.1622 0.0771 0.0299 0.0371 0.0953 0.1891 0.2990 0.4064 0.4968 0.5618 0.6019 0.6189 0.6142 0.5922 0.5572 0.5132 0.4628 0.4112 0.3623 0.3162 0.2730 0.2333
0.0000 0.0000 0.0000 0.0000 0.0000 0.0000 0.0000 0.0000 0.0000 0.0000 0.0000 0.0000 0.0000 0.0000 0.0000 0.0000 0.0000 0.0168 0.1388 0.2828 0.2656 0.1447 0.0578 0.0842 0.1897 0.2821 0.2994 0.2412 0.1473 0.0666 0.0328 0.0569 0.1307 0.2361 0.3527 0.4620 0.5504 0.6108 0.6448 0.6557 0.6451 0.6174 0.5774 0.5292 0.4757 0.4214 0.3702 0.3225 0.2778 0.2370
0.0000 0.0000 0.0000 0.0000 0.0000 0.0000 0.0000 0.0000 0.0000 0.0000 0.0000 0.0000 0.0000 0.0000 0.0000 0.0000 0.0000 0.0317 0.1700 0.2792 0.2171 0.0935 0.0435 0.1115 0.2333 0.3138 0.3074 0.2305 0.1316 0.0593 0.0420 0.0844 0.1737 0.2897 0.4114 0.5209 0.6056 0.6600 0.6868 0.6908 0.6739 0.6403 0.5952 0.5427 0.4862 0.4296 0.3763 0.3270 0.2813 0.2395
0.0000 0.0000 0.0000 0.0000 0.0000 0.0000 0.0000 0.0000 0.0000 0.0000 0.0000 0.0000 0.0000 0.0000 0.0000 0.0000 0.0000 0.0500 0.1913 0.2543 0.1579 0.0507 0.0485 0.1554 0.2835 0.3434 0.3098 0.2160 0.1164 0.0566 0.0586 0.1204 0.2247 0.3498 0.4747 0.5824 0.6618 0.7086 0.7273 0.7236 0.7001 0.6604 0.6101 0.5536 0.4943 0.4356 0.3805 0.3299 0.2832 0.2408
0.0000 0.0000 0.0000 0.0000 0.0000 0.0000 0.0000 0.0000 0.0000 0.0000 0.0000 0.0000 0.0000 0.0000 0.0000 0.0000 0.0000 0.0685 0.1970 0.2092 0.0967 0.0254 0.0767 0.2145 0.3364 0.3673 0.3053 0.1982 0.1030 0.0604 0.0841 0.1657 0.2839 0.4162 0.5420 0.6458 0.7182 0.7565 0.7663 0.7545 0.7238 0.6781 0.6229 0.5624 0.5003 0.4395 0.3828 0.3311 0.2837 0.2408
0.0000 0.0000 0.0000 0.0000 0.0000 0.0000 0.0000 0.0000 0.0000 0.0000 0.0000 0.0000 0.0000 0.0000 0.0000 0.0000 0.0000 0.0828 0.1833 0.1498 0.0445 0.0254 0.1293 0.2848 0.3866 0.3820 0.2928 0.1779 0.0935 0.0723 0.1198 0.2208 0.3513 0.4882 0.6125 0.7103 0.7740 0.8028 0.8033 0.7830 0.7448 0.6932 0.6333 0.5688 0.5039 0.4411 0.3832 0.3307 0.2827 0.2395
0.0000 0.0000 0.0000 0.0000 0.0000 0.0000 0.0000 0.0000 0.0000 0.0000 0.0000 0.0000 0.0000 0.0000 0.0000 0.0000 0.0000 0.0888 0.1505 0.0865 0.0134 0.0562 0.2035 0.3592 0.4278 0.3842 0.2721 0.1569 0.0899 0.0943 0.1665 0.2859 0.4261 0.5649 0.6847 0.7742 0.8277 0.8459 0.8366 0.8075 0.7618 0.7044 0.6400 0.5721 0.5047 0.4403 0.3814 0.3283 0.2801 0.2370
0.0000 0.0000 0.0000 0.0000 0.0000 0.0000 0.0000 0.0000 0.0000 0.0000 0.0000 0.0000 0.0000 0.0000 0.0000 0.0000 0.0000 0.0834 0.1042 0.0333 0.0138 0.1184 0.2921 0.4287 0.4535 0.3717 0.2444 0.1379 0.0950 0.1281 0.2251 0.3606 0.5075 0.6448 0.7574 0.8362 0.8781 0.8848 0.8651 0.8272 0.7741 0.7114 0.6429 0.5718 0.5024 0.4368 0.3774 0.3241 0.2760 0.2330
0.0000 0.0000 0.0000 0.0000 0.0000 0.0000 0.0000 0.0000 0.0000 0.0000 0.0000 0.0000 0.0000 0.0000 0.0000 0.0000 0.0000 0.0670 0.0546 0.0047 0.0514 0.2066 0.3840 0.4828 0.4581 0.3438 0.2120 0.1242 0.1116 0.1754 0.2959 0.4445 0.5941 0.7263 0.8287 0.8950 0.9238 0.9185 0.8883 0.8415 0.7813 0.7137 0.6416 0.5679 0.4970 0.4306 0.3711 0.3180 0.2702 0.2278
0.0000 0.0000 0.0000 0.0000 0.0000 0.0000 0.0000 0.0000 0.0000 0.0000 0.0000 0.0000 0.0000 0.0000 0.0000 0.0000 0.0000 0.0431 0.0156 0.0123 0.1251 0.3094 0.4653 0.5120 0.4386 0.3027 0.1797 0.1205 0.1432 0.2381 0.3793 0.5363 0.6844 0.8080 0.8977 0.9499 0.9645 0.9462 0.9046 0.8490 0.7821 0.7096 0.6344 0.5595 0.4881 0.4219 0.3629 0.3104 0.2633 0.2217
0.0000 0.0000 0.0000 0.0000 0.0000 0.0000 0.0000 0.0000 0.0000 0.0000 0.0000 0.0000 0.0000 0.0000 0.0000 0.0000 0.0000 0.0188 0.0005 0.0607 0.2251 0.4099 0.5211 0.5087 0.3951 0.2532 0.1530 0.1313 0.1922 0.3166 0.4741 0.6344 0.7762 0.8875 0.9619 0.9984 0.9981 0.9667 0.9141 0.8500 0.7770 0.7003 0.6229 0.5474 0.4761 0.4106 0.3525 0.3009 0.2548 0.2142
0.0000 0.0000 0.0000 0.0000 0.0000 0.0000 0.0000 0.0000 0.0000 0.0000 0.0000 0.0000 0.0000 0.0000 0.0000 0.0000 0.0000 0.0028 0.0183 0.1443 0.3335 0.4887 0.5391 0.4706 0.3327 0.2030 0.1392 0.1615 0.2609 0.4110 0.5788 0.7363 0.8670 0.9623 1.0192 1.0389 1.0233 0.9791 0.9159 0.8442 0.7660 0.6859 0.6070 0.5315 0.4611 0.3968 0.3400 0.2897 0.2449 0.2056
0.0000 0.0000 0.0000 0.0000 0.0000 0.0000 0.0000 0.0000 0.0000 0.0000 0.0000 0.0000 0.0000 0.0000 0.0000 0.0000 0.0000 0.0023 0.0689 0.2469 0.4274 0.5281 0.5128 0.4018 0.2611 0.1625 0.1462 0.2155 0.3503 0.5202 0.6910 0.8391 0.9539 1.0301 1.0676 1.0699 1.0391 0.9825 0.9098 0.8314 0.7490 0.6665 0.5870 0.5122 0.4431 0.3805 0.3254 0.2768 0.2337 0.1959
0.0000 0.0000 0.0000 0.0000 0.0000 0.0000 0.0000 0.0000 0.0000 0.0000 0.0000 0.0000 0.0000 0.0000 0.0000 0.0000 0.0000 0.0203 0.1424 0.3450 0.4850 0.5176 0.4454 0.3145 0.1949 0.1438 0.1817 0.2968 0.4607 0.6412 0.8080 0.9419 1.0363 1.0906 1.1071 1.0908 1.0450 0.9773 0.8974 0.8143 0.7291 0.6454 0.5657 0.4914 0.4237 0.3628 0.3096 0.2629 0.2216 0.1856
0.0000 0.0000 0.0000 0.0000 0.0000 0.0000 0.0000 0.0000 0.0000 0.0000 0.0000 0.0000 0.0000 0.0000 0.0000 0.0000 0.0000 0.0531 0.2192 0.4117 0.4888 0.4555 0.3476 0.2246 0.1490 0.1576 0.2511 0.4057 0.5889 0.7701 0.9246 1.0382 1.1085 1.1388 1.1337 1.0993 1.0396 0.9620 0.8765 0.7899 0.7030 0.6191 0.5402 0.4673 0.4017 0.3430 0.2920 0.2475 0.2083 0.1743
0.0000 0.0000 0.0000 0.0000 0.0000 0.0000 0.0000 0.0000 0.0000 0.0000 0.0000 0.0000 0.0000 0.0000 0.0000 0.0000 0.0000 0.0908 0.2755 0.4261 0.4348 0.3538 0.2403 0.1537 0.1399 0.2128 0.3567 0.5401 0.7302 0.9009 1.0353 1.1236 1.1668 1.1721 1.1458 1.0943 1.0222 0.9365 0.8468 0.7582 0.6710 0.5881 0.5109 0.4401 0.3771 0.3212 0.2728 0.2308 0.1940 0.1621
0.0000 0.0000 0.0000 0.0000 0.0000 0.0000 0.0000 0.0000 0.0000 0.0000 0.0000 0.0000 0.0000 0.0000 0.0000 0.0000 0.0000 0.1201 0.2919 0.3813 0.3349 0.2371 0.1507 0.1240 0.1810 0.3144 0.4969 0.6946 0.8785 1.0288 1.1361 1.1947 1.2094 1.1900 1.1434 1.0767 0.9943 0.9023 0.8099 0.7206 0.6343 0.5532 0.4786 0.4107 0.3508 0.2980 0.2526 0.2133 0.1791 0.1495
0.0000 0.0000 0.0000 0.0000 0.0000 0.0000 0.0000 0.0000 0.0000 0.0000 0.0000 0.0000 0.0000 0.0000 0.0000 0.0000 0.0000 0.1295 0.2608 0.2886 0.2161 0.1372 0.1061 0.1530 0.2792 0.4605 0.6645 0.8607 1.0262 1.1484 1.2225 1.2485 1.2347 1.1916 1.1269 1.0474 0.9570 0.8608 0.7669 0.6781 0.5937 0.5154 0.4442 0.3800 0.3234 0.2739 0.2317 0.1954 0.1638 0.1366
0.0000 0.0000 0.0000 0.0000 0.0000 0.0000 0.0000 0.0000 0.0000 0.0000 0.0000 0.0000 0.0000 0.0000 0.0000 0.0000 0.0000 0.1139 0.1907 0.1759 0.1139 0.0857 0.1277 0.2490 0.4313 0.6407 0.8459 1.0241 1.1593 1.2464 1.2838 1.2767 1.2361 1.1719 1.0918 1.0026 0.9069 0.8091 0.7157 0.6291 0.5481 0.4737 0.4067 0.3470 0.2943 0.2485 0.2098 0.1767 0.1480 0.1232
0.0000 0.0000 0.0000 0.0000 0.0000 0.0000 0.0000 0.0000 0.0000 0.0000 0.0000 0.0000 0.0000 0.0000 0.0000 0.0000 0.0000 0.0788 0.1069 0.0824 0.0647 0.1070 0.2245 0.4073 0.6236 0.8370 1.0231 1.1687 1.2651 1.3130 1.3133 1.2750 1.2109 1.1294 1.0380 0.9425 0.8447 0.7478 0.6571 0.5744 0.4982 0.4287 0.3668 0.3120 0.2638 0.2221 0.1873 0.1575 0.1317 0.1095
0.0000 0.0000 0.0000 0.0000 0.0000 0.0000 0.0000 0.0000 0.0000 0.0000 0.0000 0.0000 0.0000 0.0000 0.0000 0.0000 0.0000 0.0391 0.0430 0.0457 0.0938 0.2095 0.3900 0.6115 0.8356 1.0303 1.1808 1.2834 1.3356 1.3427 1.3092 1.2448 1.1616 1.0681 0.9701 0.8720 0.7749 0.6813 0.5947 0.5168 0.4457 0.3823 0.3261 0.2767 0.2334 0.1962 0.1651 0.1386 0.1158 0.0962
0.0000 0.0000 0.0000 0.0000 0.0000 0.0000 0.0000 0.0000 0.0000 0.0000 0.0000 0.0000 0.0000 0.0000 0.0000 0.0000 0.0000 0.0128 0.0278 0.0874 0.2046 0.3794 0.5979 0.8292 1.0346 1.1909 1.2941 1.3487 1.3568 1.3265 1.2649 1.1807 1.0847 0.9847 0.8849 0.7881 0.6951 0.6073 0.5269 0.4552 0.3906 0.3339 0.2840 0.2404 0.2025 0.1699 0.1428 0.1197 0.0998 0.0829
0.0000 0.0000 0.0000 0.0000 0.0000 0.0000 0.0000 0.0000 0.0000 0.0000 0.0000 0.0000 0.0000 0.0000 0.0000 0.0000 0.0000 0.0143 0.0746 0.2040 0.3751 0.5819 0.8076 1.0204 1.1858 1.2917 1.3434 1.3516 1.3209 1.2607 1.1791 1.0829 0.9811 0.8807 0.7839 0.6925 0.6067 0.5269 0.4546 0.3908 0.3336 0.2844 0.2413 0.2039 0.1714 0.1436 0.1205 0.1009 0.0840 0.0697
0.0000 0.0000 0.0000 0.0000 0.0000 0.0000 0.0000 0.0000 0.0000 0.0000 0.0000 0.0000 0.0000 0.0000 0.0000 0.0000 0.0000 0.0464 0.1723 0.3643 0.5619 0.7692 0.9735 1.1465 1.2612 1.3147 1.3193 1.2890 1.2295 1.1501 1.0579 0.9583 0.8583 0.7629 0.6735 0.5906 0.5140 0.4439 0.3810 0.3261 0.2777 0.2363 0.2001 0.1687 0.1415 0.1184 0.0992 0.0829 0.0690 0.0572
0.0000 0.0000 0.0000 0.0000 0.0000 0.0000 0.0000 0.0000 0.0000 0.0000 0.0000 0.0000 0.0000 0.0000 0.0000 0.0000 0.0000 0.0976 0.2873 0.5176 0.7108 0.8912 1.0538 1.1764 1.2405 1.2488 1.2174 1.1610 1.0854 0.9986 0.9058 0.8111 0.7197 0.6345 0.5562 0.4845 0.4191 0.3599 0.3074 0.2624 0.2232 0.1898 0.1605 0.1349 0.1130 0.0944 0.0789 0.0659 0.0549 0.0455
0.0000 0.0000 0.0000 0.0000 0.0000 0.0000 0.0000 0.0000 0.0000 0.0000 0.0000 0.0000 0.0000 0.0000 0.0000 0.0000 0.0000 0.1458 0.3745 0.6090 0.7723 0.9090 1.0219 1.0949 1.1173 1.0942 1.0420 0.9742 0.8959 0.8130 0.7291 0.6466 0.5693 0.4985 0.4344 0.3763 0.3238 0.2766 0.2353 0.2003 0.1703 0.1448 0.1224 0.1026 0.0858 0.0715 0.0597 0.0499 0.0415 0.0344
0.0000 0.0000 0.0000 0.0000 0.0000 0.0000 0.0000 0.0000 0.0000 0.0000 0.0000 0.0000 0.0000 0.0000 0.0000 0.0000 0.0000 0.1679 0.3954 0.6002 0.7199 0.8096 0.8767 0.9106 0.9057 0.8680 0.8116 0.7471 0.6780 0.6083 0.5407 0.4760 0.4166 0.3628 0.3146 0.2715 0.2327 0.1980 0.1679 0.1427 0.1213 0.1031 0.0870 0.0729 0.0609 0.0507 0.0423 0.0353 0.0293 0.0243
0.0000 0.0000 0.0000 0.0000 0.0000 0.0000 0.0000 0.0000 0.0000 0.0000 0.0000 0.0000 0.0000 0.0000 0.0000 0.0000 0.0000 0.1514 0.3364 0.4872 0.5624 0.6129 0.6461 0.6559 0.6392 0.6025 0.5557 0.5058 0.4543 0.4038 0.3569 0.3127 0.2724 0.2361 0.2041 0.1759 0.1505 0.1278 0.1082 0.0920 0.0782 0.0663 0.0559 0.0469 0.0391 0.0326 0.0272 0.0227 0.0188 0.0156
0.0000 0.0000 0.0000 0.0000 0.0000 0.0000 0.0000 0.0000 0.0000 0.0000 0.0000 0.0000 0.0000 0.0000 0.0000 0.0000 0.0000 0.1030 0.2201 0.3089 0.3474 0.3706 0.3835 0.3831 0.3679 0.3427 0.3130 0.2826 0.2520 0.2224 0.1958 0.1711 0.1485 0.1284 0.1107 0.0954 0.0815 0.0691 0.0585 0.0497 0.0424 0.0358 0.0302 0.0254 0.0212 0.0176 0.0147 0.0122 0.0102 0.0084
0.0000 0.0000 0.0000 0.0000 0.0000 0.0000 0.0000 0.0000 0.0000 0.0000 0.0000 0.0000 0.0000 0.0000 0.0000 0.0000 0.0000 0.0448 0.0935 0.1287 0.1424 0.1500 0.1534 0.1517 0.1443 0.1334 0.1211 0.1088 0.0965 0.0848 0.0745 0.0650 0.0563 0.0486 0.0418 0.0361 0.0308 0.0261 0.0221 0.0188 0.0160 0.0135 0.0114 0.0096 0.0080 0.0067 0.0056 0.0046 0.0039 0.0032
0.0000 0.0000 0.0000 0.0000 0.0000 0.0000 0.0000 0.0000 0.0000 0.0000 0.0000 0.0000 0.0000 0.0000 0.0000 0.0000 0.0000 0.0054 0.0112 0.0152 0.0167 0.0175 0.0178 0.0174 0.0165 0.0152 0.0138 0.0123 0.0109 0.0096 0.0084 0.0073 0.0063 0.0055 0.0047 0.0040 0.0035 0.0029 0.0025 0.0021 0.0018 0.0015 0.0013 0.0011 0.0009 0.0007 0.0006 0.0005 0.0004 0.0004
