0.1566 0.0320 0.1059 0.3907 0.2694 0.0328 0.3705 0.0308 0.3124 0.0421 0.2891 0.0681 0.0854 0.1871 0.0820 0.0200 0.0428 0.1124 0.1698 0.1457 0.0687 0.0239 0.0417 0.0825 0.0981 0.0784 0.0418 0.0124 0.0022 0.0100 0.0269 0.0438 0.0549 0.0580 0.0549 0.0467 0.0368 0.0266 0.0177 0.0107 0.0058 0.0027 0.0011 0.0007 0.0010 0.0018 0.0028 0.0039 0.0049 0.0058
0.5188 0.1119 0.2869 1.1484 0.8391 0.0865 1.1084 0.1021 0.9300 0.1306 0.8679 0.1940 0.2648 0.5569 0.2366 0.0599 0.1349 0.3444 0.5129 0.4363 0.2041 0.0706 0.1247 0.2463 0.2919 0.2324 0.1230 0.0360 0.0065 0.0306 0.0816 0.1322 0.1651 0.1741 0.1644 0.1399 0.1099 0.0796 0.0528 0.0320 0.0172 0.0080 0.0034 0.0021 0.0031 0.0055 0.0086 0.0118 0.0148 0.0175
1.0338 0.2546 0.3842 1.8264 1.4981 0.1120 1.8296 0.2077 1.5226 0.2343 1.4455 0.2906 0.4697 0.9122 0.3644 0.1019 0.2477 0.5977 0.8654 0.7235 0.3326 0.1139 0.2064 0.4065 0.4786 0.3777 0.1973 0.0562 0.0110 0.0535 0.1391 0.2229 0.2765 0.2905 0.2734 0.2321 0.1819 0.1313 0.0870 0.0525 0.0282 0.0131 0.0055 0.0035 0.0053 0.0094 0.0145 0.0199 0.0249 0.0294
1.8130 0.5469 0.3755 2.3483 2.2886 0.1169 2.5006 0.3850 2.0612 0.3717 2.0120 0.3441 0.7162 1.2385 0.4508 0.1527 0.3968 0.8844 1.2297 1.0018 0.4481 0.1510 0.2856 0.5604 0.6529 0.5086 0.2604 0.0712 0.0158 0.0802 0.2014 0.3175 0.3901 0.4073 0.3815 0.3226 0.2520 0.1813 0.1197 0.0719 0.0384 0.0177 0.0074 0.0049 0.0076 0.0134 0.0207 0.0282 0.0352 0.0415
2.9442 1.1262 0.2991 2.6163 3.2172 0.1500 3.0570 0.6906 2.5006 0.5729 2.5446 0.3494 1.0178 1.5151 0.4880 0.2274 0.5990 1.2119 1.6016 1.2610 0.5423 0.1788 0.3612 0.7050 0.8097 0.6193 0.3082 0.0795 0.0220 0.1131 0.2709 0.4179 0.5071 0.5250 0.4886 0.4110 0.3195 0.2288 0.1503 0.0897 0.0475 0.0218 0.0092 0.0064 0.0101 0.0178 0.0272 0.0370 0.0458 0.0539
4.4105 2.1539 0.2885 2.5351 4.2235 0.3139 3.4014 1.1982 2.7794 0.8803 3.0039 0.3156 1.3813 1.7150 0.4797 0.3510 0.8706 1.5795 1.9671 1.4839 0.6045 0.1940 0.4323 0.8380 0.9442 0.7049 0.3376 0.0807 0.0312 0.1547 0.3503 0.5262 0.6287 0.6440 0.5947 0.4968 0.3839 0.2734 0.1784 0.1057 0.0554 0.0251 0.0106 0.0079 0.0130 0.0226 0.0342 0.0462 0.0570 0.0667
5.9678 3.7239 0.5887 2.0680 5.1493 0.7616 3.4179 1.9849 2.8278 1.3454 3.3337 0.2703 1.8015 1.8091 0.4472 0.5576 1.2220 1.9731 2.2992 1.6462 0.6223 0.1948 0.5006 0.9587 1.0535 0.7623 0.3473 0.0757 0.0462 0.2087 0.4429 0.6449 0.7564 0.7651 0.6997 0.5799 0.4449 0.3145 0.2036 0.1195 0.0619 0.0277 0.0119 0.0096 0.0161 0.0279 0.0418 0.0559 0.0686 0.0801
7.0588 5.6987 1.5126 1.3224 5.7321 1.6586 3.0159 3.0969 2.5897 2.0176 3.4665 0.2622 2.2548 1.7742 0.4353 0.8857 1.6494 2.3592 2.5561 1.7173 0.5846 0.1841 0.5726 1.0716 1.1389 0.7916 0.3383 0.0673 0.0705 0.2788 0.5520 0.7765 0.8917 0.8889 0.8039 0.6601 0.5022 0.3520 0.2258 0.1310 0.0669 0.0295 0.0129 0.0114 0.0198 0.0338 0.0501 0.0664 0.0809 0.0940
6.9344 7.5352 3.2864 0.6301 5.6618 3.0936 2.2074 4.4949 2.0611 2.9221 3.3383 0.3591 2.6947 1.6073 0.5145 1.3661 2.1232 2.6809 2.6834 1.6656 0.4871 0.1743 0.6642 1.1886 1.2081 0.7985 0.3158 0.0604 0.1090 0.3689 0.6804 0.9226 1.0356 1.0159 0.9073 0.7372 0.5554 0.3855 0.2447 0.1401 0.0704 0.0305 0.0137 0.0135 0.0240 0.0404 0.0591 0.0776 0.0940 0.1085
5.1570 8.2896 5.7786 0.5434 4.7318 4.9469 1.2018 5.9893 1.3422 4.0294 2.9134 0.6379 3.0544 1.3428 0.7743 2.0023 2.5774 2.8593 2.6236 1.4702 0.3414 0.1934 0.8044 1.3334 1.2780 0.7951 0.2888 0.0616 0.1660 0.4817 0.8292 1.0834 1.1876 1.1452 1.0092 0.8106 0.6042 0.4149 0.2601 0.1468 0.0724 0.0309 0.0145 0.0161 0.0289 0.0479 0.0690 0.0897 0.1077 0.1237
2.3755 7.0629 8.2231 1.6528 3.0645 6.7774 0.4638 7.1987 0.6863 5.2206 2.2187 1.1677 3.2622 1.0702 1.3041 2.7488 2.9086 2.8117 2.3398 1.1402 0.1878 0.2917 1.0400 1.5435 1.3769 0.8015 0.2701 0.0779 0.2442 0.6169 0.9967 1.2569 1.3458 1.2755 1.1085 0.8796 0.6482 0.4399 0.2722 0.1511 0.0730 0.0307 0.0154 0.0191 0.0346 0.0563 0.0800 0.1028 0.1225 0.1399
0.6660 3.9931 9.2579 4.1815 1.2999 7.8578 0.6395 7.6024 0.5079 6.2609 1.3789 1.9848 3.2640 0.9339 2.1530 3.4857 2.9866 2.4817 1.8480 0.7374 0.1042 0.5411 1.4284 1.8626 1.5363 0.8391 0.2718 0.1134 0.3412 0.7680 1.1750 1.4352 1.5037 1.4017 1.2014 0.9416 0.6856 0.4595 0.2803 0.1528 0.0722 0.0300 0.0165 0.0229 0.0414 0.0660 0.0922 0.1172 0.1386 0.1573
2.3257 1.0946 7.6838 7.5047 0.5277 7.4846 2.2615 6.7557 1.2915 6.8059 0.6410 3.0625 3.0483 1.1041 3.2718 4.0081 2.6911 1.8906 1.2585 0.3973 0.2063 1.0185 2.0136 2.3154 1.7714 0.9169 0.2963 0.1630 0.4453 0.9187 1.3459 1.6004 1.6450 1.5103 1.2776 0.9890 0.7114 0.4704 0.2824 0.1509 0.0696 0.0289 0.0181 0.0278 0.0495 0.0771 0.1060 0.1331 0.1560 0.1759
7.3076 1.4781 3.8721 9.9649 1.8145 5.5016 5.2803 4.6547 3.3497 6.4836 0.3734 4.2951 2.6814 1.7230 4.4736 4.0756 2.0067 1.2218 0.8214 0.3308 0.6171 1.7625 2.7840 2.8742 2.0576 1.0168 0.3281 0.2096 0.5361 1.0463 1.4860 1.7310 1.7513 1.5865 1.3258 1.0139 0.7201 0.4693 0.2768 0.1445 0.0650 0.0275 0.0205 0.0341 0.0595 0.0902 0.1217 0.1508 0.1750 0.1959
11.8734 6.3360 0.7787 9.5248 5.4281 2.7346 8.7204 2.0968 6.4340 5.0770 1.0088 5.4829 2.2921 2.8098 5.4280 3.5131 1.1280 0.8671 0.9097 0.7621 1.3808 2.6823 3.5909 3.3953 2.2883 1.0711 0.3274 0.2283 0.5949 1.1331 1.5786 1.8109 1.8084 1.6186 1.3368 1.0096 0.7072 0.4533 0.2618 0.1330 0.0582 0.0260 0.0243 0.0426 0.0719 0.1058 0.1399 0.1708 0.1960 0.2177
11.1883 12.2880 2.2742 5.6171 10.0985 0.8379 10.9413 0.6044 9.3877 2.8304 2.9026 6.3126 2.0091 4.1784 5.7480 2.3710 0.5320 1.3739 1.8835 1.7654 2.3099 3.4353 4.0601 3.5635 2.2499 0.9626 0.2484 0.2159 0.6383 1.2020 1.6444 1.8565 1.8279 1.6144 1.3156 0.9793 0.6748 0.4239 0.2384 0.1171 0.0501 0.0253 0.0300 0.0538 0.0874 0.1245 0.1610 0.1934 0.2195 0.2416
4.7996 13.6471 8.3965 1.2806 12.7492 1.5043 10.6374 1.4834 10.3192 0.7927 6.0343 6.3072 1.8728 5.4434 5.1836 1.0605 0.8765 3.1469 3.7357 2.9754 2.8110 3.3611 3.5996 2.9407 1.6890 0.5988 0.1145 0.2638 0.7865 1.3758 1.7932 1.9584 1.8802 1.6259 1.2996 0.9486 0.6398 0.3918 0.2134 0.1008 0.0427 0.0260 0.0379 0.0675 0.1055 0.1458 0.1845 0.2183 0.2449 0.2673
0.8500 7.8444 13.6526 1.6443 9.6903 5.6723 7.5876 4.4336 7.9376 0.7938 9.3727 4.7617 1.9079 6.2436 3.8568 0.2842 2.5100 5.7051 5.4114 3.2326 1.9310 1.8301 1.8841 1.4430 0.6955 0.1816 0.1884 0.6559 1.3139 1.9028 2.2359 2.2876 2.0982 1.7518 1.3599 0.9665 0.6348 0.3775 0.1985 0.0900 0.0383 0.0285 0.0468 0.0819 0.1241 0.1675 0.2086 0.2437 0.2709 0.2934
7.8239 0.7697 11.4953 8.3037 2.9671 11.4785 1.6517 9.5848 4.1551 3.7520 9.1803 0.9433 4.0410 7.8147 2.5207 0.5166 4.2853 5.8241 3.1892 0.5275 0.4402 1.8911 2.9181 2.7829 1.9267 1.1741 0.9408 1.2092 1.7033 2.1601 2.3853 2.3544 2.1064 1.7241 1.3142 0.9165 0.5889 0.3408 0.1731 0.0762 0.0351 0.0344 0.0601 0.1009 0.1471 0.1934 0.2362 0.2723 0.2995 0.3218
16.0328 4.9049 4.1381 14.3120 0.6864 13.1482 0.7408 12.1322 1.1919 7.5985 7.5068 0.3815 6.6729 7.2937 1.1612 1.5269 5.7486 5.7802 2.3508 0.2384 0.9657 2.6746 3.4556 2.9713 1.9267 1.1759 1.0372 1.3950 1.9228 2.3585 2.5268 2.4301 2.1245 1.7024 1.2705 0.8658 0.5414 0.3028 0.1474 0.0632 0.0337 0.0429 0.0764 0.1231 0.1735 0.2225 0.2668 0.3035 0.3305 0.3524
11.9008 14.7456 0.9107 13.0526 5.1522 9.2767 4.5265 10.8641 0.7325 10.9551 4.4698 1.6213 8.9641 5.7148 0.3654 3.2387 6.9494 5.2242 1.4565 0.2547 1.7737 3.5340 3.9195 3.0574 1.8687 1.1718 1.1556 1.6042 2.1520 2.5497 2.6484 2.4796 2.1161 1.6576 1.2087 0.8027 0.4866 0.2616 0.1216 0.0522 0.0357 0.0554 0.0969 0.1494 0.2037 0.2551 0.3006 0.3375 0.3639 0.3850
1.5980 15.6921 8.3009 5.0938 13.2495 2.9271 11.0842 6.1351 3.9539 11.8476 1.5168 4.6653 9.9924 3.4762 0.6047 5.4078 7.5738 4.1932 0.7039 0.6807 2.8337 4.3881 4.2498 3.0211 1.7585 1.1743 1.3038 1.8376 2.3868 2.7279 2.7447 2.4991 2.0791 1.5893 1.1297 0.7287 0.4262 0.2189 0.0973 0.0446 0.0420 0.0727 0.1223 0.1803 0.2382 0.2916 0.3378 0.3744 0.3998 0.4197
5.8175 5.1012 17.5405 0.8701 16.2533 0.9692 15.1154 1.4663 9.5876 9.3359 0.5333 8.5658 9.1286 1.3860 2.1282 7.5648 7.3778 2.8625 0.3228 1.5701 4.0611 5.1342 4.3915 2.8557 1.6122 1.2000 1.4900 2.0946 2.6213 2.8859 2.8100 2.4855 2.0127 1.4983 1.0351 0.6459 0.3623 0.1768 0.0761 0.0416 0.0538 0.0956 0.1531 0.2163 0.2772 0.3322 0.3785 0.4144 0.4383 0.4565
19.4209 1.9061 14.2018 8.1889 9.7208 7.1323 12.3584 1.4251 14.0075 4.6447 2.7527 11.6046 6.4840 0.4444 4.7724 9.1041 6.2961 1.5442 0.5252 2.8954 5.3157 5.6619 4.3069 2.5732 1.4562 1.2691 1.7216 2.3723 2.8484 3.0166 2.8401 2.4376 1.9181 1.3867 0.9277 0.5570 0.2977 0.1376 0.0601 0.0450 0.0722 0.1253 0.1903 0.2581 0.3215 0.3772 0.4230 0.4576 0.4795 0.4957
14.7283 14.8852 2.8254 18.4451 1.5847 15.9845 4.8946 7.3855 13.5874 1.0195 7.6425 12.0724 3.1353 1.4268 7.8803 9.4680 4.5253 0.6386 1.4412 4.5266 6.4158 5.8709 3.9847 2.2071 1.3276 1.4029 2.0033 2.6650 3.0591 3.1121 2.8302 2.3539 1.7961 1.2571 0.8105 0.4653 0.2353 0.1038 0.0512 0.0562 0.0987 0.1626 0.2346 0.3064 0.3713 0.4270 0.4717 0.5043 0.5235 0.5373
1.1681 20.5882 4.2803 15.9566 4.2119 17.1384 0.8615 14.9332 8.1048 1.7566 12.6619 9.3796 0.8439 4.4106 10.4216 8.3867 2.5446 0.5387 3.0541 6.2314 7.1655 5.6934 3.4512 1.8140 1.2708 1.6208 2.3342 2.9630 3.2424 3.1643 2.7757 2.2327 1.6476 1.1119 0.6870 0.3742 0.1781 0.0778 0.0515 0.0769 0.1342 0.2084 0.2865 0.3613 0.4267 0.4814 0.5243 0.5543 0.5703 0.5810
11.8933 6.6303 18.7525 3.8353 16.1003 8.3204 6.2226 16.8394 2.0781 7.3701 14.5224 4.8209 1.2305 8.4998 11.3492 6.0810 1.0331 1.4989 5.1588 7.7022 7.3949 5.1209 2.7776 1.4698 1.3305 1.9356 2.7074 3.2523 3.3858 3.1656 2.6741 2.0754 1.4760 0.9558 0.5619 0.2880 0.1296 0.0626 0.0631 0.1086 0.1800 0.2634 0.3465 0.4230 0.4879 0.5407 0.5809 0.6076 0.6197 0.6270
24.2909 3.2926 19.7136 3.5124 20.3369 1.1252 16.3470 10.5149 1.6449 14.2536 11.5553 1.2621 4.7317 12.0055 10.0969 3.3184 0.6704 3.5049 7.3652 8.6161 7.0085 4.2202 2.0766 1.2599 1.5447 2.3490 3.1075 3.5150 3.4760 3.1096 2.5246 1.8849 1.2864 0.7943 0.4406 0.2113 0.0937 0.0610 0.0882 0.1530 0.2371 0.3283 0.4149 0.4919 0.5550 0.6049 0.6416 0.6641 0.6718 0.6752
7.4790 20.8391 4.3985 18.0506 9.4679 7.1021 19.2031 2.4341 8.5075 16.7952 5.5501 1.5165 9.9567 13.1458 6.9951 1.2313 1.8688 6.1978 9.1659 8.7225 6.0325 3.1428 1.4931 1.2682 1.9366 2.8492 3.5137 3.7354 3.5071 2.9987 2.3315 1.6667 1.0857 0.6344 0.3293 0.1491 0.0741 0.0760 0.1288 0.2111 0.3060 0.4028 0.4910 0.5672 0.6277 0.6741 0.7067 0.7247 0.7274 0.7266
5.1805 19.8718 5.4262 21.6754 1.2591 19.3831 10.4954 2.5199 16.8563 12.3577 1.2126 6.2063 14.1166 11.1110 3.3702 0.8993 4.5311 8.9087 10.0590 7.9151 4.6192 2.0954 1.1712 1.5512 2.5004 3.4034 3.8890 3.8832 3.4591 2.8222 2.0950 1.4274 0.8813 0.4830 0.2338 0.1061 0.0747 0.1102 0.1868 0.2843 0.3876 0.4879 0.5757 0.6496 0.7062 0.7481 0.7759 0.7886 0.7857 0.7801
25.7535 2.2347 22.8326 6.7418 11.3759 19.7169 1.5886 12.1088 18.1213 4.5817 2.6782 12.7057 14.5637 6.7497 1.0570 2.8256 7.9574 10.8219 9.7149 6.3134 3.0599 1.3228 1.2342 2.1283 3.2004 3.9620 4.1925 3.9338 3.3223 2.5807 1.8222 1.1763 0.6827 0.3484 0.1608 0.0873 0.0989 0.1661 0.2637 0.3736 0.4825 0.5837 0.6691 0.7390 0.7904 0.8267 0.8489 0.8555 0.8465 0.8357
13.4398 12.7988 18.4289 3.2903 23.4498 6.8530 5.9108 20.3315 10.3746 1.0935 9.6329 16.4780 10.6926 2.4497 1.5257 6.5510 10.9965 11.2456 8.1246 4.2743 1.7308 1.0499 1.7475 2.9659 3.9680 4.4614 4.3813 3.8659 3.0923 2.2800 1.5237 0.9251 0.5005 0.2392 0.1170 0.0976 0.1502 0.2461 0.3610 0.4796 0.5909 0.6903 0.7710 0.8352 0.8801 0.9098 0.9255 0.9254 0.9096 0.8932
3.1234 26.0796 1.8777 20.1604 15.0859 1.9294 18.6227 16.4341 2.0471 6.2174 16.6041 14.3890 4.8327 0.9495 4.9725 10.6707 12.4606 9.9208 5.6838 2.3382 1.0103 1.4246 2.6977 3.9846 4.7271 4.8517 4.4305 3.6735 2.7747 1.9321 1.2160 0.6897 0.3475 0.1650 0.1093 0.1418 0.2319 0.3521 0.4806 0.6049 0.7160 0.8117 0.8856 0.9418 0.9782 0.9997 1.0073 0.9996 0.9765 0.9541
25.8291 7.0581 13.4009 22.0858 1.7038 14.5893 21.0226 4.9968 3.4383 15.5544 17.2644 7.7109 1.1061 3.6030 9.9304 13.3295 11.6065 7.1592 3.0926 1.0797 1.1677 2.4579 3.9628 5.0307 5.3461 5.0428 4.2941 3.3446 2.3787 1.5556 0.9150 0.4828 0.2343 0.1341 0.1437 0.2240 0.3462 0.4854 0.6226 0.7483 0.8555 0.9445 1.0093 1.0553 1.0818 1.0939 1.0925 1.0765 1.0456 1.0167
14.4594 7.3809 25.8202 4.2979 10.3511 23.5374 8.7734 1.8429 13.8307 19.3907 10.5525 1.7886 2.5939 9.1963 13.8188 13.1199 8.6088 3.8930 1.2267 0.9638 2.2775 4.0011 5.3322 5.9241 5.7087 4.9781 3.9591 2.8919 1.9275 1.1759 0.6429 0.3221 0.1740 0.1552 0.2259 0.3473 0.4950 0.6467 0.7872 0.9096 1.0092 1.0884 1.1415 1.1753 1.1903 1.1919 1.1807 1.1558 1.1166 1.0808
3.7884 26.9660 7.7279 7.2601 24.5965 12.2468 1.2688 12.3713 20.7420 13.1091 2.6607 1.9616 8.7300 14.3501 14.3402 9.9338 4.6432 1.3826 0.8232 2.1605 4.1590 5.7599 6.5448 6.4904 5.7270 4.6345 3.4413 2.3494 1.4589 0.8261 0.4256 0.2265 0.1796 0.2371 0.3614 0.5153 0.6806 0.8379 0.9758 1.0901 1.1781 1.2443 1.2834 1.3033 1.3052 1.2948 1.2731 1.2386 1.1906 1.1475
27.5512 10.3352 5.7490 25.2036 14.6938 1.2257 11.7307 21.9779 14.9534 3.3819 1.6789 8.6928 15.2014 15.5668 10.9407 5.2183 1.4751 0.7338 2.1841 4.4430 6.3912 7.3485 7.3374 6.5927 5.3589 4.0281 2.7849 1.7678 1.0176 0.5413 0.2894 0.2149 0.2636 0.3878 0.5553 0.7315 0.9056 1.0613 1.1899 1.2908 1.3634 1.4135 1.4364 1.4412 1.4278 1.4038 1.3710 1.3264 1.2689 1.2180
10.8449 5.8129 26.1940 15.5226 1.2617 12.2913 23.3512 15.9474 3.5494 1.7464 9.3112 16.3862 16.8421 11.6702 5.4091 1.4231 0.7066 2.4076 4.9902 7.1895 8.3778 8.3456 7.4775 6.1457 4.6141 3.2143 2.0570 1.2071 0.6513 0.3568 0.2594 0.3036 0.4360 0.6124 0.8095 0.9953 1.1680 1.3135 1.4260 1.5084 1.5615 1.5924 1.5966 1.5847 1.5546 1.5158 1.4712 1.4159 1.3487 1.2897
7.8548 27.8640 14.2624 1.3684 14.5448 24.8689 15.6967 2.9846 2.3017 10.9950 18.0672 17.8850 11.9660 5.1584 1.1705 0.8045 2.9604 5.9153 8.3315 9.5465 9.5269 8.4446 6.8734 5.1869 3.5897 2.3037 1.3575 0.7467 0.4178 0.3127 0.3609 0.5074 0.7044 0.9140 1.1243 1.3057 1.4659 1.5927 1.6823 1.7410 1.7707 1.7795 1.7629 1.7329 1.6845 1.6301 1.5731 1.5069 1.4296 1.3623
29.5280 10.5381 2.5112 19.0357 26.1453 13.6876 1.8282 3.9156 13.9976 20.4996 18.5135 11.4073 4.3521 0.8011 1.1930 4.0584 7.4362 9.9504 11.0450 10.7502 9.4757 7.5808 5.6313 3.8942 2.4684 1.4536 0.8072 0.4735 0.3758 0.4463 0.6165 0.8396 1.0765 1.2978 1.5045 1.6677 1.8051 1.9051 1.9648 1.9934 1.9940 1.9787 1.9400 1.8904 1.8245 1.7548 1.6845 1.6062 1.5179 1.4420
4.5836 7.0605 25.4092 25.2450 9.3702 1.0290 7.6241 18.6027 22.7916 18.2273 9.6473 2.9131 0.5742 2.2357 5.9347 9.7068 12.1035 12.7905 12.0242 10.2830 8.1271 5.8912 3.9794 2.5027 1.4513 0.8182 0.5150 0.4596 0.5692 0.7820 1.0371 1.3027 1.5499 1.7585 1.9432 2.0732 2.1769 2.2421 2.2651 2.2586 2.2260 2.1845 2.1222 2.0520 1.9679 1.8827 1.7987 1.7078 1.6081 1.5237
17.8320 30.5497 19.4480 3.6808 3.0659 14.5798 24.1153 23.7281 15.6788 6.5703 1.3066 1.1558 4.5402 9.0066 12.6946 14.6830 14.6168 13.0933 10.7771 8.2103 5.8284 3.8038 2.3170 1.3375 0.7770 0.5602 0.5837 0.7648 1.0283 1.3313 1.6235 1.8919 2.1169 2.2877 2.4320 2.5146 2.5744 2.5974 2.5780 2.5320 2.4630 2.3938 2.3069 2.2153 2.1128 2.0118 1.9137 1.8102 1.6989 1.6059
26.9995 8.3809 1.5605 11.4854 24.3347 27.7808 20.9271 10.3475 2.7453 0.8709 3.7667 8.8376 13.5628 16.4196 17.1422 16.0571 13.5851 10.6138 7.7203 5.2230 3.2968 1.9294 1.1113 0.7287 0.6592 0.8082 1.0831 1.4221 1.7643 2.0945 2.3714 2.6023 2.7751 2.8853 2.9727 2.9951 3.0010 2.9737 2.9064 2.8195 2.7161 2.6200 2.5080 2.3928 2.2700 2.1517 2.0387 1.9222 1.7993 1.6971
1.5454 11.5473 26.1365 31.1350 24.3251 12.5584 3.5941 1.0250 4.1066 9.9507 15.4888 19.1064 20.1049 18.8383 16.1694 12.8611 9.4205 6.4192 4.0785 2.4261 1.4083 0.8948 0.7775 0.9311 1.2378 1.6285 2.0347 2.4273 2.7610 3.0512 3.2603 3.4155 3.5096 3.5392 3.5554 3.5068 3.4499 3.3651 3.2456 3.1176 2.9829 2.8615 2.7243 2.5832 2.4384 2.3015 2.1726 2.0431 1.9086 1.7970
32.0238 33.8580 24.0745 11.1078 2.7082 1.7025 6.4708 13.4779 19.6359 23.2346 23.6054 21.6932 18.2085 14.1505 10.2583 6.9359 4.3331 2.5427 1.4785 0.9963 0.9456 1.1708 1.5693 2.0569 2.5399 3.0003 3.3941 3.7267 3.9640 4.1505 4.2451 4.2920 4.2853 4.2188 4.1536 4.0265 3.9018 3.7561 3.5825 3.4133 3.2483 3.1027 2.9408 2.7737 2.6069 2.4516 2.3069 2.1645 2.0187 1.8977
16.5396 5.0770 1.5751 5.5974 13.5386 21.4587 26.7365 28.3697 26.8971 23.3135 18.4702 13.6833 9.4038 6.0117 3.5965 2.0774 1.2945 1.0886 1.2844 1.7304 2.3107 2.9022 3.4830 4.0249 4.4509 4.8016 5.0465 5.2195 5.2881 5.3200 5.2690 5.1881 5.0676 4.8967 4.7456 4.5407 4.3490 4.1435 3.9179 3.7097 3.5165 3.3450 3.1587 2.9684 2.7808 2.6076 2.4472 2.2921 2.1351 2.0047
10.3372 20.2160 28.7549 33.6000 34.2246 31.3717 26.3275 20.3619 14.6600 9.8228 6.0445 3.5053 2.0100 1.3577 1.3386 1.7476 2.3965 3.1569 3.9337 4.6645 5.3235 5.8192 6.2262 6.5546 6.7158 6.8127 6.8122 6.7632 6.6200 6.4656 6.2627 6.0538 5.8165 5.5413 5.3077 5.0369 4.7870 4.5289 4.2590 4.0168 3.7979 3.5938 3.3819 3.1761 2.9705 2.7803 2.6038 2.4360 2.2676 2.1273
41.1700 36.0452 29.0973 21.8018 15.1499 9.7371 5.7757 3.2271 1.9150 1.5635 1.8837 2.6545 3.6501 4.7047 5.7530 6.7373 7.5406 8.1772 8.6522 8.9983 9.2448 9.2879 9.2722 9.2174 8.9983 8.7733 8.4916 8.2044 7.8445 7.5042 7.1606 6.8357 6.4924 6.1233 5.8168 5.4904 5.1906 4.8863 4.5781 4.3072 4.0672 3.8327 3.5975 3.3791 3.1572 2.9514 2.7597 2.5800 2.4008 2.2510
4.5020 2.6166 2.0636 2.5212 3.6515 5.1667 6.8340 8.4492 9.9440 11.2716 12.2770 13.1307 13.7151 14.0347 14.2538 14.3949 14.2820 14.0303 13.6760 13.3061 12.9408 12.4267 11.9366 11.4823 10.8940 10.3732 9.8459 9.3565 8.8166 8.3241 7.8728 7.4602 7.0348 6.5924 6.2297 5.8633 5.5263 5.1872 4.8497 4.5564 4.2996 4.0396 3.7860 3.5595 3.3247 3.1059 2.9010 2.7110 2.5226 2.3647
30.7469 31.1530 31.2780 31.1539 30.7592 30.2049 29.4631 28.4788 27.4602 26.4538 25.2079 24.1344 22.9875 21.7720 20.7254 19.8249 18.7817 17.7409 16.7260 15.8202 15.0199 14.1290 13.3202 12.6029 11.8052 11.1162 10.4487 9.8358 9.2007 8.6438 8.1393 7.6824 7.2163 6.7368 6.3444 5.9558 5.6073 5.2620 4.9115 4.5979 4.3143 4.0510 3.7986 3.5774 3.3420 3.1212 2.9135 2.7210 2.5306 2.3719
