0.0533 0.0544 0.0562 0.0555 0.0492 0.0494 0.0476 0.0439 0.0433 0.0392 0.0378 0.0350 0.0315 0.0300 0.0275 0.0248 0.0228 0.0208 0.0186 0.0169 0.0154 0.0140 0.0125 0.0112 0.0100 0.0090 0.0082 0.0074 0.0067 0.0060 0.0053 0.0047 0.0042 0.0037 0.0033 0.0030 0.0027 0.0024 0.0021 0.0019 0.0017 0.0015 0.0014 0.0012 0.0011 0.0010 0.0009 0.0008 0.0007 0.0006
0.1598 0.1629 0.1681 0.1669 0.1480 0.1481 0.1431 0.1317 0.1300 0.1177 0.1135 0.1050 0.0947 0.0901 0.0825 0.0742 0.0683 0.0623 0.0559 0.0506 0.0461 0.0420 0.0376 0.0335 0.0301 0.0271 0.0246 0.0222 0.0202 0.0180 0.0160 0.0142 0.0126 0.0112 0.0100 0.0089 0.0080 0.0072 0.0064 0.0057 0.0051 0.0046 0.0042 0.0037 0.0034 0.0030 0.0027 0.0024 0.0022 0.0019
0.2667 0.2703 0.2784 0.2792 0.2483 0.2461 0.2391 0.2194 0.2169 0.1961 0.1896 0.1749 0.1580 0.1505 0.1377 0.1237 0.1138 0.1039 0.0933 0.0844 0.0768 0.0700 0.0626 0.0559 0.0501 0.0452 0.0411 0.0371 0.0336 0.0300 0.0266 0.0236 0.0209 0.0186 0.0166 0.0148 0.0134 0.0120 0.0107 0.0096 0.0086 0.0077 0.0069 0.0062 0.0056 0.0050 0.0045 0.0040 0.0036 0.0032
0.3757 0.3770 0.3864 0.3923 0.3514 0.3435 0.3361 0.3073 0.3037 0.2748 0.2663 0.2445 0.2216 0.2116 0.1930 0.1731 0.1594 0.1458 0.1307 0.1181 0.1075 0.0980 0.0876 0.0781 0.0701 0.0633 0.0575 0.0520 0.0470 0.0420 0.0371 0.0330 0.0292 0.0260 0.0232 0.0208 0.0187 0.0169 0.0150 0.0134 0.0120 0.0109 0.0097 0.0087 0.0079 0.0070 0.0063 0.0056 0.0050 0.0045
0.4908 0.4849 0.4921 0.5051 0.4588 0.4407 0.4340 0.3959 0.3904 0.3539 0.3436 0.3137 0.2859 0.2737 0.2485 0.2223 0.2053 0.1880 0.1683 0.1517 0.1381 0.1259 0.1125 0.1003 0.0901 0.0814 0.0740 0.0668 0.0604 0.0538 0.0476 0.0422 0.0373 0.0334 0.0298 0.0267 0.0241 0.0217 0.0194 0.0173 0.0155 0.0140 0.0125 0.0113 0.0101 0.0091 0.0081 0.0072 0.0065 0.0058
0.6164 0.5976 0.5972 0.6154 0.5714 0.5389 0.5327 0.4860 0.4767 0.4338 0.4210 0.3823 0.3513 0.3368 0.3037 0.2713 0.2518 0.2308 0.2059 0.1853 0.1687 0.1539 0.1373 0.1224 0.1100 0.0995 0.0905 0.0816 0.0736 0.0655 0.0578 0.0513 0.0454 0.0407 0.0364 0.0327 0.0295 0.0267 0.0238 0.0213 0.0190 0.0171 0.0154 0.0138 0.0124 0.0111 0.0099 0.0088 0.0079 0.0071
0.7534 0.7190 0.7055 0.7217 0.6883 0.6394 0.6325 0.5782 0.5626 0.5148 0.4978 0.4503 0.4182 0.4008 0.3581 0.3205 0.2997 0.2744 0.2434 0.2187 0.1993 0.1818 0.1621 0.1445 0.1299 0.1176 0.1069 0.0963 0.0867 0.0769 0.0678 0.0602 0.0535 0.0480 0.0431 0.0387 0.0350 0.0316 0.0283 0.0252 0.0226 0.0203 0.0182 0.0163 0.0146 0.0131 0.0116 0.0104 0.0093 0.0084
0.8958 0.8492 0.8208 0.8252 0.8062 0.7425 0.7345 0.6719 0.6489 0.5964 0.5731 0.5179 0.4867 0.4642 0.4108 0.3704 0.3494 0.3185 0.2805 0.2518 0.2301 0.2100 0.1868 0.1663 0.1497 0.1356 0.1232 0.1107 0.0994 0.0880 0.0777 0.0691 0.0615 0.0554 0.0499 0.0449 0.0406 0.0367 0.0327 0.0292 0.0261 0.0234 0.0209 0.0188 0.0168 0.0150 0.0134 0.0119 0.0107 0.0096
1.0333 0.9810 0.9426 0.9303 0.9202 0.8463 0.8404 0.7649 0.7374 0.6772 0.6466 0.5851 0.5557 0.5249 0.4612 0.4222 0.4011 0.3622 0.3166 0.2850 0.2614 0.2383 0.2115 0.1880 0.1693 0.1534 0.1391 0.1247 0.1117 0.0989 0.0874 0.0779 0.0696 0.0628 0.0567 0.0511 0.0463 0.0417 0.0372 0.0331 0.0296 0.0265 0.0237 0.0212 0.0189 0.0169 0.0151 0.0134 0.0120 0.0108
1.1647 1.1068 1.0619 1.0400 1.0273 0.9469 0.9479 0.8545 0.8297 0.7553 0.7190 0.6512 0.6226 0.5799 0.5099 0.4768 0.4532 0.4033 0.3511 0.3184 0.2934 0.2668 0.2359 0.2095 0.1887 0.1709 0.1547 0.1382 0.1237 0.1095 0.0970 0.0868 0.0778 0.0705 0.0637 0.0573 0.0518 0.0467 0.0415 0.0369 0.0329 0.0294 0.0262 0.0235 0.0210 0.0187 0.0167 0.0149 0.0133 0.0120
1.2967 1.2377 1.1677 1.1480 1.1310 1.0429 1.0466 0.9449 0.9246 0.8315 0.7933 0.7163 0.6862 0.6302 0.5605 0.5350 0.5033 0.4411 0.3858 0.3544 0.3275 0.2962 0.2608 0.2315 0.2088 0.1889 0.1705 0.1521 0.1360 0.1207 0.1073 0.0963 0.0866 0.0784 0.0708 0.0637 0.0574 0.0516 0.0458 0.0406 0.0361 0.0323 0.0288 0.0257 0.0230 0.0206 0.0183 0.0164 0.0146 0.0132
1.4109 1.3886 1.2703 1.2378 1.2344 1.1371 1.1204 1.0460 1.0102 0.9102 0.8708 0.7806 0.7481 0.6796 0.6160 0.5933 0.5476 0.4764 0.4239 0.3949 0.3641 0.3268 0.2868 0.2551 0.2303 0.2081 0.1875 0.1671 0.1496 0.1331 0.1186 0.1068 0.0960 0.0869 0.0783 0.0701 0.0630 0.0565 0.0500 0.0443 0.0394 0.0352 0.0314 0.0281 0.0252 0.0226 0.0201 0.0180 0.0161 0.0145
1.4581 1.5069 1.4101 1.2998 1.3236 1.2380 1.1637 1.1549 1.0656 0.9968 0.9443 0.8439 0.8095 0.7292 0.6719 0.6430 0.5823 0.5113 0.4665 0.4373 0.3992 0.3554 0.3121 0.2790 0.2524 0.2278 0.2048 0.1826 0.1638 0.1461 0.1304 0.1174 0.1054 0.0951 0.0854 0.0762 0.0683 0.0611 0.0541 0.0479 0.0427 0.0382 0.0341 0.0306 0.0275 0.0246 0.0220 0.0197 0.0176 0.0159
1.4585 1.5094 1.5622 1.3750 1.3784 1.3531 1.2035 1.2481 1.0998 1.0945 1.0038 0.9119 0.8732 0.7811 0.7257 0.6845 0.6165 0.5537 0.5131 0.4768 0.4292 0.3812 0.3373 0.3039 0.2754 0.2482 0.2227 0.1987 0.1786 0.1595 0.1424 0.1279 0.1145 0.1030 0.0922 0.0821 0.0734 0.0656 0.0582 0.0517 0.0461 0.0413 0.0370 0.0333 0.0300 0.0269 0.0240 0.0215 0.0193 0.0174
1.5355 1.4852 1.5984 1.5291 1.4028 1.4588 1.2877 1.3137 1.1632 1.1809 1.0493 0.9901 0.9368 0.8382 0.7829 0.7313 0.6643 0.6054 0.5566 0.5077 0.4547 0.4080 0.3659 0.3315 0.2997 0.2690 0.2410 0.2154 0.1940 0.1734 0.1546 0.1385 0.1236 0.1109 0.0992 0.0882 0.0790 0.0707 0.0629 0.0560 0.0501 0.0450 0.0403 0.0363 0.0328 0.0295 0.0263 0.0235 0.0211 0.0190
1.7508 1.6161 1.5944 1.6750 1.4942 1.5278 1.4302 1.3804 1.2784 1.2488 1.1233 1.0762 0.9991 0.9069 0.8501 0.7926 0.7242 0.6552 0.5924 0.5390 0.4901 0.4469 0.4023 0.3620 0.3243 0.2896 0.2595 0.2327 0.2102 0.1878 0.1671 0.1495 0.1331 0.1194 0.1069 0.0952 0.0854 0.0765 0.0683 0.0610 0.0546 0.0490 0.0439 0.0396 0.0358 0.0321 0.0286 0.0256 0.0229 0.0206
1.9130 1.8371 1.7520 1.7754 1.6919 1.6266 1.5675 1.4831 1.4154 1.3628 1.2390 1.1590 1.0840 0.9894 0.9172 0.8551 0.7796 0.7010 0.6404 0.5965 0.5496 0.4975 0.4394 0.3892 0.3466 0.3106 0.2801 0.2525 0.2282 0.2036 0.1806 0.1611 0.1434 0.1287 0.1153 0.1028 0.0923 0.0828 0.0740 0.0660 0.0592 0.0530 0.0474 0.0427 0.0386 0.0346 0.0307 0.0274 0.0245 0.0220
2.0717 2.0218 1.9352 1.9408 1.8364 1.7914 1.7058 1.6413 1.5112 1.4581 1.3174 1.2947 1.2097 1.0627 0.9865 0.9229 0.8317 0.7519 0.6998 0.6519 0.5875 0.5200 0.4581 0.4131 0.3767 0.3433 0.3110 0.2793 0.2503 0.2213 0.1951 0.1733 0.1540 0.1383 0.1239 0.1103 0.0988 0.0885 0.0789 0.0704 0.0630 0.0563 0.0503 0.0453 0.0409 0.0367 0.0326 0.0291 0.0260 0.0234
2.0604 2.1317 2.0282 1.9274 1.9633 1.7942 1.8026 1.6454 1.6224 1.4878 1.4060 1.3259 1.2084 1.1331 1.0551 0.9586 0.8797 0.8116 0.7377 0.6646 0.5988 0.5468 0.4963 0.4500 0.4040 0.3602 0.3220 0.2886 0.2613 0.2345 0.2099 0.1886 0.1685 0.1513 0.1351 0.1197 0.1067 0.0950 0.0845 0.0752 0.0672 0.0601 0.0537 0.0484 0.0437 0.0392 0.0349 0.0312 0.0279 0.0251
2.1482 2.1696 2.2132 2.0345 2.0602 1.9324 1.8894 1.7612 1.7191 1.5739 1.5084 1.4016 1.2886 1.2117 1.1187 1.0192 0.9408 0.8651 0.7826 0.7070 0.6410 0.5868 0.5309 0.4792 0.4300 0.3843 0.3450 0.3097 0.2805 0.2517 0.2252 0.2022 0.1804 0.1618 0.1444 0.1280 0.1142 0.1018 0.0906 0.0807 0.0722 0.0646 0.0577 0.0519 0.0468 0.0420 0.0374 0.0334 0.0299 0.0269
2.3877 2.2274 2.3094 2.2179 2.1192 2.0968 1.9620 1.8970 1.8023 1.6755 1.6079 1.4794 1.3754 1.2897 1.1842 1.0844 1.0031 0.9180 0.8290 0.7526 0.6859 0.6277 0.5656 0.5086 0.4569 0.4099 0.3697 0.3321 0.3007 0.2695 0.2409 0.2160 0.1925 0.1725 0.1540 0.1367 0.1220 0.1088 0.0970 0.0865 0.0775 0.0693 0.0619 0.0556 0.0500 0.0449 0.0400 0.0357 0.0320 0.0288
2.5811 2.4344 2.3387 2.4066 2.2069 2.2403 2.0542 2.0323 1.8827 1.7914 1.7019 1.5637 1.4669 1.3674 1.2537 1.1533 1.0656 0.9715 0.8784 0.8018 0.7326 0.6690 0.6003 0.5387 0.4854 0.4375 0.3963 0.3559 0.3217 0.2877 0.2568 0.2301 0.2049 0.1836 0.1639 0.1457 0.1302 0.1163 0.1037 0.0926 0.0831 0.0743 0.0663 0.0595 0.0534 0.0479 0.0427 0.0381 0.0341 0.0308
2.5780 2.6707 2.4555 2.5059 2.3753 2.3322 2.1920 2.1459 1.9775 1.9138 1.7922 1.6569 1.5609 1.4469 1.3283 1.2242 1.1280 1.0272 0.9319 0.8540 0.7802 0.7102 0.6354 0.5701 0.5160 0.4673 0.4248 0.3809 0.3433 0.3062 0.2730 0.2444 0.2176 0.1950 0.1743 0.1552 0.1389 0.1242 0.1109 0.0992 0.0890 0.0797 0.0711 0.0636 0.0570 0.0510 0.0455 0.0407 0.0364 0.0328
2.6539 2.7300 2.6975 2.5470 2.5763 2.4011 2.3594 2.2343 2.0962 2.0306 1.8811 1.7566 1.6553 1.5292 1.4063 1.2958 1.1922 1.0878 0.9905 0.9082 0.8276 0.7514 0.6723 0.6049 0.5495 0.4990 0.4539 0.4064 0.3657 0.3257 0.2899 0.2594 0.2310 0.2073 0.1855 0.1654 0.1481 0.1324 0.1185 0.1060 0.0953 0.0853 0.0760 0.0679 0.0609 0.0545 0.0486 0.0434 0.0389 0.0350
2.9616 2.7534 2.8783 2.6734 2.7101 2.5166 2.5100 2.3216 2.2346 2.1358 1.9742 1.8611 1.7507 1.6143 1.4858 1.3687 1.2609 1.1544 1.0530 0.9632 0.8748 0.7937 0.7123 0.6438 0.5860 0.5321 0.4830 0.4322 0.3886 0.3462 0.3078 0.2753 0.2452 0.2205 0.1977 0.1763 0.1578 0.1411 0.1264 0.1132 0.1019 0.0912 0.0813 0.0726 0.0651 0.0583 0.0520 0.0464 0.0415 0.0374
3.1172 2.9930 2.9146 2.9085 2.7742 2.7014 2.6175 2.4401 2.3768 2.2339 2.0786 1.9715 1.8486 1.7015 1.5665 1.4454 1.3359 1.2254 1.1162 1.0174 0.9224 0.8386 0.7561 0.6864 0.6249 0.5664 0.5125 0.4582 0.4119 0.3672 0.3265 0.2920 0.2603 0.2346 0.2108 0.1880 0.1682 0.1503 0.1347 0.1209 0.1089 0.0975 0.0868 0.0774 0.0695 0.0623 0.0555 0.0495 0.0443 0.0398
3.1012 3.2479 3.0175 3.0913 2.8805 2.8890 2.7076 2.5963 2.5055 2.3341 2.1963 2.0864 1.9473 1.7893 1.6509 1.5292 1.4168 1.2977 1.1783 1.0716 0.9726 0.8878 0.8042 0.7322 0.6655 0.6012 0.5419 0.4841 0.4355 0.3890 0.3461 0.3099 0.2766 0.2497 0.2249 0.2005 0.1793 0.1600 0.1436 0.1289 0.1163 0.1040 0.0926 0.0825 0.0742 0.0665 0.0592 0.0528 0.0472 0.0424
3.3527 3.2957 3.2827 3.1644 3.0858 3.0160 2.8332 2.7645 2.6174 2.4476 2.3260 2.2014 2.0438 1.8795 1.7432 1.6208 1.5001 1.3684 1.2394 1.1279 1.0277 0.9423 0.8563 0.7801 0.7066 0.6358 0.5712 0.5104 0.4599 0.4121 0.3672 0.3291 0.2941 0.2661 0.2401 0.2139 0.1910 0.1703 0.1529 0.1374 0.1240 0.1109 0.0987 0.0878 0.0790 0.0709 0.0630 0.0562 0.0503 0.0450
3.6056 3.3942 3.4636 3.2683 3.2813 3.1018 2.9992 2.9072 2.7228 2.5795 2.4584 2.3075 2.1354 1.9767 1.8463 1.7172 1.5815 1.4363 1.3011 1.1901 1.0908 1.0034 0.9120 0.8292 0.7496 0.6732 0.6040 0.5397 0.4869 0.4369 0.3905 0.3511 0.3145 0.2847 0.2567 0.2288 0.2046 0.1826 0.1637 0.1469 0.1325 0.1186 0.1055 0.0939 0.0842 0.0755 0.0673 0.0601 0.0537 0.0481
3.6214 3.6594 3.5234 3.4804 3.3989 3.2306 3.1752 3.0228 2.8442 2.7290 2.5854 2.4051 2.2319 2.0870 1.9567 1.8109 1.6578 1.5039 1.3682 1.2599 1.1600 1.0675 0.9681 0.8776 0.7922 0.7109 0.6381 0.5709 0.5159 0.4638 0.4159 0.3749 0.3365 0.3046 0.2744 0.2444 0.2188 0.1956 0.1750 0.1569 0.1415 0.1267 0.1127 0.1003 0.0897 0.0803 0.0718 0.0642 0.0573 0.0514
3.7801 3.8064 3.6614 3.6681 3.4943 3.4089 3.3202 3.1321 2.9925 2.8814 2.6965 2.5004 2.3430 2.2090 2.0653 1.8968 1.7312 1.5766 1.4442 1.3372 1.2327 1.1317 1.0228 0.9249 0.8349 0.7501 0.6745 0.6047 0.5476 0.4932 0.4433 0.4005 0.3600 0.3256 0.2929 0.2608 0.2336 0.2092 0.1868 0.1673 0.1508 0.1351 0.1203 0.1069 0.0954 0.0853 0.0765 0.0684 0.0611 0.0548
4.0158 3.8844 3.8725 3.7795 3.6369 3.5862 3.4311 3.2621 3.1597 3.0163 2.7937 2.6085 2.4717 2.3319 2.1630 1.9760 1.8090 1.6601 1.5296 1.4187 1.3052 1.1936 1.0756 0.9721 0.8794 0.7923 0.7143 0.6419 0.5823 0.5250 0.4726 0.4276 0.3846 0.3475 0.3121 0.2778 0.2491 0.2233 0.1991 0.1781 0.1605 0.1440 0.1282 0.1139 0.1014 0.0905 0.0815 0.0730 0.0652 0.0584
4.1121 4.0317 4.0275 3.8778 3.8210 3.7263 3.5381 3.4247 3.3171 3.1231 2.8993 2.7449 2.6100 2.4425 2.2504 2.0611 1.9046 1.7625 1.6284 1.5055 1.3782 1.2563 1.1318 1.0253 0.9313 0.8425 0.7623 0.6869 0.6239 0.5622 0.5066 0.4584 0.4122 0.3723 0.3345 0.2976 0.2666 0.2388 0.2131 0.1906 0.1716 0.1541 0.1374 0.1223 0.1090 0.0973 0.0875 0.0783 0.0700 0.0628
4.1833 4.2137 4.1108 4.0207 3.9954 3.8183 3.6786 3.6018 3.4364 3.2187 3.0319 2.8960 2.7342 2.5351 2.3361 2.1591 2.0146 1.8720 1.7263 1.5878 1.4473 1.3182 1.1904 1.0832 0.9887 0.8980 0.8148 0.7353 0.6680 0.6013 0.5419 0.4904 0.4407 0.3980 0.3576 0.3182 0.2849 0.2551 0.2279 0.2039 0.1834 0.1648 0.1472 0.1314 0.1171 0.1045 0.0940 0.0841 0.0751 0.0674
4.3392 4.3236 4.1822 4.2182 4.0880 3.9180 3.8667 3.7404 3.5202 3.3392 3.1912 3.0354 2.8330 2.6202 2.4345 2.2739 2.1331 1.9798 1.8182 1.6651 1.5152 1.3831 1.2546 1.1474 1.0520 0.9584 0.8709 0.7863 0.7137 0.6414 0.5781 0.5233 0.4700 0.4247 0.3818 0.3398 0.3042 0.2722 0.2435 0.2179 0.1959 0.1762 0.1576 0.1410 0.1258 0.1123 0.1009 0.0903 0.0807 0.0724
4.5162 4.3245 4.3941 4.3302 4.1383 4.1066 4.0325 3.8160 3.6239 3.5053 3.3496 3.1470 2.9229 2.7235 2.5586 2.4038 2.2529 2.0823 1.9059 1.7438 1.5904 1.4580 1.3288 1.2201 1.1217 1.0235 0.9306 0.8400 0.7621 0.6845 0.6169 0.5585 0.5017 0.4535 0.4081 0.3636 0.3258 0.2919 0.2614 0.2341 0.2105 0.1895 0.1697 0.1520 0.1358 0.1213 0.1089 0.0974 0.0871 0.0782
4.4547 4.5549 4.5435 4.3341 4.3273 4.3016 4.0957 3.9014 3.7995 3.6850 3.4735 3.2417 3.0353 2.8633 2.7079 2.5408 2.3697 2.1820 1.9962 1.8329 1.6808 1.5484 1.4157 1.3017 1.1973 1.0929 0.9942 0.8972 0.8146 0.7332 0.6605 0.5978 0.5374 0.4862 0.4378 0.3908 0.3512 0.3156 0.2830 0.2539 0.2289 0.2060 0.1844 0.1648 0.1476 0.1321 0.1186 0.1062 0.0949 0.0853
4.7043 4.7135 4.4850 4.5346 4.5476 4.3364 4.1485 4.0849 3.9991 3.8106 3.5572 3.3462 3.1799 3.0238 2.8575 2.6676 2.4780 2.2808 2.0927 1.9323 1.7818 1.6475 1.5084 1.3866 1.2747 1.1634 1.0589 0.9556 0.8687 0.7840 0.7064 0.6396 0.5757 0.5213 0.4700 0.4204 0.3789 0.3416 0.3066 0.2755 0.2489 0.2241 0.2004 0.1788 0.1605 0.1440 0.1292 0.1157 0.1035 0.0930
4.8237 4.5909 4.7269 4.7723 4.5338 4.3657 4.3494 4.3043 4.1206 3.8771 3.6527 3.4941 3.3531 3.1857 2.9946 2.7839 2.5852 2.3869 2.2005 2.0428 1.8915 1.7522 1.6040 1.4729 1.3530 1.2349 1.1252 1.0162 0.9255 0.8382 0.7557 0.6847 0.6172 0.5595 0.5050 0.4525 0.4091 0.3700 0.3324 0.2992 0.2709 0.2439 0.2179 0.1940 0.1745 0.1569 0.1407 0.1261 0.1129 0.1014
4.7043 4.9498 4.9572 4.7118 4.6024 4.6449 4.6053 4.4251 4.1912 3.9982 3.8327 3.6940 3.5339 3.3377 3.1265 2.9096 2.7132 2.5185 2.3327 2.1717 2.0137 1.8672 1.7107 1.5723 1.4454 1.3212 1.2062 1.0910 0.9944 0.9001 0.8143 0.7404 0.6692 0.6078 0.5496 0.4939 0.4472 0.4049 0.3634 0.3269 0.2959 0.2669 0.2392 0.2141 0.1929 0.1737 0.1559 0.1397 0.1251 0.1124
5.1846 5.0515 4.8271 4.8624 4.9576 4.8864 4.6770 4.4744 4.3322 4.2217 4.0638 3.8898 3.6887 3.4715 3.2575 3.0479 2.8586 2.6662 2.4772 2.3085 2.1407 1.9864 1.8221 1.6776 1.5449 1.4152 1.2954 1.1740 1.0709 0.9684 0.8792 0.8025 0.7274 0.6619 0.5996 0.5402 0.4898 0.4437 0.3977 0.3575 0.3235 0.2923 0.2629 0.2367 0.2138 0.1927 0.1730 0.1551 0.1389 0.1249
5.0338 4.9682 5.1588 5.2500 5.1050 4.8846 4.7367 4.6692 4.6051 4.4857 4.2656 4.0409 3.8175 3.6041 3.4034 3.2061 3.0215 2.8264 2.6297 2.4506 2.2722 2.1105 1.9396 1.7901 1.6522 1.5175 1.3929 1.2651 1.1548 1.0430 0.9502 0.8705 0.7911 0.7211 0.6541 0.5908 0.5364 0.4860 0.4351 0.3907 0.3534 0.3200 0.2888 0.2615 0.2368 0.2137 0.1919 0.1721 0.1542 0.1388
5.2985 5.5022 5.4389 5.2349 5.0837 5.0452 5.0441 4.9944 4.8629 4.6649 4.4006 4.1681 3.9571 3.7624 3.5763 3.3861 3.1983 2.9949 2.7888 2.6013 2.4149 2.2455 2.0673 1.9123 1.7693 1.6291 1.4994 1.3664 1.2512 1.1330 1.0341 0.9490 0.8640 0.7888 0.7167 0.6491 0.5906 0.5362 0.4810 0.4330 0.3926 0.3560 0.3219 0.2923 0.2651 0.2396 0.2155 0.1935 0.1736 0.1564
5.7127 5.4994 5.3653 5.3783 5.4369 5.4500 5.3686 5.2019 4.9913 4.7712 4.5343 4.3341 4.1452 3.9601 3.7757 3.5830 3.3842 3.1692 2.9543 2.7623 2.5708 2.3929 2.2065 2.0448 1.8960 1.7499 1.6144 1.4776 1.3599 1.2387 1.1311 1.0381 0.9465 0.8653 0.7876 0.7155 0.6530 0.5947 0.5364 0.4853 0.4422 0.4015 0.3632 0.3297 0.2994 0.2712 0.2443 0.2199 0.1977 0.1785
5.6343 5.7320 5.8349 5.8571 5.7751 5.6415 5.4795 5.3014 5.1217 4.9433 4.7492 4.5679 4.3783 4.1829 3.9875 3.7865 3.5746 3.3484 3.1264 2.9315 2.7362 2.5499 2.3550 2.1862 2.0313 1.8788 1.7370 1.5966 1.4765 1.3527 1.2357 1.1342 1.0356 0.9482 0.8646 0.7879 0.7213 0.6591 0.5977 0.5435 0.4977 0.4525 0.4097 0.3717 0.3381 0.3068 0.2770 0.2498 0.2251 0.2036
6.3081 6.2701 6.1354 5.9810 5.8410 5.7419 5.6512 5.5328 5.3887 5.2200 5.0266 4.8301 4.6182 4.3999 4.1857 3.9699 3.7493 3.5166 3.2904 3.0944 2.8965 2.7039 2.5009 2.3250 2.1644 2.0067 1.8608 1.7174 1.5950 1.4679 1.3431 1.2348 1.1303 1.0380 0.9494 0.8675 0.7963 0.7297 0.6650 0.6076 0.5589 0.5095 0.4620 0.4194 0.3823 0.3478 0.3150 0.2848 0.2574 0.2333
6.4751 6.3667 6.2898 6.2375 6.1851 6.1187 6.0162 5.8582 5.6840 5.4922 5.2818 5.0656 4.8339 4.5918 4.3515 4.1056 3.8841 3.6519 3.4248 3.2286 3.0296 2.8356 2.6263 2.4436 2.2787 2.1202 1.9759 1.8307 1.7054 1.5722 1.4449 1.3351 1.2286 1.1357 1.0452 0.9566 0.8795 0.8073 0.7384 0.6771 0.6248 0.5727 0.5215 0.4744 0.4341 0.3967 0.3611 0.3280 0.2975 0.2706
6.9479 6.9054 6.8445 6.7614 6.6505 6.5010 6.3179 6.0939 5.8929 5.6947 5.4875 5.2697 5.0318 4.7748 4.5135 4.2398 4.0189 3.7883 3.5608 3.3648 3.1650 2.9699 2.7543 2.5647 2.3958 2.2371 2.0957 1.9495 1.8216 1.6822 1.5531 1.4424 1.3345 1.2419 1.1499 1.0543 0.9708 0.8926 0.8195 0.7541 0.6981 0.6434 0.5883 0.5363 0.4927 0.4524 0.4139 0.3775 0.3437 0.3138
7.4359 7.3020 7.1783 7.0489 6.9031 6.7153 6.4994 6.2499 6.0502 5.8640 5.6721 5.4592 5.2182 4.9472 4.6650 4.3637 4.1430 3.9137 3.6863 3.4908 3.2906 3.0948 2.8730 2.6765 2.5038 2.3456 2.2080 2.0615 1.9321 1.7880 1.6575 1.5464 1.4378 1.3460 1.2533 1.1507 1.0613 0.9773 0.9004 0.8311 0.7716 0.7145 0.6560 0.5992 0.5524 0.5092 0.4682 0.4287 0.3917 0.3587
7.4104 7.2928 7.1854 7.0632 6.9117 6.7255 6.5120 6.2650 6.0585 5.8631 5.6698 5.4572 5.2174 4.9394 4.6556 4.3581 4.1342 3.9042 3.6817 3.4881 3.2889 3.0934 2.8669 2.6640 2.4873 2.3294 2.1950 2.0493 1.9245 1.7897 1.6579 1.5450 1.4365 1.3433 1.2490 1.1465 1.0585 0.9764 0.9000 0.8300 0.7690 0.7120 0.6540 0.5984 0.5511 0.5078 0.4680 0.4289 0.3920 0.3590
