0.0000 0.0000 0.0000 0.0000 0.0000 0.0000 0.0000 0.0000 0.0000 0.0000 0.0000 0.0000 0.0000 0.0000 0.0000 0.0000 0.0000 0.0008 0.0003 0.0005 0.0036 0.0066 0.0059 0.0025 0.0012 0.0045 0.0107 0.0163 0.0183 0.0165 0.0119 0.0067 0.0026 0.0005 0.0004 0.0020 0.0045 0.0074 0.0101 0.0123 0.0138 0.0147 0.0149 0.0146 0.0139 0.0129 0.0117 0.0105 0.0093 0.0081
0.0000 0.0000 0.0000 0.0000 0.0000 0.0000 0.0000 0.0000 0.0000 0.0000 0.0000 0.0000 0.0000 0.0000 0.0000 0.0000 0.0000 0.0023 0.0007 0.0015 0.0111 0.0200 0.0176 0.0077 0.0038 0.0138 0.0325 0.0490 0.0551 0.0493 0.0354 0.0198 0.0077 0.0014 0.0013 0.0060 0.0137 0.0223 0.0303 0.0369 0.0415 0.0441 0.0448 0.0439 0.0417 0.0386 0.0351 0.0315 0.0278 0.0242
0.0000 0.0000 0.0000 0.0000 0.0000 0.0000 0.0000 0.0000 0.0000 0.0000 0.0000 0.0000 0.0000 0.0000 0.0000 0.0000 0.0000 0.0036 0.0010 0.0030 0.0193 0.0339 0.0295 0.0128 0.0068 0.0240 0.0552 0.0824 0.0919 0.0818 0.0585 0.0325 0.0124 0.0022 0.0022 0.0103 0.0231 0.0374 0.0507 0.0617 0.0693 0.0735 0.0746 0.0731 0.0694 0.0642 0.0583 0.0523 0.0462 0.0402
0.0000 0.0000 0.0000 0.0000 0.0000 0.0000 0.0000 0.0000 0.0000 0.0000 0.0000 0.0000 0.0000 0.0000 0.0000 0.0000 0.0000 0.0044 0.0009 0.0051 0.0290 0.0487 0.0416 0.0181 0.0106 0.0355 0.0794 0.1167 0.1289 0.1137 0.0806 0.0444 0.0167 0.0029 0.0033 0.0149 0.0330 0.0530 0.0716 0.0867 0.0973 0.1030 0.1043 0.1022 0.0969 0.0896 0.0814 0.0729 0.0643 0.0560
0.0000 0.0000 0.0000 0.0000 0.0000 0.0000 0.0000 0.0000 0.0000 0.0000 0.0000 0.0000 0.0000 0.0000 0.0000 0.0000 0.0000 0.0048 0.0006 0.0085 0.0407 0.0651 0.0541 0.0237 0.0155 0.0489 0.1053 0.1518 0.1656 0.1446 0.1014 0.0551 0.0201 0.0033 0.0046 0.0200 0.0436 0.0692 0.0929 0.1122 0.1255 0.1325 0.1340 0.1311 0.1241 0.1147 0.1041 0.0932 0.0822 0.0715
0.0000 0.0000 0.0000 0.0000 0.0000 0.0000 0.0000 0.0000 0.0000 0.0000 0.0000 0.0000 0.0000 0.0000 0.0000 0.0000 0.0000 0.0047 0.0004 0.0141 0.0554 0.0834 0.0673 0.0298 0.0218 0.0644 0.1330 0.1876 0.2016 0.1738 0.1202 0.0641 0.0226 0.0034 0.0062 0.0258 0.0549 0.0863 0.1149 0.1380 0.1538 0.1620 0.1635 0.1597 0.1510 0.1394 0.1263 0.1130 0.0996 0.0867
0.0000 0.0000 0.0000 0.0000 0.0000 0.0000 0.0000 0.0000 0.0000 0.0000 0.0000 0.0000 0.0000 0.0000 0.0000 0.0000 0.0000 0.0041 0.0010 0.0227 0.0740 0.1042 0.0813 0.0364 0.0294 0.0817 0.1620 0.2232 0.2359 0.2003 0.1363 0.0709 0.0238 0.0032 0.0082 0.0325 0.0673 0.1043 0.1377 0.1644 0.1825 0.1915 0.1928 0.1879 0.1775 0.1636 0.1481 0.1324 0.1166 0.1014
0.0000 0.0000 0.0000 0.0000 0.0000 0.0000 0.0000 0.0000 0.0000 0.0000 0.0000 0.0000 0.0000 0.0000 0.0000 0.0000 0.0000 0.0034 0.0031 0.0354 0.0970 0.1276 0.0959 0.0433 0.0380 0.1003 0.1911 0.2572 0.2669 0.2228 0.1486 0.0749 0.0235 0.0027 0.0108 0.0403 0.0809 0.1234 0.1613 0.1913 0.2113 0.2210 0.2218 0.2157 0.2033 0.1872 0.1692 0.1511 0.1330 0.1155
0.0000 0.0000 0.0000 0.0000 0.0000 0.0000 0.0000 0.0000 0.0000 0.0000 0.0000 0.0000 0.0000 0.0000 0.0000 0.0000 0.0000 0.0031 0.0079 0.0533 0.1245 0.1526 0.1100 0.0495 0.0467 0.1188 0.2188 0.2876 0.2927 0.2396 0.1559 0.0755 0.0214 0.0019 0.0143 0.0495 0.0962 0.1441 0.1862 0.2191 0.2406 0.2505 0.2506 0.2430 0.2286 0.2100 0.1896 0.1691 0.1487 0.1291
0.0000 0.0000 0.0000 0.0000 0.0000 0.0000 0.0000 0.0000 0.0000 0.0000 0.0000 0.0000 0.0000 0.0000 0.0000 0.0000 0.0000 0.0040 0.0165 0.0765 0.1551 0.1772 0.1216 0.0535 0.0539 0.1354 0.2426 0.3119 0.3109 0.2489 0.1572 0.0722 0.0177 0.0013 0.0191 0.0608 0.1137 0.1666 0.2125 0.2478 0.2703 0.2800 0.2791 0.2698 0.2532 0.2321 0.2092 0.1864 0.1637 0.1419
0.0000 0.0000 0.0000 0.0000 0.0000 0.0000 0.0000 0.0000 0.0000 0.0000 0.0000 0.0000 0.0000 0.0000 0.0000 0.0000 0.0000 0.0067 0.0294 0.1034 0.1853 0.1972 0.1272 0.0528 0.0582 0.1488 0.2612 0.3284 0.3202 0.2496 0.1518 0.0649 0.0127 0.0016 0.0263 0.0750 0.1343 0.1921 0.2413 0.2783 0.3013 0.3104 0.3079 0.2966 0.2775 0.2539 0.2284 0.2031 0.1782 0.1543
0.0000 0.0000 0.0000 0.0000 0.0000 0.0000 0.0000 0.0000 0.0000 0.0000 0.0000 0.0000 0.0000 0.0000 0.0000 0.0000 0.0000 0.0120 0.0458 0.1303 0.2091 0.2063 0.1222 0.0452 0.0587 0.1589 0.2745 0.3372 0.3204 0.2420 0.1403 0.0545 0.0073 0.0038 0.0369 0.0935 0.1592 0.2215 0.2734 0.3116 0.3344 0.3422 0.3378 0.3240 0.3020 0.2755 0.2474 0.2196 0.1924 0.1664
0.0000 0.0000 0.0000 0.0000 0.0000 0.0000 0.0000 0.0000 0.0000 0.0000 0.0000 0.0000 0.0000 0.0000 0.0000 0.0000 0.0000 0.0197 0.0627 0.1499 0.2175 0.1967 0.1022 0.0300 0.0577 0.1692 0.2861 0.3414 0.3144 0.2283 0.1249 0.0429 0.0034 0.0096 0.0523 0.1173 0.1892 0.2554 0.3092 0.3477 0.3694 0.3753 0.3683 0.3516 0.3264 0.2968 0.2659 0.2356 0.2060 0.1780
0.0000 0.0000 0.0000 0.0000 0.0000 0.0000 0.0000 0.0000 0.0000 0.0000 0.0000 0.0000 0.0000 0.0000 0.0000 0.0000 0.0000 0.0282 0.0744 0.1532 0.2014 0.1629 0.0669 0.0124 0.0639 0.1896 0.3059 0.3501 0.3098 0.2150 0.1101 0.0334 0.0033 0.0204 0.0734 0.1468 0.2244 0.2937 0.3485 0.3865 0.4063 0.4095 0.3994 0.3792 0.3505 0.3176 0.2839 0.2510 0.2191 0.1890
0.0000 0.0000 0.0000 0.0000 0.0000 0.0000 0.0000 0.0000 0.0000 0.0000 0.0000 0.0000 0.0000 0.0000 0.0000 0.0000 0.0000 0.0344 0.0736 0.1325 0.1577 0.1082 0.0264 0.0071 0.0944 0.2379 0.3503 0.3775 0.3182 0.2106 0.1021 0.0296 0.0085 0.0362 0.0993 0.1804 0.2631 0.3347 0.3897 0.4263 0.4436 0.4437 0.4301 0.4063 0.3738 0.3375 0.3010 0.2655 0.2312 0.1992
0.0000 0.0000 0.0000 0.0000 0.0000 0.0000 0.0000 0.0000 0.0000 0.0000 0.0000 0.0000 0.0000 0.0000 0.0000 0.0000 0.0000 0.0340 0.0553 0.0904 0.0997 0.0543 0.0061 0.0393 0.1713 0.3321 0.4341 0.4353 0.3484 0.2210 0.1037 0.0317 0.0171 0.0538 0.1255 0.2135 0.3003 0.3736 0.4285 0.4636 0.4782 0.4753 0.4583 0.4309 0.3948 0.3553 0.3162 0.2784 0.2421 0.2082
0.0000 0.0000 0.0000 0.0000 0.0000 0.0000 0.0000 0.0000 0.0000 0.0000 0.0000 0.0000 0.0000 0.0000 0.0000 0.0000 0.0000 0.0241 0.0255 0.0533 0.0700 0.0482 0.0447 0.1309 0.2991 0.4644 0.5433 0.5084 0.3868 0.2348 0.1055 0.0317 0.0219 0.0662 0.1455 0.2396 0.3304 0.4053 0.4603 0.4941 0.5066 0.5011 0.4813 0.4510 0.4119 0.3697 0.3285 0.2889 0.2508 0.2155
0.0000 0.0000 0.0000 0.0000 0.0000 0.0000 0.0000 0.0000 0.0000 0.0000 0.0000 0.0000 0.0000 0.0000 0.0000 0.0000 0.0000 0.0076 0.0127 0.0848 0.1452 0.1499 0.1599 0.2465 0.3983 0.5318 0.5731 0.5050 0.3620 0.2025 0.0771 0.0141 0.0176 0.0745 0.1640 0.2649 0.3594 0.4355 0.4899 0.5220 0.5320 0.5238 0.5012 0.4680 0.4261 0.3815 0.3386 0.2973 0.2578 0.2213
0.0000 0.0000 0.0000 0.0000 0.0000 0.0000 0.0000 0.0000 0.0000 0.0000 0.0000 0.0000 0.0000 0.0000 0.0000 0.0000 0.0000 0.0032 0.0711 0.2382 0.3121 0.2389 0.1179 0.0708 0.1270 0.2204 0.2723 0.2515 0.1765 0.0904 0.0328 0.0248 0.0678 0.1494 0.2512 0.3550 0.4457 0.5140 0.5588 0.5812 0.5818 0.5651 0.5348 0.4951 0.4480 0.3991 0.3526 0.3085 0.2668 0.2284
0.0000 0.0000 0.0000 0.0000 0.0000 0.0000 0.0000 0.0000 0.0000 0.0000 0.0000 0.0000 0.0000 0.0000 0.0000 0.0000 0.0000 0.0071 0.1040 0.2671 0.2967 0.1934 0.0824 0.0697 0.1531 0.2501 0.2878 0.2490 0.1636 0.0784 0.0311 0.0381 0.0960 0.1897 0.2994 0.4066 0.4969 0.5619 0.6019 0.6189 0.6143 0.5922 0.5572 0.5132 0.4628 0.4112 0.3623 0.3162 0.2730 0.2333
0.0000 0.0000 0.0000 0.0000 0.0000 0.0000 0.0000 0.0000 0.0000 0.0000 0.0000 0.0000 0.0000 0.0000 0.0000 0.0000 0.0000 0.0168 0.1387 0.2820 0.2636 0.1418 0.0548 0.0820 0.1889 0.2825 0.3008 0.2429 0.1491 0.0682 0.0341 0.0579 0.1313 0.2365 0.3529 0.4621 0.5504 0.6108 0.6448 0.6556 0.6451 0.6174 0.5774 0.5292 0.4756 0.4214 0.3702 0.3225 0.2778 0.2370
0.0000 0.0000 0.0000 0.0000 0.0000 0.0000 0.0000 0.0000 0.0000 0.0000 0.0000 0.0000 0.0000 0.0000 0.0000 0.0000 0.0000 0.0317 0.1698 0.2780 0.2148 0.0907 0.0412 0.1104 0.2337 0.3154 0.3097 0.2329 0.1338 0.0610 0.0432 0.0852 0.1742 0.2899 0.4115 0.5208 0.6056 0.6599 0.6868 0.6907 0.6738 0.6402 0.5951 0.5427 0.4862 0.4296 0.3763 0.3270 0.2813 0.2395
0.0000 0.0000 0.0000 0.0000 0.0000 0.0000 0.0000 0.0000 0.0000 0.0000 0.0000 0.0000 0.0000 0.0000 0.0000 0.0000 0.0000 0.0500 0.1910 0.2528 0.1556 0.0483 0.0471 0.1555 0.2852 0.3460 0.3128 0.2188 0.1187 0.0583 0.0597 0.1210 0.2250 0.3498 0.4746 0.5822 0.6616 0.7084 0.7271 0.7235 0.6999 0.6603 0.6101 0.5535 0.4943 0.4356 0.3805 0.3299 0.2832 0.2408
0.0000 0.0000 0.0000 0.0000 0.0000 0.0000 0.0000 0.0000 0.0000 0.0000 0.0000 0.0000 0.0000 0.0000 0.0000 0.0000 0.0000 0.0685 0.1964 0.2075 0.0945 0.0236 0.0764 0.2159 0.3392 0.3708 0.3088 0.2012 0.1053 0.0619 0.0850 0.1661 0.2840 0.4160 0.5417 0.6455 0.7179 0.7562 0.7661 0.7543 0.7237 0.6780 0.6228 0.5623 0.5002 0.4394 0.3828 0.3311 0.2837 0.2408
0.0000 0.0000 0.0000 0.0000 0.0000 0.0000 0.0000 0.0000 0.0000 0.0000 0.0000 0.0000 0.0000 0.0000 0.0000 0.0000 0.0000 0.0828 0.1825 0.1481 0.0428 0.0247 0.1302 0.2874 0.3904 0.3862 0.2966 0.1809 0.0956 0.0736 0.1203 0.2209 0.3510 0.4878 0.6120 0.7097 0.7736 0.8024 0.8030 0.7827 0.7446 0.6930 0.6331 0.5687 0.5038 0.4411 0.3831 0.3306 0.2827 0.2395
0.0000 0.0000 0.0000 0.0000 0.0000 0.0000 0.0000 0.0000 0.0000 0.0000 0.0000 0.0000 0.0000 0.0000 0.0000 0.0000 0.0000 0.0886 0.1497 0.0850 0.0123 0.0565 0.2056 0.3629 0.4323 0.3887 0.2759 0.1597 0.0917 0.0952 0.1667 0.2856 0.4255 0.5642 0.6840 0.7735 0.8271 0.8454 0.8361 0.8071 0.7615 0.7042 0.6398 0.5719 0.5046 0.4402 0.3813 0.3283 0.2801 0.2369
0.0000 0.0000 0.0000 0.0000 0.0000 0.0000 0.0000 0.0000 0.0000 0.0000 0.0000 0.0000 0.0000 0.0000 0.0000 0.0000 0.0000 0.0832 0.1033 0.0322 0.0136 0.1198 0.2953 0.4332 0.4584 0.3761 0.2478 0.1402 0.0962 0.1285 0.2249 0.3600 0.5066 0.6438 0.7565 0.8354 0.8774 0.8843 0.8647 0.8268 0.7738 0.7112 0.6427 0.5717 0.5023 0.4367 0.3773 0.3241 0.2759 0.2330
0.0000 0.0000 0.0000 0.0000 0.0000 0.0000 0.0000 0.0000 0.0000 0.0000 0.0000 0.0000 0.0000 0.0000 0.0000 0.0000 0.0000 0.0667 0.0539 0.0042 0.0521 0.2090 0.3879 0.4876 0.4629 0.3478 0.2149 0.1258 0.1123 0.1753 0.2952 0.4435 0.5930 0.7252 0.8277 0.8940 0.9230 0.9178 0.8877 0.8411 0.7810 0.7134 0.6414 0.5678 0.4968 0.4305 0.3710 0.3179 0.2702 0.2278
0.0000 0.0000 0.0000 0.0000 0.0000 0.0000 0.0000 0.0000 0.0000 0.0000 0.0000 0.0000 0.0000 0.0000 0.0000 0.0000 0.0000 0.0428 0.0152 0.0126 0.1267 0.3126 0.4697 0.5167 0.4429 0.3061 0.1818 0.1214 0.1432 0.2374 0.3782 0.5350 0.6831 0.8067 0.8966 0.9489 0.9637 0.9455 0.9041 0.8485 0.7817 0.7093 0.6342 0.5594 0.4880 0.4218 0.3628 0.3103 0.2632 0.2216
0.0000 0.0000 0.0000 0.0000 0.0000 0.0000 0.0000 0.0000 0.0000 0.0000 0.0000 0.0000 0.0000 0.0000 0.0000 0.0000 0.0000 0.0186 0.0005 0.0616 0.2274 0.4136 0.5254 0.5130 0.3987 0.2557 0.1542 0.1315 0.1916 0.3155 0.4726 0.6328 0.7747 0.8861 0.9607 0.9974 0.9972 0.9660 0.9135 0.8495 0.7767 0.7000 0.6227 0.5472 0.4760 0.4105 0.3524 0.3009 0.2548 0.2142
0.0000 0.0000 0.0000 0.0000 0.0000 0.0000 0.0000 0.0000 0.0000 0.0000 0.0000 0.0000 0.0000 0.0000 0.0000 0.0000 0.0000 0.0027 0.0187 0.1458 0.3362 0.4924 0.5430 0.4741 0.3353 0.2045 0.1396 0.1610 0.2597 0.4095 0.5771 0.7346 0.8654 0.9609 1.0180 1.0379 1.0225 0.9784 0.9154 0.8437 0.7657 0.6857 0.6068 0.5314 0.4610 0.3967 0.3399 0.2896 0.2449 0.2056
0.0000 0.0000 0.0000 0.0000 0.0000 0.0000 0.0000 0.0000 0.0000 0.0000 0.0000 0.0000 0.0000 0.0000 0.0000 0.0000 0.0000 0.0024 0.0697 0.2488 0.4302 0.5314 0.5160 0.4042 0.2625 0.1629 0.1457 0.2143 0.3488 0.5184 0.6892 0.8375 0.9524 1.0288 1.0665 1.0689 1.0383 0.9819 0.9093 0.8310 0.7487 0.6663 0.5868 0.5120 0.4430 0.3804 0.3254 0.2768 0.2336 0.1959
0.0000 0.0000 0.0000 0.0000 0.0000 0.0000 0.0000 0.0000 0.0000 0.0000 0.0000 0.0000 0.0000 0.0000 0.0000 0.0000 0.0000 0.0205 0.1434 0.3470 0.4874 0.5201 0.4476 0.3158 0.1953 0.1434 0.1806 0.2952 0.4588 0.6393 0.8062 0.9402 1.0348 1.0893 1.1060 1.0899 1.0443 0.9767 0.8970 0.8139 0.7288 0.6452 0.5655 0.4913 0.4236 0.3628 0.3096 0.2628 0.2215 0.1855
0.0000 0.0000 0.0000 0.0000 0.0000 0.0000 0.0000 0.0000 0.0000 0.0000 0.0000 0.0000 0.0000 0.0000 0.0000 0.0000 0.0000 0.0534 0.2202 0.4134 0.4907 0.4571 0.3486 0.2249 0.1486 0.1564 0.2495 0.4039 0.5870 0.7682 0.9230 1.0368 1.1072 1.1377 1.1328 1.0986 1.0390 0.9615 0.8761 0.7896 0.7028 0.6190 0.5401 0.4672 0.4016 0.3430 0.2920 0.2474 0.2083 0.1742
0.0000 0.0000 0.0000 0.0000 0.0000 0.0000 0.0000 0.0000 0.0000 0.0000 0.0000 0.0000 0.0000 0.0000 0.0000 0.0000 0.0000 0.0911 0.2764 0.4273 0.4359 0.3545 0.2404 0.1532 0.1388 0.2113 0.3550 0.5383 0.7284 0.8992 1.0339 1.1223 1.1657 1.1712 1.1450 1.0937 1.0218 0.9361 0.8465 0.7580 0.6709 0.5879 0.5107 0.4400 0.3770 0.3212 0.2728 0.2308 0.1940 0.1621
0.0000 0.0000 0.0000 0.0000 0.0000 0.0000 0.0000 0.0000 0.0000 0.0000 0.0000 0.0000 0.0000 0.0000 0.0000 0.0000 0.0000 0.1204 0.2925 0.3820 0.3353 0.2370 0.1500 0.1229 0.1796 0.3128 0.4952 0.6929 0.8770 1.0274 1.1349 1.1937 1.2086 1.1893 1.1429 1.0763 0.9940 0.9021 0.8097 0.7205 0.6342 0.5531 0.4785 0.4107 0.3508 0.2980 0.2526 0.2133 0.1791 0.1495
0.0000 0.0000 0.0000 0.0000 0.0000 0.0000 0.0000 0.0000 0.0000 0.0000 0.0000 0.0000 0.0000 0.0000 0.0000 0.0000 0.0000 0.1297 0.2610 0.2887 0.2158 0.1365 0.1051 0.1517 0.2777 0.4590 0.6631 0.8594 1.0250 1.1474 1.2216 1.2477 1.2342 1.1912 1.1265 1.0471 0.9567 0.8607 0.7667 0.6779 0.5936 0.5154 0.4441 0.3800 0.3234 0.2739 0.2317 0.1954 0.1638 0.1366
0.0000 0.0000 0.0000 0.0000 0.0000 0.0000 0.0000 0.0000 0.0000 0.0000 0.0000 0.0000 0.0000 0.0000 0.0000 0.0000 0.0000 0.1139 0.1907 0.1755 0.1132 0.0847 0.1265 0.2477 0.4300 0.6394 0.8448 1.0230 1.1585 1.2456 1.2832 1.2762 1.2357 1.1716 1.0916 1.0024 0.9068 0.8090 0.7156 0.6290 0.5481 0.4737 0.4067 0.3469 0.2943 0.2485 0.2098 0.1767 0.1479 0.1232
0.0000 0.0000 0.0000 0.0000 0.0000 0.0000 0.0000 0.0000 0.0000 0.0000 0.0000 0.0000 0.0000 0.0000 0.0000 0.0000 0.0000 0.0787 0.1066 0.0818 0.0639 0.1060 0.2235 0.4062 0.6226 0.8361 1.0223 1.1681 1.2645 1.3126 1.3129 1.2748 1.2107 1.1293 1.0379 0.9424 0.8446 0.7478 0.6571 0.5744 0.4981 0.4287 0.3668 0.3120 0.2638 0.2221 0.1873 0.1575 0.1317 0.1095
0.0000 0.0000 0.0000 0.0000 0.0000 0.0000 0.0000 0.0000 0.0000 0.0000 0.0000 0.0000 0.0000 0.0000 0.0000 0.0000 0.0000 0.0389 0.0426 0.0451 0.0931 0.2087 0.3893 0.6108 0.8350 1.0298 1.1804 1.2831 1.3353 1.3425 1.3091 1.2447 1.1616 1.0681 0.9701 0.8720 0.7750 0.6813 0.5947 0.5168 0.4457 0.3823 0.3261 0.2767 0.2334 0.1962 0.1651 0.1386 0.1158 0.0962
0.0000 0.0000 0.0000 0.0000 0.0000 0.0000 0.0000 0.0000 0.0000 0.0000 0.0000 0.0000 0.0000 0.0000 0.0000 0.0000 0.0000 0.0126 0.0275 0.0869 0.2041 0.3789 0.5975 0.8288 1.0343 1.1907 1.2940 1.3487 1.3567 1.3265 1.2649 1.1807 1.0847 0.9847 0.8849 0.7882 0.6952 0.6073 0.5269 0.4552 0.3906 0.3339 0.2841 0.2405 0.2025 0.1699 0.1428 0.1197 0.0998 0.0829
0.0000 0.0000 0.0000 0.0000 0.0000 0.0000 0.0000 0.0000 0.0000 0.0000 0.0000 0.0000 0.0000 0.0000 0.0000 0.0000 0.0000 0.0142 0.0744 0.2037 0.3749 0.5817 0.8075 1.0203 1.1858 1.2917 1.3434 1.3517 1.3210 1.2608 1.1792 1.0830 0.9812 0.8807 0.7840 0.6926 0.6067 0.5270 0.4546 0.3908 0.3337 0.2844 0.2413 0.2039 0.1714 0.1436 0.1205 0.1009 0.0840 0.0697
0.0000 0.0000 0.0000 0.0000 0.0000 0.0000 0.0000 0.0000 0.0000 0.0000 0.0000 0.0000 0.0000 0.0000 0.0000 0.0000 0.0000 0.0463 0.1722 0.3642 0.5618 0.7692 0.9736 1.1466 1.2613 1.3148 1.3194 1.2892 1.2297 1.1502 1.0580 0.9584 0.8584 0.7630 0.6736 0.5907 0.5141 0.4439 0.3810 0.3262 0.2777 0.2363 0.2002 0.1687 0.1415 0.1184 0.0992 0.0829 0.0690 0.0572
0.0000 0.0000 0.0000 0.0000 0.0000 0.0000 0.0000 0.0000 0.0000 0.0000 0.0000 0.0000 0.0000 0.0000 0.0000 0.0000 0.0000 0.0976 0.2873 0.5177 0.7108 0.8913 1.0540 1.1765 1.2407 1.2490 1.2175 1.1611 1.0855 0.9987 0.9059 0.8112 0.7198 0.6346 0.5562 0.4846 0.4192 0.3599 0.3074 0.2624 0.2232 0.1898 0.1605 0.1349 0.1130 0.0944 0.0789 0.0659 0.0549 0.0455
0.0000 0.0000 0.0000 0.0000 0.0000 0.0000 0.0000 0.0000 0.0000 0.0000 0.0000 0.0000 0.0000 0.0000 0.0000 0.0000 0.0000 0.1458 0.3745 0.6091 0.7724 0.9091 1.0220 1.0951 1.1174 1.0943 1.0421 0.9744 0.8960 0.8131 0.7291 0.6467 0.5694 0.4986 0.4344 0.3764 0.3238 0.2767 0.2353 0.2004 0.1703 0.1448 0.1224 0.1026 0.0858 0.0715 0.0597 0.0499 0.0415 0.0344
0.0000 0.0000 0.0000 0.0000 0.0000 0.0000 0.0000 0.0000 0.0000 0.0000 0.0000 0.0000 0.0000 0.0000 0.0000 0.0000 0.0000 0.1679 0.3954 0.6003 0.7200 0.8097 0.8767 0.9107 0.9058 0.8681 0.8116 0.7472 0.6781 0.6084 0.5408 0.4761 0.4166 0.3628 0.3146 0.2715 0.2327 0.1980 0.1679 0.1427 0.1213 0.1031 0.0870 0.0729 0.0609 0.0507 0.0423 0.0353 0.0293 0.0243
0.0000 0.0000 0.0000 0.0000 0.0000 0.0000 0.0000 0.0000 0.0000 0.0000 0.0000 0.0000 0.0000 0.0000 0.0000 0.0000 0.0000 0.1514 0.3364 0.4872 0.5624 0.6129 0.6461 0.6559 0.6393 0.6026 0.5558 0.5058 0.4544 0.4038 0.3569 0.3128 0.2724 0.2362 0.2041 0.1759 0.1505 0.1278 0.1082 0.0920 0.0782 0.0663 0.0559 0.0469 0.0391 0.0326 0.0272 0.0227 0.0189 0.0156
0.0000 0.0000 0.0000 0.0000 0.0000 0.0000 0.0000 0.0000 0.0000 0.0000 0.0000 0.0000 0.0000 0.0000 0.0000 0.0000 0.0000 0.1030 0.2201 0.3089 0.3474 0.3706 0.3836 0.3831 0.3680 0.3427 0.3131 0.2826 0.2520 0.2224 0.1958 0.1711 0.1485 0.1284 0.1107 0.0954 0.0815 0.0692 0.0585 0.0497 0.0424 0.0358 0.0302 0.0254 0.0212 0.0176 0.0147 0.0122 0.0102 0.0084
0.0000 0.0000 0.0000 0.0000 0.0000 0.0000 0.0000 0.0000 0.0000 0.0000 0.0000 0.0000 0.0000 0.0000 0.0000 0.0000 0.0000 0.0448 0.0935 0.1287 0.1424 0.1500 0.1534 0.1517 0.1443 0.1334 0.1211 0.1088 0.0965 0.0848 0.0745 0.0650 0.0563 0.0486 0.0418 0.0361 0.0308 0.0261 0.0221 0.0188 0.0160 0.0135 0.0114 0.0096 0.0080 0.0067 0.0056 0.0046 0.0039 0.0032
0.0000 0.0000 0.0000 0.0000 0.0000 0.0000 0.0000 0.0000 0.0000 0.0000 0.0000 0.0000 0.0000 0.0000 0.0000 0.0000 0.0000 0.0054 0.0112 0.0152 0.0167 0.0175 0.0178 0.0174 0.0165 0.0152 0.0138 0.0123 0.0109 0.0096 0.0084 0.0073 0.0063 0.0055 0.0047 0.0040 0.0035 0.0029 0.0025 0.0021 0.0018 0.0015 0.0013 0.0011 0.0009 0.0007 0.0006 0.0005 0.0004 0.0004
