0.2185 0.2176 0.2172 0.1856 0.1755 0.1648 0.1532 0.1447 0.1401 0.1517 0.1132 0.1072 0.1206 0.1229 0.1175 0.1055 0.0848 0.0618 0.0519 0.0596 0.0726 0.0781 0.0706 0.0558 0.0404 0.0291 0.0226 0.0198 0.0190 0.0185 0.0178 0.0166 0.0149 0.0132 0.0115 0.0099 0.0085 0.0073 0.0063 0.0054 0.0047 0.0041 0.0036 0.0032 0.0028 0.0025 0.0022 0.0020 0.0018 0.0016
0.6549 0.6503 0.6493 0.5572 0.5270 0.4939 0.4588 0.4331 0.4197 0.4539 0.3398 0.3218 0.3633 0.3708 0.3539 0.3174 0.2553 0.1860 0.1553 0.1770 0.2156 0.2331 0.2118 0.1684 0.1225 0.0881 0.0681 0.0592 0.0565 0.0551 0.0529 0.0494 0.0447 0.0397 0.0347 0.0299 0.0256 0.0220 0.0189 0.0163 0.0140 0.0123 0.0108 0.0096 0.0085 0.0075 0.0067 0.0060 0.0054 0.0048
1.0902 1.0766 1.0745 0.9297 0.8801 0.8212 0.7617 0.7186 0.6969 0.7528 0.5668 0.5364 0.6106 0.6249 0.5944 0.5317 0.4283 0.3122 0.2576 0.2894 0.3524 0.3842 0.3530 0.2838 0.2080 0.1498 0.1147 0.0984 0.0930 0.0905 0.0870 0.0816 0.0741 0.0660 0.0579 0.0500 0.0430 0.0369 0.0317 0.0273 0.0235 0.0205 0.0181 0.0160 0.0142 0.0126 0.0112 0.0100 0.0089 0.0080
1.5259 1.4960 1.4893 1.3023 1.2373 1.1463 1.0604 1.0004 0.9695 1.0473 0.7942 0.7515 0.8662 0.8893 0.8411 0.7495 0.6054 0.4421 0.3586 0.3937 0.4788 0.5285 0.4938 0.4038 0.2997 0.2162 0.1635 0.1375 0.1281 0.1239 0.1193 0.1125 0.1027 0.0921 0.0811 0.0703 0.0606 0.0522 0.0448 0.0385 0.0332 0.0290 0.0255 0.0225 0.0199 0.0177 0.0157 0.0140 0.0125 0.0112
1.9656 1.9124 1.8932 1.6723 1.6031 1.4697 1.3538 1.2791 1.2349 1.3383 1.0221 0.9678 1.1350 1.1677 1.0948 0.9707 0.7877 0.5780 0.4590 0.4877 0.5904 0.6622 0.6330 0.5295 0.4000 0.2900 0.2164 0.1774 0.1616 0.1548 0.1491 0.1414 0.1301 0.1176 0.1042 0.0909 0.0786 0.0678 0.0583 0.0502 0.0432 0.0376 0.0330 0.0292 0.0257 0.0228 0.0203 0.0180 0.0161 0.0144
2.4145 2.3339 2.2925 2.0351 1.9829 1.7944 1.6419 1.5564 1.4901 1.6290 1.2498 1.1874 1.4232 1.4632 1.3545 1.1934 0.9759 0.7231 0.5616 0.5704 0.6833 0.7810 0.7683 0.6617 0.5115 0.3745 0.2761 0.2198 0.1943 0.1831 0.1759 0.1677 0.1556 0.1419 0.1269 0.1114 0.0969 0.0839 0.0723 0.0622 0.0535 0.0466 0.0409 0.0360 0.0317 0.0280 0.0249 0.0221 0.0197 0.0176
2.8776 2.7679 2.7041 2.3874 2.3811 2.1269 1.9274 1.8346 1.7335 1.9250 1.4753 1.4142 1.7379 1.7764 1.6160 1.4142 1.1704 0.8817 0.6710 0.6435 0.7547 0.8802 0.8960 0.7994 0.6366 0.4733 0.3466 0.2677 0.2280 0.2095 0.1994 0.1906 0.1784 0.1644 0.1484 0.1315 0.1152 0.1002 0.0866 0.0747 0.0643 0.0559 0.0490 0.0431 0.0378 0.0334 0.0296 0.0262 0.0234 0.0208
3.3562 3.2139 3.1530 2.7348 2.7942 2.4809 2.2152 2.1149 1.9670 2.2325 1.6949 1.6552 2.0865 2.1044 1.8716 1.6270 1.3712 1.0599 0.7957 0.7121 0.8042 0.9547 1.0108 0.9401 0.7758 0.5903 0.4325 0.3255 0.2659 0.2356 0.2203 0.2100 0.1978 0.1841 0.1681 0.1504 0.1329 0.1165 0.1011 0.0875 0.0755 0.0657 0.0574 0.0505 0.0442 0.0390 0.0344 0.0305 0.0271 0.0241
3.8401 3.6609 3.6567 3.1050 3.2034 2.8802 2.5113 2.3964 2.1983 2.5545 1.9037 1.9215 2.4733 2.4376 2.1091 1.8246 1.5782 1.2654 0.9478 0.7867 0.8353 1.0010 1.1055 1.0777 0.9275 0.7276 0.5388 0.3989 0.3129 0.2649 0.2402 0.2262 0.2132 0.2001 0.1846 0.1671 0.1492 0.1318 0.1153 0.1003 0.0867 0.0756 0.0662 0.0581 0.0509 0.0448 0.0395 0.0349 0.0310 0.0275
4.2928 4.0961 4.1972 3.5561 3.5707 3.3581 2.8168 2.6771 2.4418 2.8848 2.0970 2.2274 2.8957 2.7587 2.3132 1.9993 1.7918 1.5073 1.1433 0.8839 0.8571 1.0177 1.1712 1.2019 1.0849 0.8840 0.6689 0.4939 0.3754 0.3028 0.2627 0.2411 0.2252 0.2119 0.1972 0.1804 0.1628 0.1453 0.1281 0.1122 0.0976 0.0854 0.0749 0.0658 0.0577 0.0507 0.0447 0.0394 0.0350 0.0310
4.6511 4.5197 4.7040 4.1567 3.8559 3.9470 3.1256 2.9625 2.7162 3.2035 2.2791 2.5900 3.3399 3.0439 2.4711 2.1483 2.0143 1.7951 1.4025 1.0298 0.8901 1.0109 1.2005 1.2987 1.2353 1.0531 0.8236 0.6163 0.4618 0.3578 0.2951 0.2600 0.2371 0.2212 0.2063 0.1901 0.1732 0.1562 0.1391 0.1229 0.1076 0.0947 0.0834 0.0736 0.0646 0.0568 0.0501 0.0442 0.0392 0.0347
4.9084 4.9288 5.0914 4.9097 4.0575 4.6370 3.4206 3.2673 3.0273 3.4733 2.4640 3.0160 3.7729 3.2653 2.5764 2.2737 2.2452 2.1303 1.7398 1.2526 0.9628 0.9953 1.1883 1.3492 1.3562 1.2176 0.9944 0.7664 0.5784 0.4389 0.3466 0.2907 0.2550 0.2322 0.2143 0.1973 0.1807 0.1642 0.1476 0.1316 0.1163 0.1031 0.0914 0.0810 0.0714 0.0630 0.0556 0.0492 0.0436 0.0386
5.2797 5.2648 5.3538 5.6572 4.2583 5.3200 3.6847 3.6052 3.3419 3.6436 2.6682 3.4808 4.1383 3.3979 2.6328 2.3795 2.4719 2.4906 2.1452 1.5662 1.1029 0.9909 1.1327 1.3296 1.4125 1.3424 1.1552 0.9295 0.7210 0.5494 0.4241 0.3412 0.2856 0.2501 0.2247 0.2039 0.1858 0.1691 0.1528 0.1373 0.1224 0.1094 0.0977 0.0871 0.0772 0.0685 0.0607 0.0538 0.0478 0.0424
6.1071 5.4585 5.5867 6.1034 4.6090 5.7859 3.9476 3.9801 3.5985 3.6941 2.9189 3.9246 4.3764 3.4455 2.6688 2.4761 2.6671 2.8233 2.5769 1.9677 1.3424 1.0375 1.0538 1.2293 1.3687 1.3820 1.2642 1.0755 0.8732 0.6851 0.5321 0.4206 0.3400 0.2854 0.2466 0.2169 0.1937 0.1743 0.1570 0.1412 0.1264 0.1135 0.1020 0.0916 0.0816 0.0728 0.0648 0.0577 0.0514 0.0457
7.1578 5.6831 5.8194 6.0971 5.1375 5.8442 4.2781 4.3503 3.7549 3.6736 3.2219 4.2438 4.4545 3.4593 2.7316 2.5657 2.7764 3.0286 2.9360 2.4096 1.7016 1.1970 1.0108 1.0745 1.2109 1.2930 1.2661 1.1529 0.9963 0.8229 0.6619 0.5308 0.4265 0.3496 0.2920 0.2477 0.2140 0.1877 0.1661 0.1478 0.1315 0.1179 0.1059 0.0954 0.0853 0.0763 0.0682 0.0609 0.0545 0.0486
7.3881 6.2200 5.9978 5.9295 5.5420 5.5921 4.6702 4.6623 3.9029 3.7064 3.5191 4.3208 4.4154 3.5465 2.8669 2.6301 2.7269 2.9721 3.0600 2.7749 2.1648 1.5503 1.1286 0.9750 0.9971 1.0756 1.1188 1.0990 1.0257 0.9092 0.7762 0.6507 0.5372 0.4442 0.3684 0.3064 0.2580 0.2200 0.1896 0.1651 0.1444 0.1276 0.1135 0.1015 0.0904 0.0807 0.0720 0.0644 0.0576 0.0514
6.9023 6.5450 6.4797 5.9800 5.5671 5.4908 4.9099 5.0419 4.3166 3.8892 3.6816 4.1057 4.4074 3.8417 3.0837 2.6369 2.4953 2.5760 2.7729 2.8582 2.6207 2.1494 1.5975 1.1768 0.9441 0.8681 0.8710 0.8913 0.8953 0.8608 0.7945 0.7129 0.6219 0.5357 0.4561 0.3842 0.3239 0.2740 0.2330 0.1995 0.1716 0.1489 0.1302 0.1148 0.1009 0.0892 0.0789 0.0701 0.0624 0.0555
7.0968 6.5503 7.3404 6.5000 6.0874 5.7832 4.8883 5.8982 5.1211 4.1396 3.7236 3.7277 4.5415 4.3800 3.3326 2.6028 2.2961 2.1001 2.1078 2.3949 2.6981 2.7730 2.4872 2.0096 1.5091 1.1158 0.8607 0.7272 0.6730 0.6486 0.6294 0.6042 0.5649 0.5191 0.4675 0.4123 0.3603 0.3130 0.2711 0.2347 0.2030 0.1760 0.1533 0.1342 0.1170 0.1026 0.0900 0.0793 0.0701 0.0619
7.8744 7.5317 8.1309 6.9362 6.7483 6.5178 5.8018 5.6070 5.2763 4.5057 4.8092 3.9425 3.6159 3.8649 3.3196 2.6745 2.7390 2.9359 2.6507 2.0652 1.6476 1.6588 1.9427 2.2628 2.4175 2.3607 2.1241 1.8017 1.4738 1.1699 0.9175 0.7256 0.5795 0.4742 0.3960 0.3353 0.2890 0.2526 0.2230 0.1983 0.1768 0.1580 0.1416 0.1272 0.1134 0.1013 0.0904 0.0807 0.0722 0.0643
9.1635 7.8424 8.1686 7.8947 6.7771 7.2087 5.9190 6.2153 5.3476 4.9834 5.0657 4.0685 3.9883 4.1112 3.4050 2.8567 3.0088 3.1309 2.7385 2.1296 1.7573 1.8184 2.1181 2.4235 2.5508 2.4695 2.2152 1.8812 1.5456 1.2348 0.9753 0.7763 0.6233 0.5119 0.4284 0.3629 0.3125 0.2726 0.2402 0.2133 0.1900 0.1696 0.1519 0.1362 0.1214 0.1083 0.0967 0.0863 0.0772 0.0688
9.9650 8.8990 8.0485 8.6274 7.1298 7.6118 6.2633 6.6842 5.4632 5.5197 5.2199 4.2604 4.3881 4.3025 3.4906 3.0785 3.2868 3.3040 2.8105 2.1983 1.8819 1.9905 2.2977 2.5811 2.6775 2.5711 2.3005 1.9567 1.6153 1.2992 1.0336 0.8283 0.6687 0.5514 0.4625 0.3921 0.3375 0.2940 0.2584 0.2291 0.2039 0.1820 0.1628 0.1457 0.1296 0.1157 0.1032 0.0921 0.0824 0.0735
9.7679 9.9856 8.4572 8.8101 7.9098 7.6882 6.8855 6.9265 5.7311 6.0261 5.2996 4.5475 4.7792 4.4363 3.5973 3.3408 3.5610 3.4503 2.8705 2.2765 2.0232 2.1739 2.4792 2.7338 2.7964 2.6651 2.3799 2.0283 1.6830 1.3631 1.0925 0.8815 0.7158 0.5927 0.4984 0.4231 0.3641 0.3167 0.2778 0.2459 0.2187 0.1950 0.1743 0.1557 0.1383 0.1233 0.1100 0.0982 0.0879 0.0784
9.6877 10.2345 9.4992 8.6969 8.8143 7.6784 7.6393 6.9874 6.1964 6.4118 5.3708 4.9320 5.1215 4.5256 3.7457 3.6373 3.8184 3.5681 2.9250 2.3695 2.1822 2.3662 2.6598 2.8797 2.9069 2.7516 2.4537 2.0964 1.7489 1.4266 1.1519 0.9359 0.7643 0.6357 0.5361 0.4559 0.3923 0.3408 0.2984 0.2638 0.2345 0.2089 0.1865 0.1663 0.1475 0.1313 0.1172 0.1046 0.0935 0.0835
10.7082 9.9885 10.4102 8.9101 9.3579 7.9179 8.2422 7.0318 6.7876 6.6278 5.5109 5.3801 5.3847 4.5965 3.9482 3.9537 4.0482 3.6615 2.9828 2.4826 2.3588 2.5656 2.8375 3.0181 3.0094 2.8312 2.5221 2.1613 1.8133 1.4900 1.2125 0.9922 0.8152 0.6809 0.5757 0.4905 0.4223 0.3668 0.3207 0.2831 0.2513 0.2236 0.1993 0.1774 0.1573 0.1400 0.1249 0.1114 0.0996 0.0889
11.8152 10.3879 10.5760 9.6960 9.4167 8.5331 8.5178 7.2538 7.3557 6.7130 5.7766 5.8315 5.5627 4.6847 4.2077 4.2714 4.2433 3.7377 3.0529 2.6188 2.5514 2.7691 3.0104 3.1487 3.1044 2.9046 2.5860 2.2237 1.8765 1.5533 1.2742 1.0506 0.8685 0.7284 0.6172 0.5269 0.4542 0.3948 0.3448 0.3039 0.2692 0.2391 0.2128 0.1892 0.1679 0.1495 0.1333 0.1188 0.1062 0.0948
11.8798 11.4601 10.4780 10.5685 9.4087 9.2923 8.5683 7.7300 7.7691 6.7829 6.1729 6.2249 5.6798 4.8251 4.5163 4.5719 4.4027 3.8065 3.1424 2.7785 2.7563 2.9727 3.1765 3.2709 3.1923 2.9729 2.6467 2.2840 1.9387 1.6163 1.3364 1.1099 0.9231 0.7773 0.6603 0.5650 0.4878 0.4244 0.3704 0.3260 0.2882 0.2555 0.2271 0.2017 0.1791 0.1596 0.1422 0.1267 0.1132 0.1010
11.8665 12.1084 10.9267 10.9665 9.7811 9.8270 8.6738 8.3357 7.9952 6.9537 6.6419 6.5252 5.7826 5.0364 4.8527 4.8413 4.5333 3.8801 3.2571 2.9604 2.9700 3.1740 3.3355 3.3858 3.2747 3.0376 2.7051 2.3429 1.9999 1.6791 1.3989 1.1701 0.9790 0.8277 0.7049 0.6047 0.5230 0.4556 0.3975 0.3495 0.3085 0.2730 0.2422 0.2149 0.1910 0.1704 0.1517 0.1350 0.1205 0.1075
12.6693 12.1930 11.7720 11.0619 10.4732 10.0594 9.0286 8.8701 8.1317 7.2733 7.0997 6.7427 5.9203 5.3157 5.1924 5.0753 4.6480 3.9702 3.3995 3.1616 3.1894 3.3720 3.4882 3.4951 3.3532 3.1000 2.7623 2.4009 2.0606 1.7416 1.4615 1.2308 1.0357 0.8792 0.7509 0.6459 0.5599 0.4885 0.4262 0.3744 0.3300 0.2915 0.2583 0.2290 0.2036 0.1818 0.1617 0.1439 0.1283 0.1144
13.2889 12.4251 12.2552 11.2878 11.0189 10.1880 9.5191 9.2076 8.2902 7.6753 7.4641 6.9019 6.1060 5.6359 5.5144 5.2792 4.7622 4.0869 3.5733 3.3849 3.4195 3.5731 3.6404 3.6023 3.4296 3.1624 2.8222 2.4630 2.1261 1.8083 1.5270 1.2943 1.0955 0.9346 0.8013 0.6909 0.6000 0.5244 0.4586 0.4032 0.3552 0.3131 0.2770 0.2454 0.2181 0.1947 0.1733 0.1542 0.1375 0.1225
13.5904 12.9290 12.5293 11.7443 11.3755 10.4670 10.0059 9.4620 8.5581 8.1015 7.7651 7.0751 6.3549 5.9770 5.8149 5.4676 4.8886 4.2313 3.7715 3.6210 3.6525 3.7727 3.7905 3.7085 3.5059 3.2250 2.8825 2.5251 2.1915 1.8745 1.5924 1.3580 1.1560 0.9910 0.8530 0.7373 0.6417 0.5619 0.4927 0.4337 0.3819 0.3361 0.2968 0.2628 0.2335 0.2084 0.1857 0.1652 0.1473 0.1312
13.9160 13.4254 12.8511 12.2111 11.7175 10.8311 10.4473 9.7345 8.8961 8.5144 8.0442 7.2847 6.6477 6.3242 6.1016 5.6548 5.0336 4.4020 3.9904 3.8681 3.8894 3.9732 3.9410 3.8154 3.5832 3.2885 2.9432 2.5873 2.2564 1.9400 1.6573 1.4217 1.2167 1.0481 0.9058 0.7849 0.6848 0.6009 0.5285 0.4658 0.4102 0.3603 0.3179 0.2814 0.2498 0.2230 0.1989 0.1770 0.1578 0.1405
14.0568 14.0942 13.0660 12.8064 12.0093 11.2420 10.9130 10.0100 9.2698 8.9386 8.3249 7.5204 6.9696 6.6811 6.3875 5.8485 5.1975 4.5961 4.2285 4.1276 4.1331 4.1776 4.0942 3.9247 3.6624 3.3533 3.0045 2.6495 2.3208 2.0047 1.7217 1.4853 1.2778 1.1059 0.9596 0.8338 0.7293 0.6415 0.5660 0.4997 0.4401 0.3861 0.3402 0.3011 0.2673 0.2385 0.2130 0.1896 0.1690 0.1504
14.8156 14.3248 13.5116 13.3817 12.1686 11.8452 11.3188 10.2426 9.7276 9.3880 8.5892 7.7772 7.3322 7.0705 6.6900 6.0576 5.3876 4.8229 4.4984 4.4131 4.3963 4.3954 4.2602 4.0493 3.7601 3.4344 3.0765 2.7176 2.3889 2.0740 1.7916 1.5542 1.3446 1.1700 1.0201 0.8899 0.7803 0.6873 0.6067 0.5365 0.4737 0.4171 0.3684 0.3259 0.2892 0.2580 0.2301 0.2048 0.1825 0.1623
15.7539 14.2168 14.5216 13.4416 12.6224 12.5639 11.4993 10.5702 10.3267 9.7933 8.8021 8.0760 7.7601 7.4846 6.9865 6.2628 5.5916 5.0757 4.7947 4.7187 4.6715 4.6193 4.4291 4.1755 3.8584 3.5155 3.1480 2.7852 2.4568 2.1434 1.8616 1.6235 1.4121 1.2352 1.0822 0.9477 0.8331 0.7349 0.6492 0.5750 0.5092 0.4501 0.3984 0.3525 0.3128 0.2788 0.2484 0.2210 0.1970 0.1752
15.2432 15.2965 14.9043 13.4687 13.6160 12.9035 11.5996 11.2021 10.9501 10.0461 9.0027 8.4816 8.2632 7.8973 7.2542 6.4584 5.8162 5.3636 5.1236 5.0461 4.9575 4.8465 4.5979 4.3005 3.9553 3.5953 3.2184 2.8522 2.5247 2.2135 1.9321 1.6932 1.4806 1.3018 1.1459 1.0075 0.8879 0.7844 0.6934 0.6153 0.5466 0.4850 0.4305 0.3809 0.3379 0.3011 0.2680 0.2384 0.2125 0.1890
15.9235 16.3775 14.5230 14.5484 14.3476 12.8200 12.1401 12.0774 11.3621 10.1826 9.3433 9.0593 8.8188 8.2712 7.4857 6.6666 6.0897 5.7077 5.4963 5.3996 5.2558 5.0788 4.7690 4.4272 4.0537 3.6774 3.2923 2.9243 2.5984 2.2896 2.0083 1.7687 1.5546 1.3738 1.2151 1.0725 0.9480 0.8391 0.7428 0.6604 0.5881 0.5233 0.4653 0.4120 0.3656 0.3259 0.2901 0.2581 0.2300 0.2046
17.8186 15.7940 15.5087 15.8076 14.2074 13.1816 13.2503 12.7469 11.4921 10.4432 9.9676 9.7784 9.3516 8.5741 7.6997 6.9293 6.4455 6.1248 5.9165 5.7772 5.5636 5.3160 4.9439 4.5582 4.1577 3.7673 3.3761 3.0081 2.6844 2.3773 2.0959 1.8556 1.6393 1.4560 1.2940 1.1468 1.0171 0.9029 0.8011 0.7136 0.6367 0.5664 0.5039 0.4471 0.3971 0.3543 0.3160 0.2812 0.2507 0.2230
17.0323 16.5131 17.2107 15.6257 14.3011 14.4380 14.1575 12.8533 11.6084 11.0495 10.8001 10.4440 9.7316 8.7853 7.9251 7.2663 6.8815 6.5951 6.3573 6.1523 5.8577 5.5375 5.1064 4.6817 4.2598 3.8591 3.4640 3.0967 2.7754 2.4697 2.1884 1.9473 1.7287 1.5429 1.3775 1.2256 1.0905 0.9707 0.8631 0.7704 0.6885 0.6125 0.5452 0.4846 0.4309 0.3848 0.3439 0.3063 0.2731 0.2430
17.6041 18.5803 16.9320 15.4801 15.7044 15.5610 14.2203 12.8151 12.1788 11.9948 11.5939 10.8854 9.9461 8.9759 8.2325 7.7100 7.3952 7.0982 6.7954 6.5060 6.1259 5.7370 5.2544 4.7983 4.3620 3.9555 3.5588 3.1927 2.8736 2.5691 2.2875 2.0455 1.8240 1.6355 1.4665 1.3096 1.1688 1.0431 0.9294 0.8311 0.7440 0.6617 0.5894 0.5249 0.4672 0.4177 0.3740 0.3334 0.2973 0.2646
20.0782 18.1405 16.7876 17.2324 17.0752 15.6080 14.1206 13.4609 13.3093 12.9747 12.1417 11.1281 10.1393 9.3005 8.7200 8.3003 7.9947 7.6368 7.2428 6.8591 6.3951 5.9449 5.4211 4.9426 4.4949 4.0846 3.6872 3.3223 3.0043 2.6981 2.4152 2.1709 1.9451 1.7507 1.5750 1.4104 1.2636 1.1328 1.0133 0.9085 0.8145 0.7262 0.6483 0.5785 0.5152 0.4609 0.4137 0.3693 0.3296 0.2936
19.0452 18.2095 18.9409 18.5714 16.8802 15.4307 14.8955 14.7595 14.3772 13.5233 12.3528 11.3018 10.4624 9.8171 9.3596 8.9650 8.6007 8.1421 7.6452 7.1728 6.6391 6.1427 5.5909 5.0996 4.6458 4.2344 3.8371 3.4734 3.1555 2.8461 2.5604 2.3126 2.0812 1.8794 1.6953 1.5216 1.3685 1.2324 1.1069 0.9951 0.8932 0.7986 0.7147 0.6390 0.5693 0.5096 0.4584 0.4098 0.3663 0.3265
19.9473 20.7317 19.8218 17.9799 16.7772 16.4964 16.3759 15.8126 14.8128 13.6348 12.5020 11.6637 11.0334 10.5159 10.0773 9.6209 9.1485 8.5754 7.9854 7.4442 6.8627 6.3378 5.7710 5.2752 4.8195 4.4085 4.0111 3.6479 3.3286 3.0138 2.7236 2.4708 2.2323 2.0215 1.8275 1.6435 1.4833 1.3417 1.2097 1.0902 0.9797 0.8783 0.7879 0.7058 0.6289 0.5633 0.5079 0.4548 0.4069 0.3629
22.3182 20.6462 18.9967 18.3838 18.3515 18.1012 17.2622 16.0221 14.7877 13.7543 12.9080 12.3130 11.8017 11.2844 10.7626 10.1843 9.5992 8.9295 8.2689 7.6864 7.0815 6.5465 5.9763 5.4825 5.0289 4.6187 4.2193 3.8567 3.5366 3.2169 2.9200 2.6600 2.4123 2.1918 1.9874 1.7927 1.6231 1.4731 1.3332 1.2049 1.0848 0.9742 0.8759 0.7871 0.7036 0.6318 0.5701 0.5113 0.4584 0.4095
21.1762 20.3848 20.4413 20.4035 19.7306 18.5430 17.1819 15.9508 15.0207 14.3142 13.6656 13.1388 12.5891 11.9693 11.3190 10.6142 9.9496 9.2223 8.5200 7.9229 7.3149 6.7850 6.2192 5.7311 5.2806 4.8698 4.4650 4.1034 3.7829 3.4590 3.1530 2.8835 2.6244 2.3933 2.1783 1.9726 1.7911 1.6293 1.4801 1.3418 1.2109 1.0884 0.9805 0.8850 0.7956 0.7175 0.6472 0.5814 0.5225 0.4681
22.7087 22.7543 22.1303 20.9204 19.5253 18.2973 17.3157 16.5236 15.8800 15.2593 14.5408 13.8884 13.2022 12.4641 11.7151 10.9326 10.2388 9.4956 8.7793 8.1874 7.5885 7.0708 6.5112 6.0276 5.5770 5.1618 4.7477 4.3851 4.0626 3.7326 3.4153 3.1340 2.8615 2.6183 2.3915 2.1735 1.9787 1.8038 1.6445 1.4953 1.3525 1.2164 1.0980 0.9953 0.8999 0.8150 0.7348 0.6612 0.5957 0.5350
24.4111 23.0520 21.7141 20.5960 19.7299 19.0470 18.3926 17.6647 16.9019 16.0771 15.1504 14.3427 13.5591 12.7601 11.9785 11.1799 10.4977 9.7659 9.0532 8.4756 7.8892 7.3849 6.8306 6.3499 5.8957 5.4730 5.0468 4.6792 4.3526 4.0163 3.6890 3.3974 3.1123 2.8578 2.6197 2.3904 2.1829 1.9949 1.8236 1.6631 1.5094 1.3619 1.2337 1.1228 1.0196 0.9269 0.8367 0.7546 0.6818 0.6141
24.1482 23.3086 22.6263 21.9656 21.2553 20.4554 19.5352 18.5054 17.4700 16.4359 15.3928 14.5391 13.7593 12.9444 12.1679 11.3856 10.7225 10.0064 9.3084 8.7451 8.1680 7.6737 7.1249 6.6486 6.1902 5.7599 5.3220 4.9420 4.6085 4.2690 3.9397 3.6454 3.3536 3.0927 2.8477 2.6118 2.3955 2.1974 2.0099 1.8394 1.6800 1.5305 1.3967 1.2752 1.1601 1.0571 0.9591 0.8686 0.7877 0.7121
26.3271 25.4424 24.4450 23.3648 22.2590 21.1315 19.9752 18.7986 17.6733 16.5941 15.5654 14.7596 14.0423 13.2340 12.4650 11.6889 11.0338 10.3215 9.6280 9.0687 8.4917 8.0005 7.4524 6.9772 6.5119 6.0714 5.6191 5.2244 4.8830 4.5403 4.2095 3.9129 3.6147 3.3477 3.0962 2.8540 2.6290 2.4204 2.2151 2.0340 1.8696 1.7199 1.5811 1.4480 1.3196 1.2052 1.0991 0.9996 0.9099 0.8256
27.4004 26.1486 24.9034 23.6900 22.5432 21.4101 20.2679 19.1176 17.9968 16.9140 15.9083 15.1408 14.4649 13.6360 12.8464 12.0505 11.3857 10.6633 9.9636 9.3988 8.8143 8.3212 7.7704 7.2945 6.8227 6.3727 5.9070 5.4971 5.1476 4.8021 4.4700 4.1718 3.8686 3.5970 3.3404 3.0930 2.8602 2.6419 2.4190 2.2281 2.0599 1.9114 1.7688 1.6244 1.4825 1.3570 1.2435 1.1352 1.0369 0.9439
27.1552 25.9966 24.8502 23.6998 22.5744 21.4585 20.3385 19.2372 18.1404 17.0661 16.0433 15.2585 14.5632 13.7200 12.9137 12.0994 11.4390 10.7166 10.0068 9.4274 8.8296 8.3296 7.7708 7.2890 6.8289 6.3890 5.9319 5.5163 5.1612 4.8097 4.4705 4.1684 3.8674 3.6003 3.3473 3.0986 2.8639 2.6438 2.4219 2.2319 2.0641 1.9118 1.7664 1.6211 1.4799 1.3556 1.2442 1.1364 1.0380 0.9447
