0.1568 0.0318 0.1062 0.3905 0.2691 0.0325 0.3713 0.0308 0.3136 0.0419 0.2879 0.0677 0.0844 0.1843 0.0806 0.0208 0.0437 0.1128 0.1705 0.1467 0.0694 0.0236 0.0407 0.0812 0.0971 0.0778 0.0415 0.0123 0.0022 0.0100 0.0269 0.0438 0.0548 0.0580 0.0548 0.0467 0.0367 0.0266 0.0177 0.0107 0.0058 0.0027 0.0011 0.0007 0.0010 0.0018 0.0029 0.0039 0.0049 0.0058
0.5194 0.1115 0.2878 1.1475 0.8381 0.0857 1.1103 0.1023 0.9335 0.1298 0.8640 0.1928 0.2616 0.5487 0.2328 0.0626 0.1377 0.3455 0.5148 0.4392 0.2058 0.0696 0.1215 0.2425 0.2889 0.2305 0.1221 0.0357 0.0065 0.0306 0.0816 0.1321 0.1649 0.1740 0.1642 0.1398 0.1098 0.0795 0.0528 0.0319 0.0172 0.0080 0.0034 0.0021 0.0031 0.0055 0.0086 0.0118 0.0148 0.0175
1.0347 0.2538 0.3855 1.8247 1.4956 0.1110 1.8320 0.2082 1.5280 0.2324 1.4386 0.2887 0.4638 0.8986 0.3588 0.1069 0.2523 0.5991 0.8680 0.7278 0.3351 0.1120 0.2010 0.4002 0.4735 0.3745 0.1958 0.0557 0.0109 0.0535 0.1390 0.2227 0.2762 0.2902 0.2731 0.2318 0.1817 0.1312 0.0869 0.0525 0.0282 0.0131 0.0055 0.0035 0.0053 0.0094 0.0145 0.0199 0.0249 0.0294
1.8139 0.5456 0.3766 2.3455 2.2834 0.1162 2.5024 0.3861 2.0677 0.3681 2.0018 0.3413 0.7072 1.2196 0.4447 0.1608 0.4028 0.8851 1.2319 1.0067 0.4507 0.1480 0.2780 0.5515 0.6457 0.5040 0.2583 0.0705 0.0158 0.0804 0.2014 0.3174 0.3899 0.4070 0.3812 0.3223 0.2518 0.1812 0.1196 0.0718 0.0383 0.0177 0.0074 0.0049 0.0076 0.0134 0.0207 0.0283 0.0352 0.0415
2.9439 1.1244 0.2993 2.6123 3.2075 0.1503 3.0565 0.6926 2.5071 0.5667 2.5307 0.3457 1.0049 1.4914 0.4833 0.2396 0.6057 1.2105 1.6019 1.2651 0.5442 0.1742 0.3513 0.6938 0.8006 0.6135 0.3055 0.0787 0.0221 0.1134 0.2711 0.4179 0.5069 0.5247 0.4884 0.4107 0.3193 0.2287 0.1502 0.0896 0.0475 0.0217 0.0091 0.0064 0.0101 0.0178 0.0272 0.0370 0.0458 0.0539
4.4067 2.1510 0.2867 2.5301 4.2070 0.3159 3.3967 1.2018 2.7843 0.8707 2.9861 0.3110 1.3638 1.6879 0.4789 0.3679 0.8766 1.5739 1.9635 1.4856 0.6047 0.1876 0.4204 0.8248 0.9335 0.6982 0.3344 0.0799 0.0315 0.1554 0.3509 0.5265 0.6288 0.6439 0.5945 0.4967 0.3838 0.2732 0.1783 0.1056 0.0554 0.0251 0.0106 0.0079 0.0130 0.0226 0.0342 0.0462 0.0570 0.0667
5.9565 3.7189 0.5841 2.0627 5.1238 0.7655 3.4075 1.9903 2.8293 1.3319 3.3119 0.2646 1.7791 1.7810 0.4533 0.5791 1.2248 1.9603 2.2891 1.6436 0.6200 0.1867 0.4875 0.9446 1.0422 0.7551 0.3439 0.0750 0.0467 0.2097 0.4439 0.6457 0.7568 0.7653 0.6998 0.5799 0.4449 0.3144 0.2036 0.1194 0.0619 0.0277 0.0118 0.0096 0.0161 0.0279 0.0418 0.0560 0.0686 0.0801
7.0359 5.6889 1.5041 1.3177 5.6968 1.6635 2.9998 3.1039 2.5859 2.0000 3.4412 0.2555 2.2279 1.7490 0.4512 0.9104 1.6450 2.3355 2.5369 1.7087 0.5791 0.1750 0.5598 1.0582 1.1282 0.7849 0.3354 0.0669 0.0716 0.2803 0.5535 0.7778 0.8927 0.8896 0.8043 0.6604 0.5023 0.3520 0.2258 0.1310 0.0669 0.0295 0.0129 0.0114 0.0198 0.0338 0.0501 0.0664 0.0809 0.0940
6.8993 7.5161 3.2735 0.6266 5.6186 3.0962 2.1883 4.5021 2.0511 2.9017 3.3103 0.3516 2.6657 1.5903 0.5424 1.3903 2.1065 2.6427 2.6531 1.6501 0.4787 0.1658 0.6540 1.1786 1.2003 0.7938 0.3140 0.0606 0.1105 0.3710 0.6825 0.9244 1.0371 1.0170 0.9082 0.7378 0.5558 0.3858 0.2448 0.1402 0.0705 0.0305 0.0137 0.0135 0.0240 0.0404 0.0591 0.0776 0.0939 0.1085
5.1181 8.2566 5.7606 0.5418 4.6868 4.9422 1.1862 5.9931 1.3274 4.0085 2.8841 0.6310 3.0276 1.3400 0.8138 2.0197 2.5426 2.8045 2.5821 1.4487 0.3319 0.1883 0.8005 1.3302 1.2760 0.7943 0.2891 0.0628 0.1679 0.4840 0.8315 1.0856 1.1895 1.1468 1.0104 0.8115 0.6049 0.4153 0.2604 0.1470 0.0725 0.0309 0.0145 0.0160 0.0289 0.0478 0.0690 0.0896 0.1077 0.1237
2.3519 7.0173 8.1980 1.6541 3.0273 6.7607 0.4615 7.1937 0.6721 5.2025 2.1901 1.1644 3.2447 1.0871 1.3510 2.7502 2.8508 2.7412 2.2908 1.1165 0.1806 0.2936 1.0464 1.5512 1.3837 0.8065 0.2734 0.0801 0.2459 0.6186 0.9985 1.2587 1.3476 1.2771 1.1099 0.8807 0.6490 0.4405 0.2725 0.1513 0.0732 0.0307 0.0154 0.0191 0.0346 0.0562 0.0799 0.1027 0.1225 0.1399
0.6772 3.9505 9.2225 4.1885 1.2804 7.8294 0.6595 7.5836 0.5042 6.2482 1.3537 1.9908 3.2646 0.9724 2.1975 3.4606 2.9047 2.4028 1.8009 0.7188 0.1042 0.5535 1.4482 1.8841 1.5543 0.8514 0.2785 0.1161 0.3417 0.7678 1.1750 1.4355 1.5043 1.4025 1.2024 0.9424 0.6863 0.4600 0.2806 0.1531 0.0724 0.0301 0.0165 0.0229 0.0413 0.0659 0.0922 0.1172 0.1385 0.1573
2.3740 1.0831 7.6382 7.5205 0.5328 7.4541 2.3053 6.7233 1.3100 6.7984 0.6235 3.0863 3.0748 1.1593 3.2989 3.9484 2.5923 1.8197 1.2292 0.3939 0.2179 1.0425 2.0464 2.3500 1.8001 0.9359 0.3055 0.1649 0.4430 0.9149 1.3422 1.5976 1.6432 1.5093 1.2773 0.9891 0.7116 0.4707 0.2826 0.1511 0.0697 0.0290 0.0181 0.0278 0.0495 0.0770 0.1059 0.1330 0.1559 0.1758
7.3754 1.5146 3.8308 9.9864 1.8473 5.4852 5.3374 4.6195 3.3952 6.4760 0.3707 4.3457 2.7351 1.7801 4.4656 3.9810 1.9100 1.1842 0.8296 0.3519 0.6399 1.7915 2.8214 2.9144 2.0913 1.0385 0.3370 0.2086 0.5292 1.0370 1.4770 1.7235 1.7457 1.5826 1.3233 1.0125 0.7193 0.4689 0.2766 0.1445 0.0650 0.0275 0.0205 0.0341 0.0595 0.0902 0.1217 0.1507 0.1749 0.1958
11.9451 6.3996 0.7690 9.5370 5.4896 2.7407 8.7729 2.0779 6.4908 5.0611 1.0309 5.5641 2.3616 2.8440 5.3718 3.3980 1.0638 0.8906 0.9703 0.8076 1.4028 2.6976 3.6128 3.4234 2.3143 1.0877 0.3321 0.2228 0.5830 1.1187 1.5645 1.7988 1.7988 1.6116 1.3319 1.0065 0.7052 0.4522 0.2611 0.1327 0.0581 0.0260 0.0243 0.0426 0.0720 0.1059 0.1399 0.1708 0.1961 0.2177
11.2477 12.3431 2.2901 5.6112 10.1755 0.8521 10.9784 0.6093 9.4112 2.8052 2.9581 6.4117 2.0656 4.1614 5.6443 2.2655 0.5319 1.4714 1.9892 1.8147 2.3026 3.4055 4.0362 3.5545 2.2508 0.9648 0.2462 0.2078 0.6258 1.1873 1.6299 1.8437 1.8174 1.6064 1.3098 0.9754 0.6721 0.4223 0.2375 0.1166 0.0499 0.0252 0.0301 0.0539 0.0875 0.1246 0.1610 0.1935 0.2195 0.2416
4.8212 13.6814 8.3649 1.2812 12.7802 1.5060 10.6587 1.4791 10.2595 0.7788 6.1133 6.3832 1.8784 5.3592 5.0538 0.9997 0.9473 3.2860 3.8351 2.9803 2.7382 3.2604 3.5111 2.8812 1.6577 0.5858 0.1104 0.2624 0.7847 1.3728 1.7893 1.9543 1.8764 1.6226 1.2970 0.9467 0.6385 0.3909 0.2129 0.1005 0.0426 0.0260 0.0380 0.0676 0.1056 0.1459 0.1846 0.2184 0.2450 0.2673
0.8830 7.8114 13.5552 1.6482 9.6010 5.6844 7.5681 4.3733 7.8103 0.8253 9.4137 4.7533 1.8582 6.1193 3.7390 0.2822 2.6039 5.7870 5.4073 3.1443 1.8035 1.7095 1.7945 1.3895 0.6730 0.1803 0.1995 0.6728 1.3320 1.9196 2.2502 2.2990 2.1069 1.7581 1.3644 0.9695 0.6367 0.3787 0.1991 0.0903 0.0383 0.0284 0.0467 0.0817 0.1239 0.1674 0.2084 0.2436 0.2708 0.2933
7.9196 0.7586 11.4775 8.3967 2.9251 11.5539 1.6203 9.6637 4.1106 3.8255 9.1885 0.9188 4.1214 7.8406 2.4790 0.5490 4.3831 5.8723 3.1609 0.5012 0.4940 2.0331 3.1003 2.9473 2.0346 1.2182 0.9329 1.1690 1.6494 2.1052 2.3374 2.3161 2.0779 1.7042 1.3009 0.9081 0.5838 0.3379 0.1717 0.0756 0.0350 0.0345 0.0603 0.1011 0.1474 0.1936 0.2364 0.2724 0.2996 0.3219
16.1179 4.9823 4.1001 14.3907 0.6992 13.1835 0.7626 12.1858 1.1715 7.6909 7.4916 0.3936 6.7650 7.2998 1.1353 1.5922 5.8511 5.8141 2.3222 0.2357 1.0518 2.8381 3.6410 3.1237 2.0152 1.2003 1.0131 1.3432 1.8616 2.2995 2.4768 2.3910 2.0959 1.6826 1.2573 0.8576 0.5365 0.3001 0.1461 0.0627 0.0337 0.0431 0.0767 0.1234 0.1738 0.2227 0.2670 0.3037 0.3306 0.3525
11.9055 14.8565 0.9284 13.0729 5.2345 9.2676 4.6063 10.8780 0.7589 11.0402 4.4450 1.6756 9.0511 5.7048 0.3662 3.3322 7.0464 5.2426 1.4341 0.2804 1.8896 3.7111 4.0985 3.1899 1.9332 1.1746 1.1153 1.5420 2.0851 2.4881 2.5976 2.4406 2.0879 1.6383 1.1961 0.7949 0.4821 0.2592 0.1205 0.0519 0.0357 0.0556 0.0973 0.1498 0.2040 0.2554 0.3008 0.3377 0.3641 0.3851
1.5830 15.7459 8.3979 5.0778 13.3606 2.9108 11.1918 6.1228 4.0306 11.9033 1.5046 4.7547 10.0592 3.4606 0.6392 5.5189 7.6557 4.1986 0.6950 0.7368 2.9735 4.5683 4.4124 3.1268 1.7958 1.1550 1.2486 1.7670 2.3160 2.6653 2.6945 2.4614 2.0523 1.5712 1.1179 0.7216 0.4221 0.2169 0.0964 0.0444 0.0422 0.0730 0.1227 0.1807 0.2385 0.2919 0.3380 0.3746 0.4000 0.4198
5.8839 5.0971 17.6511 0.8872 16.3306 0.9955 15.2033 1.4632 9.6926 9.3566 0.5540 8.6712 9.1674 1.3794 2.1964 7.6792 7.4378 2.8603 0.3338 1.6547 4.2150 5.3055 4.5281 2.9293 1.6207 1.1598 1.4223 2.0181 2.5492 2.8245 2.7619 2.4500 1.9878 1.4817 1.0246 0.6396 0.3588 0.1751 0.0755 0.0416 0.0541 0.0961 0.1536 0.2168 0.2776 0.3325 0.3787 0.4146 0.4385 0.4567
19.5398 1.9338 14.2530 8.2728 9.7431 7.2160 12.3992 1.4631 14.1041 4.6459 2.8137 11.7012 6.4982 0.4601 4.8657 9.2061 6.3324 1.5424 0.5598 3.0022 5.4712 5.8121 4.4095 2.6118 1.4371 1.2110 1.6450 2.2934 2.7777 2.9583 2.7955 2.4053 1.8958 1.3722 0.9186 0.5517 0.2949 0.1364 0.0598 0.0452 0.0727 0.1258 0.1908 0.2586 0.3219 0.3776 0.4233 0.4579 0.4797 0.4959
14.7918 14.9796 2.8343 18.5498 1.5933 16.0873 4.9039 7.4661 13.6472 1.0285 7.7314 12.1402 3.1387 1.4710 7.9826 9.5451 4.5417 0.6453 1.4987 4.6451 6.5588 5.9891 4.0484 2.2108 1.2840 1.3313 1.9221 2.5873 2.9925 3.0589 2.7905 2.3257 1.7771 1.2449 0.8030 0.4611 0.2332 0.1029 0.0512 0.0566 0.0992 0.1632 0.2352 0.3069 0.3717 0.4273 0.4720 0.5045 0.5237 0.5374
1.1787 20.6768 4.3167 16.0178 4.2559 17.2080 0.8801 15.0239 8.1272 1.7935 12.7514 9.4130 0.8539 4.4784 10.5134 8.4332 2.5494 0.5596 3.1287 6.3476 7.2823 5.7718 3.4746 1.7863 1.2081 1.5415 2.2534 2.8902 3.1826 3.1180 2.7421 2.2093 1.6321 1.1022 0.6813 0.3712 0.1767 0.0774 0.0517 0.0774 0.1348 0.2090 0.2871 0.3618 0.4271 0.4818 0.5246 0.5545 0.5704 0.5812
11.9320 6.6623 18.8244 3.8539 16.1726 8.3458 6.2715 16.9015 2.0878 7.4315 14.5856 4.8309 1.2585 8.5752 11.4142 6.0995 1.0366 1.5351 5.2396 7.8010 7.4746 5.1559 2.7636 1.4171 1.2562 1.8550 2.6319 3.1879 3.3349 3.1275 2.6472 2.0572 1.4643 0.9487 0.5579 0.2861 0.1289 0.0626 0.0636 0.1093 0.1807 0.2640 0.3470 0.4235 0.4883 0.5411 0.5812 0.6078 0.6199 0.6272
24.3552 3.3049 19.7686 3.5323 20.3909 1.1383 16.4048 10.5380 1.6666 14.3140 11.5820 1.2681 4.7753 12.0674 10.1280 3.3188 0.6805 3.5511 7.4377 8.6842 7.0449 4.2138 2.0324 1.1911 1.4670 2.2736 3.0419 3.4618 3.4357 3.0805 2.5046 1.8719 1.2784 0.7897 0.4382 0.2104 0.0936 0.0614 0.0888 0.1537 0.2378 0.3289 0.4154 0.4923 0.5553 0.6052 0.6418 0.6643 0.6719 0.6753
7.5153 20.8609 4.4186 18.0786 9.4874 7.1245 19.2350 2.4399 8.5404 16.8277 5.5519 1.5319 9.9997 13.1776 6.9964 1.2263 1.8877 6.2429 9.2154 8.7509 6.0257 3.1021 1.4289 1.1936 1.8636 2.7848 3.4613 3.6952 3.4781 2.9787 2.3184 1.6587 1.0811 0.6321 0.3284 0.1490 0.0746 0.0766 0.1295 0.2118 0.3066 0.4033 0.4915 0.5676 0.6280 0.6744 0.7070 0.7249 0.7276 0.7267
5.1737 19.8926 5.4274 21.6879 1.2655 19.3967 10.4979 2.5293 16.8759 12.3568 1.2105 6.2273 14.1383 11.1086 3.3553 0.8985 4.5532 8.9386 10.0743 7.9016 4.5761 2.0320 1.0994 1.4810 2.4394 3.3542 3.8519 3.8567 3.4412 2.8107 2.0883 1.4238 0.8797 0.4826 0.2341 0.1067 0.0754 0.1110 0.1875 0.2850 0.3882 0.4883 0.5761 0.6499 0.7064 0.7483 0.7761 0.7887 0.7858 0.7802
25.7241 2.2454 22.8125 6.7436 11.3709 19.7044 1.5855 12.1122 18.1091 4.5663 2.6821 12.7139 14.5519 6.7238 1.0410 2.8303 7.9710 10.8237 9.6914 6.2640 2.9930 1.2510 1.1670 2.0715 3.1566 3.9304 4.1712 3.9204 3.3146 2.5767 1.8207 1.1762 0.6833 0.3493 0.1618 0.0882 0.0998 0.1669 0.2644 0.3741 0.4829 0.5840 0.6693 0.7392 0.7905 0.8268 0.8490 0.8556 0.8465 0.8357
13.4366 12.7703 18.4036 3.2858 23.4144 6.8345 5.9065 20.3050 10.3422 1.0842 9.6311 16.4556 10.6532 2.4191 1.5172 6.5533 10.9883 11.2127 8.0669 4.2018 1.6561 0.9839 1.6954 2.9285 3.9440 4.4477 4.3748 3.8640 3.0930 2.2820 1.5262 0.9276 0.5027 0.2410 0.1184 0.0987 0.1511 0.2467 0.3615 0.4800 0.5912 0.6905 0.7711 0.8353 0.8802 0.9099 0.9255 0.9254 0.9096 0.8932
3.1197 26.0151 1.8740 20.1169 15.0409 1.9222 18.5900 16.3816 2.0230 6.2110 16.5756 14.3363 4.7864 0.9293 4.9680 10.6574 12.4217 9.8560 5.6046 2.2598 0.9438 1.3763 2.6674 3.9692 4.7225 4.8539 4.4363 3.6806 2.7817 1.9382 1.2211 0.6937 0.3505 0.1672 0.1108 0.1429 0.2326 0.3525 0.4808 0.6050 0.7161 0.8117 0.8856 0.9418 0.9782 0.9997 1.0073 0.9996 0.9765 0.9540
25.7490 7.0348 13.3707 22.0132 1.6883 14.5620 20.9541 4.9546 3.4294 15.5263 17.2028 7.6496 1.0744 3.5946 9.9172 13.2897 11.5380 7.0752 3.0105 1.0131 1.1227 2.4347 3.9568 5.0365 5.3584 5.0575 4.3087 3.3577 2.3894 1.5640 0.9213 0.4873 0.2374 0.1361 0.1450 0.2247 0.3466 0.4855 0.6226 0.7482 0.8554 0.9443 1.0092 1.0552 1.0817 1.0938 1.0924 1.0765 1.0456 1.0166
14.4021 7.3720 25.7332 4.2662 10.3360 23.4633 8.7128 1.8310 13.8093 19.3266 10.4798 1.7468 2.5831 9.1868 13.7835 13.0524 8.5232 3.8093 1.1607 0.9230 2.2614 4.0047 5.3485 5.9469 5.7330 5.0009 3.9787 2.9076 1.9395 1.1847 0.6491 0.3262 0.1766 0.1568 0.2267 0.3476 0.4950 0.6466 0.7870 0.9094 1.0090 1.0881 1.1413 1.1750 1.1902 1.1917 1.1806 1.1557 1.1165 1.0807
3.7968 26.8815 7.6785 7.2577 24.5273 12.1726 1.2538 12.3595 20.6824 13.0298 2.6118 1.9504 8.7265 14.3225 14.2789 9.8508 4.5611 1.3194 0.7876 2.1522 4.1723 5.7867 6.5778 6.5241 5.7577 4.6605 3.4621 2.3652 1.4703 0.8340 0.4308 0.2298 0.1814 0.2380 0.3616 0.5152 0.6802 0.8375 0.9753 1.0896 1.1776 1.2439 1.2831 1.3030 1.3049 1.2946 1.2729 1.2385 1.1905 1.1474
27.4778 10.2744 5.7577 25.1454 14.6135 1.2100 11.7298 21.9266 14.8741 3.3303 1.6701 8.6969 15.1832 15.5141 10.8650 5.1416 1.4179 0.7056 2.1845 4.4659 6.4280 7.3908 7.3792 6.6303 5.3903 4.0530 2.8037 1.7813 1.0269 0.5474 0.2930 0.2169 0.2644 0.3879 0.5550 0.7309 0.9049 1.0606 1.1892 1.2902 1.3628 1.4130 1.4360 1.4408 1.4275 1.4036 1.3708 1.3262 1.2688 1.2179
10.7835 5.8327 26.1472 15.4446 1.2510 12.3013 23.3093 15.8729 3.5017 1.7438 9.3242 16.3778 16.7987 11.6040 5.3425 1.3754 0.6883 2.4180 5.0225 7.2347 8.4279 8.3937 7.5200 6.1810 4.6416 3.2349 2.0717 1.2171 0.6577 0.3606 0.2613 0.3043 0.4359 0.6118 0.8087 0.9944 1.1670 1.3126 1.4252 1.5077 1.5608 1.5919 1.5961 1.5843 1.5542 1.5156 1.4710 1.4158 1.3486 1.2896
7.8874 27.8241 14.1942 1.3700 14.5647 24.8344 15.6306 2.9475 2.3099 11.0174 18.0673 17.8507 11.9101 5.1042 1.1362 0.7988 2.9819 5.9567 8.3837 9.6014 9.5788 8.4894 6.9099 5.2153 3.6104 2.3184 1.3672 0.7528 0.4212 0.3142 0.3612 0.5070 0.7035 0.9129 1.1231 1.3046 1.4648 1.5917 1.6815 1.7402 1.7700 1.7789 1.7625 1.7325 1.6842 1.6298 1.5729 1.5067 1.4295 1.3622
29.4865 10.4869 2.5320 19.0617 26.1139 13.6329 1.8081 3.9382 14.0285 20.5051 18.4863 11.3625 4.3121 0.7825 1.2016 4.0916 7.4858 10.0074 11.1020 10.8020 9.5198 7.6158 5.6578 3.9134 2.4814 1.4619 0.8121 0.4759 0.3765 0.4460 0.6156 0.8383 1.0751 1.2964 1.5032 1.6665 1.8040 1.9042 1.9640 1.9928 1.9935 1.9782 1.9396 1.8901 1.8242 1.7545 1.6843 1.6061 1.5177 1.4419
4.5614 7.1026 25.4325 25.2127 9.3316 1.0319 7.6620 18.6381 22.7977 18.2044 9.6139 2.8895 0.5731 2.2593 5.9782 9.7623 12.1622 12.8459 12.0724 10.3224 8.1577 5.9135 3.9948 2.5128 1.4573 0.8212 0.5160 0.4593 0.5681 0.7805 1.0354 1.3010 1.5483 1.7570 1.9419 2.0720 2.1759 2.2412 2.2644 2.2580 2.2255 2.1841 2.1218 2.0517 1.9677 1.8825 1.7985 1.7077 1.6080 1.5236
17.8851 30.5574 19.4161 3.6667 3.0947 14.6277 24.1473 23.7294 15.6590 6.5493 1.3011 1.1725 4.5776 9.0574 12.7512 14.7387 14.6663 13.1342 10.8087 8.2335 5.8444 3.8140 2.3229 1.3403 0.7777 0.5595 0.5821 0.7629 1.0262 1.3292 1.6215 1.8902 2.1154 2.2863 2.4308 2.5136 2.5735 2.5967 2.5774 2.5315 2.4626 2.3935 2.3066 2.2151 2.1126 2.0116 1.9136 1.8101 1.6988 1.6058
26.9853 8.3627 1.5792 11.5341 24.3800 27.7997 20.9208 10.3328 2.7398 0.8845 3.7996 8.8845 13.6160 16.4720 17.1892 16.0961 13.6152 10.6354 7.7347 5.2317 3.3012 1.9308 1.1108 0.7270 0.6568 0.8055 1.0805 1.4195 1.7620 2.0924 2.3695 2.6007 2.7738 2.8842 2.9717 2.9943 3.0003 2.9731 2.9060 2.8191 2.7158 2.6198 2.5078 2.3926 2.2698 2.1516 2.0386 1.9221 1.7992 1.6971
1.5620 11.5940 26.1842 31.1603 24.3262 12.5493 3.5914 1.0386 4.1377 9.9945 15.5377 19.1541 20.1467 18.8719 16.1944 12.8782 9.4310 6.4245 4.0801 2.4252 1.4058 0.8915 0.7740 0.9275 1.2344 1.6254 2.0320 2.4249 2.7589 3.0494 3.2589 3.4143 3.5086 3.5384 3.5548 3.5062 3.4494 3.3647 3.2453 3.1173 2.9827 2.8614 2.7242 2.5831 2.4383 2.3015 2.1726 2.0430 1.9086 1.7969
32.0656 33.8779 24.0746 11.1018 2.7101 1.7194 6.5021 13.5184 19.6789 23.2748 23.6389 21.7186 18.2257 14.1606 10.2629 6.9363 4.3309 2.5389 1.4739 0.9915 0.9408 1.1664 1.5654 2.0535 2.5369 2.9978 3.3920 3.7250 3.9626 4.1493 4.2441 4.2912 4.2847 4.2183 4.1531 4.0262 3.9015 3.7558 3.5823 3.4131 3.2482 3.1026 2.9408 2.7736 2.6069 2.4515 2.3069 2.1645 2.0187 1.8977
16.5348 5.0752 1.5846 5.6197 13.5703 21.4941 26.7701 28.3977 26.9180 23.3272 18.4774 13.6852 9.4019 6.0073 3.5907 2.0711 1.2883 1.0827 1.2791 1.7258 2.3067 2.8989 3.4801 4.0225 4.4490 4.8001 5.0452 5.2185 5.2872 5.3193 5.2685 5.1877 5.0672 4.8964 4.7454 4.5406 4.3489 4.1434 3.9178 3.7097 3.5164 3.3450 3.1587 2.9683 2.7808 2.6075 2.4471 2.2921 2.1351 2.0047
10.3571 20.2416 28.7815 33.6237 34.2428 31.3835 26.3332 20.3626 14.6570 9.8174 6.0378 3.4980 2.0027 1.3509 1.3324 1.7422 2.3918 3.1530 3.9304 4.6618 5.3213 5.8174 6.2248 6.5534 6.7149 6.8119 6.8117 6.7627 6.6196 6.4653 6.2625 6.0536 5.8163 5.5412 5.3076 5.0368 4.7870 4.5288 4.2590 4.0168 3.7978 3.5938 3.3819 3.1761 2.9704 2.7803 2.6038 2.4360 2.2676 2.1273
41.1786 36.0488 29.0966 21.7977 15.1436 9.7295 5.7677 3.2193 1.9077 1.5570 1.8780 2.6496 3.6459 4.7012 5.7501 6.7350 7.5388 8.1757 8.6510 8.9973 9.2440 9.2874 9.2717 9.2171 8.9981 8.7730 8.4915 8.2043 7.8444 7.5041 7.1605 6.8357 6.4924 6.1233 5.8167 5.4904 5.1906 4.8863 4.5781 4.3072 4.0672 3.8327 3.5975 3.3791 3.1572 2.9514 2.7597 2.5800 2.4008 2.2510
4.4949 2.6100 2.0577 2.5161 3.6471 5.1630 6.8309 8.4467 9.9419 11.2700 12.2757 13.1296 13.7143 14.0340 14.2533 14.3945 14.2817 14.0301 13.6758 13.3059 12.9407 12.4266 11.9366 11.4822 10.8939 10.3732 9.8458 9.3564 8.8166 8.3240 7.8728 7.4602 7.0348 6.5924 6.2296 5.8633 5.5263 5.1872 4.8497 4.5564 4.2995 4.0396 3.7860 3.5595 3.3247 3.1059 2.9010 2.7110 2.5226 2.3647
30.7466 31.1528 31.2778 31.1537 30.7591 30.2048 29.4631 28.4788 27.4602 26.4538 25.2078 24.1344 22.9875 21.7720 20.7254 19.8249 18.7817 17.7409 16.7260 15.8202 15.0199 14.1290 13.3202 12.6029 11.8052 11.1162 10.4487 9.8358 9.2007 8.6438 8.1393 7.6824 7.2163 6.7368 6.3444 5.9558 5.6073 5.2620 4.9115 4.5979 4.3143 4.0510 3.7986 3.5774 3.3420 3.1212 2.9135 2.7210 2.5306 2.3719
