0.2186 0.2177 0.2166 0.1856 0.1756 0.1649 0.1533 0.1450 0.1397 0.1516 0.1133 0.1072 0.1201 0.1215 0.1155 0.1039 0.0841 0.0617 0.0518 0.0591 0.0719 0.0777 0.0706 0.0561 0.0408 0.0294 0.0227 0.0197 0.0188 0.0184 0.0176 0.0164 0.0149 0.0132 0.0115 0.0099 0.0085 0.0073 0.0063 0.0054 0.0047 0.0041 0.0036 0.0032 0.0028 0.0025 0.0022 0.0020 0.0018 0.0016
0.6553 0.6506 0.6477 0.5571 0.5272 0.4940 0.4589 0.4340 0.4184 0.4536 0.3400 0.3215 0.3617 0.3665 0.3480 0.3125 0.2531 0.1858 0.1551 0.1757 0.2137 0.2318 0.2117 0.1692 0.1235 0.0890 0.0685 0.0591 0.0562 0.0547 0.0525 0.0491 0.0444 0.0395 0.0346 0.0298 0.0256 0.0220 0.0189 0.0163 0.0140 0.0123 0.0108 0.0096 0.0085 0.0076 0.0067 0.0060 0.0054 0.0048
1.0910 1.0773 1.0723 0.9293 0.8804 0.8214 0.7620 0.7201 0.6949 0.7524 0.5671 0.5361 0.6078 0.6175 0.5844 0.5234 0.4246 0.3119 0.2573 0.2873 0.3494 0.3821 0.3528 0.2851 0.2098 0.1512 0.1153 0.0983 0.0925 0.0898 0.0863 0.0810 0.0736 0.0657 0.0577 0.0499 0.0429 0.0369 0.0317 0.0273 0.0235 0.0206 0.0181 0.0160 0.0142 0.0126 0.0112 0.0100 0.0089 0.0080
1.5270 1.4973 1.4869 1.3016 1.2376 1.1466 1.0608 1.0025 0.9672 1.0472 0.7945 0.7511 0.8622 0.8786 0.8268 0.7376 0.5999 0.4416 0.3583 0.3910 0.4747 0.5255 0.4933 0.4053 0.3020 0.2181 0.1645 0.1376 0.1275 0.1230 0.1183 0.1116 0.1021 0.0917 0.0808 0.0701 0.0605 0.0521 0.0448 0.0386 0.0332 0.0290 0.0255 0.0226 0.0199 0.0177 0.0157 0.0140 0.0125 0.0112
1.9670 1.9144 1.8912 1.6712 1.6032 1.4701 1.3542 1.2816 1.2324 1.3386 1.0224 0.9676 1.1298 1.1534 1.0759 0.9550 0.7802 0.5771 0.4590 0.4848 0.5855 0.6583 0.6320 0.5311 0.4027 0.2925 0.2178 0.1777 0.1611 0.1538 0.1480 0.1404 0.1293 0.1170 0.1038 0.0906 0.0785 0.0677 0.0583 0.0502 0.0432 0.0376 0.0331 0.0292 0.0257 0.0228 0.0203 0.0180 0.0161 0.0144
2.4157 2.3366 2.2916 2.0338 1.9824 1.7949 1.6421 1.5594 1.4879 1.6300 1.2499 1.1874 1.4165 1.4448 1.3308 1.1739 0.9662 0.7216 0.5618 0.5677 0.6780 0.7764 0.7666 0.6630 0.5144 0.3774 0.2781 0.2205 0.1940 0.1822 0.1747 0.1665 0.1546 0.1411 0.1263 0.1110 0.0967 0.0837 0.0722 0.0622 0.0535 0.0466 0.0409 0.0360 0.0317 0.0280 0.0249 0.0221 0.0197 0.0176
2.8777 2.7709 2.7048 2.3862 2.3792 2.1275 1.9268 1.8380 1.7321 1.9268 1.4751 1.4146 1.7296 1.7537 1.5877 1.3908 1.1581 0.8793 0.6716 0.6413 0.7495 0.8749 0.8935 0.8001 0.6393 0.4765 0.3490 0.2689 0.2281 0.2088 0.1983 0.1894 0.1773 0.1634 0.1477 0.1309 0.1148 0.1000 0.0865 0.0746 0.0643 0.0559 0.0490 0.0431 0.0378 0.0334 0.0296 0.0262 0.0234 0.0208
3.3535 3.2166 3.1551 2.7342 2.7901 2.4812 2.2134 2.1188 1.9669 2.2349 1.6944 1.6562 2.0760 2.0770 1.8388 1.6001 1.3561 1.0560 0.7964 0.7108 0.7996 0.9492 1.0073 0.9397 0.7778 0.5933 0.4351 0.3272 0.2665 0.2353 0.2194 0.2089 0.1966 0.1830 0.1672 0.1497 0.1324 0.1161 0.1009 0.0873 0.0753 0.0656 0.0574 0.0504 0.0442 0.0390 0.0344 0.0305 0.0271 0.0241
3.8327 3.6618 3.6597 3.1054 3.1967 2.8791 2.5075 2.4008 2.1999 2.5576 1.9029 1.9231 2.4602 2.4058 2.0728 1.7948 1.5602 1.2594 0.9480 0.7864 0.8318 0.9957 1.1011 1.0759 0.9283 0.7298 0.5412 0.4009 0.3139 0.2651 0.2396 0.2253 0.2121 0.1990 0.1836 0.1663 0.1485 0.1313 0.1149 0.1000 0.0865 0.0754 0.0661 0.0580 0.0508 0.0448 0.0395 0.0349 0.0310 0.0275
4.2807 4.0929 4.2003 3.5572 3.5619 3.3532 2.8109 2.6819 2.4452 2.8883 2.0962 2.2294 2.8797 2.7232 2.2750 1.9678 1.7707 1.4979 1.1419 0.8842 0.8552 1.0132 1.1663 1.1986 1.0838 0.8847 0.6706 0.4956 0.3767 0.3034 0.2626 0.2406 0.2244 0.2109 0.1962 0.1795 0.1620 0.1447 0.1276 0.1118 0.0972 0.0851 0.0747 0.0657 0.0576 0.0507 0.0446 0.0394 0.0349 0.0310
4.6385 4.5097 4.7062 4.1571 3.8469 3.9350 3.1190 2.9669 2.7212 3.2077 2.2787 2.5919 3.3210 3.0065 2.4332 2.1164 1.9900 1.7812 1.3980 1.0297 0.8895 1.0079 1.1957 1.2941 1.2320 1.0518 0.8237 0.6172 0.4629 0.3586 0.2954 0.2599 0.2367 0.2206 0.2055 0.1893 0.1725 0.1555 0.1385 0.1224 0.1072 0.0944 0.0832 0.0734 0.0644 0.0567 0.0500 0.0441 0.0391 0.0347
4.9028 4.9119 5.0916 4.9086 4.0511 4.6153 3.4162 3.2698 3.0338 3.4791 2.4643 3.0173 3.7521 3.2287 2.5415 2.2428 2.2178 2.1105 1.7299 1.2501 0.9628 0.9939 1.1845 1.3441 1.3513 1.2139 0.9923 0.7656 0.5785 0.4393 0.3470 0.2909 0.2549 0.2319 0.2139 0.1967 0.1801 0.1636 0.1471 0.1311 0.1159 0.1028 0.0912 0.0808 0.0712 0.0629 0.0555 0.0491 0.0435 0.0386
5.2838 5.2481 5.3494 5.6566 4.2563 5.2897 3.6856 3.6033 3.3508 3.6526 2.6691 3.4814 4.1177 3.3650 2.6026 2.3505 2.4416 2.4643 2.1283 1.5591 1.1017 0.9908 1.1309 1.3256 1.4071 1.3370 1.1509 0.9265 0.7193 0.5486 0.4239 0.3413 0.2857 0.2501 0.2247 0.2037 0.1855 0.1688 0.1525 0.1370 0.1221 0.1091 0.0974 0.0869 0.0770 0.0683 0.0606 0.0537 0.0477 0.0423
6.1141 5.4544 5.5758 6.1087 4.6109 5.7545 3.9549 3.9724 3.6111 3.7069 2.9198 3.9254 4.3593 3.4185 2.6436 2.4490 2.6350 2.7916 2.5528 1.9540 1.3376 1.0373 1.0542 1.2280 1.3652 1.3771 1.2590 1.0708 0.8695 0.6825 0.5305 0.4198 0.3397 0.2853 0.2466 0.2169 0.1937 0.1743 0.1569 0.1411 0.1263 0.1134 0.1019 0.0915 0.0815 0.0727 0.0647 0.0576 0.0514 0.0457
7.1653 5.6937 5.8070 6.1104 5.1433 5.8234 4.2890 4.3387 3.7697 3.6878 3.2220 4.2480 4.4442 3.4376 2.7091 2.5401 2.7453 2.9964 2.9084 2.3900 1.6910 1.1937 1.0118 1.0766 1.2117 1.2916 1.2629 1.1485 0.9916 0.8186 0.6584 0.5282 0.4247 0.3484 0.2913 0.2473 0.2139 0.1877 0.1661 0.1478 0.1316 0.1179 0.1060 0.0954 0.0853 0.0763 0.0682 0.0609 0.0545 0.0486
7.4085 6.2333 5.9900 5.9428 5.5558 5.5863 4.6812 4.6517 3.9096 3.7157 3.5194 4.3333 4.4127 3.5246 2.8422 2.6060 2.7019 2.9481 3.0380 2.7549 2.1483 1.5396 1.1248 0.9766 1.0013 1.0796 1.1207 1.0984 1.0230 0.9052 0.7718 0.6465 0.5335 0.4412 0.3660 0.3047 0.2568 0.2192 0.1891 0.1647 0.1442 0.1275 0.1135 0.1015 0.0904 0.0807 0.0720 0.0644 0.0576 0.0515
6.9234 6.5611 6.4561 5.9892 5.5791 5.4895 4.9236 5.0307 4.2939 3.8889 3.6858 4.1304 4.4079 3.8085 3.0507 2.6160 2.4818 2.5684 2.7681 2.8497 2.6048 2.1292 1.5799 1.1666 0.9420 0.8717 0.8767 0.8964 0.8982 0.8612 0.7929 0.7099 0.6181 0.5318 0.4524 0.3810 0.3212 0.2718 0.2313 0.1982 0.1707 0.1482 0.1297 0.1144 0.1007 0.0890 0.0788 0.0700 0.0624 0.0555
7.1073 6.5431 7.2845 6.5053 6.0421 5.7790 4.9033 5.8720 5.0564 4.1374 3.7279 3.7566 4.5411 4.3271 3.2866 2.5884 2.2944 2.1029 2.1183 2.4084 2.7017 2.7592 2.4594 1.9775 1.4820 1.0983 0.8531 0.7269 0.6766 0.6533 0.6336 0.6071 0.5663 0.5191 0.4666 0.4109 0.3586 0.3112 0.2694 0.2332 0.2017 0.1749 0.1524 0.1334 0.1164 0.1021 0.0897 0.0790 0.0699 0.0617
7.9099 7.5059 8.1272 6.9709 6.7172 6.5522 5.7741 5.6395 5.2503 4.5252 4.8157 3.9197 3.6405 3.8784 3.2955 2.6725 2.7725 2.9584 2.6380 2.0407 1.6457 1.6905 1.9940 2.3116 2.4477 2.3677 2.1115 1.7771 1.4447 1.1417 0.8935 0.7067 0.5657 0.4646 0.3898 0.3315 0.2869 0.2515 0.2226 0.1983 0.1770 0.1582 0.1419 0.1274 0.1136 0.1015 0.0905 0.0808 0.0723 0.0644
9.2147 7.8592 8.1423 7.9367 6.7606 7.2323 5.9069 6.2436 5.3234 5.0147 5.0614 4.0545 4.0199 4.1174 3.3813 2.8637 3.0456 3.1492 2.7224 2.1070 1.7606 1.8551 2.1722 2.4733 2.5813 2.4768 2.2032 1.8572 1.5169 1.2068 0.9512 0.7572 0.6091 0.5019 0.4217 0.3587 0.3100 0.2713 0.2396 0.2131 0.1900 0.1698 0.1521 0.1364 0.1215 0.1085 0.0968 0.0864 0.0773 0.0689
9.9811 8.9528 8.0318 8.6495 7.1446 7.6141 6.2761 6.6987 5.4506 5.5560 5.2060 4.2591 4.4230 4.3006 3.4701 3.0949 3.3250 3.3172 2.7916 2.1787 1.8910 2.0322 2.3543 2.6315 2.7080 2.5785 2.2890 1.9334 1.5873 1.2716 1.0097 0.8090 0.6542 0.5410 0.4554 0.3875 0.3347 0.2923 0.2575 0.2287 0.2038 0.1820 0.1629 0.1459 0.1298 0.1158 0.1033 0.0922 0.0825 0.0736
9.7484 10.0314 8.4810 8.8027 7.9540 7.6727 6.9221 6.9236 5.7374 6.0588 5.2806 4.5610 4.8129 4.4268 3.5829 3.3662 3.5987 3.4577 2.8497 2.2609 2.0386 2.2203 2.5377 2.7842 2.8265 2.6725 2.3689 2.0059 1.6558 1.3362 1.0689 0.8622 0.7010 0.5820 0.4909 0.4181 0.3609 0.3147 0.2767 0.2453 0.2185 0.1950 0.1744 0.1558 0.1385 0.1234 0.1101 0.0983 0.0879 0.0784
9.6918 10.2385 9.5576 8.6806 8.8652 7.6631 7.6863 6.9725 6.2236 6.4329 5.3535 4.9595 5.1491 4.5104 3.7400 3.6704 3.8534 3.5695 2.9033 2.3588 2.2039 2.4169 2.7196 2.9296 2.9362 2.7588 2.4431 2.0748 1.7226 1.4004 1.1287 0.9168 0.7495 0.6248 0.5283 0.4506 0.3887 0.3386 0.2971 0.2630 0.2341 0.2088 0.1865 0.1663 0.1476 0.1314 0.1172 0.1046 0.0936 0.0835
10.7695 9.9755 10.4608 8.9192 9.3875 7.9243 8.2803 7.0181 6.8295 6.6334 5.5026 5.4176 5.4024 4.5788 3.9530 3.9924 4.0781 3.6567 2.9614 2.4777 2.3869 2.6198 2.8977 3.0668 3.0375 2.8378 2.5118 2.1406 1.7880 1.4646 1.1899 0.9734 0.8004 0.6698 0.5676 0.4848 0.4184 0.3643 0.3191 0.2821 0.2507 0.2233 0.1992 0.1774 0.1573 0.1401 0.1249 0.1115 0.0997 0.0890
11.8799 10.4131 10.5856 9.7439 9.4155 8.5700 8.5327 7.2559 7.4000 6.7048 5.7830 5.8724 5.5685 4.6684 4.2236 4.3125 4.2662 3.7273 3.0332 2.6203 2.5853 2.8258 3.0701 3.1955 3.1308 2.9105 2.5760 2.2038 1.8523 1.5289 1.2523 1.0322 0.8539 0.7172 0.6089 0.5210 0.4501 0.3920 0.3430 0.3027 0.2684 0.2386 0.2125 0.1891 0.1678 0.1495 0.1333 0.1189 0.1062 0.0948
11.8868 11.5270 10.4659 10.6279 9.3968 9.3457 8.5610 7.7553 7.8016 6.7686 6.1958 6.2613 5.6742 4.8145 4.5423 4.6118 4.4170 3.7914 3.1258 2.7868 2.7955 3.0310 3.2348 3.3152 3.2165 2.9778 2.6368 2.2650 1.9156 1.5932 1.3154 1.0922 0.9089 0.7662 0.6520 0.5589 0.4835 0.4214 0.3684 0.3246 0.2874 0.2549 0.2267 0.2015 0.1790 0.1596 0.1422 0.1267 0.1132 0.1010
11.8561 12.1542 10.9433 10.9947 9.7909 9.8680 8.6611 8.3788 8.0065 6.9441 6.6775 6.5500 5.7689 5.0350 4.8865 4.8763 4.5383 3.8619 3.2447 2.9754 3.0135 3.2326 3.3913 3.4268 3.2963 3.0412 2.6952 2.3248 1.9782 1.6572 1.3789 1.1531 0.9652 0.8168 0.6966 0.5986 0.5186 0.4525 0.3953 0.3479 0.3075 0.2723 0.2418 0.2146 0.1908 0.1703 0.1516 0.1350 0.1205 0.1075
12.7139 12.1830 11.8274 11.0502 10.5153 10.0673 9.0322 8.9132 8.1227 7.2778 7.1391 6.7515 5.9040 5.3253 5.2298 5.1019 4.6439 3.9507 3.3926 3.1830 3.2359 3.4295 3.5404 3.5322 3.3719 3.1023 2.7524 2.3837 2.0402 1.7211 1.4427 1.2147 1.0225 0.8687 0.7428 0.6398 0.5554 0.4853 0.4239 0.3727 0.3289 0.2907 0.2578 0.2286 0.2034 0.1816 0.1616 0.1438 0.1283 0.1144
13.3453 12.4144 12.2959 11.2753 11.0658 10.1698 9.5476 9.2307 8.2724 7.6968 7.4963 6.8948 6.0930 5.6559 5.5505 5.2951 4.7502 4.0681 3.5725 3.4118 3.4674 3.6281 3.6880 3.6349 3.4452 3.1632 2.8124 2.4468 2.1071 1.7892 1.5096 1.2792 1.0831 0.9246 0.7935 0.6849 0.5956 0.5211 0.4562 0.4015 0.3539 0.3122 0.2764 0.2450 0.2178 0.1945 0.1732 0.1541 0.1374 0.1225
13.5761 12.9674 12.5148 11.7678 11.3879 10.4530 10.0449 9.4563 8.5475 8.1337 7.7806 7.0571 6.3505 6.0043 5.8445 5.4717 4.8708 4.2154 3.7771 3.6522 3.7003 3.8238 3.8328 3.7362 3.5182 3.2245 2.8728 2.5100 2.1740 1.8570 1.5764 1.3442 1.1445 0.9817 0.8456 0.7316 0.6374 0.5586 0.4903 0.4319 0.3806 0.3351 0.2962 0.2624 0.2331 0.2081 0.1855 0.1651 0.1472 0.1312
13.8856 13.4579 12.8216 12.2498 11.6907 10.8442 10.4691 9.7097 8.9033 8.5439 8.0391 7.2642 6.6543 6.3535 6.1206 5.6476 5.0129 4.3907 4.0021 3.9021 3.9354 4.0194 3.9774 3.8382 3.5924 3.2867 2.9337 2.5734 2.2406 1.9242 1.6429 1.4092 1.2063 1.0395 0.8989 0.7795 0.6806 0.5978 0.5261 0.4641 0.4089 0.3594 0.3171 0.2808 0.2495 0.2227 0.1987 0.1769 0.1577 0.1404
14.0854 14.0613 13.0779 12.8065 11.9822 11.2711 10.9007 9.9882 9.2916 8.9514 8.3036 7.5059 6.9857 6.7063 6.3935 5.8323 5.1770 4.5906 4.2455 4.1628 4.1759 4.2180 4.1246 3.9427 3.6688 3.3505 2.9954 2.6369 2.3067 1.9906 1.7090 1.4742 1.2684 1.0982 0.9533 0.8289 0.7254 0.6385 0.5637 0.4980 0.4388 0.3851 0.3395 0.3005 0.2669 0.2382 0.2128 0.1895 0.1689 0.1503
14.8213 14.2868 13.5353 13.3390 12.1741 11.8543 11.2839 10.2406 9.7485 9.3776 8.5625 7.7743 7.3526 7.0858 6.6832 6.0361 5.3703 4.8237 4.5193 4.4477 4.4346 4.4295 4.2847 4.0630 3.7640 3.4309 3.0680 2.7063 2.3766 2.0619 1.7806 1.5446 1.3364 1.1632 1.0146 0.8854 0.7768 0.6846 0.6046 0.5348 0.4725 0.4162 0.3677 0.3254 0.2888 0.2577 0.2299 0.2046 0.1824 0.1622
15.6932 14.2302 14.4933 13.4120 12.6403 12.5351 11.4720 10.5845 10.3291 9.7654 8.7820 8.0842 7.7777 7.4870 6.9696 6.2402 5.5797 5.0825 4.8180 4.7511 4.7046 4.6471 4.4480 4.1853 3.8604 3.5116 3.1403 2.7754 2.4464 2.1332 1.8523 1.6153 1.4052 1.2294 1.0774 0.9439 0.8301 0.7325 0.6473 0.5735 0.5080 0.4492 0.3977 0.3520 0.3124 0.2785 0.2482 0.2208 0.1968 0.1751
15.2235 15.2912 14.8514 13.4771 13.6020 12.8608 11.5976 11.2118 10.9285 10.0153 8.9962 8.4951 8.2715 7.8870 7.2318 6.4388 5.8110 5.3753 5.1475 5.0751 4.9850 4.8682 4.6119 4.3071 3.9559 3.5914 3.2116 2.8440 2.5160 2.2051 1.9244 1.6865 1.4748 1.2969 1.1419 1.0042 0.8853 0.7823 0.6917 0.6140 0.5455 0.4842 0.4298 0.3804 0.3375 0.3008 0.2678 0.2382 0.2123 0.1889
15.9322 16.3191 14.5125 14.5469 14.3013 12.8003 12.1498 12.0642 11.3279 10.1635 9.3488 9.0694 8.8145 8.2518 7.4630 6.6531 6.0912 5.7227 5.5192 5.4244 5.2776 5.0952 4.7790 4.4314 4.0533 3.6737 3.2866 2.9176 2.5915 2.2830 2.0022 1.7633 1.5500 1.3699 1.2118 1.0698 0.9458 0.8373 0.7414 0.6592 0.5872 0.5226 0.4647 0.4116 0.3653 0.3256 0.2899 0.2579 0.2299 0.2045
17.7651 15.7665 15.5136 15.7649 14.1746 13.1870 13.2439 12.7138 11.4647 10.4405 9.9764 9.7782 9.3362 8.5515 7.6816 6.9232 6.4525 6.1412 5.9369 5.7973 5.5802 5.3278 4.9507 4.5606 4.1569 3.7641 3.3716 3.0029 2.6791 2.3722 2.0912 1.8514 1.6357 1.4530 1.2914 1.1447 1.0153 0.9014 0.7999 0.7126 0.6359 0.5658 0.5034 0.4467 0.3968 0.3540 0.3158 0.2811 0.2506 0.2229
16.9957 16.5205 17.1738 15.5865 14.3021 14.4361 14.1277 12.8221 11.5996 11.0560 10.8023 10.4323 9.7105 8.7655 7.9145 7.2673 6.8921 6.6110 6.3743 6.1677 5.8697 5.5457 5.1108 4.6831 4.2588 3.8566 3.4606 3.0929 2.7715 2.4660 2.1849 1.9443 1.7260 1.5406 1.3755 1.2240 1.0892 0.9696 0.8622 0.7696 0.6879 0.6120 0.5448 0.4843 0.4306 0.3846 0.3437 0.3062 0.2730 0.2429
17.6139 18.5478 16.8926 15.4797 15.7051 15.5344 14.1888 12.8036 12.1838 11.9981 11.5851 10.8668 9.9267 8.9635 8.2299 7.7163 7.4072 7.1123 6.8088 6.5173 6.1343 5.7424 5.2572 4.7990 4.3612 3.9537 3.5564 3.1900 2.8709 2.5664 2.2851 2.0433 1.8221 1.6339 1.4651 1.3084 1.1678 1.0422 0.9287 0.8305 0.7435 0.6613 0.5890 0.5246 0.4670 0.4176 0.3739 0.3333 0.2972 0.2646
20.0463 18.1058 16.7903 17.2344 17.0507 15.5788 14.1102 13.4661 13.3134 12.9677 12.1256 11.1104 10.1270 9.2966 8.7239 8.3094 8.0062 7.6482 7.2526 6.8668 6.4006 5.9484 5.4228 4.9430 4.4944 4.0835 3.6857 3.3206 3.0025 2.6964 2.4136 2.1695 1.9438 1.7496 1.5740 1.4095 1.2629 1.1322 1.0128 0.9081 0.8141 0.7259 0.6480 0.5783 0.5150 0.4608 0.4135 0.3692 0.3296 0.2935
19.0214 18.2187 18.9420 18.5480 16.8559 15.4248 14.9025 14.7640 14.3712 13.5092 12.3378 11.2915 10.4592 9.8203 9.3670 8.9744 8.6102 8.1505 7.6518 7.1777 6.6425 6.1448 5.5920 5.0999 4.6456 4.2337 3.8362 3.4725 3.1545 2.8451 2.5595 2.3118 2.0804 1.8787 1.6947 1.5211 1.3680 1.2320 1.1065 0.9948 0.8930 0.7984 0.7145 0.6389 0.5692 0.5095 0.4583 0.4098 0.3662 0.3264
19.9626 20.7285 19.7995 17.9639 16.7787 16.5059 16.3800 15.8066 14.8006 13.6229 12.4949 11.6625 11.0372 10.5227 10.0852 9.6286 9.1554 8.5810 7.9895 7.4471 6.8647 6.3391 5.7717 5.2755 4.8194 4.4082 4.0107 3.6474 3.3281 3.0132 2.7231 2.4703 2.2318 2.0211 1.8271 1.6432 1.4830 1.3415 1.2095 1.0900 0.9796 0.8782 0.7878 0.7057 0.6289 0.5633 0.5078 0.4547 0.4069 0.3629
22.3074 20.6287 18.9927 18.3931 18.3618 18.1032 17.2555 16.0121 14.7797 13.7512 12.9097 12.3181 11.8085 11.2915 10.7691 10.1897 9.6036 8.9329 8.2713 7.6881 7.0826 6.5473 5.9767 5.4828 5.0290 4.6187 4.2192 3.8566 3.5364 3.2167 2.9198 2.6598 2.4121 2.1916 1.9872 1.7925 1.6229 1.4729 1.3331 1.2048 1.0847 0.9741 0.8758 0.7870 0.7036 0.6318 0.5701 0.5113 0.4584 0.4095
21.1714 20.3939 20.4546 20.4107 19.7290 18.5362 17.1752 15.9477 15.0220 14.3189 13.6722 13.1458 12.5954 11.9746 11.3232 10.6173 9.9520 9.2241 8.5212 7.9238 7.3156 6.7855 6.2196 5.7313 5.2808 4.8699 4.4651 4.1034 3.7829 3.4589 3.1530 2.8834 2.6243 2.3932 2.1782 1.9725 1.7910 1.6292 1.4800 1.3417 1.2109 1.0883 0.9805 0.8850 0.7956 0.7175 0.6472 0.5814 0.5225 0.4681
22.7235 22.7631 22.1309 20.9162 19.5209 18.2959 17.3180 16.5288 15.8868 15.2663 14.5473 13.8937 13.2062 12.4670 11.7171 10.9340 10.2398 9.4963 8.7799 8.1878 7.5888 7.0710 6.5114 6.0277 5.5771 5.1619 4.7478 4.3852 4.0627 3.7326 3.4153 3.1340 2.8615 2.6183 2.3914 2.1735 1.9787 1.8038 1.6445 1.4952 1.3525 1.2164 1.0980 0.9953 0.8999 0.8150 0.7348 0.6612 0.5957 0.5350
24.4109 23.0493 21.7125 20.5974 19.7343 19.0534 18.3995 17.6712 16.9076 16.0818 15.1541 14.3452 13.5608 12.7611 11.9792 11.1804 10.4980 9.7661 9.0534 8.4758 7.8894 7.3850 6.8308 6.3501 5.8958 5.4731 5.0468 4.6793 4.3526 4.0164 3.6890 3.3974 3.1123 2.8578 2.6197 2.3904 2.1829 1.9949 1.8236 1.6631 1.5094 1.3619 1.2337 1.1228 1.0196 0.9269 0.8366 0.7546 0.6818 0.6141
24.1508 23.3135 22.6327 21.9723 21.2615 20.4607 19.5394 18.5085 17.4722 16.4375 15.3940 14.5398 13.7596 12.9446 12.1680 11.3857 10.7226 10.0065 9.3085 8.7451 8.1681 7.6738 7.1250 6.6486 6.1902 5.7600 5.3220 4.9421 4.6086 4.2691 3.9398 3.6454 3.3536 3.0927 2.8477 2.6118 2.3955 2.1974 2.0099 1.8394 1.6800 1.5305 1.3967 1.2752 1.1601 1.0571 0.9591 0.8686 0.7877 0.7121
26.3325 25.4468 24.4484 23.3672 22.2607 21.1325 19.9759 18.7990 17.6736 16.5943 15.5655 14.7596 14.0422 13.2340 12.4649 11.6889 11.0338 10.3215 9.6280 9.0687 8.4917 8.0005 7.4524 6.9772 6.5119 6.0714 5.6191 5.2244 4.8830 4.5403 4.2095 3.9129 3.6147 3.3477 3.0962 2.8540 2.6290 2.4204 2.2151 2.0340 1.8696 1.7199 1.5811 1.4480 1.3196 1.2052 1.0991 0.9996 0.9099 0.8256
27.4006 26.1487 24.9033 23.6899 22.5431 21.4100 20.2678 19.1175 17.9967 16.9140 15.9083 15.1408 14.4649 13.6360 12.8463 12.0505 11.3857 10.6633 9.9636 9.3988 8.8143 8.3212 7.7704 7.2945 6.8227 6.3727 5.9070 5.4971 5.1476 4.8021 4.4700 4.1718 3.8686 3.5970 3.3404 3.0930 2.8602 2.6419 2.4190 2.2281 2.0599 1.9114 1.7688 1.6244 1.4825 1.3570 1.2435 1.1352 1.0369 0.9439
27.1552 25.9966 24.8502 23.6998 22.5743 21.4585 20.3385 19.2372 18.1404 17.0661 16.0433 15.2585 14.5632 13.7200 12.9137 12.0994 11.4390 10.7166 10.0068 9.4274 8.8296 8.3296 7.7708 7.2890 6.8289 6.3890 5.9319 5.5163 5.1612 4.8097 4.4705 4.1684 3.8674 3.6003 3.3473 3.0986 2.8639 2.6438 2.4219 2.2319 2.0641 1.9118 1.7664 1.6211 1.4799 1.3556 1.2442 1.1364 1.0380 0.9447
