0.0000 0.0000 0.0000 0.0000 0.0000 0.0000 0.0000 0.0000 0.0000 0.0000 0.0000 0.0000 0.0000 0.0000 0.0000 0.0000 0.0000 0.0008 0.0003 0.0005 0.0036 0.0066 0.0058 0.0025 0.0012 0.0045 0.0107 0.0163 0.0183 0.0164 0.0118 0.0067 0.0026 0.0005 0.0004 0.0020 0.0045 0.0074 0.0101 0.0123 0.0138 0.0147 0.0149 0.0146 0.0139 0.0129 0.0117 0.0105 0.0093 0.0081
0.0000 0.0000 0.0000 0.0000 0.0000 0.0000 0.0000 0.0000 0.0000 0.0000 0.0000 0.0000 0.0000 0.0000 0.0000 0.0000 0.0000 0.0023 0.0007 0.0015 0.0111 0.0199 0.0175 0.0076 0.0038 0.0138 0.0325 0.0490 0.0551 0.0492 0.0354 0.0198 0.0077 0.0014 0.0013 0.0060 0.0137 0.0223 0.0303 0.0369 0.0415 0.0441 0.0448 0.0439 0.0417 0.0386 0.0351 0.0315 0.0278 0.0242
0.0000 0.0000 0.0000 0.0000 0.0000 0.0000 0.0000 0.0000 0.0000 0.0000 0.0000 0.0000 0.0000 0.0000 0.0000 0.0000 0.0000 0.0036 0.0010 0.0029 0.0193 0.0337 0.0293 0.0127 0.0068 0.0239 0.0552 0.0824 0.0919 0.0817 0.0584 0.0325 0.0124 0.0022 0.0022 0.0103 0.0231 0.0374 0.0507 0.0617 0.0694 0.0735 0.0746 0.0731 0.0694 0.0642 0.0583 0.0523 0.0462 0.0402
0.0000 0.0000 0.0000 0.0000 0.0000 0.0000 0.0000 0.0000 0.0000 0.0000 0.0000 0.0000 0.0000 0.0000 0.0000 0.0000 0.0000 0.0045 0.0009 0.0051 0.0289 0.0485 0.0414 0.0180 0.0106 0.0355 0.0794 0.1166 0.1288 0.1136 0.0806 0.0444 0.0166 0.0029 0.0033 0.0149 0.0330 0.0530 0.0716 0.0867 0.0973 0.1030 0.1043 0.1022 0.0969 0.0896 0.0814 0.0729 0.0643 0.0560
0.0000 0.0000 0.0000 0.0000 0.0000 0.0000 0.0000 0.0000 0.0000 0.0000 0.0000 0.0000 0.0000 0.0000 0.0000 0.0000 0.0000 0.0048 0.0006 0.0085 0.0405 0.0648 0.0538 0.0235 0.0154 0.0489 0.1053 0.1518 0.1656 0.1445 0.1014 0.0550 0.0201 0.0033 0.0046 0.0201 0.0436 0.0693 0.0929 0.1122 0.1255 0.1325 0.1340 0.1311 0.1242 0.1147 0.1041 0.0932 0.0822 0.0715
0.0000 0.0000 0.0000 0.0000 0.0000 0.0000 0.0000 0.0000 0.0000 0.0000 0.0000 0.0000 0.0000 0.0000 0.0000 0.0000 0.0000 0.0047 0.0004 0.0140 0.0552 0.0831 0.0669 0.0295 0.0217 0.0644 0.1330 0.1877 0.2016 0.1737 0.1202 0.0640 0.0225 0.0034 0.0062 0.0259 0.0550 0.0863 0.1149 0.1381 0.1539 0.1620 0.1635 0.1597 0.1510 0.1394 0.1263 0.1130 0.0996 0.0867
0.0000 0.0000 0.0000 0.0000 0.0000 0.0000 0.0000 0.0000 0.0000 0.0000 0.0000 0.0000 0.0000 0.0000 0.0000 0.0000 0.0000 0.0041 0.0009 0.0225 0.0737 0.1038 0.0808 0.0361 0.0293 0.0818 0.1621 0.2233 0.2359 0.2003 0.1363 0.0709 0.0238 0.0032 0.0082 0.0325 0.0673 0.1043 0.1377 0.1644 0.1825 0.1915 0.1928 0.1879 0.1775 0.1636 0.1481 0.1324 0.1166 0.1014
0.0000 0.0000 0.0000 0.0000 0.0000 0.0000 0.0000 0.0000 0.0000 0.0000 0.0000 0.0000 0.0000 0.0000 0.0000 0.0000 0.0000 0.0034 0.0030 0.0353 0.0966 0.1270 0.0953 0.0429 0.0380 0.1005 0.1914 0.2574 0.2670 0.2228 0.1486 0.0749 0.0235 0.0027 0.0108 0.0403 0.0810 0.1235 0.1614 0.1914 0.2114 0.2210 0.2219 0.2157 0.2034 0.1872 0.1692 0.1511 0.1330 0.1155
0.0000 0.0000 0.0000 0.0000 0.0000 0.0000 0.0000 0.0000 0.0000 0.0000 0.0000 0.0000 0.0000 0.0000 0.0000 0.0000 0.0000 0.0031 0.0078 0.0531 0.1241 0.1520 0.1095 0.0492 0.0468 0.1191 0.2192 0.2880 0.2929 0.2397 0.1560 0.0756 0.0215 0.0020 0.0143 0.0495 0.0963 0.1441 0.1862 0.2191 0.2406 0.2505 0.2506 0.2430 0.2286 0.2100 0.1896 0.1691 0.1487 0.1291
0.0000 0.0000 0.0000 0.0000 0.0000 0.0000 0.0000 0.0000 0.0000 0.0000 0.0000 0.0000 0.0000 0.0000 0.0000 0.0000 0.0000 0.0039 0.0164 0.0763 0.1547 0.1766 0.1211 0.0533 0.0542 0.1360 0.2433 0.3125 0.3114 0.2492 0.1573 0.0723 0.0177 0.0014 0.0192 0.0608 0.1137 0.1667 0.2126 0.2479 0.2704 0.2801 0.2791 0.2698 0.2532 0.2322 0.2093 0.1864 0.1637 0.1419
0.0000 0.0000 0.0000 0.0000 0.0000 0.0000 0.0000 0.0000 0.0000 0.0000 0.0000 0.0000 0.0000 0.0000 0.0000 0.0000 0.0000 0.0066 0.0293 0.1033 0.1851 0.1968 0.1269 0.0528 0.0586 0.1496 0.2621 0.3292 0.3208 0.2500 0.1520 0.0651 0.0127 0.0016 0.0263 0.0751 0.1343 0.1921 0.2413 0.2784 0.3014 0.3104 0.3080 0.2966 0.2775 0.2539 0.2284 0.2031 0.1782 0.1543
0.0000 0.0000 0.0000 0.0000 0.0000 0.0000 0.0000 0.0000 0.0000 0.0000 0.0000 0.0000 0.0000 0.0000 0.0000 0.0000 0.0000 0.0119 0.0458 0.1304 0.2092 0.2062 0.1222 0.0454 0.0593 0.1599 0.2755 0.3382 0.3211 0.2424 0.1406 0.0546 0.0074 0.0038 0.0369 0.0935 0.1592 0.2215 0.2734 0.3116 0.3344 0.3422 0.3378 0.3240 0.3020 0.2755 0.2474 0.2197 0.1924 0.1664
0.0000 0.0000 0.0000 0.0000 0.0000 0.0000 0.0000 0.0000 0.0000 0.0000 0.0000 0.0000 0.0000 0.0000 0.0000 0.0000 0.0000 0.0196 0.0629 0.1504 0.2179 0.1970 0.1024 0.0304 0.0584 0.1700 0.2870 0.3422 0.3150 0.2288 0.1251 0.0429 0.0034 0.0095 0.0522 0.1172 0.1891 0.2553 0.3091 0.3477 0.3694 0.3753 0.3683 0.3516 0.3264 0.2968 0.2659 0.2356 0.2060 0.1780
0.0000 0.0000 0.0000 0.0000 0.0000 0.0000 0.0000 0.0000 0.0000 0.0000 0.0000 0.0000 0.0000 0.0000 0.0000 0.0000 0.0000 0.0282 0.0748 0.1541 0.2022 0.1635 0.0674 0.0128 0.0643 0.1901 0.3064 0.3505 0.3100 0.2151 0.1102 0.0333 0.0032 0.0203 0.0733 0.1467 0.2243 0.2936 0.3484 0.3864 0.4062 0.4095 0.3994 0.3792 0.3505 0.3176 0.2839 0.2510 0.2190 0.1890
0.0000 0.0000 0.0000 0.0000 0.0000 0.0000 0.0000 0.0000 0.0000 0.0000 0.0000 0.0000 0.0000 0.0000 0.0000 0.0000 0.0000 0.0345 0.0743 0.1337 0.1588 0.1089 0.0267 0.0072 0.0943 0.2376 0.3500 0.3772 0.3179 0.2103 0.1019 0.0294 0.0083 0.0361 0.0992 0.1804 0.2630 0.3346 0.3896 0.4263 0.4436 0.4437 0.4301 0.4062 0.3738 0.3374 0.3009 0.2655 0.2312 0.1991
0.0000 0.0000 0.0000 0.0000 0.0000 0.0000 0.0000 0.0000 0.0000 0.0000 0.0000 0.0000 0.0000 0.0000 0.0000 0.0000 0.0000 0.0343 0.0562 0.0914 0.1003 0.0544 0.0058 0.0387 0.1705 0.3310 0.4329 0.4341 0.3474 0.2202 0.1031 0.0314 0.0170 0.0537 0.1255 0.2135 0.3004 0.3737 0.4286 0.4637 0.4783 0.4753 0.4583 0.4309 0.3949 0.3553 0.3162 0.2784 0.2421 0.2082
0.0000 0.0000 0.0000 0.0000 0.0000 0.0000 0.0000 0.0000 0.0000 0.0000 0.0000 0.0000 0.0000 0.0000 0.0000 0.0000 0.0000 0.0244 0.0261 0.0533 0.0693 0.0471 0.0436 0.1300 0.2982 0.4633 0.5421 0.5072 0.3857 0.2340 0.1050 0.0315 0.0220 0.0664 0.1459 0.2400 0.3307 0.4057 0.4606 0.4944 0.5069 0.5013 0.4815 0.4511 0.4120 0.3698 0.3286 0.2889 0.2509 0.2155
0.0000 0.0000 0.0000 0.0000 0.0000 0.0000 0.0000 0.0000 0.0000 0.0000 0.0000 0.0000 0.0000 0.0000 0.0000 0.0000 0.0000 0.0078 0.0124 0.0833 0.1428 0.1478 0.1590 0.2470 0.3997 0.5335 0.5745 0.5059 0.3626 0.2028 0.0772 0.0143 0.0179 0.0747 0.1643 0.2652 0.3597 0.4358 0.4902 0.5223 0.5322 0.5240 0.5014 0.4681 0.4263 0.3816 0.3387 0.2973 0.2579 0.2213
0.0000 0.0000 0.0000 0.0000 0.0000 0.0000 0.0000 0.0000 0.0000 0.0000 0.0000 0.0000 0.0000 0.0000 0.0000 0.0000 0.0000 0.0032 0.0711 0.2384 0.3131 0.2410 0.1207 0.0737 0.1294 0.2218 0.2728 0.2512 0.1758 0.0895 0.0319 0.0240 0.0672 0.1488 0.2508 0.3547 0.4455 0.5138 0.5587 0.5811 0.5818 0.5650 0.5348 0.4951 0.4480 0.3991 0.3526 0.3085 0.2668 0.2284
0.0000 0.0000 0.0000 0.0000 0.0000 0.0000 0.0000 0.0000 0.0000 0.0000 0.0000 0.0000 0.0000 0.0000 0.0000 0.0000 0.0000 0.0072 0.1040 0.2675 0.2980 0.1958 0.0852 0.0722 0.1547 0.2507 0.2875 0.2482 0.1625 0.0773 0.0301 0.0372 0.0954 0.1892 0.2991 0.4064 0.4968 0.5619 0.6019 0.6189 0.6143 0.5922 0.5572 0.5132 0.4628 0.4112 0.3623 0.3162 0.2730 0.2333
0.0000 0.0000 0.0000 0.0000 0.0000 0.0000 0.0000 0.0000 0.0000 0.0000 0.0000 0.0000 0.0000 0.0000 0.0000 0.0000 0.0000 0.0168 0.1387 0.2827 0.2653 0.1443 0.0573 0.0839 0.1896 0.2821 0.2996 0.2415 0.1476 0.0669 0.0330 0.0571 0.1308 0.2362 0.3527 0.4620 0.5504 0.6108 0.6448 0.6557 0.6451 0.6174 0.5774 0.5292 0.4757 0.4214 0.3702 0.3225 0.2778 0.2370
0.0000 0.0000 0.0000 0.0000 0.0000 0.0000 0.0000 0.0000 0.0000 0.0000 0.0000 0.0000 0.0000 0.0000 0.0000 0.0000 0.0000 0.0317 0.1700 0.2790 0.2167 0.0930 0.0431 0.1113 0.2334 0.3141 0.3078 0.2309 0.1320 0.0595 0.0422 0.0845 0.1738 0.2897 0.4114 0.5209 0.6056 0.6600 0.6868 0.6908 0.6739 0.6403 0.5952 0.5427 0.4862 0.4296 0.3763 0.3270 0.2813 0.2395
0.0000 0.0000 0.0000 0.0000 0.0000 0.0000 0.0000 0.0000 0.0000 0.0000 0.0000 0.0000 0.0000 0.0000 0.0000 0.0000 0.0000 0.0500 0.1913 0.2540 0.1575 0.0503 0.0483 0.1554 0.2838 0.3438 0.3103 0.2165 0.1168 0.0569 0.0588 0.1205 0.2248 0.3498 0.4746 0.5823 0.6617 0.7086 0.7273 0.7236 0.7000 0.6603 0.6101 0.5536 0.4943 0.4356 0.3805 0.3299 0.2832 0.2408
0.0000 0.0000 0.0000 0.0000 0.0000 0.0000 0.0000 0.0000 0.0000 0.0000 0.0000 0.0000 0.0000 0.0000 0.0000 0.0000 0.0000 0.0685 0.1969 0.2089 0.0963 0.0251 0.0767 0.2147 0.3369 0.3679 0.3059 0.1987 0.1034 0.0606 0.0843 0.1658 0.2839 0.4161 0.5419 0.6458 0.7182 0.7565 0.7663 0.7545 0.7238 0.6781 0.6229 0.5623 0.5003 0.4395 0.3828 0.3311 0.2837 0.2408
0.0000 0.0000 0.0000 0.0000 0.0000 0.0000 0.0000 0.0000 0.0000 0.0000 0.0000 0.0000 0.0000 0.0000 0.0000 0.0000 0.0000 0.0828 0.1832 0.1495 0.0442 0.0253 0.1294 0.2852 0.3872 0.3827 0.2934 0.1784 0.0938 0.0725 0.1199 0.2208 0.3513 0.4882 0.6124 0.7102 0.7740 0.8028 0.8033 0.7830 0.7448 0.6932 0.6332 0.5688 0.5039 0.4411 0.3832 0.3307 0.2827 0.2395
0.0000 0.0000 0.0000 0.0000 0.0000 0.0000 0.0000 0.0000 0.0000 0.0000 0.0000 0.0000 0.0000 0.0000 0.0000 0.0000 0.0000 0.0887 0.1504 0.0862 0.0132 0.0563 0.2038 0.3598 0.4286 0.3850 0.2728 0.1574 0.0902 0.0944 0.1666 0.2858 0.4260 0.5648 0.6846 0.7741 0.8276 0.8459 0.8365 0.8074 0.7617 0.7044 0.6400 0.5720 0.5046 0.4402 0.3814 0.3283 0.2801 0.2370
0.0000 0.0000 0.0000 0.0000 0.0000 0.0000 0.0000 0.0000 0.0000 0.0000 0.0000 0.0000 0.0000 0.0000 0.0000 0.0000 0.0000 0.0834 0.1040 0.0331 0.0137 0.1186 0.2926 0.4294 0.4543 0.3724 0.2449 0.1382 0.0952 0.1282 0.2251 0.3605 0.5073 0.6446 0.7572 0.8361 0.8780 0.8847 0.8651 0.8271 0.7740 0.7114 0.6428 0.5718 0.5023 0.4367 0.3773 0.3241 0.2760 0.2330
0.0000 0.0000 0.0000 0.0000 0.0000 0.0000 0.0000 0.0000 0.0000 0.0000 0.0000 0.0000 0.0000 0.0000 0.0000 0.0000 0.0000 0.0669 0.0545 0.0046 0.0515 0.2070 0.3846 0.4836 0.4589 0.3444 0.2125 0.1244 0.1117 0.1754 0.2958 0.4443 0.5939 0.7261 0.8285 0.8948 0.9236 0.9184 0.8882 0.8415 0.7813 0.7137 0.6415 0.5679 0.4969 0.4306 0.3711 0.3180 0.2702 0.2278
0.0000 0.0000 0.0000 0.0000 0.0000 0.0000 0.0000 0.0000 0.0000 0.0000 0.0000 0.0000 0.0000 0.0000 0.0000 0.0000 0.0000 0.0430 0.0155 0.0124 0.1254 0.3100 0.4660 0.5128 0.4393 0.3033 0.1801 0.1206 0.1432 0.2380 0.3791 0.5361 0.6842 0.8078 0.8975 0.9497 0.9644 0.9461 0.9046 0.8489 0.7820 0.7095 0.6344 0.5595 0.4881 0.4219 0.3629 0.3104 0.2633 0.2216
0.0000 0.0000 0.0000 0.0000 0.0000 0.0000 0.0000 0.0000 0.0000 0.0000 0.0000 0.0000 0.0000 0.0000 0.0000 0.0000 0.0000 0.0188 0.0005 0.0609 0.2254 0.4106 0.5218 0.5094 0.3957 0.2536 0.1532 0.1313 0.1921 0.3164 0.4738 0.6341 0.7760 0.8872 0.9617 0.9982 0.9980 0.9666 0.9140 0.8499 0.7770 0.7003 0.6229 0.5473 0.4761 0.4106 0.3525 0.3009 0.2548 0.2142
0.0000 0.0000 0.0000 0.0000 0.0000 0.0000 0.0000 0.0000 0.0000 0.0000 0.0000 0.0000 0.0000 0.0000 0.0000 0.0000 0.0000 0.0028 0.0183 0.1446 0.3339 0.4894 0.5397 0.4712 0.3331 0.2033 0.1393 0.1614 0.2607 0.4108 0.5785 0.7360 0.8667 0.9621 1.0190 1.0388 1.0232 0.9789 0.9158 0.8441 0.7659 0.6859 0.6070 0.5315 0.4611 0.3967 0.3400 0.2897 0.2449 0.2056
0.0000 0.0000 0.0000 0.0000 0.0000 0.0000 0.0000 0.0000 0.0000 0.0000 0.0000 0.0000 0.0000 0.0000 0.0000 0.0000 0.0000 0.0023 0.0691 0.2472 0.4279 0.5287 0.5134 0.4022 0.2613 0.1626 0.1461 0.2153 0.3501 0.5199 0.6907 0.8389 0.9536 1.0299 1.0674 1.0697 1.0390 0.9824 0.9097 0.8313 0.7490 0.6665 0.5870 0.5122 0.4431 0.3804 0.3254 0.2768 0.2337 0.1959
0.0000 0.0000 0.0000 0.0000 0.0000 0.0000 0.0000 0.0000 0.0000 0.0000 0.0000 0.0000 0.0000 0.0000 0.0000 0.0000 0.0000 0.0203 0.1426 0.3454 0.4854 0.5180 0.4458 0.3147 0.1950 0.1438 0.1815 0.2965 0.4604 0.6409 0.8077 0.9416 1.0360 1.0904 1.1069 1.0906 1.0449 0.9772 0.8974 0.8142 0.7290 0.6453 0.5656 0.4914 0.4237 0.3628 0.3096 0.2629 0.2216 0.1856
0.0000 0.0000 0.0000 0.0000 0.0000 0.0000 0.0000 0.0000 0.0000 0.0000 0.0000 0.0000 0.0000 0.0000 0.0000 0.0000 0.0000 0.0531 0.2193 0.4120 0.4891 0.4557 0.3478 0.2246 0.1490 0.1574 0.2508 0.4054 0.5886 0.7698 0.9244 1.0380 1.1083 1.1386 1.1336 1.0992 1.0395 0.9619 0.8764 0.7898 0.7030 0.6191 0.5402 0.4673 0.4016 0.3430 0.2920 0.2475 0.2083 0.1743
0.0000 0.0000 0.0000 0.0000 0.0000 0.0000 0.0000 0.0000 0.0000 0.0000 0.0000 0.0000 0.0000 0.0000 0.0000 0.0000 0.0000 0.0908 0.2756 0.4263 0.4350 0.3539 0.2403 0.1536 0.1397 0.2126 0.3564 0.5398 0.7299 0.9006 1.0351 1.1234 1.1666 1.1720 1.1456 1.0942 1.0221 0.9364 0.8468 0.7582 0.6710 0.5881 0.5108 0.4400 0.3771 0.3212 0.2728 0.2308 0.1940 0.1621
0.0000 0.0000 0.0000 0.0000 0.0000 0.0000 0.0000 0.0000 0.0000 0.0000 0.0000 0.0000 0.0000 0.0000 0.0000 0.0000 0.0000 0.1202 0.2920 0.3814 0.3350 0.2371 0.1506 0.1238 0.1808 0.3142 0.4966 0.6943 0.8783 1.0286 1.1359 1.1946 1.2093 1.1898 1.1433 1.0767 0.9942 0.9023 0.8099 0.7206 0.6343 0.5532 0.4786 0.4107 0.3508 0.2980 0.2526 0.2133 0.1791 0.1495
0.0000 0.0000 0.0000 0.0000 0.0000 0.0000 0.0000 0.0000 0.0000 0.0000 0.0000 0.0000 0.0000 0.0000 0.0000 0.0000 0.0000 0.1295 0.2608 0.2886 0.2161 0.1371 0.1059 0.1528 0.2790 0.4603 0.6643 0.8605 1.0260 1.1483 1.2223 1.2483 1.2347 1.1916 1.1268 1.0474 0.9569 0.8608 0.7669 0.6780 0.5937 0.5154 0.4441 0.3800 0.3234 0.2739 0.2317 0.1954 0.1638 0.1366
0.0000 0.0000 0.0000 0.0000 0.0000 0.0000 0.0000 0.0000 0.0000 0.0000 0.0000 0.0000 0.0000 0.0000 0.0000 0.0000 0.0000 0.1139 0.1907 0.1758 0.1138 0.0855 0.1275 0.2487 0.4311 0.6405 0.8457 1.0239 1.1592 1.2462 1.2837 1.2766 1.2360 1.1718 1.0918 1.0026 0.9069 0.8091 0.7157 0.6291 0.5481 0.4737 0.4067 0.3469 0.2943 0.2485 0.2098 0.1767 0.1480 0.1232
0.0000 0.0000 0.0000 0.0000 0.0000 0.0000 0.0000 0.0000 0.0000 0.0000 0.0000 0.0000 0.0000 0.0000 0.0000 0.0000 0.0000 0.0788 0.1069 0.0823 0.0646 0.1068 0.2244 0.4071 0.6234 0.8369 1.0230 1.1686 1.2650 1.3129 1.3132 1.2750 1.2109 1.1294 1.0380 0.9425 0.8447 0.7478 0.6571 0.5744 0.4981 0.4287 0.3668 0.3120 0.2638 0.2221 0.1873 0.1575 0.1317 0.1095
0.0000 0.0000 0.0000 0.0000 0.0000 0.0000 0.0000 0.0000 0.0000 0.0000 0.0000 0.0000 0.0000 0.0000 0.0000 0.0000 0.0000 0.0391 0.0429 0.0456 0.0937 0.2094 0.3899 0.6114 0.8355 1.0302 1.1807 1.2834 1.3355 1.3427 1.3092 1.2448 1.1616 1.0681 0.9701 0.8720 0.7749 0.6813 0.5947 0.5168 0.4457 0.3823 0.3261 0.2767 0.2334 0.1962 0.1651 0.1386 0.1158 0.0962
0.0000 0.0000 0.0000 0.0000 0.0000 0.0000 0.0000 0.0000 0.0000 0.0000 0.0000 0.0000 0.0000 0.0000 0.0000 0.0000 0.0000 0.0128 0.0278 0.0873 0.2045 0.3793 0.5978 0.8291 1.0346 1.1909 1.2941 1.3487 1.3568 1.3265 1.2649 1.1807 1.0847 0.9847 0.8849 0.7881 0.6952 0.6073 0.5269 0.4552 0.3906 0.3339 0.2840 0.2404 0.2025 0.1699 0.1428 0.1197 0.0998 0.0829
0.0000 0.0000 0.0000 0.0000 0.0000 0.0000 0.0000 0.0000 0.0000 0.0000 0.0000 0.0000 0.0000 0.0000 0.0000 0.0000 0.0000 0.0143 0.0746 0.2039 0.3751 0.5819 0.8076 1.0204 1.1858 1.2917 1.3434 1.3517 1.3209 1.2608 1.1791 1.0829 0.9811 0.8807 0.7840 0.6925 0.6067 0.5269 0.4546 0.3908 0.3336 0.2844 0.2413 0.2039 0.1714 0.1436 0.1205 0.1009 0.0840 0.0697
0.0000 0.0000 0.0000 0.0000 0.0000 0.0000 0.0000 0.0000 0.0000 0.0000 0.0000 0.0000 0.0000 0.0000 0.0000 0.0000 0.0000 0.0464 0.1723 0.3643 0.5619 0.7692 0.9735 1.1465 1.2612 1.3147 1.3193 1.2890 1.2296 1.1501 1.0579 0.9583 0.8583 0.7629 0.6735 0.5906 0.5140 0.4439 0.3810 0.3262 0.2777 0.2363 0.2001 0.1687 0.1415 0.1184 0.0992 0.0829 0.0690 0.0572
0.0000 0.0000 0.0000 0.0000 0.0000 0.0000 0.0000 0.0000 0.0000 0.0000 0.0000 0.0000 0.0000 0.0000 0.0000 0.0000 0.0000 0.0976 0.2873 0.5176 0.7108 0.8912 1.0539 1.1764 1.2405 1.2489 1.2174 1.1610 1.0854 0.9986 0.9058 0.8111 0.7197 0.6345 0.5562 0.4845 0.4191 0.3599 0.3074 0.2624 0.2232 0.1898 0.1605 0.1349 0.1130 0.0944 0.0789 0.0659 0.0549 0.0455
0.0000 0.0000 0.0000 0.0000 0.0000 0.0000 0.0000 0.0000 0.0000 0.0000 0.0000 0.0000 0.0000 0.0000 0.0000 0.0000 0.0000 0.1458 0.3745 0.6090 0.7723 0.9090 1.0219 1.0949 1.1173 1.0942 1.0420 0.9743 0.8959 0.8130 0.7291 0.6466 0.5694 0.4986 0.4344 0.3763 0.3238 0.2767 0.2353 0.2003 0.1703 0.1448 0.1224 0.1026 0.0858 0.0715 0.0597 0.0499 0.0415 0.0344
0.0000 0.0000 0.0000 0.0000 0.0000 0.0000 0.0000 0.0000 0.0000 0.0000 0.0000 0.0000 0.0000 0.0000 0.0000 0.0000 0.0000 0.1679 0.3954 0.6002 0.7200 0.8096 0.8767 0.9106 0.9057 0.8680 0.8116 0.7471 0.6780 0.6084 0.5407 0.4761 0.4166 0.3628 0.3146 0.2715 0.2327 0.1980 0.1679 0.1427 0.1213 0.1031 0.0870 0.0729 0.0609 0.0507 0.0423 0.0353 0.0293 0.0243
0.0000 0.0000 0.0000 0.0000 0.0000 0.0000 0.0000 0.0000 0.0000 0.0000 0.0000 0.0000 0.0000 0.0000 0.0000 0.0000 0.0000 0.1514 0.3364 0.4872 0.5624 0.6129 0.6461 0.6559 0.6392 0.6025 0.5557 0.5058 0.4543 0.4038 0.3569 0.3127 0.2724 0.2361 0.2041 0.1759 0.1505 0.1278 0.1082 0.0920 0.0782 0.0663 0.0559 0.0469 0.0391 0.0326 0.0272 0.0227 0.0189 0.0156
0.0000 0.0000 0.0000 0.0000 0.0000 0.0000 0.0000 0.0000 0.0000 0.0000 0.0000 0.0000 0.0000 0.0000 0.0000 0.0000 0.0000 0.1030 0.2201 0.3089 0.3474 0.3706 0.3835 0.3831 0.3679 0.3427 0.3130 0.2826 0.2520 0.2224 0.1958 0.1711 0.1485 0.1284 0.1107 0.0954 0.0815 0.0691 0.0585 0.0497 0.0424 0.0358 0.0302 0.0254 0.0212 0.0176 0.0147 0.0122 0.0102 0.0084
0.0000 0.0000 0.0000 0.0000 0.0000 0.0000 0.0000 0.0000 0.0000 0.0000 0.0000 0.0000 0.0000 0.0000 0.0000 0.0000 0.0000 0.0448 0.0935 0.1287 0.1424 0.1500 0.1534 0.1517 0.1443 0.1334 0.1211 0.1088 0.0965 0.0848 0.0745 0.0650 0.0563 0.0486 0.0418 0.0361 0.0308 0.0261 0.0221 0.0188 0.0160 0.0135 0.0114 0.0096 0.0080 0.0067 0.0056 0.0046 0.0039 0.0032
0.0000 0.0000 0.0000 0.0000 0.0000 0.0000 0.0000 0.0000 0.0000 0.0000 0.0000 0.0000 0.0000 0.0000 0.0000 0.0000 0.0000 0.0054 0.0112 0.0152 0.0167 0.0175 0.0178 0.0174 0.0165 0.0152 0.0138 0.0123 0.0109 0.0096 0.0084 0.0073 0.0063 0.0055 0.0047 0.0040 0.0035 0.0029 0.0025 0.0021 0.0018 0.0015 0.0013 0.0011 0.0009 0.0007 0.0006 0.0005 0.0004 0.0004
