0.2185 0.2177 0.2174 0.1859 0.1752 0.1651 0.1537 0.1451 0.1404 0.1516 0.1128 0.1076 0.1199 0.1205 0.1144 0.1029 0.0833 0.0613 0.0520 0.0597 0.0726 0.0780 0.0705 0.0558 0.0404 0.0291 0.0226 0.0198 0.0189 0.0185 0.0177 0.0165 0.0148 0.0132 0.0115 0.0099 0.0085 0.0073 0.0063 0.0054 0.0047 0.0041 0.0036 0.0032 0.0028 0.0025 0.0022 0.0020 0.0018 0.0016
0.6548 0.6506 0.6498 0.5580 0.5260 0.4946 0.4602 0.4341 0.4205 0.4537 0.3386 0.3229 0.3612 0.3635 0.3445 0.3094 0.2508 0.1846 0.1556 0.1775 0.2158 0.2329 0.2115 0.1682 0.1224 0.0882 0.0682 0.0592 0.0564 0.0550 0.0526 0.0492 0.0444 0.0395 0.0345 0.0297 0.0255 0.0219 0.0188 0.0162 0.0140 0.0122 0.0108 0.0096 0.0085 0.0075 0.0067 0.0060 0.0054 0.0048
1.0900 1.0771 1.0756 0.9309 0.8781 0.8224 0.7640 0.7201 0.6984 0.7525 0.5647 0.5383 0.6069 0.6124 0.5786 0.5184 0.4207 0.3098 0.2580 0.2903 0.3529 0.3841 0.3526 0.2834 0.2079 0.1498 0.1147 0.0984 0.0929 0.0902 0.0866 0.0812 0.0736 0.0656 0.0575 0.0497 0.0427 0.0368 0.0316 0.0272 0.0234 0.0205 0.0181 0.0160 0.0142 0.0126 0.0112 0.0100 0.0089 0.0080
1.5253 1.4965 1.4911 1.3039 1.2340 1.1477 1.0633 1.0024 0.9720 1.0471 0.7911 0.7543 0.8607 0.8712 0.8186 0.7308 0.5945 0.4385 0.3589 0.3951 0.4796 0.5285 0.4933 0.4031 0.2992 0.2160 0.1635 0.1375 0.1279 0.1236 0.1188 0.1119 0.1021 0.0916 0.0806 0.0699 0.0603 0.0519 0.0446 0.0384 0.0331 0.0289 0.0254 0.0225 0.0199 0.0177 0.0157 0.0140 0.0125 0.0112
1.9641 1.9126 1.8957 1.6743 1.5976 1.4713 1.3568 1.2812 1.2386 1.3380 1.0178 0.9717 1.1275 1.1436 1.0654 0.9464 0.7732 0.5727 0.4592 0.4896 0.5919 0.6626 0.6324 0.5285 0.3991 0.2895 0.2162 0.1774 0.1615 0.1546 0.1486 0.1408 0.1294 0.1169 0.1036 0.0903 0.0782 0.0675 0.0580 0.0500 0.0430 0.0375 0.0330 0.0291 0.0257 0.0228 0.0202 0.0180 0.0161 0.0144
2.4111 2.3331 2.2955 2.0378 1.9741 1.7958 1.6443 1.5586 1.4954 1.6285 1.2442 1.1925 1.4133 1.4325 1.3182 1.1638 0.9578 0.7157 0.5611 0.5729 0.6858 0.7821 0.7677 0.6602 0.5100 0.3734 0.2757 0.2197 0.1943 0.1830 0.1755 0.1670 0.1548 0.1411 0.1261 0.1107 0.0963 0.0834 0.0719 0.0620 0.0533 0.0465 0.0408 0.0359 0.0316 0.0280 0.0248 0.0221 0.0197 0.0176
2.8701 2.7652 2.7066 2.3912 2.3673 2.1279 1.9280 1.8367 1.7407 1.9238 1.4683 1.4207 1.7251 1.7387 1.5733 1.3796 1.1484 0.8715 0.6692 0.6462 0.7584 0.8823 0.8957 0.7974 0.6341 0.4714 0.3455 0.2673 0.2280 0.2094 0.1992 0.1901 0.1777 0.1636 0.1476 0.1307 0.1145 0.0996 0.0862 0.0744 0.0640 0.0557 0.0488 0.0430 0.0378 0.0334 0.0295 0.0262 0.0233 0.0208
3.3413 3.2081 3.1534 2.7403 2.7740 2.4806 2.2126 2.1169 1.9762 2.2301 1.6867 1.6633 2.0699 2.0596 1.8232 1.5883 1.3452 1.0459 0.7915 0.7145 0.8092 0.9584 1.0112 0.9376 0.7722 0.5870 0.4304 0.3246 0.2657 0.2357 0.2202 0.2097 0.1972 0.1833 0.1672 0.1495 0.1321 0.1157 0.1005 0.0870 0.0751 0.0654 0.0572 0.0503 0.0441 0.0389 0.0344 0.0304 0.0271 0.0241
3.8149 3.6498 3.6530 3.1123 3.1764 2.8764 2.5043 2.3983 2.2094 2.5506 1.8946 1.9313 2.4525 2.3864 2.0567 1.7831 1.5483 1.2465 0.9396 0.7876 0.8412 1.0065 1.1071 1.0751 0.9226 0.7226 0.5351 0.3969 0.3121 0.2649 0.2403 0.2262 0.2129 0.1995 0.1839 0.1663 0.1483 0.1310 0.1146 0.0997 0.0862 0.0752 0.0659 0.0579 0.0507 0.0447 0.0394 0.0348 0.0309 0.0275
4.2586 4.0764 4.1884 3.5639 3.5391 3.3469 2.8055 2.6787 2.4543 2.8794 2.0880 2.2386 2.8705 2.7026 2.2592 1.9566 1.7579 1.4820 1.1289 0.8814 0.8630 1.0252 1.1747 1.1999 1.0790 0.8770 0.6631 0.4901 0.3734 0.3022 0.2627 0.2413 0.2252 0.2116 0.1967 0.1797 0.1621 0.1445 0.1274 0.1116 0.0970 0.0849 0.0745 0.0655 0.0574 0.0505 0.0445 0.0393 0.0349 0.0309
4.6177 4.4880 4.6901 4.1623 3.8249 3.9234 3.1128 2.9628 2.7296 3.1979 2.2716 2.6024 3.3111 2.9858 2.4187 2.1060 1.9766 1.7621 1.3795 1.0212 0.8941 1.0200 1.2067 1.2985 1.2293 1.0445 0.8153 0.6101 0.4580 0.3560 0.2946 0.2601 0.2374 0.2213 0.2062 0.1898 0.1728 0.1556 0.1385 0.1223 0.1071 0.0942 0.0830 0.0732 0.0643 0.0566 0.0499 0.0441 0.0390 0.0346
4.8927 4.8872 5.0733 4.9118 4.0347 4.5976 3.4122 3.2643 3.0420 3.4703 2.4594 3.0296 3.7428 3.2094 2.5287 2.2333 2.2040 2.0890 1.7060 1.2346 0.9621 1.0046 1.1977 1.3524 1.3521 1.2087 0.9842 0.7575 0.5720 0.4351 0.3448 0.2902 0.2551 0.2325 0.2145 0.1973 0.1806 0.1639 0.1472 0.1312 0.1159 0.1027 0.0911 0.0807 0.0711 0.0628 0.0555 0.0490 0.0435 0.0385
5.2909 5.2280 5.3307 5.6601 4.2496 5.2681 3.6871 3.5961 3.3603 3.6473 2.6675 3.4966 4.1109 3.3481 2.5914 2.3415 2.4281 2.4420 2.1004 1.5365 1.0937 0.9976 1.1449 1.3380 1.4131 1.3360 1.1451 0.9188 0.7118 0.5428 0.4200 0.3391 0.2848 0.2500 0.2250 0.2042 0.1860 0.1692 0.1528 0.1372 0.1222 0.1092 0.0975 0.0869 0.0770 0.0683 0.0605 0.0536 0.0477 0.0423
6.1367 5.4494 5.5585 6.1169 4.6162 5.7349 3.9636 3.9641 3.6233 3.7068 2.9223 3.9454 4.3570 3.4038 2.6324 2.4395 2.6229 2.7720 2.5249 1.9261 1.3213 1.0372 1.0661 1.2434 1.3771 1.3824 1.2579 1.0656 0.8627 0.6758 0.5251 0.4159 0.3372 0.2839 0.2460 0.2169 0.1939 0.1746 0.1572 0.1414 0.1265 0.1136 0.1021 0.0916 0.0816 0.0728 0.0648 0.0576 0.0514 0.0457
7.1994 5.7059 5.7951 6.1248 5.1608 5.8121 4.3038 4.3318 3.7832 3.6921 3.2288 4.2748 4.4473 3.4228 2.6954 2.5294 2.7363 2.9843 2.8872 2.3622 1.6674 1.1836 1.0167 1.0909 1.2277 1.3037 1.2688 1.1488 0.9880 0.8131 0.6526 0.5230 0.4206 0.3454 0.2893 0.2461 0.2132 0.1874 0.1660 0.1479 0.1317 0.1180 0.1061 0.0955 0.0854 0.0764 0.0682 0.0609 0.0545 0.0486
7.4501 6.2545 5.9816 5.9575 5.5824 5.5830 4.6997 4.6479 3.9152 3.7201 3.5301 4.3684 4.4196 3.5046 2.8228 2.5940 2.6976 2.9481 3.0319 2.7362 2.1223 1.5178 1.1159 0.9814 1.0147 1.0950 1.1333 1.1060 1.0255 0.9038 0.7680 0.6417 0.5287 0.4369 0.3625 0.3020 0.2548 0.2178 0.1882 0.1641 0.1439 0.1273 0.1134 0.1015 0.0904 0.0807 0.0721 0.0644 0.0577 0.0515
6.9512 6.5854 6.4284 6.0003 5.5962 5.4844 4.9440 5.0244 4.2746 3.8892 3.6983 4.1711 4.4141 3.7760 3.0226 2.6037 2.4815 2.5790 2.7810 2.8504 2.5873 2.1003 1.5527 1.1504 0.9391 0.8788 0.8885 0.9081 0.9072 0.8664 0.7946 0.7089 0.6156 0.5285 0.4490 0.3778 0.3184 0.2695 0.2295 0.1968 0.1696 0.1474 0.1292 0.1140 0.1004 0.0888 0.0787 0.0699 0.0623 0.0554
7.1176 6.5387 7.2274 6.5112 6.0052 5.7694 4.9182 5.8517 5.0036 4.1362 3.7315 3.7906 4.5456 4.2801 3.2481 2.5785 2.2944 2.1090 2.1360 2.4300 2.7105 2.7457 2.4279 1.9401 1.4501 1.0777 0.8444 0.7270 0.6819 0.6604 0.6401 0.6121 0.5695 0.5208 0.4670 0.4104 0.3576 0.3100 0.2682 0.2320 0.2006 0.1740 0.1516 0.1328 0.1159 0.1017 0.0893 0.0787 0.0697 0.0616
7.9394 7.4843 8.1191 6.9993 6.6897 6.5785 5.7504 5.6651 5.2268 4.5423 4.8179 3.9008 3.6616 3.8871 3.2742 2.6725 2.8009 2.9749 2.6252 2.0203 1.6459 1.7187 2.0369 2.3507 2.4702 2.3706 2.0986 1.7551 1.4196 1.1180 0.8738 0.6915 0.5547 0.4572 0.3851 0.3287 0.2854 0.2508 0.2224 0.1984 0.1772 0.1584 0.1421 0.1276 0.1138 0.1016 0.0906 0.0809 0.0723 0.0644
9.2536 7.8743 8.1173 7.9686 6.7474 7.2482 5.8977 6.2643 5.3027 5.0407 5.0548 4.0438 4.0462 4.1198 3.3611 2.8712 3.0762 3.1621 2.7071 2.0887 1.7654 1.8875 2.2175 2.5132 2.6042 2.4800 2.1908 1.8357 1.4922 1.1833 0.9314 0.7417 0.5978 0.4941 0.4166 0.3555 0.3082 0.2704 0.2392 0.2130 0.1901 0.1700 0.1523 0.1366 0.1217 0.1086 0.0969 0.0865 0.0774 0.0689
9.9889 8.9965 8.0181 8.6633 7.1581 7.6120 6.2881 6.7072 5.4407 5.5851 5.1921 4.2595 4.4513 4.2964 3.4532 3.1102 3.3564 3.3258 2.7744 2.1631 1.9008 2.0686 2.4015 2.6719 2.7309 2.5820 2.2771 1.9126 1.5631 1.2485 0.9899 0.7934 0.6426 0.5328 0.4499 0.3840 0.3326 0.2912 0.2570 0.2285 0.2038 0.1821 0.1631 0.1460 0.1299 0.1159 0.1034 0.0923 0.0826 0.0736
9.7296 10.0653 8.5022 8.7931 7.9909 7.6573 6.9530 6.9181 5.7441 6.0837 5.2635 4.5737 4.8393 4.4167 3.5717 3.3889 3.6292 3.4616 2.8313 2.2490 2.0536 2.2604 2.5864 2.8246 2.8492 2.6762 2.3576 1.9858 1.6323 1.3135 1.0493 0.8466 0.6892 0.5735 0.4850 0.4143 0.3585 0.3133 0.2759 0.2450 0.2184 0.1950 0.1745 0.1559 0.1386 0.1235 0.1102 0.0984 0.0880 0.0785
9.6969 10.2378 9.6057 8.6664 8.9054 7.6502 7.7242 6.9585 6.2474 6.4477 5.3389 4.9835 5.1701 4.4962 3.7366 3.6992 3.8811 3.5683 2.8846 2.3513 2.2242 2.4604 2.7691 2.9695 2.9583 2.7624 2.4322 2.0554 1.6999 1.3783 1.1095 0.9012 0.7376 0.6160 0.5221 0.4464 0.3861 0.3369 0.2961 0.2625 0.2338 0.2087 0.1865 0.1664 0.1476 0.1315 0.1173 0.1047 0.0937 0.0836
10.8216 9.9647 10.4998 8.9287 9.4088 7.9314 8.3095 7.0069 6.8647 6.6354 5.4967 5.4493 5.4149 4.5634 3.9586 4.0252 4.1014 3.6508 2.9435 2.4753 2.4124 2.6661 2.9475 3.1058 3.0587 2.8412 2.5014 2.1220 1.7662 1.4433 1.1711 0.9580 0.7885 0.6609 0.5612 0.4804 0.4155 0.3624 0.3179 0.2814 0.2503 0.2231 0.1991 0.1774 0.1574 0.1401 0.1250 0.1115 0.0997 0.0890
11.9310 10.4366 10.5907 9.7851 9.4123 8.6023 8.5425 7.2592 7.4359 6.6964 5.7900 5.9062 5.5712 4.6551 4.2386 4.3469 4.2834 3.7171 3.0171 2.6235 2.6157 2.8742 3.1195 3.2330 3.1507 2.9134 2.5659 2.1861 1.8315 1.5085 1.2342 1.0171 0.8420 0.7082 0.6024 0.5164 0.4469 0.3899 0.3416 0.3018 0.2679 0.2383 0.2124 0.1890 0.1678 0.1495 0.1333 0.1189 0.1063 0.0948
11.8903 11.5833 10.4565 10.6763 9.3875 9.3902 8.5537 7.7784 7.8268 6.7565 6.2166 6.2906 5.6681 4.8068 4.5657 4.6447 4.4272 3.7778 3.1127 2.7957 2.8301 3.0804 3.2828 3.3506 3.2348 2.9801 2.6270 2.2481 1.8958 1.5736 1.2980 1.0775 0.8972 0.7573 0.6453 0.5542 0.4801 0.4190 0.3668 0.3236 0.2867 0.2545 0.2265 0.2013 0.1789 0.1596 0.1422 0.1267 0.1132 0.1010
11.8500 12.1903 10.9603 11.0161 9.8017 9.9007 8.6516 8.4158 8.0141 6.9374 6.7083 6.5691 5.7570 5.0355 4.9159 4.9047 4.5409 3.8462 3.2357 2.9900 3.0515 3.2821 3.4372 3.4596 3.3126 3.0427 2.6857 2.3087 1.9595 1.6387 1.3623 1.1390 0.9539 0.8080 0.6900 0.5937 0.5151 0.4500 0.3936 0.3468 0.3067 0.2718 0.2414 0.2144 0.1907 0.1702 0.1516 0.1350 0.1205 0.1075
12.7544 12.1744 11.8751 11.0403 10.5524 10.0726 9.0378 8.9488 8.1146 7.2838 7.1723 6.7574 5.8908 5.3352 5.2618 5.1231 4.6392 3.9345 3.3884 3.2029 3.2762 3.4779 3.5833 3.5618 3.3860 3.1027 2.7431 2.3685 2.0226 1.7038 1.4271 1.2014 1.0117 0.8601 0.7362 0.6349 0.5518 0.4827 0.4221 0.3715 0.3280 0.2901 0.2574 0.2284 0.2032 0.1815 0.1616 0.1438 0.1283 0.1144
13.3917 12.4089 12.3289 11.2676 11.1048 10.1553 9.5736 9.2489 8.2585 7.7168 7.5227 6.8882 6.0835 5.6744 5.5808 5.3072 4.7394 4.0531 3.5736 3.4362 3.5087 3.6742 3.7271 3.6609 3.4568 3.1626 2.8032 2.4325 2.0908 1.7731 1.4950 1.2668 1.0729 0.9165 0.7872 0.6801 0.5920 0.5185 0.4543 0.4001 0.3530 0.3116 0.2759 0.2446 0.2176 0.1943 0.1731 0.1540 0.1374 0.1225
13.5641 13.0021 12.5028 11.7904 11.3973 10.4438 10.0781 9.4510 8.5408 8.1618 7.7926 7.0423 6.3487 6.0284 5.8689 5.4740 4.8557 4.2032 3.7836 3.6800 3.7412 3.8666 3.8674 3.7583 3.5273 3.2229 2.8638 2.4968 2.1590 1.8423 1.5631 1.3327 1.1350 0.9740 0.8396 0.7270 0.6339 0.5560 0.4884 0.4305 0.3796 0.3344 0.2956 0.2620 0.2329 0.2079 0.1854 0.1650 0.1472 0.1311
13.8639 13.4846 12.7999 12.2827 11.6691 10.8578 10.4868 9.6898 8.9115 8.5687 8.0343 7.2481 6.6616 6.3787 6.1358 5.6408 4.9959 4.3826 4.0136 3.9321 3.9746 4.0579 4.0073 3.8563 3.5991 3.2842 2.9250 2.5612 2.2270 1.9109 1.6309 1.3988 1.1976 1.0325 0.8933 0.7752 0.6773 0.5952 0.5242 0.4627 0.4078 0.3586 0.3166 0.2804 0.2492 0.2225 0.1985 0.1768 0.1576 0.1403
14.1118 14.0344 13.0907 12.8061 11.9622 11.2963 10.8901 9.9720 9.3113 8.9616 8.2859 7.4955 7.0006 6.7274 6.3978 5.8185 5.1606 4.5875 4.2612 4.1933 4.2121 4.2516 4.1494 3.9569 3.6732 3.3473 2.9872 2.6258 2.2946 1.9787 1.6983 1.4650 1.2607 1.0918 0.9482 0.8248 0.7223 0.6361 0.5619 0.4966 0.4377 0.3843 0.3389 0.3001 0.2666 0.2380 0.2126 0.1893 0.1688 0.1502
14.8257 14.2581 13.5553 13.3045 12.1810 11.8616 11.2558 10.2410 9.7662 9.3685 8.5411 7.7735 7.3705 7.0983 6.6769 6.0183 5.3568 4.8258 4.5382 4.4776 4.4670 4.4578 4.3045 4.0736 3.7665 3.4272 3.0603 2.6965 2.3661 2.0516 1.7713 1.5366 1.3296 1.1576 1.0100 0.8818 0.7739 0.6823 0.6029 0.5335 0.4715 0.4154 0.3671 0.3250 0.2885 0.2574 0.2297 0.2045 0.1823 0.1622
15.6440 14.2431 14.4695 13.3899 12.6557 12.5110 11.4511 10.5974 10.3308 9.7422 8.7666 8.0923 7.7925 7.4884 6.9552 6.2218 5.5709 5.0894 4.8385 4.7789 4.7324 4.6700 4.4633 4.1928 3.8613 3.5077 3.1333 2.7669 2.4374 2.1246 1.8445 1.6085 1.3994 1.2245 1.0734 0.9407 0.8275 0.7305 0.6457 0.5723 0.5071 0.4484 0.3972 0.3516 0.3120 0.2782 0.2480 0.2207 0.1967 0.1750
15.2094 15.2862 14.8088 13.4853 13.5898 12.8264 11.5974 11.2197 10.9102 9.9906 8.9921 8.5069 8.2781 7.8779 7.2130 6.4232 5.8078 5.3861 5.1683 5.0998 5.0079 4.8860 4.6231 4.3121 3.9557 3.5876 3.2056 2.8368 2.5086 2.1980 1.9180 1.6808 1.4700 1.2929 1.1385 1.0015 0.8831 0.7805 0.6904 0.6129 0.5447 0.4835 0.4293 0.3800 0.3372 0.3005 0.2676 0.2381 0.2122 0.1888
15.9391 16.2709 14.5054 14.5451 14.2630 12.7853 12.1581 12.0527 11.2997 10.1486 9.3542 9.0777 8.8104 8.2354 7.4445 6.6426 6.0933 5.7360 5.5387 5.4452 5.2957 5.1084 4.7868 4.4344 4.0525 3.6703 3.2816 2.9118 2.5855 2.2773 1.9971 1.7587 1.5461 1.3666 1.2091 1.0676 0.9439 0.8358 0.7402 0.6583 0.5865 0.5220 0.4643 0.4112 0.3650 0.3253 0.2897 0.2577 0.2298 0.2044
17.7202 15.7450 15.5173 15.7291 14.1484 13.1919 13.2381 12.6862 11.4426 10.4390 9.9839 9.7777 9.3229 8.5326 7.6669 6.9188 6.4590 6.1553 5.9541 5.8141 5.5938 5.3373 4.9559 4.5623 4.1558 3.7612 3.3676 2.9984 2.6745 2.3678 2.0872 1.8479 1.6326 1.4504 1.2892 1.1429 1.0139 0.9002 0.7989 0.7118 0.6352 0.5653 0.5030 0.4463 0.3965 0.3538 0.3156 0.2810 0.2505 0.2229
16.9663 16.5263 17.1425 15.5546 14.3034 14.4340 14.1024 12.7966 11.5929 11.0616 10.8038 10.4221 9.6929 8.7493 7.9061 7.2687 6.9013 6.6245 6.3886 6.1805 5.8796 5.5522 5.1142 4.6838 4.2577 3.8543 3.4576 3.0895 2.7681 2.4628 2.1820 1.9416 1.7237 1.5386 1.3739 1.2226 1.0880 0.9686 0.8614 0.7690 0.6874 0.6115 0.5444 0.4840 0.4304 0.3844 0.3436 0.3061 0.2729 0.2429
17.6217 18.5199 16.8602 15.4797 15.7051 15.5117 14.1628 12.7946 12.1880 12.0006 11.5773 10.8511 9.9105 8.9533 8.2281 7.7219 7.4174 7.1240 6.8199 6.5265 6.1411 5.7467 5.2593 4.7994 4.3603 3.9521 3.5543 3.1877 2.8686 2.5642 2.2830 2.0415 1.8205 1.6325 1.4639 1.3074 1.1670 1.0415 0.9281 0.8300 0.7431 0.6610 0.5888 0.5244 0.4668 0.4174 0.3738 0.3332 0.2972 0.2645
20.0190 18.0772 16.7926 17.2354 17.0298 15.5546 14.1018 13.4704 13.3164 12.9614 12.1118 11.0957 10.1170 9.2937 8.7273 8.3171 8.0157 7.6576 7.2606 6.8730 6.4049 5.9510 5.4240 4.9432 4.4938 4.0824 3.6843 3.3191 3.0010 2.6949 2.4123 2.1683 1.9427 1.7487 1.5732 1.4088 1.2623 1.1317 1.0124 0.9077 0.8138 0.7257 0.6478 0.5782 0.5149 0.4607 0.4135 0.3691 0.3295 0.2935
19.0017 18.2262 18.9423 18.5279 16.8357 15.4200 14.9083 14.7674 14.3657 13.4971 12.3252 11.2830 10.4567 9.8230 9.3733 8.9822 8.6181 8.1574 7.6572 7.1817 6.6451 6.1464 5.5927 5.1000 4.6452 4.2331 3.8354 3.4716 3.1537 2.8442 2.5586 2.3110 2.0797 1.8781 1.6941 1.5207 1.3676 1.2317 1.1062 0.9945 0.8927 0.7983 0.7144 0.6388 0.5691 0.5094 0.4583 0.4097 0.3662 0.3264
19.9749 20.7252 19.7806 17.9506 16.7799 16.5136 16.3830 15.8012 14.7902 13.6130 12.4891 11.6617 11.0404 10.5283 10.0918 9.6350 9.1611 8.5856 7.9929 7.4495 6.8662 6.3401 5.7722 5.2756 4.8193 4.4080 4.0103 3.6470 3.3276 3.0128 2.7226 2.4699 2.2315 2.0208 1.8268 1.6429 1.4828 1.3413 1.2093 1.0899 0.9794 0.8781 0.7877 0.7056 0.6288 0.5632 0.5078 0.4547 0.4068 0.3628
22.2979 20.6140 18.9893 18.4008 18.3701 18.1045 17.2497 16.0035 14.7730 13.7486 12.9112 12.3224 11.8142 11.2974 10.7744 10.1941 9.6071 8.9356 8.2732 7.6894 7.0835 6.5479 5.9771 5.4830 5.0290 4.6186 4.2191 3.8564 3.5362 3.2165 2.9196 2.6596 2.4120 2.1914 1.9871 1.7924 1.6228 1.4728 1.3330 1.2047 1.0846 0.9740 0.8757 0.7870 0.7035 0.6317 0.5701 0.5113 0.4583 0.4095
21.1675 20.4014 20.4655 20.4165 19.7274 18.5303 17.1695 15.9451 15.0231 14.3229 13.6777 13.1516 12.6007 11.9790 11.3266 10.6198 9.9539 9.2255 8.5222 7.9245 7.3161 6.7859 6.2198 5.7315 5.2809 4.8700 4.4651 4.1034 3.7829 3.4589 3.1529 2.8833 2.6243 2.3931 2.1782 1.9724 1.7909 1.6291 1.4800 1.3417 1.2109 1.0883 0.9805 0.8849 0.7956 0.7175 0.6472 0.5814 0.5225 0.4680
22.7357 22.7703 22.1313 20.9125 19.5172 18.2947 17.3199 16.5332 15.8924 15.2722 14.5526 13.8981 13.2094 12.4694 11.7188 10.9351 10.2407 9.4970 8.7803 8.1882 7.5891 7.0712 6.5116 6.0279 5.5772 5.1620 4.7479 4.3852 4.0627 3.7326 3.4153 3.1340 2.8615 2.6183 2.3914 2.1734 1.9787 1.8037 1.6445 1.4952 1.3524 1.2164 1.0980 0.9953 0.8998 0.8150 0.7348 0.6612 0.5957 0.5350
24.4107 23.0470 21.7112 20.5986 19.7380 19.0586 18.4053 17.6767 16.9123 16.0856 15.1571 14.3474 13.5621 12.7620 11.9797 11.1807 10.4983 9.7664 9.0536 8.4759 7.8895 7.3851 6.8309 6.3501 5.8959 5.4731 5.0469 4.6793 4.3526 4.0164 3.6890 3.3974 3.1123 2.8578 2.6197 2.3904 2.1829 1.9948 1.8236 1.6631 1.5094 1.3619 1.2337 1.1228 1.0196 0.9269 0.8366 0.7545 0.6818 0.6141
24.1529 23.3176 22.6380 21.9779 21.2667 20.4651 19.5428 18.5110 17.4740 16.4389 15.3949 14.5404 13.7599 12.9448 12.1681 11.3858 10.7227 10.0066 9.3085 8.7452 8.1681 7.6738 7.1250 6.6487 6.1903 5.7600 5.3220 4.9421 4.6086 4.2691 3.9398 3.6454 3.3536 3.0927 2.8478 2.6118 2.3955 2.1974 2.0099 1.8394 1.6800 1.5305 1.3967 1.2752 1.1601 1.0571 0.9591 0.8686 0.7877 0.7121
26.3369 25.4504 24.4512 23.3693 22.2621 21.1334 19.9765 18.7993 17.6738 16.5945 15.5656 14.7596 14.0422 13.2340 12.4649 11.6889 11.0338 10.3215 9.6280 9.0688 8.4917 8.0005 7.4524 6.9772 6.5119 6.0714 5.6191 5.2244 4.8830 4.5403 4.2095 3.9129 3.6147 3.3477 3.0962 2.8540 2.6290 2.4204 2.2151 2.0340 1.8696 1.7199 1.5811 1.4480 1.3196 1.2052 1.0991 0.9996 0.9099 0.8256
27.4008 26.1487 24.9033 23.6898 22.5430 21.4099 20.2677 19.1174 17.9967 16.9140 15.9083 15.1408 14.4649 13.6360 12.8463 12.0505 11.3857 10.6633 9.9636 9.3988 8.8143 8.3212 7.7704 7.2945 6.8227 6.3727 5.9070 5.4971 5.1476 4.8021 4.4700 4.1718 3.8686 3.5970 3.3404 3.0930 2.8602 2.6419 2.4190 2.2281 2.0599 1.9114 1.7688 1.6244 1.4825 1.3570 1.2435 1.1352 1.0369 0.9439
27.1552 25.9966 24.8502 23.6998 22.5743 21.4585 20.3385 19.2372 18.1404 17.0661 16.0433 15.2585 14.5632 13.7200 12.9137 12.0994 11.4390 10.7166 10.0068 9.4274 8.8296 8.3296 7.7708 7.2890 6.8289 6.3890 5.9319 5.5163 5.1612 4.8097 4.4705 4.1684 3.8674 3.6003 3.3473 3.0986 2.8639 2.6438 2.4219 2.2319 2.0641 1.9118 1.7664 1.6211 1.4799 1.3556 1.2442 1.1364 1.0380 0.9447
