0.1568 0.0318 0.1063 0.3905 0.2691 0.0325 0.3713 0.0308 0.3136 0.0419 0.2878 0.0677 0.0843 0.1842 0.0805 0.0208 0.0438 0.1128 0.1705 0.1468 0.0694 0.0236 0.0406 0.0811 0.0970 0.0777 0.0414 0.0123 0.0022 0.0100 0.0269 0.0438 0.0548 0.0580 0.0548 0.0467 0.0367 0.0266 0.0177 0.0107 0.0058 0.0027 0.0011 0.0007 0.0010 0.0018 0.0029 0.0039 0.0049 0.0058
0.5194 0.1114 0.2879 1.1475 0.8380 0.0857 1.1104 0.1023 0.9337 0.1297 0.8637 0.1927 0.2614 0.5482 0.2326 0.0627 0.1379 0.3456 0.5149 0.4393 0.2059 0.0695 0.1214 0.2423 0.2887 0.2304 0.1220 0.0357 0.0065 0.0306 0.0816 0.1321 0.1649 0.1739 0.1642 0.1398 0.1098 0.0795 0.0528 0.0319 0.0172 0.0080 0.0034 0.0021 0.0031 0.0055 0.0086 0.0118 0.0148 0.0175
1.0348 0.2537 0.3855 1.8246 1.4954 0.1109 1.8322 0.2082 1.5283 0.2323 1.4382 0.2885 0.4635 0.8978 0.3585 0.1072 0.2526 0.5992 0.8681 0.7280 0.3352 0.1119 0.2008 0.3998 0.4732 0.3743 0.1957 0.0557 0.0109 0.0535 0.1390 0.2227 0.2762 0.2902 0.2731 0.2318 0.1817 0.1312 0.0869 0.0524 0.0282 0.0131 0.0055 0.0035 0.0053 0.0094 0.0145 0.0199 0.0249 0.0294
1.8139 0.5456 0.3766 2.3453 2.2831 0.1162 2.5024 0.3861 2.0680 0.3679 2.0012 0.3411 0.7067 1.2186 0.4444 0.1613 0.4031 0.8851 1.2320 1.0069 0.4509 0.1478 0.2776 0.5511 0.6453 0.5038 0.2581 0.0705 0.0158 0.0804 0.2014 0.3174 0.3899 0.4070 0.3812 0.3223 0.2518 0.1812 0.1196 0.0718 0.0383 0.0177 0.0074 0.0049 0.0076 0.0134 0.0207 0.0283 0.0352 0.0415
2.9439 1.1243 0.2993 2.6120 3.2070 0.1503 3.0565 0.6927 2.5074 0.5664 2.5299 0.3455 1.0042 1.4901 0.4831 0.2403 0.6060 1.2104 1.6019 1.2653 0.5443 0.1740 0.3508 0.6932 0.8001 0.6132 0.3053 0.0787 0.0221 0.1134 0.2711 0.4179 0.5069 0.5247 0.4884 0.4107 0.3193 0.2287 0.1502 0.0896 0.0475 0.0217 0.0091 0.0064 0.0101 0.0178 0.0272 0.0370 0.0458 0.0539
4.4065 2.1509 0.2866 2.5299 4.2060 0.3160 3.3964 1.2020 2.7846 0.8701 2.9851 0.3107 1.3628 1.6864 0.4789 0.3688 0.8769 1.5735 1.9632 1.4857 0.6047 0.1873 0.4198 0.8241 0.9329 0.6978 0.3343 0.0798 0.0316 0.1554 0.3509 0.5266 0.6288 0.6439 0.5945 0.4966 0.3838 0.2732 0.1783 0.1056 0.0554 0.0251 0.0106 0.0079 0.0130 0.0226 0.0342 0.0462 0.0570 0.0667
5.9559 3.7186 0.5838 2.0624 5.1224 0.7658 3.4069 1.9906 2.8293 1.3311 3.3107 0.2643 1.7778 1.7795 0.4537 0.5803 1.2249 1.9595 2.2885 1.6435 0.6198 0.1863 0.4867 0.9438 1.0416 0.7547 0.3437 0.0749 0.0468 0.2098 0.4440 0.6457 0.7569 0.7653 0.6998 0.5799 0.4449 0.3144 0.2036 0.1194 0.0619 0.0277 0.0118 0.0096 0.0161 0.0279 0.0418 0.0560 0.0686 0.0801
7.0346 5.6884 1.5037 1.3174 5.6948 1.6638 2.9989 3.1043 2.5856 1.9991 3.4398 0.2551 2.2265 1.7477 0.4522 0.9118 1.6447 2.3342 2.5358 1.7082 0.5788 0.1745 0.5591 1.0574 1.1277 0.7846 0.3352 0.0669 0.0716 0.2804 0.5536 0.7778 0.8927 0.8896 0.8044 0.6604 0.5023 0.3520 0.2258 0.1310 0.0669 0.0295 0.0129 0.0114 0.0198 0.0338 0.0501 0.0664 0.0809 0.0940
6.8973 7.5151 3.2728 0.6264 5.6162 3.0964 2.1872 4.5025 2.0505 2.9006 3.3088 0.3512 2.6641 1.5894 0.5439 1.3916 2.1055 2.6406 2.6514 1.6492 0.4782 0.1653 0.6535 1.1781 1.1999 0.7935 0.3139 0.0606 0.1106 0.3711 0.6826 0.9246 1.0372 1.0171 0.9082 0.7378 0.5558 0.3858 0.2448 0.1402 0.0705 0.0305 0.0137 0.0135 0.0240 0.0404 0.0591 0.0776 0.0939 0.1085
5.1159 8.2547 5.7596 0.5417 4.6843 4.9420 1.1854 5.9933 1.3266 4.0073 2.8825 0.6307 3.0262 1.3399 0.8160 2.0206 2.5406 2.8014 2.5798 1.4475 0.3314 0.1880 0.8003 1.3301 1.2759 0.7943 0.2891 0.0629 0.1680 0.4841 0.8317 1.0857 1.1896 1.1469 1.0105 0.8116 0.6049 0.4153 0.2604 0.1470 0.0725 0.0309 0.0145 0.0160 0.0289 0.0478 0.0690 0.0896 0.1077 0.1237
2.3506 7.0148 8.1967 1.6542 3.0252 6.7598 0.4614 7.1934 0.6713 5.2015 2.1886 1.1643 3.2439 1.0881 1.3536 2.7502 2.8475 2.7373 2.2881 1.1152 0.1802 0.2937 1.0467 1.5517 1.3841 0.8068 0.2736 0.0803 0.2460 0.6186 0.9986 1.2588 1.3477 1.2772 1.1099 0.8808 0.6491 0.4405 0.2726 0.1514 0.0732 0.0307 0.0154 0.0191 0.0346 0.0562 0.0799 0.1027 0.1225 0.1399
0.6779 3.9481 9.2206 4.1889 1.2794 7.8280 0.6606 7.5826 0.5040 6.2476 1.3523 1.9912 3.2648 0.9746 2.2000 3.4591 2.9002 2.3985 1.7983 0.7178 0.1042 0.5543 1.4493 1.8853 1.5554 0.8521 0.2789 0.1163 0.3417 0.7678 1.1750 1.4355 1.5044 1.4026 1.2024 0.9425 0.6864 0.4601 0.2806 0.1531 0.0724 0.0301 0.0165 0.0229 0.0413 0.0659 0.0922 0.1172 0.1385 0.1572
2.3767 1.0825 7.6357 7.5216 0.5331 7.4525 2.3077 6.7216 1.3111 6.7980 0.6226 3.0877 3.0764 1.1624 3.3003 3.9450 2.5868 1.8159 1.2277 0.3938 0.2186 1.0438 2.0483 2.3520 1.8018 0.9369 0.3060 0.1650 0.4429 0.9147 1.3420 1.5974 1.6431 1.5093 1.2773 0.9891 0.7116 0.4707 0.2827 0.1511 0.0697 0.0290 0.0181 0.0277 0.0495 0.0770 0.1059 0.1330 0.1559 0.1758
7.3792 1.5166 3.8286 9.9877 1.8491 5.4844 5.3406 4.6176 3.3978 6.4756 0.3705 4.3486 2.7382 1.7832 4.4650 3.9757 1.9047 1.1822 0.8302 0.3531 0.6412 1.7931 2.8235 2.9166 2.0932 1.0397 0.3375 0.2085 0.5288 1.0365 1.4765 1.7231 1.7454 1.5824 1.3232 1.0124 0.7193 0.4689 0.2766 0.1445 0.0650 0.0275 0.0205 0.0341 0.0594 0.0902 0.1216 0.1507 0.1749 0.1958
11.9492 6.4031 0.7685 9.5378 5.4931 2.7411 8.7757 2.0769 6.4939 5.0602 1.0321 5.5687 2.3655 2.8457 5.3685 3.3917 1.0604 0.8921 0.9738 0.8102 1.4040 2.6984 3.6139 3.4249 2.3157 1.0886 0.3323 0.2225 0.5823 1.1179 1.5637 1.7981 1.7983 1.6112 1.3316 1.0063 0.7051 0.4521 0.2611 0.1327 0.0581 0.0260 0.0243 0.0426 0.0720 0.1059 0.1399 0.1708 0.1961 0.2177
11.2511 12.3460 2.2909 5.6109 10.1797 0.8528 10.9804 0.6096 9.4123 2.8038 2.9612 6.4171 2.0687 4.1603 5.6384 2.2598 0.5320 1.4769 1.9951 1.8173 2.3021 3.4037 4.0347 3.5539 2.2508 0.9649 0.2461 0.2073 0.6251 1.1865 1.6291 1.8430 1.8168 1.6059 1.3095 0.9751 0.6720 0.4222 0.2375 0.1166 0.0499 0.0252 0.0301 0.0539 0.0875 0.1246 0.1611 0.1935 0.2196 0.2416
4.8224 13.6831 8.3629 1.2812 12.7817 1.5061 10.6598 1.4788 10.2560 0.7780 6.1176 6.3873 1.8786 5.3544 5.0466 0.9964 0.9513 3.2937 3.8405 2.9804 2.7340 3.2547 3.5062 2.8779 1.6559 0.5851 0.1102 0.2623 0.7846 1.3727 1.7892 1.9541 1.8762 1.6225 1.2968 0.9466 0.6384 0.3909 0.2128 0.1004 0.0425 0.0260 0.0380 0.0676 0.1056 0.1459 0.1846 0.2184 0.2450 0.2673
0.8849 7.8093 13.5497 1.6485 9.5959 5.6851 7.5668 4.3700 7.8032 0.8271 9.4159 4.7526 1.8554 6.1124 3.7325 0.2821 2.6091 5.7913 5.4069 3.1394 1.7965 1.7030 1.7898 1.3867 0.6718 0.1803 0.2002 0.6737 1.3330 1.9206 2.2510 2.2997 2.1074 1.7585 1.3646 0.9697 0.6368 0.3787 0.1992 0.0903 0.0383 0.0284 0.0466 0.0817 0.1239 0.1674 0.2084 0.2436 0.2708 0.2933
7.9249 0.7580 11.4769 8.4020 2.9229 11.5584 1.6187 9.6683 4.1084 3.8296 9.1893 0.9175 4.1260 7.8423 2.4769 0.5509 4.3887 5.8752 3.1596 0.5000 0.4970 2.0409 3.1103 2.9563 2.0405 1.2205 0.9324 1.1667 1.6463 2.1021 2.3346 2.3139 2.0763 1.7031 1.3001 0.9076 0.5835 0.3378 0.1716 0.0756 0.0350 0.0346 0.0603 0.1011 0.1474 0.1936 0.2364 0.2724 0.2996 0.3219
16.1229 4.9866 4.0982 14.3954 0.6999 13.1858 0.7638 12.1890 1.1705 7.6961 7.4911 0.3944 6.7702 7.3004 1.1340 1.5959 5.8569 5.8162 2.3208 0.2357 1.0565 2.8471 3.6512 3.1320 2.0200 1.2015 1.0117 1.3403 1.8581 2.2961 2.4740 2.3887 2.0943 1.6815 1.2566 0.8571 0.5363 0.3000 0.1460 0.0627 0.0337 0.0431 0.0767 0.1234 0.1738 0.2227 0.2670 0.3037 0.3307 0.3525
11.9062 14.8628 0.9294 13.0743 5.2390 9.2674 4.6107 10.8790 0.7603 11.0451 4.4438 1.6786 9.0561 5.7045 0.3663 3.3373 7.0519 5.2439 1.4330 0.2819 1.8960 3.7207 4.1082 3.1971 1.9367 1.1747 1.1130 1.5385 2.0813 2.4846 2.5947 2.4384 2.0863 1.6373 1.1953 0.7945 0.4818 0.2590 0.1204 0.0519 0.0358 0.0557 0.0973 0.1498 0.2040 0.2554 0.3009 0.3377 0.3641 0.3851
1.5823 15.7492 8.4032 5.0772 13.3668 2.9100 11.1978 6.1224 4.0348 11.9066 1.5040 4.7597 10.0631 3.4600 0.6412 5.5251 7.6603 4.1991 0.6946 0.7399 2.9811 4.5781 4.4212 3.1325 1.7977 1.1538 1.2455 1.7630 2.3120 2.6618 2.6916 2.4592 2.0508 1.5702 1.1173 0.7212 0.4219 0.2167 0.0963 0.0444 0.0422 0.0730 0.1227 0.1808 0.2386 0.2919 0.3380 0.3747 0.4000 0.4198
5.8874 5.0971 17.6573 0.8881 16.3350 0.9970 15.2083 1.4631 9.6984 9.3580 0.5552 8.6770 9.1697 1.3792 2.2001 7.6855 7.4412 2.8603 0.3345 1.6593 4.2232 5.3147 4.5354 2.9332 1.6211 1.1575 1.4185 2.0138 2.5452 2.8210 2.7592 2.4480 1.9864 1.4808 1.0240 0.6392 0.3586 0.1750 0.0755 0.0416 0.0541 0.0961 0.1536 0.2168 0.2777 0.3326 0.3788 0.4146 0.4385 0.4567
19.5463 1.9352 14.2560 8.2773 9.7445 7.2204 12.4016 1.4652 14.1094 4.6461 2.8170 11.7065 6.4991 0.4609 4.8708 9.2116 6.3344 1.5424 0.5617 3.0079 5.4795 5.8201 4.4149 2.6137 1.4359 1.2077 1.6407 2.2890 2.7738 2.9551 2.7930 2.4035 1.8946 1.3714 0.9181 0.5514 0.2948 0.1363 0.0598 0.0452 0.0727 0.1258 0.1908 0.2586 0.3219 0.3776 0.4233 0.4579 0.4797 0.4959
14.7955 14.9846 2.8350 18.5555 1.5938 16.0928 4.9045 7.4704 13.6505 1.0290 7.7362 12.1439 3.1390 1.4734 7.9881 9.5493 4.5426 0.6457 1.5018 4.6514 6.5664 5.9953 4.0517 2.2109 1.2815 1.3273 1.9176 2.5830 2.9889 3.0560 2.7883 2.3241 1.7760 1.2442 0.8026 0.4609 0.2331 0.1029 0.0512 0.0566 0.0992 0.1632 0.2352 0.3070 0.3717 0.4274 0.4720 0.5046 0.5237 0.5374
1.1793 20.6816 4.3185 16.0213 4.2582 17.2118 0.8811 15.0288 8.1285 1.7954 12.7562 9.4148 0.8544 4.4820 10.5183 8.4357 2.5497 0.5607 3.1326 6.3536 7.2883 5.7758 3.4757 1.7847 1.2046 1.5371 2.2489 2.8862 3.1793 3.1155 2.7402 2.2080 1.6313 1.1017 0.6810 0.3710 0.1766 0.0774 0.0517 0.0774 0.1349 0.2090 0.2871 0.3618 0.4271 0.4818 0.5246 0.5545 0.5705 0.5812
11.9338 6.6641 18.8281 3.8549 16.1763 8.3472 6.2741 16.9048 2.0883 7.4347 14.5889 4.8315 1.2599 8.5792 11.4176 6.1004 1.0367 1.5370 5.2437 7.8061 7.4786 5.1575 2.7627 1.4141 1.2521 1.8506 2.6278 3.1844 3.3322 3.1255 2.6457 2.0562 1.4637 0.9483 0.5577 0.2860 0.1289 0.0627 0.0636 0.1093 0.1807 0.2640 0.3470 0.4235 0.4883 0.5411 0.5812 0.6078 0.6199 0.6272
24.3584 3.3055 19.7715 3.5332 20.3937 1.1390 16.4077 10.5392 1.6677 14.3171 11.5833 1.2684 4.7775 12.0706 10.1295 3.3187 0.6810 3.5535 7.4414 8.6875 7.0465 4.2133 2.0299 1.1873 1.4627 2.2695 3.0383 3.4589 3.4336 3.0789 2.5036 1.8712 1.2780 0.7894 0.4381 0.2103 0.0936 0.0614 0.0889 0.1537 0.2378 0.3289 0.4155 0.4924 0.5554 0.6052 0.6418 0.6644 0.6720 0.6753
7.5173 20.8618 4.4197 18.0798 9.4884 7.1256 19.2365 2.4402 8.5420 16.8292 5.5519 1.5326 10.0019 13.1791 6.9963 1.2260 1.8886 6.2452 9.2178 8.7521 6.0251 3.0997 1.4253 1.1895 1.8597 2.7813 3.4585 3.6931 3.4765 2.9776 2.3177 1.6583 1.0808 0.6319 0.3283 0.1490 0.0746 0.0767 0.1296 0.2118 0.3066 0.4034 0.4915 0.5676 0.6280 0.6744 0.7070 0.7249 0.7276 0.7267
5.1732 19.8935 5.4273 21.6884 1.2658 19.3971 10.4979 2.5297 16.8767 12.3566 1.2103 6.2283 14.1392 11.1082 3.3543 0.8984 4.5542 8.9400 10.0748 7.9006 4.5735 2.0284 1.0954 1.4772 2.4362 3.3516 3.8499 3.8553 3.4403 2.8101 2.0879 1.4236 0.8796 0.4826 0.2341 0.1067 0.0755 0.1110 0.1876 0.2850 0.3882 0.4884 0.5761 0.6499 0.7064 0.7483 0.7761 0.7887 0.7858 0.7802
25.7221 2.2459 22.8110 6.7436 11.3705 19.7034 1.5853 12.1122 18.1081 4.5654 2.6822 12.7141 14.5510 6.7223 1.0401 2.8305 7.9716 10.8236 9.6899 6.2611 2.9892 1.2470 1.1634 2.0684 3.1543 3.9288 4.1702 3.9198 3.3142 2.5766 1.8207 1.1763 0.6834 0.3494 0.1619 0.0883 0.0998 0.1669 0.2644 0.3742 0.4829 0.5840 0.6693 0.7392 0.7905 0.8268 0.8490 0.8556 0.8465 0.8357
13.4363 12.7686 18.4019 3.2855 23.4122 6.8334 5.9061 20.3033 10.3403 1.0836 9.6309 16.4542 10.6509 2.4174 1.5167 6.5534 10.9877 11.2107 8.0636 4.1977 1.6520 0.9804 1.6926 2.9265 3.9428 4.4471 4.3746 3.8640 3.0931 2.2821 1.5263 0.9278 0.5028 0.2411 0.1185 0.0987 0.1511 0.2467 0.3615 0.4800 0.5912 0.6905 0.7711 0.8353 0.8802 0.9099 0.9255 0.9254 0.9096 0.8932
3.1195 26.0113 1.8737 20.1143 15.0382 1.9217 18.5880 16.3785 2.0216 6.2105 16.5738 14.3333 4.7837 0.9281 4.9678 10.6566 12.4194 9.8523 5.6002 2.2554 0.9402 1.3738 2.6659 3.9685 4.7224 4.8542 4.4367 3.6810 2.7821 1.9386 1.2214 0.6940 0.3507 0.1673 0.1109 0.1429 0.2326 0.3525 0.4809 0.6050 0.7161 0.8117 0.8856 0.9418 0.9782 0.9997 1.0073 0.9996 0.9765 0.9540
25.7445 7.0335 13.3690 22.0090 1.6874 14.5604 20.9502 4.9522 3.4289 15.5247 17.1993 7.6461 1.0727 3.5941 9.9165 13.2874 11.5341 7.0705 3.0060 1.0095 1.1203 2.4336 3.9566 5.0369 5.3591 5.0584 4.3096 3.3584 2.3900 1.5645 0.9216 0.4876 0.2376 0.1362 0.1451 0.2247 0.3466 0.4855 0.6226 0.7482 0.8554 0.9443 1.0092 1.0551 1.0817 1.0938 1.0924 1.0765 1.0456 1.0166
14.3988 7.3716 25.7283 4.2644 10.3352 23.4592 8.7094 1.8304 13.8081 19.3230 10.4758 1.7444 2.5826 9.1863 13.7815 13.0486 8.5185 3.8047 1.1571 0.9208 2.2606 4.0050 5.3496 5.9482 5.7344 5.0022 3.9798 2.9086 1.9402 1.1852 0.6494 0.3265 0.1768 0.1569 0.2268 0.3476 0.4950 0.6466 0.7870 0.9093 1.0089 1.0881 1.1413 1.1750 1.1901 1.1917 1.1806 1.1557 1.1165 1.0807
3.7973 26.8768 7.6758 7.2576 24.5234 12.1684 1.2530 12.3589 20.6791 13.0254 2.6091 1.9498 8.7263 14.3210 14.2755 9.8462 4.5566 1.3160 0.7858 2.1519 4.1732 5.7883 6.5797 6.5261 5.7594 4.6619 3.4632 2.3661 1.4709 0.8345 0.4311 0.2300 0.1815 0.2380 0.3617 0.5152 0.6802 0.8375 0.9752 1.0895 1.1776 1.2439 1.2831 1.3030 1.3049 1.2946 1.2729 1.2385 1.1905 1.1474
27.4738 10.2710 5.7583 25.1422 14.6091 1.2092 11.7298 21.9238 14.8697 3.3275 1.6696 8.6972 15.1822 15.5112 10.8609 5.1374 1.4148 0.7041 2.1847 4.4673 6.4301 7.3932 7.3815 6.6325 5.3921 4.0544 2.8047 1.7821 1.0275 0.5477 0.2932 0.2170 0.2645 0.3879 0.5550 0.7309 0.9049 1.0605 1.1891 1.2902 1.3628 1.4130 1.4359 1.4408 1.4275 1.4036 1.3707 1.3262 1.2688 1.2179
10.7801 5.8339 26.1447 15.4403 1.2504 12.3019 23.3070 15.8689 3.4991 1.7437 9.3250 16.3774 16.7964 11.6004 5.3388 1.3729 0.6874 2.4187 5.0243 7.2373 8.4307 8.3964 7.5224 6.1830 4.6432 3.2361 2.0725 1.2177 0.6581 0.3608 0.2614 0.3043 0.4359 0.6118 0.8086 0.9943 1.1670 1.3126 1.4252 1.5077 1.5608 1.5918 1.5961 1.5843 1.5542 1.5155 1.4709 1.4158 1.3486 1.2896
7.8893 27.8219 14.1904 1.3701 14.5659 24.8326 15.6270 2.9455 2.3104 11.0187 18.0674 17.8489 11.9071 5.1013 1.1344 0.7985 2.9832 5.9590 8.3866 9.6045 9.5817 8.4919 6.9119 5.2169 3.6116 2.3192 1.3677 0.7531 0.4214 0.3143 0.3612 0.5070 0.7035 0.9128 1.1231 1.3045 1.4648 1.5917 1.6815 1.7402 1.7700 1.7789 1.7625 1.7325 1.6842 1.6298 1.5729 1.5067 1.4295 1.3622
29.4842 10.4841 2.5332 19.0633 26.1122 13.6299 1.8070 3.9395 14.0303 20.5055 18.4848 11.3601 4.3099 0.7816 1.2022 4.0935 7.4886 10.0106 11.1051 10.8048 9.5222 7.6177 5.6593 3.9145 2.4821 1.4624 0.8123 0.4760 0.3766 0.4460 0.6155 0.8382 1.0750 1.2963 1.5031 1.6664 1.8039 1.9041 1.9640 1.9927 1.9934 1.9782 1.9396 1.8900 1.8242 1.7545 1.6843 1.6061 1.5177 1.4419
4.5602 7.1050 25.4339 25.2110 9.3295 1.0320 7.6641 18.6401 22.7981 18.2032 9.6121 2.8883 0.5730 2.2606 5.9806 9.7654 12.1655 12.8490 12.0751 10.3246 8.1594 5.9147 3.9957 2.5133 1.4576 0.8213 0.5161 0.4593 0.5680 0.7804 1.0353 1.3009 1.5482 1.7569 1.9418 2.0720 2.1758 2.2412 2.2644 2.2579 2.2255 2.1841 2.1218 2.0517 1.9677 1.8825 1.7985 1.7077 1.6080 1.5236
17.8880 30.5579 19.4144 3.6659 3.0963 14.6304 24.1491 23.7295 15.6579 6.5482 1.3008 1.1735 4.5797 9.0603 12.7543 14.7417 14.6691 13.1365 10.8105 8.2348 5.8453 3.8146 2.3232 1.3405 0.7777 0.5594 0.5821 0.7628 1.0261 1.3291 1.6214 1.8901 2.1153 2.2863 2.4307 2.5135 2.5735 2.5966 2.5774 2.5315 2.4626 2.3935 2.3066 2.2151 2.1126 2.0116 1.9136 1.8101 1.6988 1.6058
26.9845 8.3617 1.5803 11.5368 24.3825 27.8007 20.9204 10.3320 2.7396 0.8853 3.8014 8.8871 13.6190 16.4749 17.1918 16.0983 13.6169 10.6366 7.7355 5.2321 3.3015 1.9309 1.1107 0.7269 0.6567 0.8054 1.0803 1.4194 1.7619 2.0923 2.3694 2.6006 2.7737 2.8841 2.9717 2.9943 3.0003 2.9731 2.9059 2.8191 2.7158 2.6198 2.5078 2.3926 2.2698 2.1516 2.0386 1.9221 1.7992 1.6971
1.5630 11.5966 26.1868 31.1617 24.3263 12.5488 3.5913 1.0394 4.1394 9.9969 15.5404 19.1567 20.1490 18.8737 16.1957 12.8791 9.4315 6.4248 4.0801 2.4252 1.4057 0.8913 0.7738 0.9273 1.2343 1.6252 2.0319 2.4247 2.7588 3.0493 3.2588 3.4143 3.5085 3.5383 3.5547 3.5062 3.4494 3.3647 3.2453 3.1173 2.9827 2.8614 2.7242 2.5831 2.4383 2.3015 2.1726 2.0430 1.9086 1.7969
32.0679 33.8790 24.0747 11.1015 2.7102 1.7203 6.5039 13.5206 19.6813 23.2770 23.6407 21.7200 18.2266 14.1611 10.2631 6.9363 4.3308 2.5386 1.4737 0.9912 0.9406 1.1662 1.5651 2.0533 2.5367 2.9977 3.3919 3.7249 3.9625 4.1493 4.2441 4.2912 4.2846 4.2183 4.1531 4.0261 3.9015 3.7558 3.5823 3.4131 3.2482 3.1026 2.9408 2.7736 2.6069 2.4515 2.3069 2.1645 2.0187 1.8977
16.5346 5.0751 1.5851 5.6210 13.5721 21.4960 26.7720 28.3993 26.9192 23.3280 18.4778 13.6854 9.4018 6.0071 3.5904 2.0707 1.2879 1.0824 1.2788 1.7255 2.3064 2.8987 3.4800 4.0224 4.4489 4.8000 5.0452 5.2184 5.2872 5.3193 5.2684 5.1877 5.0672 4.8964 4.7454 4.5406 4.3489 4.1434 3.9178 3.7096 3.5164 3.3450 3.1587 2.9683 2.7808 2.6075 2.4471 2.2921 2.1351 2.0047
10.3582 20.2430 28.7830 33.6250 34.2438 31.3841 26.3335 20.3626 14.6569 9.8171 6.0374 3.4976 2.0023 1.3505 1.3320 1.7419 2.3916 3.1527 3.9302 4.6617 5.3212 5.8173 6.2247 6.5534 6.7148 6.8119 6.8116 6.7627 6.6196 6.4653 6.2625 6.0536 5.8163 5.5412 5.3076 5.0368 4.7870 4.5288 4.2590 4.0168 3.7978 3.5938 3.3819 3.1761 2.9704 2.7803 2.6038 2.4360 2.2676 2.1273
41.1791 36.0490 29.0966 21.7975 15.1432 9.7291 5.7673 3.2189 1.9073 1.5567 1.8777 2.6493 3.6457 4.7010 5.7500 6.7348 7.5387 8.1757 8.6510 8.9973 9.2440 9.2873 9.2717 9.2171 8.9980 8.7730 8.4915 8.2043 7.8444 7.5041 7.1605 6.8357 6.4924 6.1233 5.8167 5.4904 5.1905 4.8863 4.5781 4.3072 4.0672 3.8327 3.5975 3.3791 3.1572 2.9514 2.7597 2.5800 2.4008 2.2510
4.4945 2.6096 2.0574 2.5158 3.6468 5.1627 6.8307 8.4466 9.9418 11.2699 12.2756 13.1296 13.7143 14.0340 14.2533 14.3945 14.2817 14.0301 13.6758 13.3059 12.9407 12.4266 11.9366 11.4822 10.8939 10.3732 9.8458 9.3564 8.8166 8.3240 7.8728 7.4602 7.0348 6.5924 6.2296 5.8633 5.5263 5.1872 4.8497 4.5564 4.2995 4.0396 3.7860 3.5595 3.3247 3.1059 2.9010 2.7110 2.5226 2.3647
30.7466 31.1528 31.2778 31.1537 30.7591 30.2048 29.4631 28.4788 27.4602 26.4538 25.2078 24.1344 22.9875 21.7720 20.7254 19.8249 18.7817 17.7409 16.7260 15.8202 15.0199 14.1290 13.3202 12.6029 11.8052 11.1162 10.4487 9.8358 9.2007 8.6438 8.1393 7.6824 7.2163 6.7368 6.3444 5.9558 5.6073 5.2620 4.9115 4.5979 4.3143 4.0510 3.7986 3.5774 3.3420 3.1212 2.9135 2.7210 2.5306 2.3719
