0.0000 0.0000 0.0000 0.0000 0.0000 0.0000 0.0000 0.0000 0.0000 0.0000 0.0000 0.0000 0.0000 0.0000 0.0000 0.0000 0.0000 0.0011 0.0006 0.0004 0.0031 0.0059 0.0053 0.0021 0.0008 0.0040 0.0102 0.0158 0.0179 0.0161 0.0116 0.0065 0.0025 0.0005 0.0004 0.0020 0.0046 0.0074 0.0101 0.0123 0.0139 0.0147 0.0149 0.0147 0.0139 0.0129 0.0117 0.0105 0.0093 0.0081
0.0000 0.0000 0.0000 0.0000 0.0000 0.0000 0.0000 0.0000 0.0000 0.0000 0.0000 0.0000 0.0000 0.0000 0.0000 0.0000 0.0000 0.0032 0.0017 0.0011 0.0094 0.0179 0.0159 0.0063 0.0025 0.0125 0.0311 0.0476 0.0537 0.0482 0.0346 0.0193 0.0074 0.0014 0.0013 0.0062 0.0139 0.0224 0.0304 0.0370 0.0417 0.0442 0.0448 0.0440 0.0418 0.0387 0.0351 0.0315 0.0278 0.0242
0.0000 0.0000 0.0000 0.0000 0.0000 0.0000 0.0000 0.0000 0.0000 0.0000 0.0000 0.0000 0.0000 0.0000 0.0000 0.0000 0.0000 0.0051 0.0025 0.0019 0.0162 0.0302 0.0263 0.0104 0.0048 0.0219 0.0530 0.0802 0.0899 0.0801 0.0572 0.0318 0.0121 0.0022 0.0024 0.0106 0.0234 0.0377 0.0510 0.0619 0.0696 0.0737 0.0747 0.0732 0.0695 0.0643 0.0584 0.0523 0.0462 0.0402
0.0000 0.0000 0.0000 0.0000 0.0000 0.0000 0.0000 0.0000 0.0000 0.0000 0.0000 0.0000 0.0000 0.0000 0.0000 0.0000 0.0000 0.0064 0.0027 0.0031 0.0239 0.0430 0.0367 0.0145 0.0078 0.0330 0.0768 0.1141 0.1265 0.1117 0.0791 0.0435 0.0162 0.0029 0.0036 0.0153 0.0335 0.0535 0.0720 0.0871 0.0977 0.1033 0.1046 0.1024 0.0970 0.0897 0.0814 0.0730 0.0644 0.0560
0.0000 0.0000 0.0000 0.0000 0.0000 0.0000 0.0000 0.0000 0.0000 0.0000 0.0000 0.0000 0.0000 0.0000 0.0000 0.0000 0.0000 0.0072 0.0022 0.0051 0.0334 0.0570 0.0473 0.0189 0.0122 0.0463 0.1029 0.1494 0.1634 0.1427 0.1000 0.0542 0.0198 0.0034 0.0050 0.0206 0.0442 0.0699 0.0935 0.1127 0.1260 0.1329 0.1343 0.1313 0.1244 0.1149 0.1042 0.0933 0.0823 0.0716
0.0000 0.0000 0.0000 0.0000 0.0000 0.0000 0.0000 0.0000 0.0000 0.0000 0.0000 0.0000 0.0000 0.0000 0.0000 0.0000 0.0000 0.0073 0.0014 0.0085 0.0454 0.0727 0.0585 0.0239 0.0183 0.0624 0.1316 0.1863 0.2002 0.1725 0.1192 0.0635 0.0224 0.0036 0.0068 0.0266 0.0558 0.0871 0.1157 0.1387 0.1545 0.1625 0.1640 0.1600 0.1513 0.1396 0.1265 0.1132 0.0997 0.0868
0.0000 0.0000 0.0000 0.0000 0.0000 0.0000 0.0000 0.0000 0.0000 0.0000 0.0000 0.0000 0.0000 0.0000 0.0000 0.0000 0.0000 0.0066 0.0005 0.0146 0.0611 0.0909 0.0707 0.0298 0.0265 0.0812 0.1625 0.2239 0.2362 0.2003 0.1362 0.0709 0.0240 0.0037 0.0089 0.0334 0.0683 0.1052 0.1386 0.1652 0.1832 0.1922 0.1934 0.1883 0.1778 0.1639 0.1483 0.1325 0.1167 0.1015
0.0000 0.0000 0.0000 0.0000 0.0000 0.0000 0.0000 0.0000 0.0000 0.0000 0.0000 0.0000 0.0000 0.0000 0.0000 0.0000 0.0000 0.0054 0.0006 0.0245 0.0816 0.1125 0.0844 0.0370 0.0367 0.1024 0.1948 0.2610 0.2700 0.2249 0.1499 0.0758 0.0242 0.0034 0.0116 0.0412 0.0819 0.1244 0.1623 0.1922 0.2121 0.2217 0.2224 0.2162 0.2037 0.1875 0.1695 0.1513 0.1331 0.1156
0.0000 0.0000 0.0000 0.0000 0.0000 0.0000 0.0000 0.0000 0.0000 0.0000 0.0000 0.0000 0.0000 0.0000 0.0000 0.0000 0.0000 0.0042 0.0029 0.0399 0.1079 0.1374 0.0993 0.0449 0.0481 0.1246 0.2265 0.2953 0.2992 0.2444 0.1591 0.0776 0.0227 0.0028 0.0150 0.0502 0.0970 0.1448 0.1869 0.2198 0.2412 0.2511 0.2511 0.2434 0.2290 0.2103 0.1899 0.1693 0.1489 0.1292
0.0000 0.0000 0.0000 0.0000 0.0000 0.0000 0.0000 0.0000 0.0000 0.0000 0.0000 0.0000 0.0000 0.0000 0.0000 0.0000 0.0000 0.0036 0.0089 0.0617 0.1395 0.1645 0.1140 0.0523 0.0591 0.1453 0.2548 0.3238 0.3211 0.2565 0.1623 0.0753 0.0194 0.0022 0.0196 0.0610 0.1139 0.1669 0.2128 0.2481 0.2707 0.2804 0.2794 0.2701 0.2534 0.2324 0.2094 0.1865 0.1638 0.1420
0.0000 0.0000 0.0000 0.0000 0.0000 0.0000 0.0000 0.0000 0.0000 0.0000 0.0000 0.0000 0.0000 0.0000 0.0000 0.0000 0.0000 0.0047 0.0198 0.0896 0.1741 0.1905 0.1254 0.0563 0.0672 0.1622 0.2766 0.3434 0.3330 0.2593 0.1583 0.0687 0.0144 0.0021 0.0260 0.0745 0.1337 0.1915 0.2408 0.2780 0.3011 0.3103 0.3079 0.2966 0.2775 0.2539 0.2285 0.2032 0.1782 0.1544
0.0000 0.0000 0.0000 0.0000 0.0000 0.0000 0.0000 0.0000 0.0000 0.0000 0.0000 0.0000 0.0000 0.0000 0.0000 0.0000 0.0000 0.0085 0.0357 0.1206 0.2061 0.2089 0.1281 0.0537 0.0701 0.1731 0.2901 0.3524 0.3334 0.2518 0.1468 0.0580 0.0086 0.0035 0.0357 0.0920 0.1576 0.2200 0.2721 0.3105 0.3335 0.3415 0.3373 0.3236 0.3017 0.2753 0.2473 0.2196 0.1923 0.1664
0.0000 0.0000 0.0000 0.0000 0.0000 0.0000 0.0000 0.0000 0.0000 0.0000 0.0000 0.0000 0.0000 0.0000 0.0000 0.0000 0.0000 0.0152 0.0544 0.1478 0.2254 0.2100 0.1155 0.0413 0.0678 0.1794 0.2968 0.3520 0.3237 0.2355 0.1294 0.0450 0.0036 0.0084 0.0503 0.1149 0.1867 0.2531 0.3071 0.3460 0.3680 0.3741 0.3674 0.3508 0.3258 0.2963 0.2656 0.2354 0.2058 0.1779
0.0000 0.0000 0.0000 0.0000 0.0000 0.0000 0.0000 0.0000 0.0000 0.0000 0.0000 0.0000 0.0000 0.0000 0.0000 0.0000 0.0000 0.0238 0.0702 0.1604 0.2201 0.1847 0.0839 0.0215 0.0669 0.1900 0.3061 0.3511 0.3113 0.2164 0.1109 0.0332 0.0023 0.0186 0.0712 0.1443 0.2220 0.2914 0.3465 0.3847 0.4048 0.4083 0.3984 0.3784 0.3499 0.3171 0.2835 0.2507 0.2188 0.1888
0.0000 0.0000 0.0000 0.0000 0.0000 0.0000 0.0000 0.0000 0.0000 0.0000 0.0000 0.0000 0.0000 0.0000 0.0000 0.0000 0.0000 0.0314 0.0748 0.1472 0.1818 0.1310 0.0393 0.0075 0.0853 0.2246 0.3371 0.3667 0.3105 0.2055 0.0989 0.0274 0.0069 0.0349 0.0980 0.1792 0.2619 0.3336 0.3887 0.4254 0.4428 0.4430 0.4295 0.4058 0.3734 0.3371 0.3007 0.2653 0.2311 0.1990
0.0000 0.0000 0.0000 0.0000 0.0000 0.0000 0.0000 0.0000 0.0000 0.0000 0.0000 0.0000 0.0000 0.0000 0.0000 0.0000 0.0000 0.0331 0.0605 0.1060 0.1185 0.0671 0.0068 0.0275 0.1511 0.3091 0.4127 0.4179 0.3358 0.2129 0.0991 0.0296 0.0167 0.0542 0.1264 0.2145 0.3014 0.3746 0.4293 0.4642 0.4787 0.4756 0.4585 0.4311 0.3950 0.3554 0.3163 0.2784 0.2421 0.2082
0.0000 0.0000 0.0000 0.0000 0.0000 0.0000 0.0000 0.0000 0.0000 0.0000 0.0000 0.0000 0.0000 0.0000 0.0000 0.0000 0.0000 0.0247 0.0302 0.0605 0.0733 0.0437 0.0323 0.1134 0.2803 0.4474 0.5297 0.4987 0.3806 0.2316 0.1045 0.0323 0.0235 0.0683 0.1478 0.2419 0.3325 0.4072 0.4619 0.4955 0.5077 0.5020 0.4820 0.4515 0.4124 0.3700 0.3288 0.2891 0.2510 0.2156
0.0000 0.0000 0.0000 0.0000 0.0000 0.0000 0.0000 0.0000 0.0000 0.0000 0.0000 0.0000 0.0000 0.0000 0.0000 0.0000 0.0000 0.0081 0.0131 0.0812 0.1359 0.1373 0.1486 0.2406 0.3988 0.5374 0.5813 0.5134 0.3692 0.2079 0.0806 0.0162 0.0186 0.0747 0.1638 0.2645 0.3589 0.4350 0.4895 0.5217 0.5317 0.5236 0.5011 0.4679 0.4261 0.3815 0.3386 0.2973 0.2578 0.2213
0.0000 0.0000 0.0000 0.0000 0.0000 0.0000 0.0000 0.0000 0.0000 0.0000 0.0000 0.0000 0.0000 0.0000 0.0000 0.0000 0.0000 0.0031 0.0711 0.2380 0.3111 0.2369 0.1151 0.0679 0.1247 0.2191 0.2720 0.2518 0.1772 0.0913 0.0337 0.0256 0.0685 0.1499 0.2516 0.3553 0.4459 0.5141 0.5589 0.5812 0.5818 0.5651 0.5348 0.4951 0.4480 0.3991 0.3526 0.3085 0.2668 0.2284
0.0000 0.0000 0.0000 0.0000 0.0000 0.0000 0.0000 0.0000 0.0000 0.0000 0.0000 0.0000 0.0000 0.0000 0.0000 0.0000 0.0000 0.0071 0.1040 0.2667 0.2953 0.1911 0.0797 0.0673 0.1516 0.2497 0.2883 0.2500 0.1648 0.0796 0.0321 0.0389 0.0966 0.1901 0.2997 0.4068 0.4970 0.5620 0.6020 0.6190 0.6143 0.5922 0.5572 0.5132 0.4628 0.4112 0.3623 0.3162 0.2730 0.2333
0.0000 0.0000 0.0000 0.0000 0.0000 0.0000 0.0000 0.0000 0.0000 0.0000 0.0000 0.0000 0.0000 0.0000 0.0000 0.0000 0.0000 0.0167 0.1386 0.2813 0.2619 0.1394 0.0524 0.0803 0.1883 0.2830 0.3020 0.2445 0.1507 0.0696 0.0352 0.0586 0.1318 0.2368 0.3531 0.4622 0.5504 0.6108 0.6448 0.6556 0.6451 0.6174 0.5773 0.5291 0.4756 0.4214 0.3702 0.3224 0.2778 0.2370
0.0000 0.0000 0.0000 0.0000 0.0000 0.0000 0.0000 0.0000 0.0000 0.0000 0.0000 0.0000 0.0000 0.0000 0.0000 0.0000 0.0000 0.0317 0.1696 0.2771 0.2129 0.0884 0.0393 0.1096 0.2342 0.3169 0.3116 0.2350 0.1356 0.0624 0.0443 0.0859 0.1746 0.2901 0.4115 0.5208 0.6055 0.6598 0.6867 0.6906 0.6737 0.6402 0.5951 0.5426 0.4862 0.4296 0.3763 0.3270 0.2812 0.2395
0.0000 0.0000 0.0000 0.0000 0.0000 0.0000 0.0000 0.0000 0.0000 0.0000 0.0000 0.0000 0.0000 0.0000 0.0000 0.0000 0.0000 0.0500 0.1906 0.2516 0.1536 0.0464 0.0459 0.1557 0.2866 0.3483 0.3154 0.2213 0.1207 0.0598 0.0606 0.1215 0.2252 0.3498 0.4744 0.5820 0.6614 0.7083 0.7270 0.7233 0.6998 0.6602 0.6100 0.5535 0.4943 0.4355 0.3804 0.3299 0.2832 0.2408
0.0000 0.0000 0.0000 0.0000 0.0000 0.0000 0.0000 0.0000 0.0000 0.0000 0.0000 0.0000 0.0000 0.0000 0.0000 0.0000 0.0000 0.0685 0.1959 0.2062 0.0927 0.0223 0.0762 0.2172 0.3417 0.3739 0.3118 0.2038 0.1073 0.0632 0.0857 0.1663 0.2839 0.4158 0.5414 0.6452 0.7176 0.7559 0.7658 0.7541 0.7235 0.6778 0.6227 0.5622 0.5002 0.4394 0.3827 0.3311 0.2837 0.2408
0.0000 0.0000 0.0000 0.0000 0.0000 0.0000 0.0000 0.0000 0.0000 0.0000 0.0000 0.0000 0.0000 0.0000 0.0000 0.0000 0.0000 0.0827 0.1819 0.1467 0.0413 0.0241 0.1310 0.2897 0.3937 0.3897 0.2998 0.1835 0.0973 0.0746 0.1208 0.2209 0.3508 0.4874 0.6115 0.7093 0.7732 0.8020 0.8027 0.7825 0.7444 0.6929 0.6330 0.5686 0.5038 0.4410 0.3831 0.3306 0.2827 0.2395
0.0000 0.0000 0.0000 0.0000 0.0000 0.0000 0.0000 0.0000 0.0000 0.0000 0.0000 0.0000 0.0000 0.0000 0.0000 0.0000 0.0000 0.0885 0.1490 0.0838 0.0115 0.0568 0.2074 0.3661 0.4362 0.3925 0.2791 0.1620 0.0931 0.0959 0.1668 0.2853 0.4250 0.5636 0.6834 0.7729 0.8266 0.8450 0.8358 0.8068 0.7612 0.7040 0.6397 0.5718 0.5045 0.4401 0.3813 0.3283 0.2801 0.2369
0.0000 0.0000 0.0000 0.0000 0.0000 0.0000 0.0000 0.0000 0.0000 0.0000 0.0000 0.0000 0.0000 0.0000 0.0000 0.0000 0.0000 0.0830 0.1026 0.0313 0.0134 0.1210 0.2980 0.4369 0.4624 0.3798 0.2507 0.1421 0.0973 0.1288 0.2246 0.3594 0.5059 0.6430 0.7557 0.8347 0.8768 0.8837 0.8642 0.8265 0.7735 0.7109 0.6425 0.5715 0.5022 0.4366 0.3772 0.3240 0.2759 0.2330
0.0000 0.0000 0.0000 0.0000 0.0000 0.0000 0.0000 0.0000 0.0000 0.0000 0.0000 0.0000 0.0000 0.0000 0.0000 0.0000 0.0000 0.0665 0.0534 0.0038 0.0528 0.2110 0.3913 0.4917 0.4669 0.3512 0.2173 0.1272 0.1128 0.1751 0.2946 0.4426 0.5920 0.7242 0.8268 0.8933 0.9223 0.9173 0.8873 0.8407 0.7807 0.7132 0.6412 0.5677 0.4967 0.4305 0.3710 0.3179 0.2702 0.2278
0.0000 0.0000 0.0000 0.0000 0.0000 0.0000 0.0000 0.0000 0.0000 0.0000 0.0000 0.0000 0.0000 0.0000 0.0000 0.0000 0.0000 0.0426 0.0149 0.0128 0.1281 0.3153 0.4733 0.5207 0.4465 0.3088 0.1836 0.1222 0.1432 0.2368 0.3772 0.5339 0.6819 0.8057 0.8956 0.9480 0.9630 0.9449 0.9036 0.8482 0.7814 0.7090 0.6340 0.5592 0.4879 0.4218 0.3628 0.3103 0.2632 0.2216
0.0000 0.0000 0.0000 0.0000 0.0000 0.0000 0.0000 0.0000 0.0000 0.0000 0.0000 0.0000 0.0000 0.0000 0.0000 0.0000 0.0000 0.0185 0.0005 0.0624 0.2293 0.4166 0.5291 0.5166 0.4016 0.2577 0.1552 0.1316 0.1910 0.3145 0.4714 0.6316 0.7735 0.8850 0.9597 0.9965 0.9965 0.9654 0.9130 0.8492 0.7764 0.6998 0.6225 0.5471 0.4759 0.4104 0.3524 0.3008 0.2548 0.2142
0.0000 0.0000 0.0000 0.0000 0.0000 0.0000 0.0000 0.0000 0.0000 0.0000 0.0000 0.0000 0.0000 0.0000 0.0000 0.0000 0.0000 0.0027 0.0190 0.1471 0.3385 0.4954 0.5462 0.4770 0.3374 0.2056 0.1398 0.1605 0.2587 0.4082 0.5757 0.7332 0.8641 0.9598 1.0170 1.0371 1.0218 0.9778 0.9149 0.8434 0.7654 0.6854 0.6067 0.5312 0.4609 0.3966 0.3398 0.2896 0.2448 0.2056
0.0000 0.0000 0.0000 0.0000 0.0000 0.0000 0.0000 0.0000 0.0000 0.0000 0.0000 0.0000 0.0000 0.0000 0.0000 0.0000 0.0000 0.0025 0.0703 0.2504 0.4325 0.5340 0.5185 0.4062 0.2637 0.1632 0.1453 0.2134 0.3474 0.5169 0.6877 0.8360 0.9511 1.0277 1.0655 1.0681 1.0376 0.9814 0.9089 0.8307 0.7484 0.6661 0.5866 0.5119 0.4429 0.3803 0.3253 0.2767 0.2336 0.1959
0.0000 0.0000 0.0000 0.0000 0.0000 0.0000 0.0000 0.0000 0.0000 0.0000 0.0000 0.0000 0.0000 0.0000 0.0000 0.0000 0.0000 0.0207 0.1443 0.3486 0.4895 0.5222 0.4493 0.3169 0.1956 0.1430 0.1796 0.2939 0.4573 0.6378 0.8047 0.9389 1.0336 1.0883 1.1052 1.0892 1.0437 0.9762 0.8966 0.8136 0.7286 0.6450 0.5654 0.4912 0.4236 0.3627 0.3095 0.2628 0.2215 0.1855
0.0000 0.0000 0.0000 0.0000 0.0000 0.0000 0.0000 0.0000 0.0000 0.0000 0.0000 0.0000 0.0000 0.0000 0.0000 0.0000 0.0000 0.0537 0.2211 0.4148 0.4922 0.4584 0.3495 0.2251 0.1481 0.1555 0.2482 0.4024 0.5855 0.7667 0.9216 1.0355 1.1061 1.1368 1.1321 1.0979 1.0385 0.9612 0.8758 0.7893 0.7026 0.6188 0.5400 0.4671 0.4015 0.3429 0.2919 0.2474 0.2082 0.1742
0.0000 0.0000 0.0000 0.0000 0.0000 0.0000 0.0000 0.0000 0.0000 0.0000 0.0000 0.0000 0.0000 0.0000 0.0000 0.0000 0.0000 0.0914 0.2771 0.4284 0.4368 0.3551 0.2404 0.1527 0.1379 0.2100 0.3535 0.5367 0.7269 0.8979 1.0327 1.1213 1.1648 1.1705 1.1444 1.0932 1.0214 0.9358 0.8463 0.7578 0.6707 0.5878 0.5107 0.4399 0.3770 0.3211 0.2727 0.2308 0.1940 0.1621
0.0000 0.0000 0.0000 0.0000 0.0000 0.0000 0.0000 0.0000 0.0000 0.0000 0.0000 0.0000 0.0000 0.0000 0.0000 0.0000 0.0000 0.1207 0.2930 0.3825 0.3356 0.2369 0.1495 0.1220 0.1783 0.3114 0.4937 0.6915 0.8757 1.0263 1.1339 1.1929 1.2079 1.1887 1.1424 1.0759 0.9937 0.9018 0.8095 0.7203 0.6341 0.5530 0.4784 0.4106 0.3507 0.2980 0.2525 0.2133 0.1791 0.1495
0.0000 0.0000 0.0000 0.0000 0.0000 0.0000 0.0000 0.0000 0.0000 0.0000 0.0000 0.0000 0.0000 0.0000 0.0000 0.0000 0.0000 0.1298 0.2612 0.2887 0.2156 0.1359 0.1042 0.1506 0.2764 0.4577 0.6618 0.8582 1.0240 1.1465 1.2209 1.2471 1.2337 1.1908 1.1262 1.0469 0.9565 0.8605 0.7666 0.6779 0.5936 0.5153 0.4441 0.3799 0.3234 0.2739 0.2317 0.1954 0.1638 0.1365
0.0000 0.0000 0.0000 0.0000 0.0000 0.0000 0.0000 0.0000 0.0000 0.0000 0.0000 0.0000 0.0000 0.0000 0.0000 0.0000 0.0000 0.1140 0.1906 0.1752 0.1127 0.0840 0.1256 0.2466 0.4289 0.6383 0.8438 1.0222 1.1578 1.2451 1.2827 1.2758 1.2354 1.1714 1.0914 1.0023 0.9067 0.8089 0.7156 0.6290 0.5480 0.4737 0.4067 0.3469 0.2943 0.2485 0.2098 0.1767 0.1479 0.1232
0.0000 0.0000 0.0000 0.0000 0.0000 0.0000 0.0000 0.0000 0.0000 0.0000 0.0000 0.0000 0.0000 0.0000 0.0000 0.0000 0.0000 0.0786 0.1064 0.0813 0.0633 0.1052 0.2226 0.4053 0.6217 0.8354 1.0217 1.1675 1.2641 1.3122 1.3127 1.2746 1.2106 1.1292 1.0378 0.9424 0.8446 0.7478 0.6571 0.5744 0.4981 0.4287 0.3668 0.3120 0.2638 0.2221 0.1873 0.1575 0.1317 0.1095
0.0000 0.0000 0.0000 0.0000 0.0000 0.0000 0.0000 0.0000 0.0000 0.0000 0.0000 0.0000 0.0000 0.0000 0.0000 0.0000 0.0000 0.0388 0.0423 0.0446 0.0925 0.2081 0.3886 0.6102 0.8345 1.0294 1.1800 1.2828 1.3351 1.3424 1.3090 1.2447 1.1616 1.0681 0.9700 0.8720 0.7750 0.6813 0.5947 0.5168 0.4458 0.3823 0.3261 0.2767 0.2334 0.1962 0.1651 0.1386 0.1158 0.0962
0.0000 0.0000 0.0000 0.0000 0.0000 0.0000 0.0000 0.0000 0.0000 0.0000 0.0000 0.0000 0.0000 0.0000 0.0000 0.0000 0.0000 0.0125 0.0272 0.0865 0.2037 0.3785 0.5971 0.8285 1.0341 1.1906 1.2939 1.3486 1.3567 1.3266 1.2650 1.1807 1.0848 0.9848 0.8850 0.7882 0.6952 0.6073 0.5269 0.4553 0.3906 0.3339 0.2841 0.2405 0.2025 0.1699 0.1428 0.1197 0.0998 0.0829
0.0000 0.0000 0.0000 0.0000 0.0000 0.0000 0.0000 0.0000 0.0000 0.0000 0.0000 0.0000 0.0000 0.0000 0.0000 0.0000 0.0000 0.0141 0.0742 0.2035 0.3746 0.5815 0.8074 1.0202 1.1858 1.2917 1.3435 1.3518 1.3211 1.2609 1.1793 1.0830 0.9813 0.8808 0.7841 0.6926 0.6068 0.5270 0.4547 0.3908 0.3337 0.2844 0.2414 0.2039 0.1714 0.1436 0.1205 0.1009 0.0840 0.0697
0.0000 0.0000 0.0000 0.0000 0.0000 0.0000 0.0000 0.0000 0.0000 0.0000 0.0000 0.0000 0.0000 0.0000 0.0000 0.0000 0.0000 0.0463 0.1721 0.3642 0.5618 0.7692 0.9736 1.1466 1.2614 1.3149 1.3195 1.2893 1.2298 1.1504 1.0581 0.9585 0.8584 0.7631 0.6737 0.5907 0.5141 0.4440 0.3810 0.3262 0.2777 0.2363 0.2002 0.1687 0.1415 0.1184 0.0992 0.0829 0.0690 0.0572
0.0000 0.0000 0.0000 0.0000 0.0000 0.0000 0.0000 0.0000 0.0000 0.0000 0.0000 0.0000 0.0000 0.0000 0.0000 0.0000 0.0000 0.0976 0.2873 0.5177 0.7109 0.8914 1.0541 1.1766 1.2408 1.2491 1.2176 1.1612 1.0856 0.9988 0.9060 0.8113 0.7198 0.6346 0.5563 0.4846 0.4192 0.3600 0.3074 0.2624 0.2232 0.1898 0.1606 0.1349 0.1130 0.0944 0.0789 0.0659 0.0549 0.0455
0.0000 0.0000 0.0000 0.0000 0.0000 0.0000 0.0000 0.0000 0.0000 0.0000 0.0000 0.0000 0.0000 0.0000 0.0000 0.0000 0.0000 0.1458 0.3746 0.6092 0.7725 0.9092 1.0221 1.0952 1.1176 1.0945 1.0422 0.9745 0.8961 0.8132 0.7292 0.6467 0.5694 0.4986 0.4344 0.3764 0.3238 0.2767 0.2353 0.2004 0.1703 0.1448 0.1224 0.1026 0.0858 0.0715 0.0597 0.0499 0.0415 0.0344
0.0000 0.0000 0.0000 0.0000 0.0000 0.0000 0.0000 0.0000 0.0000 0.0000 0.0000 0.0000 0.0000 0.0000 0.0000 0.0000 0.0000 0.1679 0.3955 0.6004 0.7201 0.8097 0.8768 0.9108 0.9059 0.8682 0.8117 0.7472 0.6781 0.6084 0.5408 0.4761 0.4167 0.3628 0.3146 0.2715 0.2327 0.1980 0.1679 0.1427 0.1213 0.1031 0.0870 0.0729 0.0609 0.0507 0.0423 0.0353 0.0293 0.0243
0.0000 0.0000 0.0000 0.0000 0.0000 0.0000 0.0000 0.0000 0.0000 0.0000 0.0000 0.0000 0.0000 0.0000 0.0000 0.0000 0.0000 0.1514 0.3364 0.4873 0.5624 0.6129 0.6462 0.6560 0.6393 0.6026 0.5558 0.5058 0.4544 0.4038 0.3569 0.3128 0.2724 0.2362 0.2041 0.1759 0.1505 0.1278 0.1082 0.0920 0.0782 0.0663 0.0559 0.0469 0.0391 0.0326 0.0272 0.0227 0.0189 0.0156
0.0000 0.0000 0.0000 0.0000 0.0000 0.0000 0.0000 0.0000 0.0000 0.0000 0.0000 0.0000 0.0000 0.0000 0.0000 0.0000 0.0000 0.1030 0.2201 0.3089 0.3474 0.3707 0.3836 0.3831 0.3680 0.3427 0.3131 0.2826 0.2520 0.2224 0.1958 0.1711 0.1485 0.1284 0.1107 0.0954 0.0815 0.0692 0.0585 0.0497 0.0424 0.0358 0.0302 0.0254 0.0212 0.0176 0.0147 0.0123 0.0102 0.0084
0.0000 0.0000 0.0000 0.0000 0.0000 0.0000 0.0000 0.0000 0.0000 0.0000 0.0000 0.0000 0.0000 0.0000 0.0000 0.0000 0.0000 0.0448 0.0935 0.1287 0.1424 0.1500 0.1534 0.1517 0.1443 0.1334 0.1211 0.1088 0.0965 0.0848 0.0745 0.0650 0.0563 0.0486 0.0418 0.0361 0.0308 0.0261 0.0221 0.0188 0.0160 0.0135 0.0114 0.0096 0.0080 0.0067 0.0056 0.0046 0.0039 0.0032
0.0000 0.0000 0.0000 0.0000 0.0000 0.0000 0.0000 0.0000 0.0000 0.0000 0.0000 0.0000 0.0000 0.0000 0.0000 0.0000 0.0000 0.0054 0.0112 0.0152 0.0167 0.0175 0.0178 0.0174 0.0165 0.0152 0.0138 0.0123 0.0109 0.0096 0.0084 0.0073 0.0063 0.0055 0.0047 0.0040 0.0035 0.0029 0.0025 0.0021 0.0018 0.0015 0.0013 0.0011 0.0009 0.0007 0.0006 0.0005 0.0004 0.0004
