0.1567 0.0319 0.1061 0.3906 0.2692 0.0327 0.3710 0.0308 0.3131 0.0420 0.2884 0.0678 0.0848 0.1854 0.0811 0.0205 0.0433 0.1126 0.1702 0.1463 0.0691 0.0237 0.0411 0.0817 0.0975 0.0780 0.0416 0.0123 0.0022 0.0100 0.0269 0.0438 0.0548 0.0580 0.0548 0.0467 0.0367 0.0266 0.0177 0.0107 0.0058 0.0027 0.0011 0.0007 0.0010 0.0018 0.0029 0.0039 0.0049 0.0058
0.5192 0.1117 0.2875 1.1479 0.8385 0.0860 1.1096 0.1023 0.9322 0.1301 0.8655 0.1933 0.2628 0.5518 0.2343 0.0615 0.1367 0.3451 0.5141 0.4381 0.2052 0.0700 0.1228 0.2440 0.2901 0.2312 0.1224 0.0358 0.0065 0.0306 0.0816 0.1322 0.1649 0.1740 0.1643 0.1398 0.1099 0.0795 0.0528 0.0320 0.0172 0.0080 0.0034 0.0021 0.0031 0.0055 0.0086 0.0118 0.0148 0.0175
1.0344 0.2541 0.3850 1.8254 1.4966 0.1114 1.8311 0.2080 1.5259 0.2332 1.4413 0.2894 0.4661 0.9038 0.3609 0.1049 0.2506 0.5986 0.8670 0.7262 0.3341 0.1128 0.2031 0.4026 0.4754 0.3757 0.1964 0.0559 0.0110 0.0535 0.1391 0.2228 0.2763 0.2903 0.2732 0.2319 0.1818 0.1313 0.0870 0.0525 0.0282 0.0131 0.0055 0.0035 0.0053 0.0094 0.0145 0.0199 0.0249 0.0294
1.8136 0.5462 0.3762 2.3466 2.2856 0.1165 2.5017 0.3857 2.0652 0.3696 2.0058 0.3424 0.7107 1.2269 0.4470 0.1576 0.4005 0.8849 1.2311 1.0049 0.4498 0.1492 0.2810 0.5550 0.6485 0.5058 0.2591 0.0708 0.0158 0.0803 0.2014 0.3174 0.3900 0.4071 0.3814 0.3224 0.2518 0.1812 0.1196 0.0718 0.0384 0.0177 0.0074 0.0049 0.0076 0.0134 0.0207 0.0282 0.0352 0.0415
2.9441 1.1251 0.2992 2.6139 3.2114 0.1502 3.0568 0.6918 2.5047 0.5691 2.5362 0.3472 1.0099 1.5005 0.4850 0.2348 0.6031 1.2112 1.6019 1.2636 0.5436 0.1760 0.3551 0.6981 0.8041 0.6158 0.3065 0.0790 0.0221 0.1133 0.2710 0.4179 0.5070 0.5248 0.4885 0.4108 0.3194 0.2287 0.1502 0.0897 0.0475 0.0217 0.0092 0.0064 0.0101 0.0178 0.0272 0.0370 0.0458 0.0539
4.4083 2.1522 0.2874 2.5322 4.2135 0.3151 3.3987 1.2004 2.7825 0.8744 2.9931 0.3128 1.3705 1.6983 0.4791 0.3613 0.8744 1.5762 1.9650 1.4851 0.6047 0.1901 0.4250 0.8299 0.9376 0.7008 0.3357 0.0802 0.0314 0.1551 0.3506 0.5264 0.6287 0.6439 0.5946 0.4967 0.3838 0.2733 0.1783 0.1056 0.0554 0.0251 0.0106 0.0079 0.0130 0.0226 0.0342 0.0462 0.0570 0.0667
5.9611 3.7209 0.5859 2.0648 5.1339 0.7640 3.4117 1.9882 2.8288 1.3372 3.3204 0.2668 1.7877 1.7917 0.4507 0.5708 1.2239 1.9654 2.2932 1.6448 0.6209 0.1898 0.4925 0.9500 1.0465 0.7578 0.3452 0.0753 0.0465 0.2093 0.4435 0.6454 0.7567 0.7652 0.6997 0.5799 0.4449 0.3145 0.2036 0.1194 0.0619 0.0277 0.0118 0.0096 0.0161 0.0279 0.0418 0.0559 0.0686 0.0801
7.0450 5.6928 1.5074 1.3196 5.7107 1.6616 3.0062 3.1012 2.5875 2.0068 3.4511 0.2581 2.2382 1.7585 0.4449 0.9009 1.6469 2.3450 2.5445 1.7121 0.5813 0.1785 0.5647 1.0633 1.1323 0.7875 0.3365 0.0670 0.0712 0.2797 0.5529 0.7772 0.8923 0.8893 0.8042 0.6603 0.5022 0.3520 0.2258 0.1310 0.0669 0.0295 0.0129 0.0114 0.0198 0.0338 0.0501 0.0664 0.0809 0.0940
6.9131 7.5237 3.2784 0.6280 5.6355 3.0951 2.1958 4.4993 2.0551 2.9095 3.3212 0.3545 2.6767 1.5965 0.5314 1.3810 2.1132 2.6577 2.6650 1.6562 0.4820 0.1690 0.6578 1.1823 1.2032 0.7955 0.3147 0.0605 0.1099 0.3702 0.6816 0.9237 1.0365 1.0166 0.9078 0.7376 0.5557 0.3857 0.2447 0.1402 0.0704 0.0305 0.0137 0.0135 0.0240 0.0404 0.0591 0.0776 0.0939 0.1085
5.1334 8.2695 5.7675 0.5424 4.7043 4.9439 1.1923 5.9916 1.3333 4.0164 2.8955 0.6335 3.0376 1.3407 0.7984 2.0132 2.5564 2.8259 2.5983 1.4571 0.3356 0.1902 0.8019 1.3313 1.2766 0.7945 0.2889 0.0623 0.1672 0.4831 0.8306 1.0848 1.1888 1.1462 1.0099 0.8112 0.6046 0.4152 0.2603 0.1469 0.0725 0.0309 0.0145 0.0160 0.0289 0.0478 0.0690 0.0896 0.1077 0.1237
2.3611 7.0351 8.2076 1.6534 3.0417 6.7669 0.4623 7.1956 0.6776 5.2092 2.2012 1.1655 3.2510 1.0802 1.3329 2.7500 2.8735 2.7686 2.3098 1.1257 0.1834 0.2928 1.0437 1.5480 1.3809 0.8045 0.2721 0.0793 0.2453 0.6179 0.9978 1.2580 1.3469 1.2765 1.1093 0.8803 0.6487 0.4402 0.2724 0.1513 0.0731 0.0307 0.0154 0.0191 0.0346 0.0563 0.0799 0.1027 0.1225 0.1399
0.6728 3.9671 9.2361 4.1854 1.2880 7.8401 0.6516 7.5908 0.5055 6.2528 1.3634 1.9881 3.2637 0.9572 2.1805 3.4708 2.9367 2.4333 1.8190 0.7259 0.1041 0.5486 1.4403 1.8756 1.5472 0.8465 0.2758 0.1151 0.3415 0.7679 1.1750 1.4354 1.5041 1.4022 1.2020 0.9421 0.6861 0.4598 0.2805 0.1530 0.0723 0.0301 0.0165 0.0229 0.0414 0.0659 0.0922 0.1172 0.1386 0.1573
2.3550 1.0875 7.6557 7.5138 0.5307 7.4654 2.2882 6.7358 1.3026 6.8009 0.6302 3.0766 3.0639 1.1378 3.2888 3.9720 2.6306 1.8469 1.2402 0.3950 0.2133 1.0331 2.0336 2.3365 1.7889 0.9284 0.3019 0.1642 0.4439 0.9165 1.3437 1.5987 1.6439 1.5097 1.2775 0.9891 0.7115 0.4706 0.2826 0.1510 0.0697 0.0289 0.0181 0.0278 0.0495 0.0771 0.1060 0.1331 0.1559 0.1758
7.3487 1.5004 3.8467 9.9774 1.8345 5.4910 5.3153 4.6329 3.3774 6.4786 0.3716 4.3256 2.7138 1.7582 4.4693 4.0180 1.9471 1.1981 0.8259 0.3435 0.6311 1.7803 2.8070 2.8988 2.0782 1.0300 0.3336 0.2090 0.5320 1.0407 1.4806 1.7265 1.7479 1.5841 1.3243 1.0131 0.7196 0.4691 0.2767 0.1445 0.0650 0.0275 0.0205 0.0341 0.0595 0.0902 0.1217 0.1508 0.1750 0.1958
11.9168 6.3752 0.7727 9.5319 5.4657 2.7380 8.7527 2.0850 6.4689 5.0671 1.0222 5.5323 2.3345 2.8313 5.3942 3.4427 1.0881 0.8807 0.9463 0.7899 1.3945 2.6920 3.6046 3.4128 2.3044 1.0813 0.3303 0.2250 0.5876 1.1243 1.5700 1.8035 1.8026 1.6143 1.3338 1.0077 0.7060 0.4526 0.2614 0.1328 0.0582 0.0260 0.0243 0.0426 0.0719 0.1059 0.1399 0.1708 0.1961 0.2177
11.2245 12.3222 2.2843 5.6134 10.1458 0.8466 10.9644 0.6074 9.4027 2.8149 2.9366 6.3732 2.0440 4.1688 5.6850 2.3061 0.5312 1.4331 1.9481 1.7958 2.3060 3.4177 4.0460 3.5584 2.2508 0.9641 0.2471 0.2109 0.6306 1.1930 1.6355 1.8486 1.8214 1.6095 1.3120 0.9769 0.6732 0.4229 0.2379 0.1168 0.0500 0.0252 0.0300 0.0538 0.0874 0.1246 0.1610 0.1935 0.2195 0.2416
4.8130 13.6689 8.3780 1.2809 12.7690 1.5056 10.6512 1.4811 10.2836 0.7841 6.0828 6.3542 1.8769 5.3926 5.1043 1.0228 0.9194 3.2322 3.7971 2.9790 2.7670 3.2999 3.5458 2.9046 1.6700 0.5909 0.1120 0.2628 0.7852 1.3738 1.7907 1.9558 1.8778 1.6238 1.2979 0.9474 0.6390 0.3912 0.2130 0.1006 0.0426 0.0260 0.0379 0.0676 0.1055 0.1458 0.1846 0.2184 0.2450 0.2673
0.8698 7.8251 13.5936 1.6465 9.6365 5.6795 7.5766 4.3967 7.8601 0.8128 9.3983 4.7574 1.8776 6.1675 3.7845 0.2825 2.5675 5.7559 5.4098 3.1790 1.8527 1.7556 1.8285 1.4096 0.6813 0.1806 0.1951 0.6662 1.3249 1.9130 2.2446 2.2945 2.1034 1.7556 1.3626 0.9683 0.6360 0.3782 0.1989 0.0902 0.0383 0.0284 0.0467 0.0818 0.1240 0.1674 0.2085 0.2437 0.2708 0.2934
7.8821 0.7627 11.4827 8.3600 2.9406 11.5235 1.6319 9.6322 4.1270 3.7966 9.1841 0.9278 4.0898 7.8294 2.4943 0.5361 4.3447 5.8526 3.1707 0.5107 0.4728 1.9780 3.0298 2.8838 1.9930 1.2014 0.9364 1.1850 1.6707 2.1269 2.3563 2.3312 2.0892 1.7121 1.3062 0.9114 0.5858 0.3391 0.1722 0.0759 0.0350 0.0345 0.0602 0.1010 0.1473 0.1935 0.2363 0.2724 0.2995 0.3219
16.0835 4.9523 4.1139 14.3590 0.6940 13.1684 0.7540 12.1638 1.1789 7.6545 7.4964 0.3886 6.7288 7.2963 1.1447 1.5667 5.8109 5.8000 2.3323 0.2362 1.0184 2.7750 3.5695 3.0650 1.9813 1.1912 1.0228 1.3637 1.8857 2.3227 2.4965 2.4063 2.1072 1.6904 1.2625 0.8608 0.5385 0.3012 0.1466 0.0629 0.0337 0.0430 0.0766 0.1232 0.1736 0.2226 0.2669 0.3036 0.3306 0.3525
11.9020 14.8129 0.9215 13.0636 5.2026 9.2699 4.5753 10.8714 0.7485 11.0065 4.4537 1.6544 9.0168 5.7077 0.3655 3.2959 7.0084 5.2346 1.4420 0.2702 1.8450 3.6430 4.0298 3.1391 1.9087 1.1740 1.1313 1.5665 2.1113 2.5123 2.6175 2.4559 2.0990 1.6459 1.2010 0.7980 0.4838 0.2601 0.1209 0.0520 0.0357 0.0555 0.0971 0.1496 0.2039 0.2553 0.3008 0.3376 0.3640 0.3851
1.5883 15.7237 8.3605 5.0831 13.3173 2.9164 11.1499 6.1267 4.0010 11.8809 1.5088 4.7201 10.0327 3.4659 0.6258 5.4760 7.6235 4.1958 0.6980 0.7152 2.9200 4.4993 4.3502 3.0865 1.7819 1.1629 1.2704 1.7946 2.3437 2.6898 2.7141 2.4761 2.0628 1.5783 1.1225 0.7244 0.4237 0.2177 0.0967 0.0445 0.0421 0.0729 0.1225 0.1806 0.2384 0.2918 0.3379 0.3746 0.3999 0.4198
5.8588 5.0977 17.6079 0.8805 16.2999 0.9853 15.1688 1.4639 9.6521 9.3478 0.5459 8.6305 9.1517 1.3815 2.1702 7.6351 7.4142 2.8606 0.3294 1.6224 4.1563 5.2402 4.4762 2.9016 1.6180 1.1757 1.4488 2.0479 2.5773 2.8484 2.7806 2.4638 1.9975 1.4882 1.0287 0.6421 0.3602 0.1758 0.0758 0.0416 0.0539 0.0959 0.1534 0.2166 0.2775 0.3324 0.3786 0.4145 0.4384 0.4566
19.4940 1.9234 14.2323 8.2409 9.7336 7.1840 12.3827 1.4486 14.0666 4.6448 2.7904 11.6639 6.4922 0.4539 4.8301 9.1668 6.3180 1.5428 0.5466 2.9616 5.4122 5.7552 4.3708 2.5976 1.4450 1.2337 1.6748 2.3240 2.8051 2.9809 2.8128 2.4178 1.9045 1.3779 0.9221 0.5538 0.2960 0.1368 0.0599 0.0451 0.0725 0.1256 0.1906 0.2584 0.3217 0.3774 0.4232 0.4578 0.4796 0.4958
14.7664 14.9440 2.8304 18.5097 1.5897 16.0480 4.8998 7.4355 13.6239 1.0249 7.6976 12.1140 3.1371 1.4542 7.9436 9.5155 4.5352 0.6427 1.4770 4.6003 6.5048 5.9446 4.0247 2.2100 1.3012 1.3592 1.9535 2.6174 3.0183 3.0795 2.8059 2.3366 1.7844 1.2496 0.8059 0.4627 0.2340 0.1033 0.0512 0.0564 0.0990 0.1630 0.2350 0.3067 0.3715 0.4272 0.4718 0.5044 0.5236 0.5373
1.1744 20.6427 4.3033 15.9940 4.2395 17.1812 0.8730 14.9895 8.1183 1.7795 12.7175 9.4001 0.8500 4.4528 10.4786 8.4155 2.5476 0.5518 3.1007 6.3039 7.2385 5.7427 3.4664 1.7976 1.2326 1.5722 2.2846 2.9182 3.2056 3.1358 2.7550 2.2183 1.6381 1.1060 0.6835 0.3724 0.1772 0.0776 0.0516 0.0772 0.1346 0.2087 0.2869 0.3616 0.4269 0.4817 0.5245 0.5544 0.5704 0.5811
11.9183 6.6495 18.7978 3.8465 16.1457 8.3359 6.2533 16.8780 2.0840 7.4086 14.5618 4.8271 1.2480 8.5469 11.3898 6.0926 1.0354 1.5217 5.2094 7.7642 7.4452 5.1434 2.7697 1.4378 1.2850 1.8860 2.6609 3.2126 3.3544 3.1421 2.6575 2.0641 1.4688 0.9514 0.5595 0.2868 0.1292 0.0626 0.0634 0.1090 0.1804 0.2637 0.3468 0.4233 0.4881 0.5409 0.5811 0.6077 0.6198 0.6271
24.3314 3.3006 19.7479 3.5251 20.3709 1.1334 16.3835 10.5293 1.6586 14.2917 11.5721 1.2660 4.7591 12.0444 10.1166 3.3189 0.6770 3.5341 7.4109 8.6593 7.0320 4.2172 2.0500 1.2178 1.4969 2.3025 3.0670 3.4821 3.4511 3.0915 2.5122 1.8768 1.2815 0.7914 0.4391 0.2107 0.0936 0.0613 0.0886 0.1534 0.2375 0.3286 0.4152 0.4922 0.5552 0.6051 0.6417 0.6643 0.6719 0.6753
7.5012 20.8540 4.4109 18.0691 9.4801 7.1166 19.2236 2.4378 8.5285 16.8161 5.5515 1.5264 9.9840 13.1663 6.9964 1.2286 1.8809 6.2264 9.1976 8.7412 6.0294 3.1184 1.4539 1.2223 1.8916 2.8093 3.4812 3.7104 3.4890 2.9862 2.3233 1.6617 1.0828 0.6329 0.3287 0.1490 0.0744 0.0764 0.1293 0.2115 0.3064 0.4031 0.4913 0.5674 0.6279 0.6743 0.7069 0.7248 0.7275 0.7266
5.1768 19.8855 5.4275 21.6842 1.2633 19.3926 10.4975 2.5260 16.8694 12.3578 1.2116 6.2198 14.1309 11.1103 3.3614 0.8992 4.5453 8.9281 10.0696 7.9079 4.5935 2.0568 1.1271 1.5079 2.4626 3.3728 3.8658 3.8666 3.4478 2.8149 2.0907 1.4251 0.8802 0.4827 0.2339 0.1064 0.0751 0.1107 0.1872 0.2847 0.3880 0.4882 0.5760 0.6498 0.7063 0.7482 0.7760 0.7887 0.7858 0.7802
25.7369 2.2413 22.8215 6.7433 11.3736 19.7103 1.5870 12.1116 18.1148 4.5727 2.6810 12.7116 14.5574 6.7344 1.0475 2.8289 7.9665 10.8240 9.7015 6.2838 3.0193 1.2788 1.1927 2.0930 3.1730 3.9422 4.1790 3.9252 3.3173 2.5781 1.8212 1.1762 0.6830 0.3489 0.1614 0.0879 0.0994 0.1666 0.2641 0.3739 0.4827 0.5839 0.6692 0.7391 0.7905 0.8268 0.8489 0.8556 0.8465 0.8357
13.4385 12.7819 18.4143 3.2877 23.4292 6.8421 5.9085 20.3162 10.3554 1.0880 9.6323 16.4651 10.6692 2.4313 1.5207 6.5529 10.9922 11.2262 8.0899 4.2302 1.6850 1.0092 1.7151 2.9424 3.9527 4.4525 4.3769 3.8644 3.0925 2.2810 1.5251 0.9266 0.5018 0.2403 0.1179 0.0982 0.1507 0.2464 0.3613 0.4799 0.5911 0.6905 0.7711 0.8353 0.8802 0.9098 0.9255 0.9254 0.9096 0.8932
3.1211 26.0412 1.8755 20.1344 15.0591 1.9251 18.6033 16.4026 2.0326 6.2137 16.5872 14.3574 4.8047 0.9372 4.9699 10.6630 12.4373 9.8816 5.6356 2.2902 0.9693 1.3946 2.6786 3.9746 4.7238 4.8526 4.4337 3.6776 2.7788 1.9357 1.2190 0.6921 0.3493 0.1663 0.1103 0.1425 0.2323 0.3523 0.4808 0.6050 0.7160 0.8117 0.8856 0.9418 0.9782 0.9997 1.0073 0.9996 0.9765 0.9540
25.7807 7.0441 13.3825 22.0421 1.6944 14.5728 20.9813 4.9713 3.4328 15.5375 17.2272 7.6737 1.0868 3.5979 9.9225 13.3054 11.5649 7.1080 3.0423 1.0387 1.1397 2.4432 3.9586 5.0337 5.3532 5.0514 4.3028 3.3524 2.3851 1.5607 0.9188 0.4856 0.2362 0.1353 0.1445 0.2244 0.3465 0.4855 0.6226 0.7482 0.8555 0.9444 1.0092 1.0552 1.0817 1.0938 1.0925 1.0765 1.0456 1.0167
14.4248 7.3753 25.7674 4.2786 10.3418 23.4925 8.7366 1.8355 13.8176 19.3517 10.5083 1.7630 2.5872 9.1904 13.7973 13.0787 8.5565 3.8417 1.1860 0.9384 2.2671 4.0028 5.3417 5.9376 5.7232 4.9918 3.9709 2.9014 1.9348 1.1812 0.6466 0.3246 0.1756 0.1562 0.2264 0.3475 0.4950 0.6467 0.7871 0.9095 1.0091 1.0882 1.1414 1.1751 1.1902 1.1918 1.1806 1.1557 1.1165 1.0808
3.7932 26.9145 7.6979 7.2583 24.5542 12.2016 1.2595 12.3639 20.7056 13.0607 2.6307 1.9546 8.7277 14.3331 14.3027 9.8829 4.5928 1.3436 0.8011 2.1550 4.1667 5.7759 6.5646 6.5107 5.7456 4.6502 3.4539 2.3590 1.4658 0.8309 0.4287 0.2285 0.1807 0.2376 0.3615 0.5152 0.6804 0.8377 0.9755 1.0898 1.1778 1.2441 1.2832 1.3031 1.3050 1.2947 1.2730 1.2385 1.1905 1.1475
27.5062 10.2981 5.7540 25.1679 14.6448 1.2159 11.7299 21.9464 14.9049 3.3503 1.6733 8.6950 15.1901 15.5344 10.8942 5.1712 1.4398 0.7162 2.1840 4.4566 6.4133 7.3741 7.3627 6.6155 5.3780 4.0433 2.7963 1.7761 1.0233 0.5450 0.2916 0.2161 0.2641 0.3879 0.5551 0.7311 0.9052 1.0609 1.1895 1.2905 1.3631 1.4132 1.4361 1.4410 1.4277 1.4037 1.3708 1.3263 1.2688 1.2180
10.8074 5.8246 26.1651 15.4749 1.2550 12.2971 23.3253 15.9017 3.5201 1.7446 9.3188 16.3808 16.8153 11.6295 5.3681 1.3936 0.6951 2.4136 5.0096 7.2169 8.4082 8.3748 7.5034 6.1672 4.6309 3.2269 2.0660 1.2132 0.6552 0.3592 0.2606 0.3041 0.4359 0.6120 0.8090 0.9947 1.1674 1.3130 1.4256 1.5080 1.5611 1.5921 1.5963 1.5845 1.5544 1.5157 1.4710 1.4158 1.3486 1.2897
7.8744 27.8393 14.2206 1.3692 14.5566 24.8475 15.6561 2.9617 2.3064 11.0084 18.0670 17.8638 11.9315 5.1250 1.1493 0.8007 2.9733 5.9404 8.3632 9.5799 9.5586 8.4719 6.8957 5.2043 3.6024 2.3127 1.3634 0.7504 0.4199 0.3136 0.3611 0.5072 0.7039 0.9133 1.1236 1.3050 1.4653 1.5921 1.6818 1.7405 1.7703 1.7792 1.7627 1.7326 1.6844 1.6299 1.5730 1.5068 1.4295 1.3622
29.5023 10.5067 2.5237 19.0513 26.1258 13.6540 1.8157 3.9292 14.0163 20.5027 18.4966 11.3797 4.3274 0.7895 1.1981 4.0785 7.4664 9.9852 11.0798 10.7818 9.5026 7.6022 5.6475 3.9060 2.4764 1.4587 0.8102 0.4750 0.3763 0.4462 0.6159 0.8388 1.0757 1.2969 1.5037 1.6669 1.8044 1.9046 1.9643 1.9930 1.9937 1.9784 1.9398 1.8902 1.8243 1.7546 1.6844 1.6061 1.5178 1.4420
4.5699 7.0860 25.4232 25.2250 9.3465 1.0306 7.6471 18.6241 22.7951 18.2130 9.6267 2.8985 0.5733 2.2500 5.9611 9.7406 12.1394 12.8244 12.0537 10.3071 8.1458 5.9049 3.9889 2.5089 1.4550 0.8200 0.5156 0.4594 0.5685 0.7811 1.0360 1.3017 1.5489 1.7576 1.9424 2.0725 2.1763 2.2416 2.2647 2.2582 2.2257 2.1843 2.1220 2.0518 1.9678 1.8826 1.7986 1.7078 1.6080 1.5236
17.8642 30.5542 19.4284 3.6720 3.0834 14.6089 24.1347 23.7287 15.6665 6.5573 1.3031 1.1659 4.5630 9.0376 12.7292 14.7170 14.6471 13.1184 10.7965 8.2245 5.8382 3.8101 2.3207 1.3393 0.7775 0.5598 0.5828 0.7636 1.0270 1.3300 1.6223 1.8909 2.1160 2.2869 2.4313 2.5140 2.5738 2.5970 2.5776 2.5317 2.4628 2.3936 2.3067 2.2152 2.1127 2.0117 1.9137 1.8101 1.6989 1.6058
26.9907 8.3697 1.5719 11.5151 24.3623 27.7922 20.9231 10.3384 2.7419 0.8792 3.7868 8.8663 13.5954 16.4517 17.1710 16.0810 13.6036 10.6270 7.7291 5.2283 3.2995 1.9303 1.1110 0.7277 0.6578 0.8066 1.0815 1.4205 1.7629 2.0932 2.3702 2.6014 2.7743 2.8846 2.9721 2.9946 3.0006 2.9733 2.9061 2.8193 2.7159 2.6199 2.5078 2.3927 2.2699 2.1516 2.0386 1.9221 1.7993 1.6971
1.5556 11.5758 26.1656 31.1504 24.3257 12.5528 3.5924 1.0333 4.1256 9.9775 15.5187 19.1356 20.1305 18.8589 16.1847 12.8716 9.4269 6.4225 4.0795 2.4256 1.4068 0.8928 0.7754 0.9290 1.2358 1.6266 2.0331 2.4258 2.7597 3.0501 3.2594 3.4148 3.5090 3.5387 3.5550 3.5064 3.4496 3.3648 3.2454 3.1174 2.9828 2.8614 2.7242 2.5832 2.4384 2.3015 2.1726 2.0431 1.9086 1.7969
32.0493 33.8701 24.0746 11.1041 2.7093 1.7128 6.4900 13.5027 19.6622 23.2592 23.6259 21.7088 18.2191 14.1567 10.2611 6.9362 4.3318 2.5404 1.4757 0.9934 0.9427 1.1681 1.5669 2.0548 2.5381 2.9988 3.3929 3.7256 3.9631 4.1498 4.2445 4.2915 4.2849 4.2185 4.1533 4.0263 3.9016 3.7559 3.5824 3.4132 3.2483 3.1026 2.9408 2.7736 2.6069 2.4515 2.3069 2.1645 2.0187 1.8977
16.5367 5.0759 1.5809 5.6111 13.5580 21.4804 26.7571 28.3869 26.9099 23.3219 18.4746 13.6845 9.4027 6.0090 3.5930 2.0735 1.2907 1.0850 1.2812 1.7276 2.3082 2.9002 3.4812 4.0234 4.4497 4.8007 5.0457 5.2189 5.2876 5.3196 5.2687 5.1879 5.0673 4.8965 4.7455 4.5406 4.3489 4.1434 3.9179 3.7097 3.5165 3.3450 3.1587 2.9684 2.7808 2.6075 2.4471 2.2921 2.1351 2.0047
10.3494 20.2317 28.7712 33.6145 34.2357 31.3789 26.3310 20.3623 14.6582 9.8195 6.0404 3.5009 2.0055 1.3535 1.3348 1.7443 2.3936 3.1545 3.9317 4.6629 5.3221 5.8181 6.2253 6.5539 6.7153 6.8122 6.8119 6.7629 6.6198 6.4654 6.2626 6.0537 5.8164 5.5412 5.3077 5.0368 4.7870 4.5288 4.2590 4.0168 3.7978 3.5938 3.3819 3.1761 2.9704 2.7803 2.6038 2.4360 2.2676 2.1273
41.1753 36.0474 29.0969 21.7993 15.1461 9.7325 5.7708 3.2224 1.9106 1.5596 1.8802 2.6515 3.6475 4.7025 5.7512 6.7359 7.5395 8.1763 8.6515 8.9977 9.2443 9.2876 9.2719 9.2172 8.9982 8.7731 8.4915 8.2043 7.8444 7.5042 7.1606 6.8357 6.4924 6.1233 5.8168 5.4904 5.1906 4.8863 4.5781 4.3072 4.0672 3.8327 3.5975 3.3791 3.1572 2.9514 2.7597 2.5800 2.4008 2.2510
4.4976 2.6126 2.0600 2.5181 3.6488 5.1644 6.8321 8.4477 9.9427 11.2706 12.2762 13.1300 13.7146 14.0343 14.2535 14.3947 14.2818 14.0302 13.6759 13.3060 12.9407 12.4266 11.9366 11.4822 10.8940 10.3732 9.8459 9.3564 8.8166 8.3240 7.8728 7.4602 7.0348 6.5924 6.2297 5.8633 5.5263 5.1872 4.8497 4.5564 4.2996 4.0396 3.7860 3.5595 3.3247 3.1059 2.9010 2.7110 2.5226 2.3647
30.7467 31.1529 31.2779 31.1538 30.7591 30.2049 29.4631 28.4788 27.4602 26.4538 25.2078 24.1344 22.9875 21.7720 20.7254 19.8249 18.7817 17.7409 16.7260 15.8202 15.0199 14.1290 13.3202 12.6029 11.8052 11.1162 10.4487 9.8358 9.2007 8.6438 8.1393 7.6824 7.2163 6.7368 6.3444 5.9558 5.6073 5.2620 4.9115 4.5979 4.3143 4.0510 3.7986 3.5774 3.3420 3.1212 2.9135 2.7210 2.5306 2.3719
