0.0533 0.0544 0.0562 0.0557 0.0492 0.0494 0.0477 0.0439 0.0434 0.0392 0.0379 0.0351 0.0316 0.0301 0.0275 0.0247 0.0228 0.0208 0.0186 0.0169 0.0154 0.0140 0.0125 0.0112 0.0100 0.0091 0.0082 0.0074 0.0068 0.0060 0.0053 0.0047 0.0042 0.0037 0.0033 0.0030 0.0027 0.0024 0.0021 0.0019 0.0017 0.0015 0.0014 0.0012 0.0011 0.0010 0.0009 0.0008 0.0007 0.0006
0.1599 0.1627 0.1681 0.1675 0.1482 0.1481 0.1433 0.1317 0.1304 0.1177 0.1138 0.1052 0.0947 0.0903 0.0826 0.0742 0.0683 0.0624 0.0559 0.0506 0.0461 0.0421 0.0376 0.0335 0.0301 0.0272 0.0247 0.0223 0.0202 0.0181 0.0160 0.0142 0.0126 0.0112 0.0100 0.0089 0.0080 0.0072 0.0064 0.0058 0.0052 0.0046 0.0042 0.0038 0.0034 0.0030 0.0027 0.0024 0.0022 0.0019
0.2670 0.2702 0.2784 0.2802 0.2488 0.2462 0.2395 0.2195 0.2174 0.1962 0.1902 0.1752 0.1580 0.1510 0.1379 0.1236 0.1139 0.1040 0.0933 0.0843 0.0769 0.0701 0.0626 0.0559 0.0501 0.0453 0.0412 0.0372 0.0337 0.0301 0.0266 0.0236 0.0209 0.0186 0.0166 0.0148 0.0134 0.0121 0.0108 0.0096 0.0086 0.0078 0.0070 0.0063 0.0056 0.0050 0.0045 0.0040 0.0036 0.0032
0.3766 0.3772 0.3865 0.3936 0.3523 0.3438 0.3367 0.3076 0.3044 0.2750 0.2672 0.2449 0.2218 0.2123 0.1933 0.1730 0.1595 0.1459 0.1307 0.1180 0.1076 0.0981 0.0876 0.0781 0.0702 0.0634 0.0577 0.0522 0.0472 0.0421 0.0372 0.0330 0.0292 0.0260 0.0232 0.0208 0.0187 0.0169 0.0151 0.0135 0.0121 0.0109 0.0098 0.0088 0.0079 0.0071 0.0063 0.0056 0.0050 0.0045
0.4925 0.4858 0.4923 0.5066 0.4602 0.4413 0.4348 0.3964 0.3912 0.3542 0.3448 0.3141 0.2863 0.2746 0.2488 0.2222 0.2056 0.1882 0.1682 0.1517 0.1382 0.1261 0.1125 0.1003 0.0902 0.0816 0.0743 0.0671 0.0606 0.0539 0.0476 0.0422 0.0373 0.0334 0.0298 0.0267 0.0241 0.0218 0.0195 0.0174 0.0156 0.0140 0.0126 0.0113 0.0101 0.0091 0.0081 0.0072 0.0065 0.0058
0.6190 0.5996 0.5979 0.6170 0.5733 0.5399 0.5337 0.4868 0.4775 0.4344 0.4224 0.3827 0.3519 0.3381 0.3040 0.2713 0.2523 0.2311 0.2058 0.1852 0.1689 0.1540 0.1373 0.1224 0.1101 0.0997 0.0908 0.0819 0.0738 0.0655 0.0578 0.0512 0.0454 0.0407 0.0365 0.0327 0.0296 0.0267 0.0239 0.0213 0.0191 0.0172 0.0154 0.0138 0.0124 0.0111 0.0099 0.0088 0.0079 0.0071
0.7566 0.7219 0.7071 0.7233 0.6906 0.6408 0.6337 0.5792 0.5634 0.5155 0.4993 0.4506 0.4193 0.4022 0.3582 0.3207 0.3004 0.2747 0.2432 0.2186 0.1996 0.1820 0.1621 0.1444 0.1300 0.1179 0.1073 0.0965 0.0868 0.0769 0.0678 0.0602 0.0534 0.0480 0.0432 0.0388 0.0351 0.0317 0.0284 0.0253 0.0227 0.0204 0.0182 0.0163 0.0146 0.0131 0.0117 0.0104 0.0093 0.0084
0.8985 0.8523 0.8232 0.8268 0.8086 0.7441 0.7360 0.6729 0.6497 0.5971 0.5744 0.5181 0.4881 0.4655 0.4107 0.3708 0.3503 0.3187 0.2803 0.2519 0.2304 0.2101 0.1867 0.1663 0.1498 0.1359 0.1235 0.1109 0.0994 0.0880 0.0776 0.0690 0.0615 0.0554 0.0500 0.0450 0.0408 0.0368 0.0329 0.0293 0.0262 0.0235 0.0210 0.0188 0.0168 0.0150 0.0134 0.0119 0.0107 0.0096
1.0352 0.9829 0.9450 0.9321 0.9222 0.8475 0.8422 0.7654 0.7382 0.6776 0.6475 0.5851 0.5572 0.5257 0.4609 0.4229 0.4020 0.3621 0.3163 0.2851 0.2617 0.2383 0.2112 0.1879 0.1695 0.1537 0.1394 0.1248 0.1117 0.0988 0.0873 0.0779 0.0697 0.0630 0.0569 0.0513 0.0464 0.0419 0.0373 0.0332 0.0296 0.0266 0.0237 0.0212 0.0190 0.0169 0.0151 0.0134 0.0120 0.0108
1.1667 1.1070 1.0625 1.0413 1.0286 0.9468 0.9495 0.8543 0.8301 0.7551 0.7193 0.6509 0.6237 0.5800 0.5095 0.4777 0.4538 0.4029 0.3507 0.3186 0.2936 0.2666 0.2355 0.2093 0.1889 0.1712 0.1549 0.1383 0.1236 0.1094 0.0970 0.0869 0.0780 0.0707 0.0639 0.0576 0.0520 0.0469 0.0417 0.0370 0.0329 0.0295 0.0263 0.0235 0.0210 0.0187 0.0167 0.0149 0.0133 0.0120
1.2996 1.2376 1.1655 1.1468 1.1316 1.0407 1.0469 0.9439 0.9241 0.8306 0.7928 0.7153 0.6865 0.6294 0.5601 0.5357 0.5032 0.4402 0.3855 0.3546 0.3274 0.2958 0.2603 0.2314 0.2089 0.1890 0.1706 0.1520 0.1359 0.1206 0.1073 0.0965 0.0868 0.0787 0.0711 0.0639 0.0576 0.0517 0.0459 0.0406 0.0361 0.0323 0.0288 0.0257 0.0230 0.0206 0.0183 0.0164 0.0146 0.0132
1.4108 1.3894 1.2665 1.2325 1.2335 1.1335 1.1176 1.0442 1.0078 0.9087 0.8693 0.7788 0.7475 0.6781 0.6154 0.5933 0.5465 0.4753 0.4237 0.3949 0.3636 0.3261 0.2862 0.2549 0.2303 0.2081 0.1874 0.1669 0.1495 0.1331 0.1187 0.1070 0.0962 0.0871 0.0785 0.0703 0.0631 0.0565 0.0501 0.0443 0.0394 0.0352 0.0314 0.0281 0.0252 0.0225 0.0201 0.0180 0.0161 0.0145
1.4478 1.5044 1.4073 1.2918 1.3185 1.2349 1.1571 1.1526 1.0610 0.9949 0.9413 0.8416 0.8084 0.7275 0.6709 0.6419 0.5808 0.5104 0.4662 0.4368 0.3983 0.3545 0.3116 0.2788 0.2523 0.2277 0.2046 0.1824 0.1637 0.1462 0.1306 0.1176 0.1056 0.0953 0.0855 0.0763 0.0683 0.0610 0.0540 0.0479 0.0426 0.0381 0.0340 0.0306 0.0275 0.0246 0.0220 0.0197 0.0176 0.0159
1.4422 1.4968 1.5590 1.3686 1.3689 1.3518 1.1952 1.2454 1.0941 1.0921 0.9999 0.9102 0.8721 0.7794 0.7243 0.6831 0.6156 0.5534 0.5126 0.4756 0.4279 0.3804 0.3371 0.3038 0.2752 0.2479 0.2224 0.1986 0.1787 0.1597 0.1426 0.1281 0.1146 0.1030 0.0922 0.0820 0.0734 0.0656 0.0582 0.0516 0.0461 0.0413 0.0370 0.0333 0.0300 0.0270 0.0241 0.0215 0.0193 0.0174
1.5294 1.4710 1.5906 1.5267 1.3949 1.4565 1.2833 1.3118 1.1591 1.1785 1.0464 0.9892 0.9357 0.8369 0.7821 0.7315 0.6650 0.6054 0.5555 0.5064 0.4540 0.4080 0.3659 0.3312 0.2993 0.2685 0.2407 0.2154 0.1941 0.1735 0.1547 0.1385 0.1236 0.1109 0.0991 0.0882 0.0789 0.0707 0.0629 0.0560 0.0502 0.0450 0.0404 0.0364 0.0329 0.0295 0.0263 0.0236 0.0211 0.0190
1.7529 1.6172 1.5887 1.6756 1.4941 1.5250 1.4328 1.3807 1.2785 1.2496 1.1232 1.0757 0.9990 0.9070 0.8513 0.7951 0.7259 0.6549 0.5916 0.5393 0.4911 0.4477 0.4023 0.3614 0.3236 0.2893 0.2595 0.2329 0.2103 0.1879 0.1672 0.1494 0.1331 0.1194 0.1069 0.0953 0.0855 0.0767 0.0685 0.0611 0.0548 0.0492 0.0441 0.0398 0.0359 0.0322 0.0287 0.0256 0.0229 0.0206
1.9169 1.8420 1.7583 1.7809 1.6960 1.6319 1.5700 1.4863 1.4190 1.3686 1.2402 1.1606 1.0863 0.9896 0.9188 0.8575 0.7802 0.7011 0.6422 0.5996 0.5519 0.4981 0.4388 0.3885 0.3463 0.3108 0.2804 0.2527 0.2283 0.2035 0.1805 0.1610 0.1433 0.1288 0.1155 0.1030 0.0925 0.0830 0.0742 0.0662 0.0593 0.0531 0.0475 0.0428 0.0386 0.0346 0.0308 0.0274 0.0245 0.0220
2.0817 2.0265 1.9326 1.9462 1.8373 1.7917 1.7086 1.6413 1.5114 1.4587 1.3155 1.2987 1.2097 1.0609 0.9875 0.9229 0.8302 0.7520 0.7018 0.6533 0.5871 0.5188 0.4574 0.4135 0.3776 0.3441 0.3113 0.2791 0.2499 0.2209 0.1947 0.1731 0.1540 0.1383 0.1240 0.1104 0.0990 0.0886 0.0790 0.0704 0.0630 0.0563 0.0503 0.0453 0.0409 0.0367 0.0326 0.0291 0.0260 0.0234
2.0410 2.1216 2.0217 1.9147 1.9572 1.7863 1.7967 1.6400 1.6177 1.4840 1.4027 1.3222 1.2073 1.1310 1.0520 0.9579 0.8800 0.8104 0.7354 0.6634 0.5993 0.5477 0.4964 0.4492 0.4028 0.3593 0.3216 0.2889 0.2618 0.2351 0.2103 0.1889 0.1685 0.1511 0.1349 0.1195 0.1065 0.0948 0.0844 0.0751 0.0672 0.0600 0.0537 0.0484 0.0437 0.0393 0.0349 0.0312 0.0279 0.0251
2.1346 2.1532 2.2071 2.0256 2.0515 1.9273 1.8829 1.7571 1.7146 1.5711 1.5049 1.3992 1.2878 1.2090 1.1165 1.0196 0.9408 0.8632 0.7806 0.7068 0.6421 0.5875 0.5306 0.4781 0.4288 0.3837 0.3450 0.3102 0.2812 0.2523 0.2255 0.2023 0.1803 0.1616 0.1441 0.1278 0.1140 0.1016 0.0905 0.0806 0.0722 0.0646 0.0577 0.0519 0.0468 0.0420 0.0374 0.0334 0.0299 0.0269
2.3835 2.2151 2.2984 2.2140 2.1101 2.0934 1.9562 1.8938 1.7987 1.6732 1.6048 1.4786 1.3743 1.2870 1.1835 1.0854 1.0024 0.9159 0.8279 0.7534 0.6872 0.6280 0.5648 0.5074 0.4560 0.4098 0.3702 0.3329 0.3014 0.2700 0.2411 0.2159 0.1923 0.1722 0.1537 0.1364 0.1218 0.1087 0.0969 0.0865 0.0775 0.0693 0.0619 0.0556 0.0501 0.0449 0.0400 0.0358 0.0320 0.0288
2.5720 2.4316 2.3276 2.4028 2.2016 2.2365 2.0509 2.0297 1.8807 1.7895 1.7002 1.5639 1.4652 1.3658 1.2547 1.1541 1.0641 0.9698 0.8786 0.8034 0.7337 0.6687 0.5991 0.5376 0.4850 0.4379 0.3972 0.3568 0.3224 0.2881 0.2568 0.2299 0.2046 0.1833 0.1636 0.1455 0.1301 0.1162 0.1037 0.0927 0.0831 0.0744 0.0664 0.0596 0.0535 0.0479 0.0427 0.0382 0.0342 0.0308
2.5641 2.6672 2.4527 2.4995 2.3749 2.3284 2.1914 2.1443 1.9771 1.9125 1.7925 1.6573 1.5593 1.4471 1.3301 1.2243 1.1263 1.0267 0.9334 0.8558 0.7807 0.7093 0.6343 0.5695 0.5163 0.4683 0.4259 0.3818 0.3439 0.3064 0.2728 0.2441 0.2172 0.1947 0.1741 0.1551 0.1388 0.1242 0.1110 0.0992 0.0891 0.0798 0.0712 0.0637 0.0571 0.0511 0.0456 0.0407 0.0364 0.0328
2.6526 2.7219 2.6996 2.5436 2.5770 2.4002 2.3602 2.2346 2.0969 2.0308 1.8829 1.7567 1.6550 1.5313 1.4081 1.2952 1.1913 1.0889 0.9928 0.9097 0.8275 0.7503 0.6715 0.6050 0.5504 0.5003 0.4550 0.4072 0.3660 0.3256 0.2896 0.2590 0.2306 0.2070 0.1854 0.1653 0.1481 0.1325 0.1186 0.1062 0.0954 0.0855 0.0762 0.0680 0.0610 0.0545 0.0486 0.0435 0.0389 0.0350
2.9664 2.7540 2.8772 2.6775 2.7101 2.5199 2.5115 2.3241 2.2362 2.1382 1.9766 1.8614 1.7525 1.6175 1.4868 1.3680 1.2616 1.1570 1.0553 0.9639 0.8740 0.7928 0.7123 0.6448 0.5875 0.5335 0.4840 0.4327 0.3886 0.3458 0.3074 0.2749 0.2449 0.2203 0.1977 0.1764 0.1580 0.1413 0.1266 0.1134 0.1021 0.0914 0.0814 0.0727 0.0652 0.0584 0.0520 0.0464 0.0415 0.0374
3.1150 3.0017 2.9159 2.9145 2.7773 2.7065 2.6208 2.4443 2.3797 2.2381 2.0809 1.9732 1.8524 1.7045 1.5668 1.4458 1.3383 1.2285 1.1179 1.0173 0.9217 0.8384 0.7570 0.6881 0.6267 0.5677 0.5131 0.4582 0.4116 0.3667 0.3260 0.2917 0.2602 0.2346 0.2110 0.1882 0.1685 0.1505 0.1350 0.1211 0.1091 0.0976 0.0869 0.0775 0.0696 0.0624 0.0555 0.0496 0.0443 0.0398
3.1088 3.2517 3.0278 3.0952 2.8889 2.8936 2.7138 2.6009 2.5103 2.3389 2.1987 2.0900 1.9517 1.7912 1.6514 1.5313 1.4204 1.3005 1.1790 1.0710 0.9724 0.8886 0.8060 0.7342 0.6671 0.6020 0.5421 0.4839 0.4350 0.3885 0.3458 0.3098 0.2766 0.2500 0.2252 0.2008 0.1796 0.1603 0.1439 0.1292 0.1165 0.1042 0.0927 0.0826 0.0742 0.0665 0.0592 0.0528 0.0472 0.0424
3.3673 3.3034 3.2923 3.1726 3.0942 3.0225 2.8407 2.7694 2.6239 2.4518 2.3294 2.2067 2.0475 1.8807 1.7450 1.6245 1.5037 1.3700 1.2392 1.1276 1.0284 0.9441 0.8585 0.7820 0.7077 0.6361 0.5710 0.5100 0.4595 0.4118 0.3671 0.3293 0.2944 0.2665 0.2405 0.2143 0.1914 0.1706 0.1532 0.1376 0.1241 0.1110 0.0987 0.0879 0.0790 0.0709 0.0631 0.0563 0.0503 0.0450
3.6117 3.4102 3.4701 3.2810 3.2874 3.1116 3.0053 2.9137 2.7293 2.5832 2.4634 2.3127 2.1377 1.9782 1.8497 1.7213 1.5840 1.4367 1.3008 1.1906 1.0926 1.0058 0.9141 0.8305 0.7501 0.6730 0.6035 0.5393 0.4866 0.4368 0.3907 0.3515 0.3150 0.2852 0.2572 0.2292 0.2050 0.1829 0.1639 0.1471 0.1327 0.1187 0.1056 0.0939 0.0842 0.0755 0.0673 0.0601 0.0537 0.0481
3.6368 3.6675 3.5369 3.4881 3.4081 3.2392 3.1805 3.0307 2.8488 2.7331 2.5911 2.4087 2.2335 2.0897 1.9608 1.8141 1.6588 1.5037 1.3686 1.2615 1.1624 1.0698 0.9696 0.8781 0.7920 0.7104 0.6376 0.5706 0.5159 0.4641 0.4163 0.3755 0.3371 0.3052 0.2749 0.2448 0.2191 0.1958 0.1752 0.1570 0.1415 0.1267 0.1128 0.1003 0.0897 0.0802 0.0718 0.0641 0.0573 0.0513
3.7940 3.8158 3.6727 3.6742 3.5052 3.4130 3.3274 3.1382 2.9954 2.8864 2.7011 2.5021 2.3448 2.2126 2.0687 1.8982 1.7311 1.5768 1.4456 1.3394 1.2350 1.1332 1.0233 0.9247 0.8344 0.7496 0.6742 0.6048 0.5480 0.4938 0.4439 0.4011 0.3606 0.3261 0.2933 0.2611 0.2339 0.2093 0.1869 0.1673 0.1508 0.1351 0.1203 0.1069 0.0954 0.0852 0.0765 0.0684 0.0611 0.0548
4.0189 3.8988 3.8747 3.7906 3.6406 3.5907 3.4382 3.2641 3.1627 3.0210 2.7957 2.6093 2.4742 2.3350 2.1646 1.9759 1.8088 1.6610 1.5316 1.4209 1.3066 1.1940 1.0753 0.9715 0.8788 0.7920 0.7144 0.6424 0.5830 0.5257 0.4734 0.4282 0.3852 0.3479 0.3124 0.2780 0.2492 0.2233 0.1991 0.1781 0.1604 0.1439 0.1282 0.1139 0.1014 0.0905 0.0815 0.0729 0.0651 0.0584
4.1258 4.0314 4.0354 3.8819 3.8211 3.7330 3.5394 3.4247 3.3208 3.1252 2.8989 2.7457 2.6124 2.4440 2.2501 2.0605 1.9049 1.7640 1.6302 1.5068 1.3785 1.2558 1.1310 1.0247 0.9310 0.8427 0.7628 0.6876 0.6247 0.5630 0.5072 0.4590 0.4125 0.3726 0.3346 0.2976 0.2666 0.2388 0.2131 0.1906 0.1715 0.1540 0.1373 0.1223 0.1090 0.0973 0.0875 0.0783 0.0700 0.0628
4.1819 4.2160 4.1151 4.0160 4.0001 3.8188 3.6751 3.6034 3.4382 3.2170 3.0305 2.8968 2.7351 2.5344 2.3348 2.1586 2.0153 1.8731 1.7271 1.5878 1.4466 1.3173 1.1896 1.0828 0.9888 0.8985 0.8155 0.7361 0.6687 0.6019 0.5423 0.4907 0.4408 0.3981 0.3576 0.3181 0.2849 0.2550 0.2278 0.2037 0.1833 0.1647 0.1471 0.1313 0.1171 0.1045 0.0939 0.0841 0.0751 0.0674
4.3345 4.3271 4.1726 4.2196 4.0874 3.9108 3.8654 3.7412 3.5169 3.3353 3.1901 3.0355 2.8318 2.6181 2.4330 2.2735 2.1334 1.9800 1.8177 1.6640 1.5141 1.3821 1.2541 1.1475 1.0524 0.9590 0.8716 0.7869 0.7142 0.6417 0.5782 0.5233 0.4699 0.4245 0.3816 0.3396 0.3041 0.2721 0.2434 0.2178 0.1958 0.1761 0.1576 0.1410 0.1258 0.1123 0.1009 0.0903 0.0806 0.0724
4.5180 4.3101 4.3920 4.3277 4.1272 4.1023 4.0321 3.8107 3.6173 3.5021 3.3486 3.1451 2.9198 2.7207 2.5571 2.4031 2.2523 2.0814 1.9045 1.7424 1.5893 1.4574 1.3288 1.2204 1.1222 1.0240 0.9310 0.8403 0.7623 0.6845 0.6167 0.5583 0.5014 0.4533 0.4078 0.3634 0.3257 0.2917 0.2613 0.2340 0.2105 0.1895 0.1697 0.1519 0.1358 0.1213 0.1089 0.0974 0.0871 0.0782
4.4355 4.5501 4.5384 4.3192 4.3207 4.2997 4.0881 3.8921 3.7945 3.6830 3.4707 3.2374 3.0311 2.8604 2.7062 2.5395 2.3682 2.1803 1.9945 1.8317 1.6801 1.5482 1.4158 1.3019 1.1976 1.0930 0.9942 0.8971 0.8144 0.7329 0.6601 0.5975 0.5371 0.4859 0.4376 0.3906 0.3511 0.3155 0.2829 0.2538 0.2288 0.2060 0.1844 0.1648 0.1476 0.1322 0.1186 0.1062 0.0949 0.0853
4.6987 4.7049 4.4667 4.5270 4.5442 4.3260 4.1369 4.0788 3.9964 3.8068 3.5516 3.3407 3.1759 3.0212 2.8556 2.6657 2.4761 2.2790 2.0913 1.9313 1.7813 1.6473 1.5083 1.3865 1.2746 1.1631 1.0586 0.9552 0.8683 0.7836 0.7061 0.6393 0.5755 0.5211 0.4699 0.4202 0.3788 0.3416 0.3066 0.2755 0.2489 0.2241 0.2004 0.1788 0.1605 0.1440 0.1292 0.1157 0.1035 0.0930
4.8101 4.5710 4.7203 4.7670 4.5203 4.3530 4.3435 4.3013 4.1156 3.8699 3.6460 3.4894 3.3501 3.1836 2.9926 2.7818 2.5833 2.3853 2.1993 2.0420 1.8909 1.7517 1.6036 1.4725 1.3524 1.2344 1.1247 1.0157 0.9251 0.8378 0.7554 0.6844 0.6170 0.5594 0.5049 0.4525 0.4091 0.3700 0.3324 0.2992 0.2709 0.2439 0.2179 0.1940 0.1745 0.1570 0.1408 0.1261 0.1129 0.1014
4.6864 4.9456 4.9487 4.6957 4.5906 4.6404 4.6019 4.4185 4.1826 3.9909 3.8280 3.6912 3.5318 3.3356 3.1243 2.9075 2.7113 2.5169 2.3315 2.1708 2.0129 1.8665 1.7100 1.5716 1.4448 1.3206 1.2057 1.0906 0.9941 0.8999 0.8141 0.7403 0.6692 0.6078 0.5497 0.4939 0.4473 0.4050 0.3635 0.3270 0.2960 0.2670 0.2392 0.2141 0.1930 0.1738 0.1559 0.1397 0.1251 0.1124
5.1814 5.0383 4.8110 4.8544 4.9551 4.8819 4.6686 4.4652 4.3255 4.2180 4.0618 3.8881 3.6867 3.4691 3.2551 3.0457 2.8568 2.6647 2.4760 2.3075 2.1398 1.9856 1.8214 1.6770 1.5444 1.4148 1.2951 1.1738 1.0708 0.9683 0.8792 0.8026 0.7275 0.6621 0.5997 0.5403 0.4899 0.4438 0.3978 0.3576 0.3236 0.2924 0.2629 0.2367 0.2138 0.1928 0.1730 0.1551 0.1390 0.1249
5.0175 4.9573 5.1563 5.2479 5.0981 4.8751 4.7287 4.6648 4.6033 4.4846 4.2642 4.0387 3.8149 3.6015 3.4011 3.2041 3.0200 2.8252 2.6288 2.4497 2.2715 2.1099 1.9391 1.7898 1.6520 1.5173 1.3929 1.2651 1.1549 1.0431 0.9504 0.8707 0.7913 0.7213 0.6543 0.5909 0.5365 0.4862 0.4352 0.3908 0.3535 0.3201 0.2888 0.2616 0.2368 0.2137 0.1919 0.1721 0.1542 0.1388
5.2967 5.5021 5.4338 5.2260 5.0758 5.0409 5.0430 4.9944 4.8623 4.6631 4.3980 4.1653 3.9545 3.7603 3.5746 3.3849 3.1974 2.9943 2.7883 2.6010 2.4147 2.2453 2.0673 1.9124 1.7694 1.6293 1.4996 1.3666 1.2514 1.1333 1.0343 0.9492 0.8642 0.7889 0.7169 0.6492 0.5907 0.5363 0.4811 0.4330 0.3927 0.3561 0.3219 0.2923 0.2651 0.2396 0.2155 0.1935 0.1736 0.1564
5.7085 5.4916 5.3587 5.3757 5.4373 5.4511 5.3687 5.2005 4.9888 4.7683 4.5318 4.3320 4.1437 3.9592 3.7752 3.5828 3.3842 3.1692 2.9544 2.7624 2.5710 2.3932 2.2068 2.0451 1.8963 1.7502 1.6147 1.4779 1.3602 1.2390 1.1313 1.0383 0.9466 0.8655 0.7878 0.7156 0.6531 0.5948 0.5365 0.4853 0.4422 0.4016 0.3633 0.3298 0.2995 0.2712 0.2444 0.2199 0.1977 0.1785
5.6308 5.7324 5.8372 5.8590 5.7754 5.6401 5.4771 5.2989 5.1197 4.9419 4.7485 4.5677 4.3784 4.1833 3.9880 3.7870 3.5751 3.3489 3.1268 2.9320 2.7366 2.5503 2.3553 2.1866 2.0316 1.8790 1.7373 1.5968 1.4767 1.3529 1.2358 1.1344 1.0357 0.9483 0.8647 0.7879 0.7213 0.6591 0.5977 0.5435 0.4977 0.4526 0.4097 0.3718 0.3381 0.3068 0.2770 0.2498 0.2251 0.2036
6.3111 6.2714 6.1348 5.9793 5.8391 5.7404 5.6503 5.5327 5.3891 5.2208 5.0276 4.8311 4.6191 4.4007 4.1865 3.9705 3.7499 3.5171 3.2909 3.0948 2.8968 2.7042 2.5012 2.3252 2.1646 2.0069 1.8610 1.7175 1.5952 1.4680 1.3432 1.2349 1.1303 1.0380 0.9495 0.8675 0.7964 0.7298 0.6650 0.6076 0.5589 0.5095 0.4620 0.4194 0.3823 0.3478 0.3150 0.2848 0.2574 0.2334
6.4738 6.3656 6.2893 6.2378 6.1859 6.1200 6.0177 5.8597 5.6854 5.4935 5.2829 5.0665 4.8347 4.5925 4.3520 4.1061 3.8845 3.6523 3.4251 3.2289 3.0298 2.8358 2.6264 2.4437 2.2789 2.1203 1.9760 1.8308 1.7055 1.5722 1.4450 1.3351 1.2286 1.1358 1.0452 0.9566 0.8795 0.8073 0.7385 0.6771 0.6248 0.5727 0.5215 0.4744 0.4341 0.3967 0.3611 0.3280 0.2975 0.2706
6.9495 6.9072 6.8463 6.7631 6.6520 6.5023 6.3191 6.0949 5.8936 5.6953 5.4880 5.2701 5.0321 4.7751 4.5137 4.2399 4.0191 3.7884 3.5609 3.3649 3.1651 2.9700 2.7543 2.5647 2.3959 2.2371 2.0957 1.9495 1.8216 1.6822 1.5531 1.4424 1.3345 1.2419 1.1499 1.0543 0.9708 0.8926 0.8196 0.7541 0.6981 0.6434 0.5883 0.5363 0.4927 0.4524 0.4139 0.3775 0.3437 0.3138
7.4367 7.3026 7.1789 7.0493 6.9034 6.7156 6.4997 6.2501 6.0503 5.8641 5.6721 5.4593 5.2182 4.9472 4.6650 4.3637 4.1430 3.9137 3.6864 3.4908 3.2906 3.0948 2.8730 2.6765 2.5038 2.3456 2.2080 2.0615 1.9321 1.7880 1.6575 1.5464 1.4378 1.3460 1.2533 1.1507 1.0613 0.9773 0.9004 0.8311 0.7716 0.7145 0.6560 0.5992 0.5524 0.5092 0.4682 0.4287 0.3917 0.3587
7.4104 7.2928 7.1854 7.0632 6.9117 6.7255 6.5120 6.2650 6.0585 5.8631 5.6698 5.4572 5.2174 4.9394 4.6556 4.3581 4.1342 3.9042 3.6817 3.4881 3.2889 3.0934 2.8669 2.6640 2.4873 2.3294 2.1950 2.0493 1.9245 1.7897 1.6579 1.5450 1.4365 1.3433 1.2490 1.1465 1.0585 0.9764 0.9000 0.8300 0.7690 0.7120 0.6540 0.5984 0.5511 0.5078 0.4680 0.4289 0.3920 0.3590
