0.1260 0.0672 0.0065 0.0634 0.1420 0.0223 0.0838 0.0755 0.0512 0.0673 0.0724 0.0186 0.1013 0.0192 0.0316 0.0845 0.0315 0.0041 0.0460 0.0642 0.0328 0.0035 0.0082 0.0310 0.0441 0.0386 0.0224 0.0076 0.0010 0.0028 0.0092 0.0161 0.0209 0.0224 0.0214 0.0183 0.0144 0.0105 0.0070 0.0043 0.0023 0.0011 0.0005 0.0002 0.0003 0.0006 0.0010 0.0014 0.0017 0.0020
0.3904 0.2169 0.0226 0.1780 0.4276 0.0742 0.2421 0.2349 0.1463 0.2084 0.2116 0.0595 0.3036 0.0547 0.0981 0.2534 0.0921 0.0130 0.1398 0.1922 0.0967 0.0099 0.0255 0.0939 0.1325 0.1155 0.0666 0.0222 0.0029 0.0086 0.0279 0.0487 0.0628 0.0673 0.0641 0.0548 0.0431 0.0314 0.0210 0.0128 0.0069 0.0033 0.0013 0.0007 0.0010 0.0018 0.0029 0.0041 0.0051 0.0061
0.6870 0.4122 0.0525 0.2564 0.7149 0.1497 0.3723 0.4187 0.2199 0.3690 0.3334 0.1120 0.5044 0.0820 0.1745 0.4215 0.1450 0.0246 0.2391 0.3190 0.1561 0.0150 0.0451 0.1595 0.2216 0.1910 0.1088 0.0356 0.0047 0.0149 0.0475 0.0821 0.1052 0.1123 0.1067 0.0910 0.0714 0.0519 0.0346 0.0210 0.0114 0.0053 0.0022 0.0012 0.0017 0.0031 0.0049 0.0069 0.0086 0.0103
1.0205 0.6816 0.1186 0.2796 0.9941 0.2698 0.4555 0.6414 0.2595 0.5608 0.4258 0.1854 0.7005 0.0968 0.2678 0.5873 0.1859 0.0413 0.3472 0.4430 0.2078 0.0181 0.0689 0.2296 0.3114 0.2640 0.1478 0.0470 0.0061 0.0224 0.0688 0.1169 0.1485 0.1576 0.1490 0.1267 0.0990 0.0717 0.0476 0.0288 0.0155 0.0072 0.0030 0.0017 0.0025 0.0044 0.0070 0.0097 0.0122 0.0145
1.3644 1.0421 0.2602 0.2402 1.2407 0.4602 0.4754 0.9125 0.2571 0.7932 0.4772 0.2910 0.8850 0.0973 0.3853 0.7473 0.2105 0.0665 0.4671 0.5623 0.2490 0.0192 0.0988 0.3057 0.4021 0.3335 0.1822 0.0556 0.0074 0.0315 0.0922 0.1536 0.1930 0.2032 0.1910 0.1615 0.1257 0.0906 0.0599 0.0360 0.0193 0.0089 0.0036 0.0022 0.0033 0.0059 0.0092 0.0127 0.0159 0.0188
1.6471 1.4789 0.5292 0.1553 1.4120 0.7474 0.4239 1.2318 0.2132 1.0694 0.4781 0.4416 1.0470 0.0850 0.5340 0.8958 0.2163 0.1051 0.6009 0.6738 0.2768 0.0189 0.1370 0.3892 0.4932 0.3979 0.2109 0.0609 0.0087 0.0428 0.1186 0.1927 0.2387 0.2490 0.2323 0.1953 0.1511 0.1084 0.0712 0.0425 0.0225 0.0103 0.0042 0.0027 0.0042 0.0075 0.0116 0.0159 0.0198 0.0233
1.7523 1.9192 0.9711 0.0810 1.4518 1.1469 0.3110 1.5818 0.1425 1.3823 0.4247 0.6495 1.1707 0.0665 0.7192 1.0241 0.2023 0.1633 0.7493 0.7733 0.2892 0.0187 0.1863 0.4811 0.5839 0.4558 0.2325 0.0627 0.0103 0.0570 0.1485 0.2346 0.2859 0.2948 0.2728 0.2277 0.1750 0.1246 0.0813 0.0481 0.0252 0.0114 0.0047 0.0032 0.0053 0.0093 0.0142 0.0193 0.0238 0.0280
1.5601 2.2165 1.5847 0.1194 1.3094 1.6445 0.1762 1.9208 0.0798 1.7089 0.3238 0.9230 1.2369 0.0548 0.9431 1.1207 0.1706 0.2484 0.9113 0.8558 0.2845 0.0213 0.2492 0.5818 0.6726 0.5053 0.2462 0.0608 0.0129 0.0749 0.1825 0.2796 0.3345 0.3406 0.3120 0.2582 0.1970 0.1392 0.0900 0.0527 0.0273 0.0121 0.0050 0.0038 0.0065 0.0113 0.0171 0.0229 0.0281 0.0328
1.0455 2.1825 2.2679 0.4038 0.9742 2.1746 0.0959 2.1799 0.0823 2.0060 0.1993 1.2613 1.2263 0.0697 1.2015 1.1719 0.1273 0.3682 1.0833 0.9151 0.2628 0.0306 0.3286 0.6911 0.7573 0.5445 0.2510 0.0556 0.0174 0.0973 0.2213 0.3278 0.3844 0.3859 0.3496 0.2867 0.2167 0.1518 0.0972 0.0561 0.0286 0.0125 0.0053 0.0045 0.0079 0.0136 0.0202 0.0268 0.0327 0.0380
0.4057 1.6972 2.7852 1.0394 0.5234 2.6071 0.1795 2.2715 0.2240 2.2099 0.0961 1.6483 1.1246 0.1374 1.4816 1.1633 0.0833 0.5299 1.2580 0.9443 0.2254 0.0516 0.4270 0.8077 0.8353 0.5714 0.2466 0.0478 0.0248 0.1253 0.2654 0.3795 0.4354 0.4304 0.3852 0.3125 0.2339 0.1622 0.1026 0.0585 0.0292 0.0126 0.0055 0.0054 0.0096 0.0162 0.0237 0.0311 0.0376 0.0434
0.1082 0.8780 2.8236 1.9957 0.1575 2.7638 0.5409 2.1132 0.5767 2.2483 0.0813 2.0478 0.9317 0.2874 1.7616 1.0855 0.0558 0.7384 1.4258 0.9382 0.1767 0.0907 0.5471 0.9307 0.9046 0.5848 0.2331 0.0385 0.0366 0.1601 0.3157 0.4353 0.4880 0.4745 0.4191 0.3361 0.2488 0.1705 0.1065 0.0597 0.0292 0.0124 0.0057 0.0064 0.0116 0.0192 0.0276 0.0358 0.0429 0.0491
0.6888 0.1957 2.1913 2.9977 0.1765 2.4860 1.2403 1.6717 1.1766 2.0606 0.2336 2.3982 0.6678 0.5483 2.0110 0.9374 0.0667 0.9939 1.5722 0.8918 0.1231 0.1552 0.6909 1.0579 0.9625 0.5837 0.2113 0.0295 0.0546 0.2033 0.3734 0.4960 0.5428 0.5186 0.4517 0.3577 0.2616 0.1770 0.1089 0.0599 0.0287 0.0119 0.0060 0.0077 0.0140 0.0226 0.0320 0.0410 0.0486 0.0554
2.2183 0.3348 1.0827 3.5503 0.8408 1.7533 2.2080 1.0213 1.9792 1.6303 0.6205 2.6111 0.3803 0.9380 2.1893 0.7296 0.1414 1.2854 1.6745 0.8003 0.0741 0.2524 0.8564 1.1821 1.0026 0.5654 0.1819 0.0229 0.0809 0.2559 0.4385 0.5608 0.5986 0.5614 0.4816 0.3763 0.2716 0.1812 0.1097 0.0591 0.0276 0.0114 0.0065 0.0093 0.0168 0.0266 0.0369 0.0467 0.0549 0.0620
3.7830 1.6632 0.1989 3.1910 2.1228 0.8071 3.1913 0.3887 2.8235 1.0259 1.2617 2.5966 0.1509 1.4521 2.2560 0.4914 0.3052 1.5962 1.7144 0.6683 0.0436 0.3882 1.0396 1.2958 1.0199 0.5291 0.1469 0.0215 0.1176 0.3191 0.5113 0.6293 0.6547 0.6023 0.5085 0.3915 0.2786 0.1830 0.1087 0.0572 0.0259 0.0107 0.0071 0.0114 0.0202 0.0312 0.0424 0.0529 0.0616 0.0691
3.8936 3.5468 0.4594 1.9136 3.5308 0.1660 3.7759 0.1178 3.4488 0.4307 2.0906 2.2957 0.0845 2.0445 2.1691 0.2668 0.5806 1.9080 1.6838 0.5109 0.0482 0.5653 1.2321 1.3894 1.0097 0.4754 0.1094 0.0287 0.1669 0.3937 0.5914 0.7008 0.7100 0.6402 0.5314 0.4027 0.2821 0.1821 0.1059 0.0542 0.0238 0.0101 0.0081 0.0140 0.0242 0.0364 0.0486 0.0598 0.0689 0.0767
2.0946 4.3961 2.1477 0.5251 4.2173 0.4045 3.5559 0.5183 3.5966 0.1242 2.9301 1.7228 0.2838 2.6204 1.8986 0.1118 0.9803 2.1996 1.5840 0.3513 0.1050 0.7831 1.4238 1.4542 0.9695 0.4067 0.0740 0.0481 0.2309 0.4800 0.6778 0.7734 0.7628 0.6734 0.5490 0.4090 0.2814 0.1781 0.1010 0.0501 0.0214 0.0096 0.0096 0.0173 0.0291 0.0425 0.0557 0.0675 0.0770 0.0850
0.2702 3.0861 4.1911 0.2669 3.5826 1.7372 2.4517 1.6579 3.0879 0.3526 3.5582 1.0275 0.8107 3.0496 1.4566 0.0919 1.4843 2.4202 1.4030 0.2087 0.2314 1.0457 1.6120 1.4892 0.9028 0.3293 0.0466 0.0838 0.3109 0.5774 0.7691 0.8453 0.8112 0.7007 0.5603 0.4096 0.2764 0.1709 0.0942 0.0451 0.0187 0.0094 0.0118 0.0215 0.0349 0.0496 0.0637 0.0760 0.0858 0.0939
0.9925 0.8552 4.6639 1.7829 1.8684 3.6063 1.0468 3.2119 1.9652 1.1938 3.7378 0.4317 1.6386 3.2144 0.9270 0.2784 2.0375 2.4948 1.1203 0.0968 0.4391 1.3521 1.7915 1.4932 0.8140 0.2502 0.0337 0.1395 0.4080 0.6852 0.8634 0.9147 0.8538 0.7210 0.5650 0.4047 0.2672 0.1611 0.0859 0.0395 0.0162 0.0099 0.0149 0.0266 0.0418 0.0577 0.0725 0.0854 0.0953 0.1035
4.0392 0.3466 2.8548 4.1911 0.3168 4.8465 0.1635 4.4425 0.7495 2.5260 3.2313 0.1094 2.5925 3.0147 0.4318 0.6954 2.5476 2.3845 0.7804 0.0589 0.7142 1.6444 1.8995 1.4241 0.6857 0.1671 0.0368 0.2155 0.5198 0.7988 0.9553 0.9763 0.8866 0.7317 0.5613 0.3937 0.2539 0.1488 0.0765 0.0337 0.0141 0.0111 0.0189 0.0329 0.0497 0.0668 0.0824 0.0955 0.1055 0.1137
5.3926 3.0477 0.4692 5.3048 0.6500 4.3834 0.7804 4.5995 0.1394 3.9494 2.1663 0.4233 3.5213 2.4352 0.1218 1.3707 2.9726 2.1055 0.4467 0.1502 1.0886 1.9449 1.9598 1.3074 0.5399 0.0968 0.0689 0.3221 0.6550 0.9260 1.0516 1.0359 0.9142 0.7360 0.5518 0.3781 0.2374 0.1346 0.0664 0.0280 0.0127 0.0134 0.0242 0.0405 0.0590 0.0772 0.0934 0.1068 0.1167 0.1248
2.4832 5.7396 0.8630 3.5462 3.1521 2.2576 2.8957 3.3027 0.7790 4.7116 0.9291 1.4288 4.0478 1.5775 0.1741 2.2052 3.1741 1.6597 0.1847 0.3905 1.5242 2.2015 1.9412 1.1379 0.3866 0.0510 0.1359 0.4581 0.8070 1.0577 1.1434 1.0862 0.9311 0.7307 0.5345 0.3568 0.2174 0.1187 0.0558 0.0229 0.0124 0.0172 0.0311 0.0497 0.0698 0.0890 0.1056 0.1191 0.1289 0.1367
0.1433 4.2205 4.2917 0.7276 5.6492 0.3411 5.1399 1.2961 2.6325 4.2737 0.1726 2.8955 3.9059 0.7015 0.6916 3.0408 3.0689 1.1129 0.0718 0.7888 1.9833 2.3788 1.8328 0.9253 0.2419 0.0423 0.2438 0.6235 0.9727 1.1898 1.2268 1.1244 0.9356 0.7149 0.5093 0.3304 0.1945 0.1016 0.0453 0.0187 0.0135 0.0226 0.0397 0.0606 0.0822 0.1023 0.1191 0.1326 0.1419 0.1494
3.4237 0.6103 6.2679 0.7134 5.2925 0.8789 5.5746 0.1750 4.7429 2.7107 0.4879 4.2816 3.0425 0.1606 1.6482 3.6677 2.6311 0.5760 0.1780 1.3260 2.4126 2.4430 1.6331 0.6868 0.1252 0.0834 0.3966 0.8164 1.1472 1.3167 1.2974 1.1475 0.9264 0.6881 0.4763 0.2992 0.1693 0.0841 0.0356 0.0160 0.0165 0.0300 0.0503 0.0734 0.0964 0.1172 0.1340 0.1472 0.1560 0.1629
6.7647 1.5425 3.5055 4.2875 2.1592 3.9285 3.5229 1.2264 5.6486 0.9049 1.9929 4.9163 1.7287 0.2783 2.8465 3.8794 1.9226 0.1914 0.5449 1.9514 2.7511 2.3708 1.3542 0.4483 0.0581 0.1851 0.5953 1.0314 1.3230 1.4320 1.3509 1.1534 0.9028 0.6508 0.4364 0.2642 0.1428 0.0669 0.0274 0.0154 0.0219 0.0399 0.0633 0.0883 0.1124 0.1337 0.1503 0.1630 0.1712 0.1774
3.1798 6.2317 0.2800 6.7978 0.2191 6.4700 0.8238 4.0297 4.4806 0.1782 4.0695 4.3629 0.5442 1.1837 3.9385 3.5505 1.1037 0.1019 1.1661 2.5819 2.9359 2.1519 1.0206 0.2411 0.0620 0.3549 0.8365 1.2604 1.4915 1.5284 1.3828 1.1400 0.8641 0.6033 0.3905 0.2265 0.1159 0.0510 0.0214 0.0175 0.0302 0.0527 0.0790 0.1056 0.1305 0.1519 0.1681 0.1802 0.1875 0.1929
0.2984 5.9161 2.7025 4.2424 2.6693 5.3859 0.5251 6.3014 1.9702 1.3720 5.5477 2.7779 0.1582 2.6793 4.5264 2.7132 0.4138 0.4093 1.9715 3.1087 2.9132 1.7957 0.6706 0.1009 0.1555 0.5949 1.1125 1.4928 1.6434 1.5994 1.3888 1.1048 0.8096 0.5457 0.3393 0.1872 0.0899 0.0375 0.0185 0.0230 0.0419 0.0687 0.0975 0.1254 0.1508 0.1720 0.1875 0.1987 0.2049 0.2092
5.4881 0.9313 7.2297 0.4658 6.7221 1.7227 3.5369 5.7570 0.2616 3.9845 5.3851 0.9954 0.9730 4.2345 4.3205 1.5959 0.1131 1.1284 2.8264 3.4190 2.6588 1.3411 0.3570 0.0640 0.3510 0.8998 1.4102 1.7146 1.7677 1.6381 1.3656 1.0472 0.7401 0.4797 0.2847 0.1479 0.0661 0.0274 0.0197 0.0326 0.0574 0.0882 0.1192 0.1479 0.1733 0.1939 0.2085 0.2186 0.2234 0.2265
7.1392 2.2039 5.3858 2.2914 6.4471 0.3969 6.8489 2.6801 1.2274 6.1936 3.5097 0.1791 2.8033 5.1607 3.3087 0.5915 0.3949 2.1555 3.5502 3.4227 2.1903 0.8544 0.1397 0.1608 0.6507 1.2561 1.7113 1.9102 1.8538 1.6384 1.3111 0.9675 0.6573 0.4073 0.2287 0.1107 0.0463 0.0222 0.0259 0.0470 0.0774 0.1117 0.1443 0.1732 0.1982 0.2179 0.2312 0.2398 0.2431 0.2448
1.0128 7.8020 0.5481 7.3065 1.9459 3.8676 6.4131 0.3191 4.4449 6.1213 1.1633 1.1008 4.8289 4.9529 1.8486 0.1396 1.2936 3.2699 3.9575 3.0826 1.5749 0.4238 0.0767 0.4091 1.0445 1.6433 1.9998 2.0705 1.8984 1.5997 1.2272 0.8689 0.5646 0.3319 0.1743 0.0779 0.0322 0.0231 0.0380 0.0669 0.1023 0.1393 0.1730 0.2019 0.2259 0.2441 0.2561 0.2630 0.2644 0.2645
3.1020 5.0357 3.1431 6.4854 0.6610 7.6884 2.5065 1.7139 7.0376 3.6192 0.2303 3.4696 5.9196 3.5828 0.5765 0.5470 2.6257 4.1703 3.9072 2.4369 0.9264 0.1455 0.2126 0.8077 1.5066 2.0294 2.2456 2.1724 1.8869 1.5160 1.1128 0.7529 0.4647 0.2564 0.1242 0.0516 0.0255 0.0315 0.0571 0.0929 0.1324 0.1715 0.2053 0.2337 0.2561 0.2724 0.2827 0.2876 0.2869 0.2851
8.6226 0.3603 8.3819 1.1177 5.4628 6.0928 0.3084 5.7891 6.2669 0.8308 1.7815 5.8684 5.3179 1.6888 0.1812 1.8125 4.0043 4.5642 3.3637 1.6114 0.3907 0.1066 0.5662 1.3317 1.9970 2.3774 2.4225 2.2014 1.8140 1.3882 0.9718 0.6246 0.3627 0.1851 0.0818 0.0345 0.0282 0.0486 0.0840 0.1257 0.1682 0.2082 0.2415 0.2687 0.2888 0.3027 0.3110 0.3137 0.3105 0.3067
2.6152 5.8627 4.7298 2.0927 8.3915 1.2920 3.3625 7.8418 2.7110 0.5708 4.9170 6.5836 3.2532 0.3431 1.0370 3.5496 4.9474 4.2751 2.4334 0.8049 0.1163 0.3625 1.1214 1.9318 2.4642 2.6485 2.5075 2.1475 1.6792 1.2210 0.8108 0.4905 0.2642 0.1226 0.0508 0.0291 0.0420 0.0757 0.1195 0.1656 0.2098 0.2498 0.2816 0.3069 0.3242 0.3350 0.3410 0.3411 0.3352 0.3293
2.0501 8.1136 0.4006 8.1472 3.9261 1.2563 7.8535 5.0975 0.2981 3.5270 7.1338 4.9162 1.0111 0.4830 2.9203 5.0875 5.0657 3.3402 1.3654 0.2481 0.2176 0.9191 1.8271 2.5485 2.8654 2.8187 2.4892 2.0102 1.4891 1.0257 0.6407 0.3598 0.1763 0.0743 0.0348 0.0382 0.0688 0.1143 0.1647 0.2137 0.2583 0.2972 0.3266 0.3491 0.3631 0.3707 0.3736 0.3707 0.3618 0.3536
9.1525 1.1360 6.1368 6.6822 0.3665 6.6965 7.1806 0.9360 2.1780 7.0733 6.3854 2.0244 0.2323 2.2697 5.0039 5.7226 4.2327 2.0280 0.4877 0.1409 0.7388 1.7183 2.5882 3.0907 3.1323 2.8474 2.3536 1.7912 1.2521 0.8105 0.4699 0.2401 0.1053 0.0446 0.0372 0.0639 0.1100 0.1650 0.2198 0.2698 0.3131 0.3497 0.3757 0.3945 0.4046 0.4084 0.4079 0.4016 0.3896 0.3788
3.1360 3.8608 8.5211 0.6481 5.1401 8.5465 2.0926 1.2023 6.6057 7.5414 3.1574 0.2584 1.7184 4.8223 6.2112 5.0817 2.7167 0.8011 0.1293 0.5925 1.6266 2.6382 3.2844 3.4716 3.2174 2.7186 2.1048 1.5046 0.9850 0.5913 0.3116 0.1415 0.0584 0.0385 0.0613 0.1084 0.1669 0.2284 0.2852 0.3340 0.3741 0.4072 0.4287 0.4429 0.4484 0.4480 0.4437 0.4338 0.4183 0.4049
2.2224 9.3746 1.4843 3.8308 9.2513 3.2924 0.6637 6.0824 8.3450 4.2187 0.4504 1.3315 4.6813 6.6345 5.8201 3.3845 1.1316 0.1624 0.4972 1.5671 2.7290 3.5157 3.7938 3.6214 3.0952 2.4370 1.7641 1.1762 0.7114 0.3874 0.1804 0.0743 0.0425 0.0607 0.1100 0.1734 0.2407 0.3057 0.3618 0.4072 0.4426 0.4706 0.4864 0.4951 0.4954 0.4903 0.4817 0.4679 0.4488 0.4325
9.7602 2.2225 3.0875 9.6048 4.1679 0.4494 5.7849 8.9386 5.0130 0.6591 1.1355 4.6916 7.1011 6.4947 3.9419 1.4209 0.2075 0.4578 1.5849 2.8736 3.8205 4.1766 4.0145 3.4997 2.7678 2.0276 1.3638 0.8367 0.4566 0.2181 0.0900 0.0478 0.0638 0.1151 0.1859 0.2610 0.3330 0.3982 0.4508 0.4907 0.5199 0.5415 0.5501 0.5517 0.5461 0.5359 0.5228 0.5049 0.4820 0.4623
2.3258 3.0074 9.8628 4.4417 0.4199 5.9240 9.4024 5.3990 0.7322 1.1519 4.9514 7.6297 7.0776 4.3346 1.5813 0.2310 0.4788 1.7133 3.1326 4.1830 4.6305 4.4535 3.8739 3.1013 2.2659 1.5320 0.9423 0.5179 0.2456 0.1022 0.0533 0.0704 0.1275 0.2046 0.2904 0.3712 0.4430 0.5047 0.5505 0.5826 0.6038 0.6174 0.6177 0.6111 0.5991 0.5833 0.5654 0.5432 0.5161 0.4930
3.7581 10.1125 3.9323 0.5855 6.6711 9.7598 5.2174 0.5914 1.4478 5.6087 8.2682 7.4770 4.4671 1.5498 0.2114 0.5922 1.9943 3.5628 4.6768 5.1199 4.9329 4.2563 3.3739 2.4765 1.6560 1.0142 0.5528 0.2602 0.1066 0.0587 0.0821 0.1491 0.2374 0.3308 0.4238 0.5037 0.5703 0.6244 0.6604 0.6821 0.6937 0.6979 0.6886 0.6729 0.6538 0.6322 0.6093 0.5824 0.5512 0.5244
10.0744 2.6088 1.2845 8.1251 9.8239 4.3414 0.3222 2.2365 6.7770 9.0734 7.6149 4.2114 1.2784 0.1758 0.8683 2.5316 4.2247 5.3629 5.7161 5.3977 4.6284 3.6117 2.6038 1.7325 1.0363 0.5530 0.2531 0.1035 0.0655 0.1037 0.1861 0.2898 0.3973 0.4970 0.5894 0.6617 0.7175 0.7596 0.7820 0.7908 0.7910 0.7860 0.7675 0.7431 0.7169 0.6887 0.6595 0.6272 0.5911 0.5606
0.8036 3.2456 9.9767 8.9038 2.6790 0.3350 3.8485 8.4445 9.6991 7.2419 3.4474 0.7872 0.2458 1.4512 3.4101 5.1952 6.2126 6.3845 5.8379 4.8706 3.7442 2.6299 1.6960 0.9912 0.5038 0.2200 0.0931 0.0804 0.1423 0.2482 0.3708 0.4944 0.6069 0.7014 0.7844 0.8418 0.8812 0.9073 0.9126 0.9062 0.8935 0.8787 0.8506 0.8170 0.7832 0.7482 0.7120 0.6740 0.6328 0.5984
7.0853 10.9723 6.2481 0.7945 1.5327 6.5632 10.2031 9.5879 5.9411 2.1651 0.2980 0.7079 2.5740 4.7628 6.4335 7.2020 6.9997 6.1493 4.9357 3.6547 2.4935 1.5365 0.8465 0.4047 0.1659 0.0867 0.1174 0.2165 0.3497 0.4974 0.6367 0.7608 0.8633 0.9406 1.0053 1.0408 1.0587 1.0649 1.0503 1.0267 0.9998 0.9747 0.9365 0.8933 0.8515 0.8095 0.7659 0.7219 0.6756 0.6372
8.7451 2.2192 0.5795 4.9682 9.9297 10.9289 7.8916 3.5938 0.7379 0.3894 2.0424 4.5022 6.6545 7.8770 8.0614 7.3939 6.1326 4.6894 3.2942 2.1194 1.2291 0.6184 0.2663 0.1172 0.1133 0.2063 0.3541 0.5242 0.6913 0.8502 0.9816 1.0875 1.1654 1.2152 1.2547 1.2628 1.2551 1.2383 1.2021 1.1600 1.1180 1.0806 1.0310 0.9779 0.9278 0.8781 0.8268 0.7765 0.7247 0.6819
0.4487 4.6348 10.0501 11.6660 8.8374 4.2782 0.9983 0.3667 2.0283 4.7462 7.2519 8.8075 9.1605 8.4781 7.1592 5.5668 3.9627 2.5884 1.5200 0.7850 0.3479 0.1498 0.1309 0.2322 0.4009 0.6030 0.8085 0.9993 1.1589 1.2969 1.3968 1.4672 1.5073 1.5207 1.5294 1.5059 1.4690 1.4265 1.3675 1.3060 1.2479 1.1962 1.1338 1.0707 1.0118 0.9541 0.8947 0.8377 0.7800 0.7325
11.3640 11.8395 8.2218 3.5548 0.6805 0.6654 2.8805 5.9474 8.6005 10.1101 10.2778 9.3984 7.8333 5.9823 4.2136 2.7152 1.5655 0.7905 0.3440 0.1649 0.1807 0.3235 0.5398 0.7908 1.0343 1.2627 1.4573 1.6168 1.7284 1.8154 1.8628 1.8829 1.8743 1.8443 1.8174 1.7588 1.6900 1.6199 1.5372 1.4555 1.3809 1.3145 1.2391 1.1659 1.0982 1.0323 0.9645 0.9008 0.8371 0.7848
5.1131 1.3782 0.4465 2.2359 5.4793 8.6988 10.8749 11.6163 11.0502 9.5574 7.5713 5.5398 3.7105 2.2371 1.1956 0.5556 0.2511 0.2052 0.3373 0.5796 0.8781 1.1835 1.4765 1.7456 1.9547 2.1261 2.2462 2.3290 2.3592 2.3720 2.3530 2.3139 2.2504 2.1726 2.1076 2.0129 1.9124 1.8154 1.7102 1.6092 1.5181 1.4371 1.3491 1.2665 1.1899 1.1158 1.0396 0.9691 0.8993 0.8421
3.6842 7.3179 10.5569 12.5263 12.9411 11.9900 10.1294 7.8489 5.6100 3.6692 2.1584 1.1210 0.5174 0.2772 0.3134 0.5369 0.8695 1.2539 1.6385 2.0016 2.3267 2.5811 2.7848 2.9475 3.0338 3.0869 3.0912 3.0661 2.9946 2.9207 2.8326 2.7343 2.6157 2.4890 2.3852 2.2572 2.1291 2.0100 1.8876 1.7700 1.6632 1.5687 1.4691 1.3782 1.2926 1.2101 1.1260 1.0487 0.9725 0.9101
13.7654 12.2692 10.0638 7.6295 5.3150 3.3626 1.8969 0.9435 0.4660 0.3701 0.5566 0.9323 1.4124 1.9246 2.4276 2.8884 3.2797 3.6076 3.8517 4.0395 4.1730 4.2159 4.2185 4.2001 4.1193 4.0273 3.9013 3.7606 3.5853 3.4258 3.2742 3.1226 2.9539 2.7823 2.6435 2.4864 2.3344 2.1962 2.0600 1.9279 1.8067 1.6996 1.5894 1.4914 1.3973 1.3066 1.2149 1.1308 1.0484 0.9809
1.2359 0.6481 0.5001 0.7100 1.1810 1.8201 2.5405 3.2534 3.9430 4.5759 5.1354 5.6009 5.9480 6.1732 6.3133 6.3741 6.3512 6.2901 6.1702 6.0427 5.9004 5.6858 5.4661 5.2617 5.0240 4.8021 4.5640 4.3241 4.0623 3.8331 3.6326 3.4403 3.2328 3.0261 2.8598 2.6803 2.5101 2.3578 2.2116 2.0684 1.9354 1.8179 1.6991 1.5955 1.4945 1.3968 1.2980 1.2079 1.1198 1.0478
10.2111 10.6437 10.9711 11.2350 11.4210 11.5210 11.5074 11.3399 11.1452 10.9145 10.6370 10.3428 9.9975 9.6047 9.2082 8.8057 8.3737 7.9707 7.5603 7.1956 6.8582 6.4771 6.1099 5.7810 5.4421 5.1456 4.8514 4.5516 4.2445 3.9868 3.7538 3.5358 3.3127 3.0936 2.9171 2.7246 2.5456 2.3873 2.2334 2.0855 1.9504 1.8309 1.7103 1.6051 1.5060 1.4089 1.3047 1.2125 1.1236 1.0511
