0.1566 0.0320 0.1059 0.3908 0.2694 0.0329 0.3704 0.0308 0.3122 0.0422 0.2893 0.0681 0.0855 0.1874 0.0821 0.0199 0.0427 0.1123 0.1697 0.1456 0.0687 0.0239 0.0418 0.0826 0.0982 0.0785 0.0418 0.0124 0.0022 0.0100 0.0269 0.0438 0.0549 0.0580 0.0549 0.0468 0.0368 0.0266 0.0177 0.0107 0.0058 0.0027 0.0011 0.0007 0.0010 0.0018 0.0028 0.0039 0.0049 0.0058
0.5187 0.1120 0.2868 1.1485 0.8392 0.0866 1.1081 0.1021 0.9296 0.1307 0.8684 0.1941 0.2652 0.5578 0.2371 0.0597 0.1346 0.3442 0.5126 0.4359 0.2039 0.0707 0.1250 0.2467 0.2923 0.2326 0.1231 0.0360 0.0065 0.0306 0.0816 0.1323 0.1651 0.1742 0.1644 0.1399 0.1099 0.0796 0.0529 0.0320 0.0172 0.0081 0.0034 0.0021 0.0031 0.0055 0.0086 0.0118 0.0148 0.0175
1.0337 0.2547 0.3841 1.8266 1.4983 0.1121 1.8293 0.2076 1.5220 0.2345 1.4462 0.2908 0.4703 0.9138 0.3651 0.1013 0.2472 0.5975 0.8651 0.7230 0.3323 0.1141 0.2070 0.4072 0.4792 0.3780 0.1975 0.0563 0.0110 0.0535 0.1391 0.2229 0.2765 0.2905 0.2734 0.2321 0.1819 0.1314 0.0870 0.0525 0.0282 0.0131 0.0055 0.0035 0.0053 0.0094 0.0145 0.0199 0.0249 0.0294
1.8129 0.5471 0.3754 2.3485 2.2891 0.1170 2.5003 0.3849 2.0604 0.3721 2.0131 0.3444 0.7172 1.2407 0.4516 0.1518 0.3961 0.8842 1.2294 1.0013 0.4478 0.1514 0.2865 0.5614 0.6537 0.5091 0.2606 0.0713 0.0158 0.0802 0.2014 0.3175 0.3902 0.4073 0.3816 0.3226 0.2520 0.1813 0.1197 0.0719 0.0384 0.0177 0.0074 0.0049 0.0076 0.0134 0.0207 0.0282 0.0352 0.0415
2.9442 1.1264 0.2991 2.6167 3.2182 0.1500 3.0570 0.6903 2.4998 0.5735 2.5461 0.3498 1.0192 1.5177 0.4886 0.2261 0.5982 1.2120 1.6015 1.2605 0.5421 0.1793 0.3623 0.7063 0.8107 0.6199 0.3085 0.0796 0.0220 0.1130 0.2709 0.4179 0.5071 0.5250 0.4887 0.4110 0.3195 0.2289 0.1503 0.0897 0.0475 0.0218 0.0092 0.0064 0.0101 0.0178 0.0272 0.0370 0.0458 0.0539
4.4109 2.1542 0.2886 2.5356 4.2253 0.3136 3.4019 1.1978 2.7788 0.8813 3.0058 0.3161 1.3833 1.7181 0.4799 0.3491 0.8699 1.5801 1.9674 1.4837 0.6045 0.1947 0.4337 0.8394 0.9454 0.7057 0.3380 0.0808 0.0312 0.1547 0.3503 0.5262 0.6287 0.6440 0.5947 0.4968 0.3840 0.2734 0.1784 0.1057 0.0554 0.0251 0.0106 0.0079 0.0130 0.0226 0.0342 0.0462 0.0570 0.0667
5.9690 3.7244 0.5892 2.0685 5.1521 0.7612 3.4190 1.9843 2.8276 1.3469 3.3361 0.2709 1.8041 1.8123 0.4466 0.5552 1.2216 1.9745 2.3002 1.6465 0.6226 0.1957 0.5021 0.9603 1.0548 0.7631 0.3476 0.0758 0.0461 0.2086 0.4428 0.6449 0.7563 0.7650 0.6997 0.5799 0.4449 0.3145 0.2036 0.1195 0.0619 0.0277 0.0119 0.0096 0.0161 0.0279 0.0418 0.0559 0.0686 0.0801
7.0613 5.6997 1.5135 1.3229 5.7360 1.6581 3.0177 3.0961 2.5900 2.0196 3.4693 0.2630 2.2578 1.7772 0.4336 0.8829 1.6498 2.3618 2.5582 1.7182 0.5852 0.1851 0.5741 1.0731 1.1401 0.7924 0.3387 0.0673 0.0704 0.2786 0.5518 0.7763 0.8916 0.8888 0.8039 0.6601 0.5022 0.3520 0.2258 0.1310 0.0669 0.0295 0.0129 0.0114 0.0198 0.0338 0.0501 0.0664 0.0809 0.0940
6.9382 7.5373 3.2878 0.6305 5.6665 3.0933 2.2095 4.4942 2.0622 2.9244 3.3414 0.3599 2.6981 1.6094 0.5114 1.3633 2.1249 2.6850 2.6867 1.6672 0.4880 0.1753 0.6654 1.1898 1.2090 0.7990 0.3160 0.0603 0.1088 0.3687 0.6801 0.9224 1.0354 1.0157 0.9072 0.7372 0.5554 0.3855 0.2446 0.1401 0.0704 0.0305 0.0137 0.0135 0.0240 0.0404 0.0591 0.0776 0.0940 0.1085
5.1612 8.2932 5.7807 0.5436 4.7367 4.9475 1.2036 5.9889 1.3438 4.0318 2.9166 0.6387 3.0576 1.3433 0.7699 2.0003 2.5811 2.8654 2.6282 1.4725 0.3425 0.1940 0.8049 1.3338 1.2783 0.7953 0.2888 0.0614 0.1658 0.4815 0.8290 1.0832 1.1874 1.1450 1.0091 0.8105 0.6042 0.4149 0.2601 0.1468 0.0724 0.0309 0.0145 0.0161 0.0289 0.0479 0.0690 0.0897 0.1077 0.1237
2.3781 7.0679 8.2260 1.6528 3.0686 6.7794 0.4641 7.1992 0.6879 5.2227 2.2219 1.1682 3.2644 1.0686 1.2989 2.7485 2.9150 2.8196 2.3453 1.1429 0.1886 0.2916 1.0394 1.5427 1.3762 0.8010 0.2697 0.0777 0.2440 0.6167 0.9965 1.2567 1.3456 1.2754 1.1084 0.8795 0.6481 0.4398 0.2721 0.1511 0.0730 0.0307 0.0154 0.0191 0.0346 0.0563 0.0800 0.1028 0.1225 0.1399
0.6647 3.9978 9.2620 4.1810 1.3021 7.8612 0.6374 7.6045 0.5084 6.2625 1.3817 1.9843 3.2642 0.9297 2.1479 3.4883 2.9957 2.4905 1.8533 0.7396 0.1042 0.5397 1.4263 1.8604 1.5344 0.8378 0.2711 0.1131 0.3411 0.7679 1.1750 1.4351 1.5036 1.4015 1.2013 0.9415 0.6856 0.4594 0.2802 0.1528 0.0722 0.0300 0.0165 0.0229 0.0414 0.0660 0.0922 0.1172 0.1386 0.1573
2.3204 1.0959 7.6890 7.5033 0.5272 7.4882 2.2567 6.7594 1.2896 6.8069 0.6430 3.0601 3.0457 1.0979 3.2686 4.0146 2.7022 1.8987 1.2620 0.3978 0.2050 1.0159 2.0100 2.3116 1.7683 0.9148 0.2953 0.1628 0.4455 0.9191 1.3463 1.6007 1.6452 1.5103 1.2777 0.9890 0.7114 0.4704 0.2824 0.1509 0.0696 0.0289 0.0181 0.0278 0.0495 0.0771 0.1060 0.1331 0.1560 0.1759
7.3002 1.4740 3.8767 9.9628 1.8109 5.5037 5.2740 4.6587 3.3447 6.4846 0.3738 4.2897 2.6756 1.7165 4.4742 4.0860 2.0176 1.2263 0.8208 0.3286 0.6145 1.7592 2.7798 2.8697 2.0539 1.0143 0.3271 0.2097 0.5369 1.0473 1.4870 1.7318 1.7519 1.5869 1.3261 1.0141 0.7202 0.4694 0.2768 0.1445 0.0650 0.0275 0.0205 0.0341 0.0595 0.0902 0.1217 0.1508 0.1750 0.1959
11.8656 6.3288 0.7798 9.5236 5.4213 2.7341 8.7145 2.0990 6.4276 5.0789 1.0064 5.4741 2.2844 2.8058 5.4340 3.5259 1.1354 0.8649 0.9032 0.7571 1.3782 2.6803 3.5882 3.3920 2.2854 1.0692 0.3268 0.2289 0.5962 1.1347 1.5801 1.8122 1.8094 1.6194 1.3373 1.0100 0.7074 0.4534 0.2618 0.1330 0.0582 0.0260 0.0243 0.0426 0.0719 0.1058 0.1399 0.1708 0.1960 0.2177
11.1818 12.2816 2.2723 5.6179 10.0899 0.8363 10.9370 0.6038 9.3847 2.8332 2.8964 6.3016 2.0026 4.1798 5.7593 2.3829 0.5324 1.3633 1.8718 1.7598 2.3105 3.4383 4.0624 3.5642 2.2496 0.9622 0.2486 0.2168 0.6397 1.2037 1.6460 1.8580 1.8290 1.6153 1.3162 0.9798 0.6750 0.4240 0.2385 0.1172 0.0502 0.0253 0.0300 0.0538 0.0874 0.1245 0.1609 0.1934 0.2195 0.2416
4.7971 13.6428 8.3995 1.2805 12.7453 1.5040 10.6347 1.4837 10.3254 0.7943 6.0253 6.2984 1.8719 5.4524 5.1980 1.0675 0.8688 3.1313 3.7243 2.9746 2.8189 3.3721 3.6093 2.9472 1.6924 0.6002 0.1150 0.2640 0.7868 1.3762 1.7937 1.9590 1.8807 1.6263 1.2999 0.9489 0.6399 0.3919 0.2134 0.1008 0.0427 0.0260 0.0379 0.0675 0.1055 0.1458 0.1845 0.2183 0.2449 0.2673
0.8465 7.8475 13.6631 1.6440 9.6997 5.6710 7.5893 4.4403 7.9516 0.7905 9.3678 4.7622 1.9134 6.2575 3.8701 0.2847 2.4995 5.6956 5.4114 3.2422 1.9453 1.8439 1.8945 1.4493 0.6982 0.1818 0.1872 0.6541 1.3119 1.9010 2.2344 2.2864 2.0972 1.7511 1.3594 0.9662 0.6346 0.3774 0.1984 0.0900 0.0383 0.0285 0.0468 0.0819 0.1241 0.1675 0.2086 0.2438 0.2709 0.2934
7.8135 0.7710 11.4982 8.2937 2.9722 11.4707 1.6555 9.5765 4.1605 3.7440 9.1800 0.9463 4.0323 7.8125 2.5258 0.5131 4.2747 5.8193 3.1930 0.5309 0.4343 1.8753 2.8977 2.7644 1.9145 1.1690 0.9415 1.2135 1.7091 2.1660 2.3905 2.3585 2.1094 1.7263 1.3157 0.9174 0.5894 0.3411 0.1732 0.0763 0.0351 0.0344 0.0600 0.1008 0.1471 0.1934 0.2362 0.2723 0.2995 0.3218
16.0240 4.8962 4.1429 14.3039 0.6850 13.1449 0.7385 12.1269 1.1945 7.5885 7.5091 0.3803 6.6629 7.2937 1.1644 1.5197 5.7373 5.7770 2.3545 0.2389 0.9561 2.6562 3.4347 2.9541 1.9166 1.1730 1.0397 1.4005 1.9294 2.3649 2.5322 2.4343 2.1276 1.7046 1.2719 0.8667 0.5419 0.3030 0.1475 0.0633 0.0337 0.0429 0.0764 0.1230 0.1734 0.2224 0.2668 0.3035 0.3305 0.3524
11.9011 14.7336 0.9087 13.0511 5.1430 9.2784 4.5176 10.8631 0.7296 10.9460 4.4730 1.6153 8.9547 5.7164 0.3655 3.2283 6.9388 5.2226 1.4594 0.2519 1.7606 3.5139 3.8991 3.0423 1.8612 1.1713 1.1599 1.6109 2.1593 2.5565 2.6540 2.4838 2.1191 1.6597 1.2100 0.8036 0.4871 0.2619 0.1217 0.0523 0.0357 0.0553 0.0969 0.1494 0.2037 0.2551 0.3006 0.3375 0.3639 0.3850
1.6000 15.6868 8.2899 5.0961 13.2373 2.9293 11.0723 6.1370 3.9453 11.8418 1.5185 4.6553 9.9853 3.4783 0.6009 5.3953 7.5649 4.1930 0.7051 0.6744 2.8178 4.3675 4.2312 3.0089 1.7540 1.1762 1.3098 1.8454 2.3945 2.7347 2.7502 2.5033 2.0821 1.5913 1.1310 0.7295 0.4266 0.2192 0.0974 0.0446 0.0420 0.0726 0.1222 0.1803 0.2381 0.2916 0.3378 0.3744 0.3998 0.4197
5.8097 5.1021 17.5283 0.8682 16.2450 0.9662 15.1058 1.4669 9.5758 9.3340 0.5310 8.5539 9.1246 1.3870 2.1205 7.5519 7.3713 2.8630 0.3217 1.5604 4.0434 5.1144 4.3758 2.8471 1.6109 1.2043 1.4974 2.1030 2.6293 2.8927 2.8154 2.4895 2.0154 1.5001 1.0363 0.6466 0.3627 0.1770 0.0762 0.0416 0.0537 0.0956 0.1530 0.2163 0.2772 0.3322 0.3784 0.4144 0.4383 0.4565
19.4074 1.9029 14.1965 8.1792 9.7188 7.1226 12.3542 1.4208 13.9967 4.6448 2.7457 11.5938 6.4827 0.4427 4.7617 9.0925 6.2922 1.5446 0.5213 2.8830 5.2977 5.6445 4.2948 2.5685 1.4581 1.2754 1.7301 2.3811 2.8563 3.0231 2.8450 2.4412 1.9205 1.3884 0.9287 0.5576 0.2981 0.1378 0.0602 0.0450 0.0722 0.1252 0.1902 0.2581 0.3214 0.3772 0.4230 0.4576 0.4795 0.4957
14.7216 14.8742 2.8247 18.4332 1.5838 15.9727 4.8938 7.3761 13.5808 1.0185 7.6323 12.0648 3.1351 1.4217 7.8685 9.4592 4.5236 0.6379 1.4345 4.5128 6.3991 5.8570 3.9771 2.2063 1.3323 1.4108 2.0123 2.6737 3.0666 3.1181 2.8347 2.3570 1.7982 1.2585 0.8113 0.4658 0.2355 0.1038 0.0512 0.0562 0.0986 0.1625 0.2346 0.3064 0.3712 0.4269 0.4716 0.5043 0.5235 0.5372
1.1670 20.5782 4.2759 15.9498 4.2067 17.1305 0.8594 14.9227 8.1024 1.7523 12.6516 9.3759 0.8428 4.4027 10.4109 8.3814 2.5441 0.5362 3.0453 6.2177 7.1517 5.6840 3.4481 1.8169 1.2777 1.6297 2.3433 2.9712 3.2491 3.1695 2.7796 2.2354 1.6493 1.1130 0.6877 0.3746 0.1782 0.0778 0.0515 0.0768 0.1342 0.2083 0.2864 0.3612 0.4266 0.4814 0.5242 0.5543 0.5702 0.5810
11.8884 6.6269 18.7438 3.8334 16.0917 8.3177 6.2167 16.8322 2.0771 7.3629 14.5150 4.8198 1.2272 8.4909 11.3415 6.0788 1.0327 1.4946 5.1492 7.6903 7.3853 5.1164 2.7788 1.4755 1.3388 1.9446 2.7160 3.2596 3.3916 3.1700 2.6772 2.0775 1.4774 0.9566 0.5624 0.2882 0.1297 0.0626 0.0631 0.1086 0.1799 0.2633 0.3464 0.4230 0.4878 0.5407 0.5809 0.6075 0.6197 0.6270
24.2831 3.2909 19.7071 3.5098 20.3304 1.1236 16.3400 10.5122 1.6422 14.2463 11.5521 1.2613 4.7264 11.9980 10.0931 3.3182 0.6691 3.4993 7.3564 8.6077 7.0037 4.2205 2.0813 1.2675 1.5535 2.3576 3.1151 3.5211 3.4807 3.1129 2.5269 1.8864 1.2874 0.7948 0.4408 0.2114 0.0937 0.0610 0.0882 0.1529 0.2370 0.3282 0.4148 0.4918 0.5549 0.6049 0.6415 0.6641 0.6718 0.6752
7.4750 20.8359 4.3963 18.0468 9.4656 7.0991 19.1991 2.4333 8.5034 16.7911 5.5497 1.5146 9.9513 13.1418 6.9947 1.2317 1.8665 6.1922 9.1597 8.7187 6.0327 3.1470 1.5002 1.2766 1.9449 2.8566 3.5198 3.7401 3.5105 3.0011 2.3330 1.6677 1.0862 0.6346 0.3294 0.1491 0.0741 0.0759 0.1288 0.2110 0.3059 0.4027 0.4910 0.5671 0.6276 0.6741 0.7067 0.7247 0.7274 0.7266
5.1810 19.8690 5.4258 21.6734 1.2583 19.3809 10.4948 2.5186 16.8536 12.3574 1.2127 6.2036 14.1136 11.1108 3.3717 0.8993 4.5283 8.9048 10.0567 7.9160 4.6236 2.1023 1.1793 1.5592 2.5075 3.4091 3.8934 3.8864 3.4613 2.8236 2.0959 1.4279 0.8815 0.4831 0.2338 0.1060 0.0746 0.1101 0.1867 0.2843 0.3876 0.4878 0.5757 0.6495 0.7061 0.7481 0.7759 0.7886 0.7857 0.7801
25.7560 2.2334 22.8342 6.7414 11.3760 19.7178 1.5888 12.1080 18.1222 4.5832 2.6776 12.7044 14.5646 6.7523 1.0586 2.8249 7.9555 10.8212 9.7170 6.3185 3.0672 1.3309 1.2419 2.1349 3.2055 3.9658 4.1951 3.9354 3.3233 2.5813 1.8225 1.1764 0.6827 0.3483 0.1607 0.0872 0.0988 0.1661 0.2637 0.3735 0.4824 0.5836 0.6690 0.7389 0.7903 0.8267 0.8488 0.8555 0.8464 0.8357
13.4398 12.8017 18.4312 3.2907 23.4532 6.8548 5.9111 20.3339 10.3779 1.0945 9.6328 16.4800 10.6967 2.4529 1.5266 6.5505 10.9971 11.2488 8.1307 4.2822 1.7391 1.0574 1.7536 2.9703 3.9709 4.4632 4.3822 3.8663 3.0923 2.2799 1.5235 0.9249 0.5003 0.2390 0.1168 0.0974 0.1501 0.2460 0.3609 0.4796 0.5909 0.6903 0.7710 0.8352 0.8801 0.9098 0.9255 0.9254 0.9095 0.8932
3.1239 26.0863 1.8780 20.1649 15.0906 1.9302 18.6260 16.4395 2.0496 6.2180 16.6070 14.3946 4.8376 0.9517 4.9729 10.6720 12.4647 9.9278 5.6924 2.3470 1.0178 1.4303 2.7014 3.9866 4.7278 4.8517 4.4300 3.6728 2.7740 1.9315 1.2155 0.6893 0.3472 0.1648 0.1092 0.1417 0.2318 0.3520 0.4805 0.6048 0.7160 0.8116 0.8856 0.9418 0.9782 0.9997 1.0073 0.9996 0.9765 0.9541
25.8377 7.0605 13.4043 22.0936 1.7055 14.5922 21.0299 5.0014 3.4393 15.5573 17.2711 7.7175 1.1096 3.6040 9.9317 13.3338 11.6140 7.1685 3.1018 1.0873 1.1730 2.4608 3.9637 5.0303 5.3450 5.0413 4.2926 3.3433 2.3775 1.5548 0.9143 0.4824 0.2340 0.1338 0.1436 0.2239 0.3462 0.4853 0.6226 0.7483 0.8556 0.9445 1.0093 1.0553 1.0818 1.0939 1.0925 1.0765 1.0456 1.0167
14.4656 7.3820 25.8296 4.3014 10.3529 23.5455 8.7800 1.8442 13.8331 19.3977 10.5605 1.7932 2.5952 9.1973 13.8227 13.1274 8.6184 3.9024 1.2342 0.9686 2.2796 4.0010 5.3306 5.9217 5.7062 4.9757 3.9570 2.8902 1.9262 1.1749 0.6422 0.3216 0.1737 0.1550 0.2258 0.3472 0.4950 0.6468 0.7873 0.9097 1.0093 1.0884 1.1416 1.1753 1.1904 1.1919 1.1807 1.1558 1.1166 1.0808
3.7877 26.9753 7.7333 7.2604 24.6042 12.2549 1.2705 12.3727 20.7486 13.1178 2.6662 1.9629 8.7305 14.3532 14.3471 9.9431 4.6524 1.3898 0.8274 2.1617 4.1578 5.7572 6.5414 6.4869 5.7237 4.6317 3.4391 2.3477 1.4577 0.8252 0.4250 0.2262 0.1793 0.2370 0.3613 0.5153 0.6806 0.8380 0.9758 1.0901 1.1781 1.2444 1.2835 1.3033 1.3052 1.2949 1.2731 1.2386 1.1906 1.1476
27.5595 10.3420 5.7481 25.2101 14.7027 1.2275 11.7310 21.9837 14.9622 3.3877 1.6800 8.6925 15.2036 15.5728 10.9493 5.2270 1.4816 0.7372 2.1843 4.4407 6.3873 7.3440 7.3329 6.5886 5.3554 4.0254 2.7828 1.7663 1.0166 0.5406 0.2889 0.2147 0.2635 0.3878 0.5553 0.7315 0.9057 1.0614 1.1899 1.2909 1.3635 1.4136 1.4364 1.4412 1.4279 1.4039 1.3710 1.3264 1.2689 1.2181
10.8518 5.8109 26.1993 15.5313 1.2630 12.2904 23.3560 15.9557 3.5548 1.7468 9.3099 16.3873 16.8470 11.6777 5.4167 1.4285 0.7088 2.4066 4.9868 7.1846 8.3724 8.3403 7.4729 6.1418 4.6110 3.2120 2.0554 1.2060 0.6506 0.3564 0.2592 0.3035 0.4360 0.6124 0.8095 0.9954 1.1681 1.3136 1.4261 1.5085 1.5615 1.5924 1.5966 1.5848 1.5546 1.5158 1.4712 1.4160 1.3487 1.2897
7.8514 27.8686 14.2701 1.3684 14.5427 24.8728 15.7041 2.9888 2.3009 10.9926 18.0673 17.8890 11.9723 5.1646 1.1744 0.8053 2.9581 5.9108 8.3258 9.5405 9.5212 8.4396 6.8694 5.1838 3.5873 2.3021 1.3564 0.7460 0.4175 0.3125 0.3609 0.5075 0.7045 0.9141 1.1244 1.3058 1.4660 1.5928 1.6824 1.7411 1.7707 1.7795 1.7630 1.7329 1.6846 1.6301 1.5731 1.5069 1.4296 1.3623
29.5328 10.5439 2.5090 19.0330 26.1489 13.6938 1.8306 3.9132 13.9944 20.4991 18.5166 11.4125 4.3567 0.8033 1.1921 4.0548 7.4307 9.9441 11.0388 10.7444 9.4708 7.5769 5.6284 3.8921 2.4669 1.4526 0.8066 0.4732 0.3757 0.4464 0.6166 0.8397 1.0767 1.2979 1.5047 1.6678 1.8052 1.9053 1.9649 1.9935 1.9941 1.9788 1.9401 1.8904 1.8245 1.7548 1.6845 1.6062 1.5179 1.4421
4.5861 7.0559 25.4068 25.2487 9.3746 1.0288 7.6200 18.5989 22.7911 18.2299 9.6511 2.9158 0.5744 2.2331 5.9299 9.7006 12.0970 12.7844 12.0188 10.2786 8.1237 5.8887 3.9777 2.5015 1.4506 0.8178 0.5149 0.4596 0.5693 0.7822 1.0372 1.3029 1.5501 1.7586 1.9434 2.0733 2.1770 2.2422 2.2652 2.2586 2.2260 2.1846 2.1222 2.0520 1.9680 1.8827 1.7987 1.7078 1.6081 1.5237
17.8262 30.5489 19.4517 3.6824 3.0628 14.5745 24.1118 23.7280 15.6811 6.5727 1.3072 1.1540 4.5361 9.0009 12.6883 14.6768 14.6113 13.0888 10.7735 8.2077 5.8265 3.8026 2.3163 1.3372 0.7769 0.5603 0.5838 0.7650 1.0285 1.3315 1.6237 1.8921 2.1171 2.2879 2.4321 2.5147 2.5745 2.5975 2.5781 2.5320 2.4631 2.3939 2.3069 2.2153 2.1128 2.0118 1.9137 1.8102 1.6989 1.6059
27.0012 8.3830 1.5584 11.4800 24.3297 27.7788 20.9278 10.3492 2.7459 0.8694 3.7630 8.8324 13.5569 16.4138 17.1370 16.0527 13.5817 10.6113 7.7187 5.2220 3.2963 1.9292 1.1113 0.7289 0.6595 0.8085 1.0834 1.4224 1.7646 2.0947 2.3716 2.6025 2.7752 2.8854 2.9728 2.9952 3.0010 2.9737 2.9065 2.8195 2.7161 2.6201 2.5080 2.3928 2.2700 2.1517 2.0387 1.9222 1.7993 1.6971
1.5436 11.5422 26.1312 31.1322 24.3251 12.5594 3.5944 1.0235 4.1031 9.9458 15.4833 19.1010 20.1002 18.8345 16.1666 12.8592 9.4193 6.4186 4.0783 2.4262 1.4085 0.8951 0.7779 0.9315 1.2382 1.6288 2.0350 2.4275 2.7612 3.0514 3.2605 3.4157 3.5097 3.5393 3.5555 3.5068 3.4499 3.3651 3.2456 3.1176 2.9829 2.8615 2.7243 2.5832 2.4384 2.3015 2.1726 2.0431 1.9086 1.7970
32.0192 33.8557 24.0745 11.1084 2.7080 1.7007 6.4673 13.4734 19.6311 23.2301 23.6016 21.6904 18.2066 14.1493 10.2578 6.9358 4.3334 2.5431 1.4791 0.9969 0.9461 1.1713 1.5697 2.0573 2.5402 3.0006 3.3944 3.7269 3.9642 4.1507 4.2452 4.2921 4.2854 4.2189 4.1536 4.0266 3.9018 3.7561 3.5825 3.4133 3.2484 3.1027 2.9409 2.7737 2.6069 2.4516 2.3069 2.1645 2.0187 1.8977
16.5401 5.0772 1.5740 5.5949 13.5351 21.4548 26.7328 28.3665 26.8947 23.3119 18.4693 13.6830 9.4040 6.0121 3.5971 2.0781 1.2952 1.0892 1.2850 1.7309 2.3111 2.9026 3.4833 4.0251 4.4511 4.8018 5.0466 5.2196 5.2882 5.3201 5.2691 5.1882 5.0676 4.8967 4.7457 4.5408 4.3490 4.1435 3.9179 3.7097 3.5165 3.3450 3.1587 2.9684 2.7808 2.6076 2.4472 2.2921 2.1351 2.0047
10.3350 20.2131 28.7519 33.5974 34.2225 31.3704 26.3268 20.3618 14.6603 9.8234 6.0452 3.5061 2.0108 1.3585 1.3393 1.7482 2.3970 3.1573 3.9340 4.6648 5.3237 5.8194 6.2264 6.5547 6.7159 6.8128 6.8123 6.7633 6.6200 6.4656 6.2627 6.0538 5.8165 5.5413 5.3077 5.0369 4.7870 4.5289 4.2590 4.0168 3.7979 3.5938 3.3819 3.1761 2.9705 2.7803 2.6038 2.4360 2.2676 2.1273
41.1691 36.0448 29.0974 21.8022 15.1506 9.7379 5.7766 3.2280 1.9158 1.5643 1.8843 2.6550 3.6505 4.7050 5.7533 6.7375 7.5408 8.1774 8.6524 8.9984 9.2448 9.2880 9.2723 9.2175 8.9984 8.7733 8.4917 8.2044 7.8445 7.5042 7.1606 6.8357 6.4924 6.1233 5.8168 5.4904 5.1906 4.8863 4.5781 4.3072 4.0672 3.8327 3.5975 3.3791 3.1572 2.9515 2.7597 2.5800 2.4008 2.2510
4.5028 2.6173 2.0643 2.5218 3.6520 5.1671 6.8343 8.4495 9.9442 11.2718 12.2771 13.1308 13.7152 14.0347 14.2539 14.3950 14.2820 14.0303 13.6760 13.3061 12.9408 12.4267 11.9366 11.4823 10.8940 10.3732 9.8459 9.3565 8.8166 8.3241 7.8728 7.4602 7.0348 6.5924 6.2297 5.8633 5.5263 5.1872 4.8497 4.5564 4.2996 4.0396 3.7860 3.5595 3.3247 3.1059 2.9010 2.7110 2.5226 2.3647
30.7469 31.1530 31.2780 31.1539 30.7592 30.2049 29.4631 28.4788 27.4602 26.4538 25.2079 24.1344 22.9875 21.7720 20.7254 19.8249 18.7817 17.7409 16.7260 15.8202 15.0199 14.1290 13.3202 12.6029 11.8052 11.1162 10.4487 9.8358 9.2007 8.6438 8.1393 7.6824 7.2163 6.7368 6.3444 5.9558 5.6073 5.2620 4.9115 4.5979 4.3143 4.0510 3.7986 3.5774 3.3420 3.1212 2.9135 2.7210 2.5306 2.3719
