0.1566 0.0320 0.1058 0.3908 0.2694 0.0329 0.3703 0.0307 0.3120 0.0422 0.2895 0.0682 0.0857 0.1878 0.0824 0.0197 0.0425 0.1122 0.1696 0.1454 0.0686 0.0240 0.0420 0.0828 0.0984 0.0786 0.0418 0.0124 0.0022 0.0100 0.0269 0.0439 0.0549 0.0580 0.0549 0.0468 0.0368 0.0267 0.0177 0.0107 0.0058 0.0027 0.0011 0.0007 0.0010 0.0018 0.0028 0.0039 0.0049 0.0058
0.5186 0.1120 0.2866 1.1486 0.8394 0.0867 1.1078 0.1021 0.9290 0.1308 0.8690 0.1943 0.2657 0.5592 0.2378 0.0592 0.1341 0.3440 0.5123 0.4354 0.2036 0.0708 0.1256 0.2473 0.2928 0.2329 0.1232 0.0360 0.0066 0.0306 0.0816 0.1323 0.1651 0.1742 0.1645 0.1399 0.1100 0.0796 0.0529 0.0320 0.0172 0.0081 0.0034 0.0021 0.0031 0.0055 0.0086 0.0118 0.0148 0.0175
1.0335 0.2548 0.3838 1.8268 1.4986 0.1122 1.8288 0.2075 1.5210 0.2348 1.4473 0.2911 0.4713 0.9161 0.3661 0.1005 0.2464 0.5972 0.8646 0.7222 0.3319 0.1144 0.2079 0.4082 0.4800 0.3786 0.1977 0.0563 0.0110 0.0535 0.1391 0.2230 0.2766 0.2906 0.2735 0.2321 0.1820 0.1314 0.0871 0.0525 0.0282 0.0131 0.0055 0.0035 0.0053 0.0094 0.0145 0.0199 0.0249 0.0294
1.8127 0.5472 0.3752 2.3489 2.2899 0.1171 2.4999 0.3847 2.0592 0.3727 2.0147 0.3448 0.7187 1.2439 0.4527 0.1505 0.3950 0.8840 1.2289 1.0004 0.4473 0.1519 0.2878 0.5629 0.6549 0.5098 0.2610 0.0714 0.0158 0.0802 0.2014 0.3175 0.3902 0.4074 0.3816 0.3227 0.2520 0.1814 0.1197 0.0719 0.0384 0.0177 0.0074 0.0049 0.0076 0.0134 0.0207 0.0282 0.0352 0.0415
2.9442 1.1267 0.2990 2.6173 3.2197 0.1499 3.0570 0.6900 2.4986 0.5745 2.5483 0.3503 1.0214 1.5218 0.4895 0.2241 0.5970 1.2121 1.6013 1.2597 0.5417 0.1801 0.3640 0.7082 0.8122 0.6209 0.3090 0.0797 0.0220 0.1130 0.2708 0.4179 0.5071 0.5250 0.4887 0.4110 0.3196 0.2289 0.1503 0.0897 0.0475 0.0218 0.0092 0.0064 0.0101 0.0178 0.0272 0.0370 0.0458 0.0539
4.4114 2.1546 0.2889 2.5363 4.2279 0.3133 3.4025 1.1972 2.7778 0.8828 3.0087 0.3168 1.3862 1.7227 0.4802 0.3463 0.8688 1.5809 1.9678 1.4833 0.6044 0.1957 0.4357 0.8417 0.9472 0.7068 0.3385 0.0810 0.0312 0.1546 0.3502 0.5262 0.6287 0.6440 0.5947 0.4969 0.3840 0.2734 0.1784 0.1057 0.0554 0.0251 0.0106 0.0079 0.0129 0.0226 0.0342 0.0462 0.0570 0.0667
5.9707 3.7252 0.5899 2.0693 5.1562 0.7605 3.4206 1.9834 2.8272 1.3492 3.3396 0.2718 1.8079 1.8172 0.4457 0.5516 1.2210 1.9764 2.3017 1.6468 0.6229 0.1970 0.5043 0.9628 1.0568 0.7643 0.3482 0.0759 0.0460 0.2084 0.4426 0.6448 0.7563 0.7650 0.6997 0.5799 0.4449 0.3145 0.2036 0.1195 0.0619 0.0277 0.0119 0.0096 0.0161 0.0279 0.0418 0.0559 0.0686 0.0801
7.0649 5.7013 1.5149 1.3236 5.7417 1.6573 3.0202 3.0950 2.5905 2.0225 3.4735 0.2641 2.2625 1.7817 0.4311 0.8788 1.6503 2.3655 2.5612 1.7195 0.5861 0.1867 0.5763 1.0755 1.1420 0.7935 0.3392 0.0674 0.0703 0.2783 0.5515 0.7761 0.8914 0.8887 0.8038 0.6601 0.5021 0.3519 0.2258 0.1310 0.0669 0.0295 0.0129 0.0114 0.0198 0.0338 0.0501 0.0664 0.0809 0.0940
6.9438 7.5404 3.2901 0.6310 5.6736 3.0929 2.2126 4.4930 2.0637 2.9279 3.3461 0.3612 2.7033 1.6126 0.5069 1.3591 2.1274 2.6912 2.6916 1.6697 0.4894 0.1768 0.6672 1.1916 1.2104 0.7999 0.3164 0.0603 0.1086 0.3684 0.6798 0.9221 1.0352 1.0155 0.9071 0.7371 0.5553 0.3855 0.2446 0.1401 0.0704 0.0305 0.0137 0.0135 0.0240 0.0404 0.0591 0.0776 0.0940 0.1085
5.1676 8.2986 5.7839 0.5440 4.7442 4.9484 1.2062 5.9883 1.3462 4.0354 2.9215 0.6400 3.0625 1.3442 0.7634 1.9971 2.5867 2.8744 2.6350 1.4761 0.3441 0.1950 0.8058 1.3345 1.2788 0.7955 0.2888 0.0613 0.1655 0.4811 0.8286 1.0828 1.1871 1.1448 1.0089 0.8104 0.6041 0.4148 0.2601 0.1468 0.0724 0.0309 0.0145 0.0161 0.0289 0.0479 0.0690 0.0897 0.1077 0.1237
2.3820 7.0754 8.2304 1.6528 3.0748 6.7824 0.4646 7.2001 0.6903 5.2260 2.2268 1.1689 3.2679 1.0661 1.2910 2.7479 2.9244 2.8313 2.3535 1.1469 0.1899 0.2914 1.0385 1.5417 1.3752 0.8003 0.2692 0.0773 0.2437 0.6164 0.9962 1.2563 1.3453 1.2751 1.1082 0.8794 0.6480 0.4398 0.2721 0.1511 0.0730 0.0307 0.0154 0.0191 0.0346 0.0563 0.0800 0.1028 0.1225 0.1399
0.6629 4.0049 9.2681 4.1802 1.3054 7.8663 0.6342 7.6077 0.5091 6.2649 1.3860 1.9836 3.2647 0.9236 2.1402 3.4921 3.0092 2.5038 1.8614 0.7428 0.1043 0.5378 1.4232 1.8570 1.5316 0.8359 0.2700 0.1127 0.3410 0.7679 1.1750 1.4351 1.5034 1.4014 1.2012 0.9413 0.6854 0.4593 0.2802 0.1528 0.0722 0.0300 0.0166 0.0230 0.0414 0.0660 0.0923 0.1173 0.1386 0.1573
2.3125 1.0979 7.6968 7.5012 0.5265 7.4938 2.2494 6.7649 1.2867 6.8085 0.6460 3.0565 3.0418 1.0888 3.2636 4.0242 2.7187 1.9110 1.2673 0.3986 0.2031 1.0119 2.0046 2.3060 1.7636 0.9117 0.2938 0.1625 0.4458 0.9197 1.3468 1.6011 1.6454 1.5105 1.2777 0.9890 0.7113 0.4704 0.2824 0.1509 0.0696 0.0289 0.0181 0.0278 0.0495 0.0771 0.1060 0.1331 0.1560 0.1759
7.2892 1.4679 3.8838 9.9598 1.8055 5.5070 5.2644 4.6648 3.3372 6.4862 0.3743 4.2817 2.6671 1.7068 4.4750 4.1015 2.0342 1.2332 0.8199 0.3253 0.6107 1.7542 2.7734 2.8630 2.0482 1.0107 0.3256 0.2098 0.5380 1.0487 1.4884 1.7330 1.7528 1.5875 1.3264 1.0143 0.7203 0.4694 0.2768 0.1445 0.0650 0.0275 0.0205 0.0341 0.0595 0.0902 0.1217 0.1508 0.1750 0.1959
11.8540 6.3179 0.7815 9.5220 5.4111 2.7335 8.7056 2.1024 6.4180 5.0817 1.0028 5.4608 2.2730 2.7995 5.4428 3.5452 1.1468 0.8616 0.8936 0.7495 1.3742 2.6774 3.5842 3.3871 2.2809 1.0663 0.3260 0.2297 0.5981 1.1371 1.5825 1.8142 1.8110 1.6205 1.3381 1.0105 0.7077 0.4536 0.2619 0.1331 0.0583 0.0260 0.0243 0.0426 0.0719 0.1058 0.1399 0.1708 0.1960 0.2177
11.1720 12.2719 2.2692 5.6190 10.0768 0.8339 10.9304 0.6029 9.3802 2.8375 2.8872 6.2850 1.9929 4.1819 5.7762 2.4009 0.5331 1.3475 1.8542 1.7513 2.3112 3.4427 4.0658 3.5653 2.2492 0.9617 0.2489 0.2181 0.6419 1.2062 1.6485 1.8602 1.8308 1.6166 1.3172 0.9805 0.6755 0.4243 0.2387 0.1172 0.0502 0.0253 0.0300 0.0538 0.0873 0.1245 0.1609 0.1934 0.2195 0.2416
4.7934 13.6363 8.4039 1.2804 12.7394 1.5035 10.6305 1.4841 10.3345 0.7967 6.0119 6.2852 1.8703 5.4658 5.2196 1.0781 0.8573 3.1079 3.7071 2.9732 2.8305 3.3885 3.6237 2.9568 1.6974 0.6022 0.1157 0.2644 0.7872 1.3769 1.7945 1.9598 1.8814 1.6269 1.3003 0.9492 0.6402 0.3921 0.2135 0.1008 0.0427 0.0260 0.0379 0.0675 0.1055 0.1458 0.1845 0.2183 0.2449 0.2673
0.8413 7.8521 13.6788 1.6435 9.7138 5.6692 7.5917 4.4503 7.9725 0.7855 9.3605 4.7628 1.9215 6.2784 3.8900 0.2854 2.4837 5.6812 5.4113 3.2565 1.9669 1.8647 1.9102 1.4588 0.7023 0.1822 0.1854 0.6513 1.3090 1.8982 2.2321 2.2846 2.0959 1.7502 1.3587 0.9658 0.6343 0.3772 0.1984 0.0900 0.0383 0.0285 0.0468 0.0819 0.1241 0.1676 0.2086 0.2438 0.2709 0.2934
7.7979 0.7731 11.5028 8.2788 2.9800 11.4592 1.6613 9.5643 4.1689 3.7321 9.1799 0.9510 4.0193 7.8093 2.5336 0.5080 4.2588 5.8122 3.1988 0.5361 0.4256 1.8515 2.8670 2.7367 1.8962 1.1613 0.9424 1.2198 1.7177 2.1748 2.3982 2.3647 2.1140 1.7295 1.3178 0.9187 0.5902 0.3415 0.1735 0.0764 0.0351 0.0344 0.0600 0.1008 0.1471 0.1933 0.2362 0.2722 0.2995 0.3218
16.0112 4.8833 4.1502 14.2920 0.6831 13.1404 0.7351 12.1191 1.1984 7.5736 7.5129 0.3785 6.6480 7.2938 1.1694 1.5089 5.7206 5.7723 2.3603 0.2399 0.9417 2.6285 3.4033 2.9282 1.9013 1.1685 1.0433 1.4088 1.9393 2.3744 2.5403 2.4406 2.1323 1.7078 1.2740 0.8680 0.5427 0.3035 0.1477 0.0633 0.0337 0.0428 0.0763 0.1230 0.1734 0.2224 0.2668 0.3035 0.3305 0.3524
11.9020 14.7157 0.9058 13.0492 5.1292 9.2812 4.5043 10.8620 0.7254 10.9325 4.4781 1.6063 8.9407 5.7191 0.3657 3.2126 6.9229 5.2204 1.4639 0.2479 1.7409 3.4837 3.8685 3.0195 1.8499 1.1704 1.1662 1.6210 2.1703 2.5665 2.6623 2.4902 2.1237 1.6628 1.2121 0.8048 0.4878 0.2622 0.1219 0.0523 0.0357 0.0553 0.0968 0.1493 0.2036 0.2551 0.3006 0.3375 0.3639 0.3850
1.6030 15.6792 8.2735 5.0998 13.2189 2.9327 11.0545 6.1400 3.9324 11.8333 1.5211 4.6403 9.9748 3.4817 0.5952 5.3766 7.5516 4.1929 0.7071 0.6649 2.7938 4.3365 4.2031 2.9905 1.7472 1.1790 1.3187 1.8569 2.4062 2.7450 2.7584 2.5095 2.0865 1.5943 1.1329 0.7307 0.4273 0.2195 0.0975 0.0446 0.0419 0.0726 0.1222 0.1802 0.2381 0.2915 0.3377 0.3744 0.3998 0.4197
5.7979 5.1038 17.5101 0.8654 16.2328 0.9618 15.0916 1.4678 9.5581 9.3313 0.5276 8.5361 9.1187 1.3885 2.1088 7.5326 7.3616 2.8639 0.3200 1.5458 4.0166 5.0846 4.3519 2.8340 1.6089 1.2106 1.5085 2.1157 2.6412 2.9029 2.8233 2.4954 2.0196 1.5028 1.0380 0.6476 0.3633 0.1773 0.0763 0.0416 0.0537 0.0955 0.1530 0.2162 0.2771 0.3321 0.3784 0.4143 0.4382 0.4565
19.3873 1.8979 14.1888 8.1645 9.7159 7.1081 12.3480 1.4142 13.9805 4.6452 2.7352 11.5775 6.4808 0.4401 4.7456 9.0752 6.2864 1.5453 0.5153 2.8643 5.2704 5.6180 4.2766 2.5613 1.4609 1.2849 1.7429 2.3943 2.8681 3.0328 2.8525 2.4466 1.9243 1.3908 0.9302 0.5585 0.2985 0.1380 0.0602 0.0449 0.0721 0.1251 0.1901 0.2580 0.3214 0.3771 0.4230 0.4576 0.4794 0.4957
14.7117 14.8574 2.8236 18.4152 1.5827 15.9550 4.8927 7.3620 13.5710 1.0172 7.6168 12.0534 3.1349 1.4140 7.8507 9.4460 4.5210 0.6368 1.4243 4.4918 6.3737 5.8359 3.9654 2.2051 1.3393 1.4227 2.0259 2.6868 3.0778 3.1270 2.8413 2.3618 1.8014 1.2605 0.8126 0.4665 0.2359 0.1040 0.0513 0.0561 0.0985 0.1624 0.2345 0.3063 0.3712 0.4269 0.4716 0.5042 0.5235 0.5372
1.1654 20.5632 4.2691 15.9397 4.1987 17.1187 0.8561 14.9067 8.0989 1.7457 12.6359 9.3703 0.8411 4.3907 10.3947 8.3734 2.5433 0.5324 3.0319 6.1968 7.1306 5.6696 3.4433 1.8211 1.2880 1.6430 2.3570 2.9836 3.2593 3.1774 2.7853 2.2393 1.6520 1.1147 0.6886 0.3751 0.1785 0.0779 0.0514 0.0768 0.1341 0.2082 0.2863 0.3611 0.4266 0.4813 0.5242 0.5542 0.5702 0.5810
11.8806 6.6218 18.7305 3.8305 16.0785 8.3135 6.2077 16.8212 2.0755 7.3518 14.5038 4.8181 1.2222 8.4774 11.3298 6.0755 1.0320 1.4879 5.1345 7.6723 7.3705 5.1094 2.7804 1.4841 1.3513 1.9583 2.7289 3.2707 3.4003 3.1765 2.6819 2.0806 1.4794 0.9578 0.5631 0.2886 0.1298 0.0626 0.0630 0.1085 0.1798 0.2632 0.3463 0.4229 0.4878 0.5406 0.5808 0.6075 0.6196 0.6270
24.2712 3.2883 19.6973 3.5059 20.3205 1.1213 16.3292 10.5081 1.6382 14.2352 11.5471 1.2601 4.7184 11.9866 10.0873 3.3179 0.6671 3.4908 7.3429 8.5949 6.9963 4.2207 2.0883 1.2790 1.5668 2.3705 3.1264 3.5303 3.4877 3.1180 2.5304 1.8887 1.2888 0.7956 0.4413 0.2116 0.0937 0.0609 0.0881 0.1528 0.2369 0.3281 0.4148 0.4918 0.5549 0.6048 0.6415 0.6641 0.6717 0.6751
7.4689 20.8308 4.3929 18.0408 9.4621 7.0946 19.1928 2.4321 8.4971 16.7847 5.5491 1.5116 9.9432 13.1355 6.9939 1.2323 1.8628 6.1837 9.1500 8.7126 6.0328 3.1533 1.5108 1.2893 1.9575 2.8678 3.5290 3.7472 3.5157 3.0047 2.3354 1.6692 1.0870 0.6351 0.3296 0.1491 0.0740 0.0758 0.1286 0.2109 0.3058 0.4026 0.4909 0.5671 0.6276 0.6740 0.7067 0.7247 0.7274 0.7265
5.1816 19.8647 5.4251 21.6702 1.2570 19.3774 10.4939 2.5166 16.8492 12.3569 1.2128 6.1994 14.1090 11.1104 3.3738 0.8991 4.5239 8.8988 10.0529 7.9172 4.6302 2.1127 1.1915 1.5713 2.5182 3.4179 3.9000 3.8912 3.4646 2.8257 2.0972 1.4286 0.8819 0.4832 0.2338 0.1059 0.0745 0.1100 0.1866 0.2842 0.3875 0.4877 0.5756 0.6495 0.7061 0.7480 0.7758 0.7885 0.7857 0.7801
25.7595 2.2316 22.8363 6.7407 11.3761 19.7189 1.5891 12.1066 18.1233 4.5854 2.6766 12.7022 14.5656 6.7561 1.0610 2.8237 7.9525 10.8199 9.7199 6.3261 3.0781 1.3430 1.2535 2.1449 3.2134 3.9716 4.1991 3.9380 3.3249 2.5821 1.8229 1.1765 0.6826 0.3482 0.1606 0.0870 0.0987 0.1659 0.2636 0.3735 0.4824 0.5836 0.6690 0.7389 0.7903 0.8267 0.8488 0.8555 0.8464 0.8357
13.4397 12.8059 18.4346 3.2913 23.4580 6.8575 5.9115 20.3374 10.3827 1.0958 9.6326 16.4829 10.7027 2.4577 1.5278 6.5497 10.9978 11.2536 8.1398 4.2940 1.7517 1.0688 1.7628 2.9772 3.9755 4.4660 4.3837 3.8669 3.0924 2.2797 1.5232 0.9246 0.5000 0.2387 0.1166 0.0972 0.1500 0.2459 0.3608 0.4795 0.5909 0.6903 0.7710 0.8352 0.8801 0.9098 0.9255 0.9254 0.9095 0.8932
3.1246 26.0961 1.8786 20.1715 15.0974 1.9313 18.6309 16.4476 2.0534 6.2189 16.6112 14.4028 4.8451 0.9550 4.9734 10.6738 12.4706 9.9382 5.7054 2.3601 1.0292 1.4388 2.7070 3.9897 4.7291 4.8518 4.4294 3.6719 2.7730 1.9306 1.2147 0.6887 0.3467 0.1644 0.1089 0.1416 0.2317 0.3519 0.4805 0.6048 0.7160 0.8116 0.8856 0.9418 0.9782 0.9997 1.0073 0.9996 0.9765 0.9541
25.8505 7.0641 13.4092 22.1050 1.7080 14.5966 21.0408 5.0082 3.4407 15.5617 17.2809 7.7275 1.1148 3.6054 9.9338 13.3402 11.6252 7.1824 3.1156 1.0987 1.1810 2.4652 3.9653 5.0299 5.3434 5.0392 4.2904 3.3413 2.3759 1.5534 0.9133 0.4816 0.2335 0.1335 0.1434 0.2237 0.3461 0.4853 0.6226 0.7483 0.8556 0.9445 1.0094 1.0553 1.0818 1.0939 1.0925 1.0766 1.0456 1.0167
14.4747 7.3837 25.8437 4.3065 10.3555 23.5575 8.7898 1.8463 13.8366 19.4082 10.5724 1.8002 2.5971 9.1990 13.8285 13.1385 8.6327 3.9165 1.2456 0.9759 2.2827 4.0009 5.3284 5.9183 5.7025 4.9722 3.9540 2.8877 1.9243 1.1735 0.6412 0.3209 0.1732 0.1548 0.2257 0.3472 0.4950 0.6468 0.7873 0.9097 1.0093 1.0885 1.1416 1.1753 1.1904 1.1919 1.1807 1.1558 1.1166 1.0808
3.7866 26.9893 7.7414 7.2611 24.6157 12.2671 1.2732 12.3748 20.7585 13.1310 2.6744 1.9650 8.7313 14.3579 14.3574 9.9571 4.6663 1.4006 0.8338 2.1635 4.1560 5.7531 6.5362 6.4815 5.7188 4.6275 3.4357 2.3452 1.4558 0.8239 0.4241 0.2256 0.1790 0.2368 0.3613 0.5153 0.6807 0.8381 0.9759 1.0902 1.1782 1.2444 1.2835 1.3034 1.3053 1.2949 1.2731 1.2387 1.1906 1.1476
27.5718 10.3520 5.7470 25.2200 14.7161 1.2303 11.7314 21.9924 14.9755 3.3965 1.6817 8.6920 15.2068 15.5817 10.9621 5.2400 1.4915 0.7423 2.1846 4.4373 6.3815 7.3372 7.3261 6.5825 5.3503 4.0213 2.7797 1.7641 1.0151 0.5396 0.2883 0.2143 0.2633 0.3877 0.5554 0.7316 0.9058 1.0615 1.1900 1.2910 1.3635 1.4137 1.4365 1.4413 1.4279 1.4039 1.3710 1.3264 1.2689 1.2181
10.8620 5.8079 26.2074 15.5443 1.2650 12.2890 23.3632 15.9683 3.5629 1.7475 9.3080 16.3889 16.8545 11.6890 5.4281 1.4368 0.7122 2.4052 4.9817 7.1773 8.3642 8.3324 7.4659 6.1360 4.6065 3.2086 2.0529 1.2043 0.6495 0.3558 0.2588 0.3034 0.4360 0.6125 0.8097 0.9955 1.1682 1.3137 1.4263 1.5086 1.5616 1.5925 1.5967 1.5848 1.5546 1.5159 1.4712 1.4160 1.3488 1.2898
7.8463 27.8756 14.2816 1.3683 14.5397 24.8789 15.7153 2.9952 2.2998 10.9891 18.0676 17.8950 11.9819 5.1739 1.1804 0.8066 2.9548 5.9041 8.3173 9.5314 9.5127 8.4322 6.8633 5.1791 3.5839 2.2997 1.3547 0.7450 0.4169 0.3122 0.3608 0.5075 0.7047 0.9143 1.1246 1.3060 1.4662 1.5929 1.6826 1.7412 1.7708 1.7796 1.7631 1.7330 1.6846 1.6301 1.5732 1.5069 1.4296 1.3623
29.5400 10.5525 2.5057 19.0290 26.1544 13.7032 1.8341 3.9097 13.9895 20.4984 18.5214 11.4202 4.3636 0.8066 1.1909 4.0494 7.4226 9.9347 11.0293 10.7358 9.4635 7.5710 5.6239 3.8889 2.4647 1.4512 0.8058 0.4728 0.3755 0.4464 0.6168 0.8399 1.0769 1.2981 1.5049 1.6680 1.8054 1.9054 1.9650 1.9936 1.9942 1.9789 1.9401 1.8905 1.8245 1.7548 1.6846 1.6063 1.5179 1.4421
4.5899 7.0491 25.4032 25.2544 9.3812 1.0284 7.6139 18.5932 22.7903 18.2340 9.6569 2.9200 0.5748 2.2293 5.9227 9.6914 12.0872 12.7751 12.0108 10.2720 8.1186 5.8850 3.9750 2.4998 1.4496 0.8173 0.5147 0.4597 0.5694 0.7824 1.0375 1.3032 1.5504 1.7589 1.9436 2.0735 2.1771 2.2423 2.2653 2.2587 2.2261 2.1846 2.1223 2.0520 1.9680 1.8827 1.7987 1.7079 1.6081 1.5237
17.8175 30.5479 19.4571 3.6849 3.0581 14.5666 24.1066 23.7280 15.6845 6.5763 1.3083 1.1512 4.5299 8.9925 12.6789 14.6675 14.6030 13.0819 10.7682 8.2038 5.8238 3.8008 2.3153 1.3367 0.7768 0.5604 0.5841 0.7654 1.0289 1.3319 1.6240 1.8924 2.1174 2.2881 2.4323 2.5149 2.5746 2.5976 2.5782 2.5321 2.4632 2.3939 2.3069 2.2154 2.1129 2.0118 1.9138 1.8102 1.6989 1.6059
27.0037 8.3861 1.5553 11.4720 24.3223 27.7757 20.9290 10.3517 2.7469 0.8672 3.7576 8.8246 13.5480 16.4050 17.1291 16.0462 13.5767 10.6077 7.7162 5.2205 3.2955 1.9289 1.1114 0.7292 0.6599 0.8089 1.0839 1.4228 1.7650 2.0950 2.3719 2.6027 2.7755 2.8856 2.9729 2.9953 3.0011 2.9738 2.9065 2.8196 2.7162 2.6201 2.5080 2.3928 2.2700 2.1517 2.0387 1.9222 1.7993 1.6971
1.5408 11.5344 26.1233 31.1280 24.3249 12.5610 3.5949 1.0212 4.0979 9.9384 15.4751 19.0930 20.0931 18.8288 16.1623 12.8563 9.4175 6.4176 4.0780 2.4263 1.4089 0.8957 0.7785 0.9321 1.2387 1.6293 2.0355 2.4279 2.7615 3.0516 3.2607 3.4159 3.5099 3.5394 3.5556 3.5069 3.4500 3.3652 3.2457 3.1177 2.9830 2.8616 2.7244 2.5833 2.4385 2.3016 2.1727 2.0431 1.9087 1.7970
32.0122 33.8524 24.0745 11.1094 2.7076 1.6978 6.4621 13.4666 19.6238 23.2233 23.5960 21.6861 18.2037 14.1476 10.2570 6.9357 4.3337 2.5437 1.4798 0.9977 0.9469 1.1720 1.5704 2.0579 2.5407 3.0010 3.3947 3.7272 3.9644 4.1509 4.2454 4.2922 4.2855 4.2190 4.1537 4.0266 3.9019 3.7561 3.5826 3.4133 3.2484 3.1027 2.9409 2.7737 2.6069 2.4516 2.3069 2.1645 2.0187 1.8977
16.5409 5.0775 1.5724 5.5911 13.5297 21.4488 26.7271 28.3618 26.8912 23.3096 18.4681 13.6827 9.4043 6.0129 3.5980 2.0791 1.2962 1.0902 1.2859 1.7317 2.3118 2.9032 3.4837 4.0255 4.4514 4.8021 5.0469 5.2198 5.2883 5.3202 5.2691 5.1883 5.0677 4.8968 4.7457 4.5408 4.3491 4.1435 3.9180 3.7097 3.5165 3.3451 3.1587 2.9684 2.7808 2.6076 2.4472 2.2921 2.1352 2.0047
10.3317 20.2088 28.7474 33.5934 34.2195 31.3684 26.3259 20.3617 14.6608 9.8243 6.0463 3.5073 2.0120 1.3596 1.3403 1.7491 2.3978 3.1580 3.9346 4.6652 5.3241 5.8197 6.2266 6.5549 6.7161 6.8129 6.8124 6.7633 6.6201 6.4657 6.2628 6.0538 5.8165 5.5413 5.3078 5.0369 4.7871 4.5289 4.2590 4.0168 3.7979 3.5938 3.3819 3.1761 2.9705 2.7803 2.6038 2.4360 2.2676 2.1273
41.1676 36.0442 29.0975 21.8029 15.1517 9.7392 5.7779 3.2293 1.9170 1.5653 1.8853 2.6558 3.6512 4.7056 5.7538 6.7379 7.5412 8.1776 8.6526 8.9985 9.2450 9.2881 9.2723 9.2176 8.9984 8.7733 8.4917 8.2045 7.8445 7.5042 7.1606 6.8357 6.4924 6.1233 5.8168 5.4905 5.1906 4.8863 4.5781 4.3072 4.0672 3.8327 3.5975 3.3791 3.1572 2.9515 2.7597 2.5800 2.4008 2.2510
4.5040 2.6184 2.0653 2.5227 3.6527 5.1677 6.8348 8.4499 9.9445 11.2720 12.2773 13.1310 13.7154 14.0349 14.2539 14.3950 14.2821 14.0304 13.6760 13.3061 12.9408 12.4267 11.9366 11.4823 10.8940 10.3732 9.8459 9.3565 8.8166 8.3241 7.8728 7.4602 7.0348 6.5924 6.2297 5.8633 5.5263 5.1872 4.8497 4.5564 4.2996 4.0396 3.7860 3.5595 3.3247 3.1059 2.9010 2.7110 2.5226 2.3647
30.7470 31.1531 31.2780 31.1539 30.7592 30.2049 29.4631 28.4788 27.4602 26.4538 25.2079 24.1344 22.9875 21.7720 20.7254 19.8249 18.7817 17.7409 16.7260 15.8202 15.0199 14.1290 13.3202 12.6029 11.8052 11.1162 10.4487 9.8358 9.2007 8.6438 8.1393 7.6824 7.2163 6.7368 6.3444 5.9558 5.6073 5.2620 4.9115 4.5979 4.3143 4.0510 3.7986 3.5774 3.3420 3.1212 2.9135 2.7210 2.5306 2.3719
