0.1568 0.0318 0.1062 0.3905 0.2691 0.0326 0.3711 0.0308 0.3134 0.0419 0.2881 0.0678 0.0846 0.1848 0.0808 0.0206 0.0435 0.1127 0.1704 0.1466 0.0693 0.0236 0.0408 0.0814 0.0973 0.0779 0.0415 0.0123 0.0022 0.0100 0.0269 0.0438 0.0548 0.0580 0.0548 0.0467 0.0367 0.0266 0.0177 0.0107 0.0058 0.0027 0.0011 0.0007 0.0010 0.0018 0.0029 0.0039 0.0049 0.0058
0.5193 0.1115 0.2877 1.1477 0.8383 0.0859 1.1100 0.1023 0.9330 0.1299 0.8646 0.1930 0.2621 0.5500 0.2334 0.0621 0.1373 0.3453 0.5145 0.4387 0.2055 0.0698 0.1221 0.2431 0.2894 0.2308 0.1222 0.0357 0.0065 0.0306 0.0816 0.1321 0.1649 0.1740 0.1643 0.1398 0.1098 0.0795 0.0528 0.0319 0.0172 0.0080 0.0034 0.0021 0.0031 0.0055 0.0086 0.0118 0.0148 0.0175
1.0346 0.2539 0.3853 1.8250 1.4960 0.1111 1.8317 0.2081 1.5271 0.2327 1.4397 0.2890 0.4648 0.9008 0.3597 0.1060 0.2516 0.5989 0.8676 0.7271 0.3347 0.1123 0.2019 0.4012 0.4743 0.3750 0.1961 0.0558 0.0109 0.0535 0.1391 0.2228 0.2763 0.2903 0.2732 0.2319 0.1818 0.1312 0.0870 0.0525 0.0282 0.0131 0.0055 0.0035 0.0053 0.0094 0.0145 0.0199 0.0249 0.0294
1.8137 0.5459 0.3764 2.3460 2.2844 0.1163 2.5021 0.3859 2.0666 0.3688 2.0035 0.3418 0.7087 1.2227 0.4457 0.1595 0.4018 0.8850 1.2316 1.0059 0.4503 0.1485 0.2793 0.5530 0.6469 0.5048 0.2586 0.0706 0.0158 0.0804 0.2014 0.3174 0.3899 0.4071 0.3813 0.3224 0.2518 0.1812 0.1196 0.0718 0.0383 0.0177 0.0074 0.0049 0.0076 0.0134 0.0207 0.0283 0.0352 0.0415
2.9440 1.1247 0.2992 2.6130 3.2092 0.1503 3.0567 0.6923 2.5061 0.5678 2.5330 0.3463 1.0070 1.4953 0.4841 0.2375 0.6046 1.2108 1.6019 1.2645 0.5440 0.1750 0.3529 0.6957 0.8021 0.6145 0.3059 0.0789 0.0221 0.1133 0.2711 0.4179 0.5070 0.5248 0.4884 0.4108 0.3193 0.2287 0.1502 0.0897 0.0475 0.0217 0.0091 0.0064 0.0101 0.0178 0.0272 0.0370 0.0458 0.0539
4.4074 2.1515 0.2870 2.5310 4.2098 0.3155 3.3976 1.2012 2.7836 0.8723 2.9891 0.3118 1.3667 1.6923 0.4790 0.3650 0.8756 1.5749 1.9642 1.4854 0.6047 0.1887 0.4224 0.8269 0.9353 0.6993 0.3350 0.0800 0.0315 0.1553 0.3508 0.5265 0.6287 0.6439 0.5945 0.4967 0.3838 0.2732 0.1783 0.1056 0.0554 0.0251 0.0106 0.0079 0.0130 0.0226 0.0342 0.0462 0.0570 0.0667
5.9585 3.7198 0.5848 2.0636 5.1281 0.7649 3.4093 1.9894 2.8291 1.3341 3.3156 0.2656 1.7827 1.7856 0.4522 0.5756 1.2244 1.9625 2.2909 1.6441 0.6204 0.1881 0.4896 0.9469 1.0440 0.7563 0.3445 0.0751 0.0466 0.2095 0.4437 0.6456 0.7568 0.7653 0.6998 0.5799 0.4449 0.3144 0.2036 0.1194 0.0619 0.0277 0.0118 0.0096 0.0161 0.0279 0.0418 0.0559 0.0686 0.0801
7.0399 5.6906 1.5055 1.3185 5.7028 1.6626 3.0026 3.1027 2.5866 2.0029 3.4454 0.2566 2.2323 1.7531 0.4485 0.9064 1.6458 2.3396 2.5402 1.7102 0.5800 0.1765 0.5618 1.0603 1.1300 0.7860 0.3359 0.0670 0.0714 0.2801 0.5533 0.7775 0.8925 0.8894 0.8043 0.6603 0.5023 0.3520 0.2258 0.1310 0.0669 0.0295 0.0129 0.0114 0.0198 0.0338 0.0501 0.0664 0.0809 0.0940
6.9052 7.5194 3.2756 0.6272 5.6258 3.0957 2.1915 4.5009 2.0528 2.9050 3.3150 0.3528 2.6703 1.5929 0.5376 1.3864 2.1094 2.6492 2.6582 1.6528 0.4801 0.1672 0.6556 1.1802 1.2015 0.7945 0.3143 0.0606 0.1103 0.3706 0.6821 0.9241 1.0369 1.0168 0.9080 0.7377 0.5557 0.3857 0.2448 0.1402 0.0705 0.0305 0.0137 0.0135 0.0240 0.0404 0.0591 0.0776 0.0939 0.1085
5.1247 8.2621 5.7635 0.5421 4.6943 4.9429 1.1888 5.9924 1.3299 4.0118 2.8890 0.6321 3.0318 1.3402 0.8072 2.0170 2.5486 2.8137 2.5891 1.4523 0.3335 0.1891 0.8011 1.3307 1.2763 0.7944 0.2890 0.0626 0.1676 0.4836 0.8312 1.0852 1.1892 1.1465 1.0102 0.8114 0.6048 0.4152 0.2603 0.1469 0.0725 0.0309 0.0145 0.0160 0.0289 0.0478 0.0690 0.0896 0.1077 0.1237
2.3559 7.0249 8.2021 1.6537 3.0335 6.7633 0.4618 7.1945 0.6745 5.2053 2.1949 1.1648 3.2473 1.0841 1.3433 2.7501 2.8605 2.7530 2.2990 1.1204 0.1818 0.2932 1.0452 1.5498 1.3825 0.8056 0.2728 0.0798 0.2456 0.6183 0.9982 1.2584 1.3473 1.2769 1.1096 0.8805 0.6489 0.4404 0.2725 0.1513 0.0731 0.0307 0.0154 0.0191 0.0346 0.0562 0.0799 0.1027 0.1225 0.1399
0.6753 3.9576 9.2283 4.1871 1.2837 7.8339 0.6561 7.5867 0.5047 6.2501 1.3578 1.9896 3.2641 0.9659 2.1903 3.4650 2.9184 2.4158 1.8086 0.7218 0.1041 0.5514 1.4448 1.8804 1.5512 0.8493 0.2774 0.1157 0.3416 0.7679 1.1750 1.4355 1.5042 1.4024 1.2022 0.9423 0.6862 0.4599 0.2806 0.1530 0.0723 0.0301 0.0165 0.0229 0.0413 0.0659 0.0922 0.1172 0.1386 0.1573
2.3658 1.0850 7.6457 7.5176 0.5319 7.4589 2.2979 6.7286 1.3068 6.7994 0.6264 3.0820 3.0701 1.1501 3.2947 3.9585 2.6087 1.8313 1.2338 0.3944 0.2159 1.0385 2.0409 2.3442 1.7953 0.9327 0.3039 0.1646 0.4434 0.9156 1.3428 1.5981 1.6435 1.5095 1.2774 0.9891 0.7116 0.4706 0.2826 0.1511 0.0697 0.0290 0.0181 0.0278 0.0495 0.0771 0.1059 0.1330 0.1559 0.1758
7.3639 1.5085 3.8376 9.9825 1.8418 5.4876 5.3279 4.6252 3.3876 6.4771 0.3711 4.3370 2.7259 1.7707 4.4673 3.9969 1.9258 1.1900 0.8279 0.3482 0.6361 1.7867 2.8153 2.9077 2.0857 1.0349 0.3355 0.2088 0.5304 1.0386 1.4786 1.7248 1.7466 1.5833 1.3238 1.0127 0.7194 0.4690 0.2767 0.1445 0.0650 0.0275 0.0205 0.0341 0.0595 0.0902 0.1217 0.1507 0.1750 0.1958
11.9329 6.3892 0.7706 9.5348 5.4794 2.7395 8.7642 2.0809 6.4814 5.0636 1.0272 5.5504 2.3500 2.8386 5.3815 3.4172 1.0741 0.8863 0.9599 0.8000 1.3993 2.6953 3.6093 3.4189 2.3101 1.0850 0.3313 0.2237 0.5850 1.1211 1.5669 1.8008 1.8004 1.6128 1.3327 1.0070 0.7055 0.4524 0.2612 0.1327 0.0581 0.0260 0.0243 0.0426 0.0720 0.1059 0.1399 0.1708 0.1961 0.2177
11.2378 12.3342 2.2877 5.6121 10.1628 0.8497 10.9725 0.6085 9.4076 2.8093 2.9489 6.3952 2.0564 4.1647 5.6618 2.2829 0.5315 1.4549 1.9716 1.8066 2.3042 3.4108 4.0405 3.5562 2.2508 0.9645 0.2466 0.2091 0.6278 1.1897 1.6323 1.8458 1.8191 1.6077 1.3107 0.9760 0.6726 0.4225 0.2377 0.1167 0.0500 0.0252 0.0300 0.0539 0.0875 0.1246 0.1610 0.1935 0.2195 0.2416
4.8177 13.6762 8.3707 1.2811 12.7755 1.5059 10.6556 1.4800 10.2700 0.7811 6.1003 6.3709 1.8779 5.3736 5.0755 1.0095 0.9353 3.2630 3.8189 2.9798 2.7506 3.2773 3.5260 2.8913 1.6630 0.5880 0.1111 0.2625 0.7849 1.3732 1.7899 1.9549 1.8769 1.6231 1.2974 0.9470 0.6387 0.3911 0.2129 0.1005 0.0426 0.0260 0.0379 0.0676 0.1056 0.1459 0.1846 0.2184 0.2450 0.2673
0.8773 7.8174 13.5717 1.6474 9.6164 5.6822 7.5718 4.3833 7.8317 0.8199 9.4072 4.7552 1.8665 6.1399 3.7584 0.2823 2.5883 5.7738 5.4085 3.1592 1.8245 1.7291 1.8090 1.3980 0.6765 0.1804 0.1976 0.6699 1.3289 1.9168 2.2478 2.2971 2.1054 1.7570 1.3636 0.9690 0.6364 0.3785 0.1990 0.0903 0.0383 0.0284 0.0467 0.0818 0.1240 0.1674 0.2084 0.2436 0.2708 0.2933
7.9035 0.7603 11.4794 8.3809 2.9316 11.5407 1.6252 9.6501 4.1175 3.8130 9.1864 0.9225 4.1078 7.8356 2.4855 0.5435 4.3666 5.8638 3.1649 0.5052 0.4849 2.0095 3.0701 2.9201 2.0168 1.2110 0.9345 1.1759 1.6586 2.1146 2.3455 2.3226 2.0828 1.7076 1.3032 0.9095 0.5847 0.3384 0.1719 0.0757 0.0350 0.0345 0.0603 0.1011 0.1473 0.1936 0.2363 0.2724 0.2996 0.3219
16.1029 4.9695 4.1059 14.3770 0.6969 13.1768 0.7589 12.1762 1.1746 7.6752 7.4935 0.3915 6.7494 7.2981 1.1392 1.5813 5.8339 5.8079 2.3264 0.2359 1.0375 2.8112 3.6105 3.0986 2.0008 1.1965 1.0173 1.3520 1.8720 2.3095 2.4853 2.3976 2.1007 1.6860 1.2596 0.8590 0.5374 0.3006 0.1463 0.0628 0.0337 0.0431 0.0766 0.1233 0.1737 0.2227 0.2670 0.3036 0.3306 0.3525
11.9038 14.8378 0.9255 13.0687 5.2208 9.2684 4.5930 10.8750 0.7544 11.0257 4.4486 1.6665 9.0363 5.7059 0.3658 3.3166 7.0301 5.2391 1.4373 0.2760 1.8706 3.6821 4.0692 3.1683 1.9228 1.1744 1.1223 1.5525 2.0963 2.4985 2.6062 2.4472 2.0927 1.6416 1.1982 0.7963 0.4828 0.2596 0.1207 0.0519 0.0357 0.0556 0.0972 0.1497 0.2040 0.2554 0.3008 0.3377 0.3641 0.3851
1.5852 15.7362 8.3819 5.0799 13.3420 2.9131 11.1738 6.1243 4.0179 11.8936 1.5063 4.7399 10.0478 3.4628 0.6335 5.5006 7.6419 4.1973 0.6962 0.7276 2.9507 4.5389 4.3859 3.1097 1.7899 1.1584 1.2580 1.7788 2.3279 2.6758 2.7029 2.4677 2.0568 1.5742 1.1199 0.7228 0.4228 0.2172 0.0965 0.0444 0.0421 0.0730 0.1226 0.1807 0.2385 0.2919 0.3380 0.3746 0.4000 0.4198
5.8733 5.0972 17.6326 0.8843 16.3173 0.9912 15.1885 1.4634 9.6753 9.3527 0.5505 8.6538 9.1606 1.3803 2.1853 7.6604 7.4276 2.8604 0.3319 1.6410 4.1900 5.2777 4.5060 2.9176 1.6196 1.1667 1.4337 2.0309 2.5612 2.8347 2.7699 2.4559 1.9920 1.4845 1.0263 0.6406 0.3594 0.1754 0.0756 0.0416 0.0540 0.0960 0.1535 0.2167 0.2776 0.3325 0.3787 0.4146 0.4384 0.4567
19.5203 1.9294 14.2440 8.2593 9.7389 7.2024 12.3921 1.4569 14.0881 4.6454 2.8038 11.6853 6.4955 0.4574 4.8506 9.1893 6.3262 1.5426 0.5542 2.9850 5.4462 5.7880 4.3931 2.6058 1.4405 1.2207 1.6578 2.3065 2.7894 2.9680 2.8029 2.4107 1.8995 1.3746 0.9201 0.5526 0.2954 0.1366 0.0598 0.0451 0.0726 0.1257 0.1907 0.2585 0.3218 0.3775 0.4233 0.4578 0.4796 0.4958
14.7808 14.9645 2.8326 18.5328 1.5917 16.0705 4.9020 7.4531 13.6372 1.0269 7.7170 12.1290 3.1380 1.4639 7.9660 9.5325 4.5389 0.6442 1.4895 4.6261 6.5359 5.9703 4.0384 2.2106 1.2914 1.3433 1.9355 2.6002 3.0035 3.0677 2.7971 2.3303 1.7802 1.2469 0.8043 0.4618 0.2335 0.1031 0.0512 0.0565 0.0991 0.1631 0.2351 0.3068 0.3716 0.4273 0.4719 0.5045 0.5237 0.5374
1.1768 20.6623 4.3111 16.0076 4.2490 17.1966 0.8771 15.0093 8.1234 1.7876 12.7370 9.4075 0.8522 4.4676 10.4986 8.4256 2.5486 0.5563 3.1169 6.3291 7.2638 5.7595 3.4712 1.7912 1.2186 1.5546 2.2667 2.9022 3.1924 3.1256 2.7476 2.2132 1.6346 1.1038 0.6822 0.3717 0.1769 0.0775 0.0517 0.0773 0.1347 0.2089 0.2870 0.3617 0.4270 0.4817 0.5245 0.5545 0.5704 0.5812
11.9263 6.6568 18.8132 3.8507 16.1612 8.3415 6.2639 16.8915 2.0862 7.4218 14.5755 4.8293 1.2541 8.5633 11.4039 6.0966 1.0361 1.5295 5.2268 7.7855 7.4622 5.1507 2.7663 1.4260 1.2685 1.8683 2.6443 3.1985 3.3432 3.1338 2.6516 2.0601 1.4662 0.9499 0.5586 0.2864 0.1290 0.0626 0.0635 0.1092 0.1806 0.2639 0.3469 0.4234 0.4882 0.5410 0.5811 0.6078 0.6198 0.6271
24.3452 3.3032 19.7599 3.5293 20.3825 1.1362 16.3959 10.5343 1.6632 14.3046 11.5779 1.2672 4.7685 12.0577 10.1232 3.3189 0.6790 3.5440 7.4264 8.6737 7.0396 4.2154 2.0400 1.2025 1.4798 2.2859 3.0526 3.4704 3.4423 3.0852 2.5078 1.8740 1.2797 0.7904 0.4386 0.2105 0.0936 0.0613 0.0887 0.1536 0.2376 0.3288 0.4153 0.4923 0.5553 0.6052 0.6418 0.6643 0.6719 0.6753
7.5093 20.8582 4.4153 18.0747 9.4843 7.1213 19.2303 2.4391 8.5355 16.8229 5.5518 1.5296 9.9931 13.1729 6.9965 1.2273 1.8848 6.2360 9.2080 8.7469 6.0274 3.1092 1.4396 1.2059 1.8755 2.7952 3.4697 3.7016 3.4827 2.9819 2.3205 1.6600 1.0818 0.6324 0.3285 0.1490 0.0745 0.0765 0.1294 0.2117 0.3065 0.4033 0.4914 0.5675 0.6279 0.6743 0.7069 0.7249 0.7276 0.7267
5.1751 19.8897 5.4275 21.6865 1.2646 19.3951 10.4978 2.5280 16.8733 12.3574 1.2110 6.2242 14.1353 11.1095 3.3580 0.8988 4.5499 8.9343 10.0724 7.9044 4.5836 2.0427 1.1112 1.4925 2.4492 3.3621 3.8578 3.8609 3.4440 2.8125 2.0893 1.4243 0.8799 0.4826 0.2340 0.1065 0.0753 0.1108 0.1874 0.2849 0.3881 0.4883 0.5760 0.6498 0.7064 0.7482 0.7760 0.7887 0.7858 0.7802
25.7298 2.2436 22.8165 6.7435 11.3722 19.7071 1.5862 12.1121 18.1117 4.5691 2.6817 12.7130 14.5544 6.7284 1.0439 2.8298 7.9692 10.8240 9.6959 6.2726 3.0043 1.2629 1.1779 2.0806 3.1635 3.9354 4.1745 3.9224 3.3157 2.5773 1.8209 1.1762 0.6832 0.3492 0.1617 0.0881 0.0996 0.1668 0.2643 0.3740 0.4828 0.5840 0.6693 0.7391 0.7905 0.8268 0.8489 0.8556 0.8465 0.8357
13.4375 12.7753 18.4083 3.2866 23.4209 6.8378 5.9074 20.3099 10.3480 1.0859 9.6317 16.4598 10.6601 2.4244 1.5187 6.5532 10.9901 11.2186 8.0769 4.2140 1.6685 0.9947 1.7037 2.9343 3.9476 4.4497 4.3756 3.8642 3.0927 2.2815 1.5257 0.9272 0.5023 0.2407 0.1182 0.0985 0.1509 0.2466 0.3614 0.4799 0.5912 0.6905 0.7711 0.8353 0.8802 0.9099 0.9255 0.9254 0.9096 0.8932
3.1203 26.0264 1.8746 20.1245 15.0488 1.9234 18.5957 16.3907 2.0271 6.2121 16.5806 14.3454 4.7943 0.9327 4.9689 10.6599 12.4285 9.8670 5.6179 2.2728 0.9547 1.3841 2.6721 3.9714 4.7230 4.8533 4.4351 3.6792 2.7804 1.9371 1.2202 0.6930 0.3500 0.1668 0.1106 0.1427 0.2325 0.3524 0.4808 0.6050 0.7161 0.8117 0.8856 0.9418 0.9782 0.9997 1.0073 0.9996 0.9765 0.9540
25.7627 7.0389 13.3758 22.0257 1.6909 14.5666 20.9659 4.9618 3.4309 15.5311 17.2134 7.6600 1.0797 3.5960 9.9195 13.2965 11.5495 7.0893 3.0241 1.0240 1.1299 2.4383 3.9575 5.0352 5.3561 5.0549 4.3061 3.3554 2.3875 1.5626 0.9202 0.4866 0.2369 0.1358 0.1448 0.2246 0.3465 0.4855 0.6226 0.7482 0.8554 0.9444 1.0092 1.0552 1.0817 1.0938 1.0925 1.0765 1.0456 1.0166
14.4119 7.3734 25.7479 4.2715 10.3384 23.4759 8.7230 1.8329 13.8129 19.3374 10.4921 1.7537 2.5849 9.1883 13.7894 13.0637 8.5375 3.8232 1.1715 0.9295 2.2638 4.0038 5.3455 5.9428 5.7287 4.9970 3.9753 2.9049 1.9375 1.1832 0.6480 0.3255 0.1762 0.1565 0.2266 0.3476 0.4950 0.6466 0.7870 0.9094 1.0090 1.0882 1.1413 1.1751 1.1902 1.1918 1.1806 1.1557 1.1165 1.0807
3.7952 26.8956 7.6868 7.2579 24.5388 12.1850 1.2562 12.3614 20.6923 13.0430 2.6199 1.9522 8.7270 14.3270 14.2891 9.8645 4.5746 1.3298 0.7933 2.1534 4.1698 5.7820 6.5721 6.5183 5.7525 4.6560 3.4585 2.3625 1.4684 0.8327 0.4299 0.2292 0.1811 0.2378 0.3616 0.5152 0.6803 0.8376 0.9754 1.0897 1.1777 1.2440 1.2831 1.3030 1.3050 1.2947 1.2729 1.2385 1.1905 1.1475
27.4900 10.2846 5.7561 25.1550 14.6269 1.2125 11.7297 21.9351 14.8873 3.3388 1.6714 8.6960 15.1861 15.5227 10.8775 5.1542 1.4272 0.7100 2.1842 4.4619 6.4216 7.3836 7.3721 6.6240 5.3850 4.0488 2.8005 1.7791 1.0254 0.5463 0.2924 0.2166 0.2643 0.3879 0.5551 0.7310 0.9051 1.0607 1.1893 1.2903 1.3629 1.4131 1.4360 1.4409 1.4276 1.4036 1.3708 1.3262 1.2688 1.2179
10.7937 5.8292 26.1549 15.4576 1.2526 12.2994 23.3161 15.8853 3.5096 1.7441 9.3218 16.3791 16.8058 11.6149 5.3534 1.3832 0.6912 2.4161 5.0169 7.2270 8.4194 8.3855 7.5129 6.1751 4.6370 3.2315 2.0693 1.2154 0.6567 0.3600 0.2610 0.3042 0.4359 0.6119 0.8088 0.9945 1.1672 1.3128 1.4254 1.5078 1.5609 1.5919 1.5962 1.5844 1.5543 1.5156 1.4710 1.4158 1.3486 1.2896
7.8818 27.8305 14.2055 1.3696 14.5611 24.8400 15.6415 2.9536 2.3084 11.0135 18.0671 17.8563 11.9192 5.1131 1.1418 0.7996 2.9782 5.9497 8.3749 9.5922 9.5701 8.4819 6.9038 5.2106 3.6070 2.3159 1.3656 0.7518 0.4207 0.3139 0.3612 0.5071 0.7037 0.9131 1.1233 1.3048 1.4650 1.5919 1.6816 1.7404 1.7702 1.7790 1.7626 1.7326 1.6843 1.6298 1.5729 1.5068 1.4295 1.3622
29.4932 10.4954 2.5284 19.0572 26.1189 13.6419 1.8113 3.9343 14.0232 20.5040 18.4907 11.3699 4.3186 0.7855 1.2001 4.0860 7.4775 9.9979 11.0924 10.7933 9.5124 7.6099 5.6534 3.9102 2.4793 1.4605 0.8113 0.4755 0.3764 0.4461 0.6157 0.8385 1.0754 1.2966 1.5034 1.6667 1.8042 1.9044 1.9641 1.9929 1.9936 1.9783 1.9397 1.8901 1.8242 1.7546 1.6844 1.6061 1.5178 1.4420
4.5650 7.0955 25.4285 25.2179 9.3379 1.0313 7.6556 18.6320 22.7966 18.2081 9.6193 2.8933 0.5732 2.2553 5.9709 9.7530 12.1524 12.8367 12.0644 10.3158 8.1526 5.9098 3.9923 2.5111 1.4563 0.8207 0.5158 0.4594 0.5682 0.7807 1.0356 1.3013 1.5486 1.7572 1.9421 2.0722 2.1760 2.2414 2.2645 2.2581 2.2256 2.1842 2.1219 2.0517 1.9677 1.8825 1.7985 1.7077 1.6080 1.5236
17.8761 30.5560 19.4213 3.6690 3.0898 14.6197 24.1418 23.7291 15.6622 6.5528 1.3019 1.1697 4.5713 9.0489 12.7417 14.7294 14.6581 13.1274 10.8035 8.2297 5.8418 3.8123 2.3220 1.3399 0.7776 0.5596 0.5824 0.7632 1.0266 1.3295 1.6218 1.8905 2.1156 2.2866 2.4310 2.5137 2.5736 2.5968 2.5775 2.5316 2.4627 2.3936 2.3066 2.2151 2.1127 2.0116 1.9136 1.8101 1.6988 1.6058
26.9876 8.3657 1.5760 11.5259 24.3724 27.7964 20.9218 10.3352 2.7407 0.8822 3.7941 8.8767 13.6072 16.4633 17.1814 16.0897 13.6102 10.6318 7.7323 5.2302 3.3005 1.9306 1.1109 0.7273 0.6572 0.8060 1.0809 1.4199 1.7624 2.0927 2.3698 2.6010 2.7740 2.8844 2.9719 2.9944 3.0004 2.9732 2.9060 2.8192 2.7159 2.6198 2.5078 2.3926 2.2699 2.1516 2.0386 1.9221 1.7992 1.6971
1.5593 11.5862 26.1762 31.1560 24.3260 12.5508 3.5919 1.0363 4.1325 9.9872 15.5296 19.1462 20.1397 18.8663 16.1902 12.8754 9.4292 6.4236 4.0798 2.4254 1.4062 0.8921 0.7746 0.9282 1.2350 1.6259 2.0325 2.4253 2.7593 3.0497 3.2591 3.4145 3.5087 3.5385 3.5549 3.5063 3.4495 3.3647 3.2453 3.1174 2.9827 2.8614 2.7242 2.5831 2.4384 2.3015 2.1726 2.0430 1.9086 1.7969
32.0586 33.8746 24.0746 11.1028 2.7098 1.7166 6.4969 13.5117 19.6718 23.2681 23.6333 21.7144 18.2229 14.1589 10.2621 6.9363 4.3313 2.5395 1.4747 0.9923 0.9416 1.1671 1.5660 2.0541 2.5374 2.9982 3.3924 3.7252 3.9628 4.1495 4.2443 4.2913 4.2848 4.2184 4.1532 4.0262 3.9016 3.7559 3.5824 3.4132 3.2482 3.1026 2.9408 2.7736 2.6069 2.4515 2.3069 2.1645 2.0187 1.8977
16.5356 5.0755 1.5830 5.6160 13.5651 21.4882 26.7646 28.3931 26.9146 23.3250 18.4762 13.6849 9.4023 6.0081 3.5917 2.0721 1.2893 1.0837 1.2800 1.7266 2.3073 2.8994 3.4806 4.0229 4.4493 4.8003 5.0454 5.2186 5.2874 5.3195 5.2685 5.1878 5.0673 4.8965 4.7455 4.5406 4.3489 4.1434 3.9179 3.7097 3.5164 3.3450 3.1587 2.9684 2.7808 2.6075 2.4471 2.2921 2.1351 2.0047
10.3538 20.2374 28.7771 33.6198 34.2398 31.3815 26.3323 20.3625 14.6575 9.8183 6.0389 3.4992 2.0039 1.3520 1.3334 1.7431 2.3926 3.1536 3.9310 4.6623 5.3217 5.8177 6.2250 6.5536 6.7150 6.8121 6.8118 6.7628 6.6197 6.4654 6.2625 6.0536 5.8164 5.5412 5.3077 5.0368 4.7870 4.5288 4.2590 4.0168 3.7978 3.5938 3.3819 3.1761 2.9704 2.7803 2.6038 2.4360 2.2676 2.1273
41.1772 36.0482 29.0967 21.7984 15.1446 9.7308 5.7691 3.2206 1.9089 1.5581 1.8790 2.6504 3.6466 4.7018 5.7506 6.7353 7.5391 8.1760 8.6512 8.9975 9.2441 9.2874 9.2718 9.2171 8.9981 8.7731 8.4915 8.2043 7.8444 7.5041 7.1605 6.8357 6.4924 6.1233 5.8168 5.4904 5.1906 4.8863 4.5781 4.3072 4.0672 3.8327 3.5975 3.3791 3.1572 2.9514 2.7597 2.5800 2.4008 2.2510
4.4961 2.6111 2.0587 2.5169 3.6478 5.1636 6.8314 8.4471 9.9423 11.2702 12.2759 13.1298 13.7144 14.0341 14.2534 14.3946 14.2817 14.0301 13.6758 13.3059 12.9407 12.4266 11.9366 11.4822 10.8939 10.3732 9.8459 9.3564 8.8166 8.3240 7.8728 7.4602 7.0348 6.5924 6.2296 5.8633 5.5263 5.1872 4.8497 4.5564 4.2996 4.0396 3.7860 3.5595 3.3247 3.1059 2.9010 2.7110 2.5226 2.3647
30.7467 31.1528 31.2778 31.1537 30.7591 30.2049 29.4631 28.4788 27.4602 26.4538 25.2078 24.1344 22.9875 21.7720 20.7254 19.8249 18.7817 17.7409 16.7260 15.8202 15.0199 14.1290 13.3202 12.6029 11.8052 11.1162 10.4487 9.8358 9.2007 8.6438 8.1393 7.6824 7.2163 6.7368 6.3444 5.9558 5.6073 5.2620 4.9115 4.5979 4.3143 4.0510 3.7986 3.5774 3.3420 3.1212 2.9135 2.7210 2.5306 2.3719
