0.1568 0.0318 0.1062 0.3905 0.2691 0.0326 0.3712 0.0308 0.3134 0.0419 0.2880 0.0677 0.0845 0.1846 0.0808 0.0207 0.0436 0.1127 0.1704 0.1466 0.0693 0.0236 0.0408 0.0814 0.0972 0.0778 0.0415 0.0123 0.0022 0.0100 0.0269 0.0438 0.0548 0.0580 0.0548 0.0467 0.0367 0.0266 0.0177 0.0107 0.0058 0.0027 0.0011 0.0007 0.0010 0.0018 0.0029 0.0039 0.0049 0.0058
0.5193 0.1115 0.2877 1.1476 0.8382 0.0858 1.1101 0.1023 0.9331 0.1299 0.8644 0.1929 0.2619 0.5496 0.2332 0.0623 0.1374 0.3454 0.5146 0.4389 0.2056 0.0697 0.1219 0.2429 0.2892 0.2307 0.1222 0.0357 0.0065 0.0306 0.0816 0.1321 0.1649 0.1740 0.1643 0.1398 0.1098 0.0795 0.0528 0.0319 0.0172 0.0080 0.0034 0.0021 0.0031 0.0055 0.0086 0.0118 0.0148 0.0175
1.0346 0.2539 0.3853 1.8249 1.4959 0.1111 1.8318 0.2081 1.5274 0.2326 1.4394 0.2889 0.4645 0.9001 0.3594 0.1063 0.2518 0.5990 0.8677 0.7273 0.3348 0.1122 0.2016 0.4009 0.4740 0.3748 0.1960 0.0558 0.0109 0.0535 0.1391 0.2228 0.2763 0.2902 0.2732 0.2319 0.1817 0.1312 0.0870 0.0525 0.0282 0.0131 0.0055 0.0035 0.0053 0.0094 0.0145 0.0199 0.0249 0.0294
1.8138 0.5458 0.3765 2.3458 2.2841 0.1163 2.5022 0.3860 2.0670 0.3685 2.0029 0.3416 0.7082 1.2217 0.4454 0.1599 0.4021 0.8851 1.2317 1.0062 0.4505 0.1483 0.2789 0.5525 0.6465 0.5045 0.2585 0.0706 0.0158 0.0804 0.2014 0.3174 0.3899 0.4070 0.3813 0.3223 0.2518 0.1812 0.1196 0.0718 0.0383 0.0177 0.0074 0.0049 0.0076 0.0134 0.0207 0.0283 0.0352 0.0415
2.9440 1.1246 0.2992 2.6128 3.2087 0.1503 3.0566 0.6924 2.5064 0.5674 2.5323 0.3461 1.0063 1.4940 0.4838 0.2382 0.6050 1.2107 1.6019 1.2647 0.5441 0.1748 0.3524 0.6950 0.8016 0.6142 0.3058 0.0788 0.0221 0.1134 0.2711 0.4179 0.5069 0.5247 0.4884 0.4107 0.3193 0.2287 0.1502 0.0896 0.0475 0.0217 0.0091 0.0064 0.0101 0.0178 0.0272 0.0370 0.0458 0.0539
4.4072 2.1514 0.2869 2.5307 4.2089 0.3156 3.3973 1.2014 2.7838 0.8718 2.9881 0.3115 1.3657 1.6908 0.4789 0.3660 0.8759 1.5746 1.9639 1.4855 0.6047 0.1883 0.4217 0.8262 0.9347 0.6989 0.3348 0.0800 0.0315 0.1553 0.3508 0.5265 0.6287 0.6439 0.5945 0.4967 0.3838 0.2732 0.1783 0.1056 0.0554 0.0251 0.0106 0.0079 0.0130 0.0226 0.0342 0.0462 0.0570 0.0667
5.9579 3.7195 0.5846 2.0633 5.1267 0.7651 3.4087 1.9897 2.8292 1.3334 3.3144 0.2653 1.7815 1.7840 0.4525 0.5768 1.2245 1.9618 2.2903 1.6440 0.6203 0.1876 0.4889 0.9461 1.0434 0.7559 0.3443 0.0750 0.0467 0.2096 0.4438 0.6456 0.7568 0.7653 0.6998 0.5799 0.4449 0.3144 0.2036 0.1194 0.0619 0.0277 0.0118 0.0096 0.0161 0.0279 0.0418 0.0559 0.0686 0.0801
7.0385 5.6900 1.5051 1.3182 5.7008 1.6629 3.0016 3.1031 2.5863 2.0020 3.4440 0.2562 2.2308 1.7517 0.4494 0.9077 1.6456 2.3383 2.5391 1.7097 0.5797 0.1760 0.5611 1.0596 1.1294 0.7857 0.3357 0.0669 0.0714 0.2801 0.5533 0.7776 0.8926 0.8895 0.8043 0.6603 0.5023 0.3520 0.2258 0.1310 0.0669 0.0295 0.0129 0.0114 0.0198 0.0338 0.0501 0.0664 0.0809 0.0940
6.9032 7.5183 3.2749 0.6270 5.6234 3.0959 2.1904 4.5013 2.0523 2.9039 3.3135 0.3524 2.6688 1.5920 0.5392 1.3877 2.1085 2.6471 2.6565 1.6519 0.4796 0.1667 0.6551 1.1796 1.2011 0.7943 0.3142 0.0606 0.1103 0.3707 0.6822 0.9242 1.0370 1.0169 0.9081 0.7377 0.5558 0.3857 0.2448 0.1402 0.0705 0.0305 0.0137 0.0135 0.0240 0.0404 0.0591 0.0776 0.0939 0.1085
5.1225 8.2603 5.7625 0.5420 4.6918 4.9427 1.1880 5.9926 1.3291 4.0107 2.8874 0.6317 3.0304 1.3401 0.8094 2.0179 2.5466 2.8106 2.5867 1.4511 0.3330 0.1888 0.8009 1.3305 1.2762 0.7944 0.2891 0.0626 0.1677 0.4837 0.8313 1.0854 1.1893 1.1466 1.0103 0.8114 0.6048 0.4153 0.2604 0.1470 0.0725 0.0309 0.0145 0.0160 0.0289 0.0478 0.0690 0.0896 0.1077 0.1237
2.3545 7.0224 8.2007 1.6538 3.0314 6.7625 0.4617 7.1942 0.6737 5.2044 2.1933 1.1647 3.2464 1.0851 1.3459 2.7502 2.8573 2.7490 2.2962 1.1191 0.1814 0.2934 1.0456 1.5503 1.3829 0.8059 0.2730 0.0799 0.2457 0.6184 0.9983 1.2585 1.3474 1.2770 1.1097 0.8806 0.6489 0.4404 0.2725 0.1513 0.0731 0.0307 0.0154 0.0191 0.0346 0.0562 0.0799 0.1027 0.1225 0.1399
0.6759 3.9552 9.2264 4.1875 1.2826 7.8324 0.6572 7.5857 0.5045 6.2495 1.3564 1.9900 3.2643 0.9681 2.1927 3.4636 2.9139 2.4115 1.8060 0.7208 0.1041 0.5521 1.4459 1.8816 1.5523 0.8500 0.2777 0.1158 0.3417 0.7678 1.1750 1.4355 1.5043 1.4024 1.2023 0.9423 0.6863 0.4600 0.2806 0.1530 0.0723 0.0301 0.0165 0.0229 0.0413 0.0659 0.0922 0.1172 0.1386 0.1573
2.3685 1.0844 7.6432 7.5185 0.5322 7.4572 2.3004 6.7269 1.3079 6.7990 0.6254 3.0834 3.0716 1.1532 3.2961 3.9552 2.6032 1.8274 1.2323 0.3942 0.2166 1.0398 2.0427 2.3461 1.7969 0.9337 0.3045 0.1647 0.4433 0.9154 1.3426 1.5979 1.6434 1.5094 1.2774 0.9891 0.7116 0.4707 0.2826 0.1511 0.0697 0.0290 0.0181 0.0278 0.0495 0.0770 0.1059 0.1330 0.1559 0.1758
7.3677 1.5106 3.8353 9.9838 1.8436 5.4868 5.3311 4.6233 3.3901 6.4767 0.3709 4.3399 2.7290 1.7739 4.4667 3.9916 1.9205 1.1881 0.8285 0.3494 0.6374 1.7883 2.8173 2.9099 2.0876 1.0361 0.3360 0.2087 0.5300 1.0381 1.4781 1.7243 1.7463 1.5831 1.3236 1.0126 0.7194 0.4690 0.2767 0.1445 0.0650 0.0275 0.0205 0.0341 0.0595 0.0902 0.1217 0.1507 0.1750 0.1958
11.9370 6.3927 0.7701 9.5355 5.4828 2.7399 8.7671 2.0799 6.4845 5.0628 1.0284 5.5550 2.3538 2.8404 5.3782 3.4108 1.0707 0.8877 0.9634 0.8025 1.4005 2.6961 3.6105 3.4204 2.3115 1.0859 0.3316 0.2234 0.5843 1.1203 1.5661 1.8001 1.7999 1.6124 1.3325 1.0068 0.7054 0.4523 0.2612 0.1327 0.0581 0.0260 0.0243 0.0426 0.0720 0.1059 0.1399 0.1708 0.1961 0.2177
11.2411 12.3372 2.2885 5.6118 10.1670 0.8505 10.9745 0.6088 9.4088 2.8079 2.9520 6.4007 2.0595 4.1636 5.6559 2.2771 0.5316 1.4604 1.9775 1.8093 2.3037 3.4091 4.0391 3.5557 2.2508 0.9646 0.2465 0.2087 0.6271 1.1889 1.6315 1.8451 1.8185 1.6073 1.3104 0.9758 0.6724 0.4224 0.2376 0.1167 0.0500 0.0252 0.0301 0.0539 0.0875 0.1246 0.1610 0.1935 0.2195 0.2416
4.8189 13.6780 8.3687 1.2811 12.7771 1.5059 10.6567 1.4797 10.2665 0.7803 6.1046 6.3750 1.8781 5.3688 5.0682 1.0062 0.9393 3.2707 3.8244 2.9800 2.7465 3.2717 3.5211 2.8880 1.6612 0.5873 0.1109 0.2625 0.7848 1.3731 1.7897 1.9547 1.8768 1.6230 1.2972 0.9469 0.6386 0.3910 0.2129 0.1005 0.0426 0.0260 0.0379 0.0676 0.1056 0.1459 0.1846 0.2184 0.2450 0.2673
0.8792 7.8154 13.5662 1.6477 9.6113 5.6829 7.5706 4.3800 7.8246 0.8217 9.4094 4.7546 1.8637 6.1330 3.7519 0.2822 2.5935 5.7782 5.4081 3.1543 1.8175 1.7225 1.8041 1.3952 0.6753 0.1804 0.1983 0.6709 1.3299 1.9177 2.2486 2.2977 2.1059 1.7574 1.3638 0.9692 0.6365 0.3785 0.1991 0.0903 0.0383 0.0284 0.0467 0.0818 0.1240 0.1674 0.2084 0.2436 0.2708 0.2933
7.9088 0.7597 11.4787 8.3861 2.9294 11.5451 1.6235 9.6546 4.1152 3.8172 9.1871 0.9213 4.1123 7.8372 2.4833 0.5453 4.3721 5.8666 3.1635 0.5038 0.4879 2.0174 3.0802 2.9292 2.0227 1.2134 0.9340 1.1736 1.6555 2.1115 2.3428 2.3205 2.0811 1.7065 1.3024 0.9090 0.5844 0.3383 0.1718 0.0757 0.0350 0.0345 0.0603 0.1011 0.1474 0.1936 0.2363 0.2724 0.2996 0.3219
16.1079 4.9738 4.1039 14.3815 0.6977 13.1790 0.7601 12.1794 1.1735 7.6804 7.4928 0.3922 6.7546 7.2986 1.1379 1.5849 5.8396 5.8100 2.3249 0.2358 1.0422 2.8202 3.6207 3.1070 2.0056 1.1977 1.0159 1.3491 1.8685 2.3061 2.4824 2.3954 2.0991 1.6849 1.2588 0.8585 0.5371 0.3004 0.1462 0.0628 0.0337 0.0431 0.0766 0.1233 0.1737 0.2227 0.2670 0.3037 0.3306 0.3525
11.9043 14.8440 0.9265 13.0700 5.2254 9.2681 4.5975 10.8759 0.7559 11.0305 4.4473 1.6695 9.0413 5.7055 0.3659 3.3218 7.0355 5.2402 1.4362 0.2775 1.8769 3.6918 4.0790 3.1755 1.9263 1.1745 1.1200 1.5490 2.0926 2.4950 2.6033 2.4450 2.0911 1.6405 1.1975 0.7958 0.4826 0.2594 0.1206 0.0519 0.0357 0.0556 0.0972 0.1497 0.2040 0.2554 0.3008 0.3377 0.3641 0.3851
1.5844 15.7394 8.3873 5.0792 13.3482 2.9123 11.1798 6.1238 4.0222 11.8968 1.5057 4.7449 10.0516 3.4621 0.6354 5.5067 7.6465 4.1977 0.6958 0.7306 2.9583 4.5488 4.3948 3.1154 1.7919 1.1573 1.2549 1.7749 2.3239 2.6723 2.7001 2.4656 2.0553 1.5732 1.1193 0.7224 0.4226 0.2171 0.0965 0.0444 0.0421 0.0730 0.1226 0.1807 0.2385 0.2919 0.3380 0.3746 0.4000 0.4198
5.8769 5.0971 17.6387 0.8853 16.3217 0.9926 15.1934 1.4633 9.6811 9.3540 0.5517 8.6596 9.1629 1.3800 2.1890 7.6666 7.4310 2.8603 0.3325 1.6456 4.1984 5.2870 4.5134 2.9215 1.6200 1.1644 1.4299 2.0266 2.5572 2.8313 2.7673 2.4540 1.9906 1.4836 1.0257 0.6403 0.3592 0.1753 0.0756 0.0416 0.0540 0.0960 0.1535 0.2167 0.2776 0.3325 0.3787 0.4146 0.4384 0.4567
19.5268 1.9309 14.2470 8.2638 9.7403 7.2069 12.3944 1.4590 14.0934 4.6455 2.8071 11.6906 6.4964 0.4583 4.8556 9.1949 6.3282 1.5425 0.5561 2.9908 5.4545 5.7961 4.3986 2.6078 1.4394 1.2175 1.6535 2.3021 2.7855 2.9648 2.8004 2.4089 1.8983 1.3738 0.9196 0.5523 0.2952 0.1365 0.0598 0.0451 0.0726 0.1257 0.1907 0.2586 0.3218 0.3775 0.4233 0.4578 0.4797 0.4958
14.7844 14.9696 2.8332 18.5385 1.5922 16.0761 4.9026 7.4575 13.6406 1.0274 7.7218 12.1327 3.1382 1.4663 7.9716 9.5367 4.5398 0.6446 1.4926 4.6325 6.5436 5.9766 4.0418 2.2107 1.2889 1.3393 1.9311 2.5959 2.9999 3.0648 2.7949 2.3288 1.7792 1.2462 0.8038 0.4616 0.2334 0.1030 0.0512 0.0565 0.0992 0.1631 0.2351 0.3069 0.3717 0.4273 0.4719 0.5045 0.5237 0.5374
1.1774 20.6671 4.3130 16.0110 4.2513 17.2004 0.8781 15.0142 8.1246 1.7895 12.7419 9.4093 0.8528 4.4712 10.5036 8.4282 2.5489 0.5574 3.1208 6.3353 7.2700 5.7636 3.4724 1.7896 1.2151 1.5503 2.2623 2.8982 3.1891 3.1231 2.7457 2.2119 1.6338 1.1033 0.6819 0.3715 0.1768 0.0775 0.0517 0.0773 0.1348 0.2089 0.2870 0.3617 0.4271 0.4818 0.5245 0.5545 0.5704 0.5812
11.9282 6.6586 18.8170 3.8517 16.1650 8.3429 6.2665 16.8949 2.0867 7.4251 14.5789 4.8299 1.2556 8.5673 11.4074 6.0976 1.0363 1.5314 5.2311 7.7907 7.4664 5.1525 2.7654 1.4230 1.2644 1.8638 2.6402 3.1949 3.3404 3.1317 2.6501 2.0591 1.4656 0.9495 0.5584 0.2863 0.1290 0.0626 0.0635 0.1092 0.1806 0.2639 0.3470 0.4234 0.4882 0.5410 0.5812 0.6078 0.6198 0.6271
24.3485 3.3038 19.7628 3.5303 20.3853 1.1369 16.3989 10.5355 1.6643 14.3078 11.5793 1.2675 4.7708 12.0610 10.1248 3.3188 0.6795 3.5464 7.4302 8.6772 7.0414 4.2149 2.0375 1.1987 1.4755 2.2818 3.0490 3.4675 3.4401 3.0836 2.5068 1.8733 1.2793 0.7902 0.4385 0.2105 0.0936 0.0614 0.0888 0.1536 0.2377 0.3288 0.4154 0.4923 0.5553 0.6052 0.6418 0.6643 0.6719 0.6753
7.5113 20.8592 4.4164 18.0760 9.4854 7.1224 19.2319 2.4393 8.5371 16.8245 5.5518 1.5304 9.9954 13.1745 6.9965 1.2270 1.8858 6.2384 9.2105 8.7483 6.0269 3.1068 1.4361 1.2018 1.8715 2.7917 3.4669 3.6995 3.4811 2.9808 2.3198 1.6596 1.0816 0.6323 0.3285 0.1490 0.0745 0.0766 0.1295 0.2117 0.3065 0.4033 0.4914 0.5675 0.6279 0.6743 0.7069 0.7249 0.7276 0.7267
5.1746 19.8907 5.4275 21.6870 1.2649 19.3957 10.4978 2.5284 16.8742 12.3572 1.2108 6.2252 14.1363 11.1092 3.3571 0.8987 4.5510 8.9357 10.0731 7.9035 4.5811 2.0391 1.1073 1.4886 2.4460 3.3594 3.8558 3.8595 3.4431 2.8119 2.0890 1.4242 0.8798 0.4826 0.2340 0.1066 0.0753 0.1109 0.1874 0.2849 0.3881 0.4883 0.5761 0.6499 0.7064 0.7483 0.7760 0.7887 0.7858 0.7802
25.7279 2.2442 22.8152 6.7436 11.3718 19.7062 1.5860 12.1121 18.1108 4.5682 2.6818 12.7133 14.5536 6.7269 1.0429 2.8300 7.9698 10.8239 9.6944 6.2697 3.0005 1.2589 1.1743 2.0775 3.1612 3.9337 4.1734 3.9217 3.3153 2.5771 1.8208 1.1762 0.6832 0.3492 0.1617 0.0881 0.0997 0.1668 0.2643 0.3741 0.4829 0.5840 0.6693 0.7391 0.7905 0.8268 0.8489 0.8556 0.8465 0.8357
13.4372 12.7736 18.4067 3.2863 23.4188 6.8367 5.9071 20.3083 10.3461 1.0853 9.6315 16.4584 10.6578 2.4226 1.5182 6.5533 10.9895 11.2166 8.0736 4.2099 1.6644 0.9911 1.7009 2.9324 3.9464 4.4490 4.3753 3.8641 3.0928 2.2817 1.5259 0.9273 0.5025 0.2408 0.1183 0.0985 0.1510 0.2466 0.3614 0.4799 0.5912 0.6905 0.7711 0.8353 0.8802 0.9099 0.9255 0.9254 0.9096 0.8932
3.1201 26.0227 1.8744 20.1220 15.0462 1.9230 18.5938 16.3877 2.0258 6.2118 16.5790 14.3424 4.7916 0.9316 4.9686 10.6591 12.4262 9.8633 5.6135 2.2684 0.9511 1.3815 2.6705 3.9706 4.7228 4.8535 4.4355 3.6797 2.7808 1.9375 1.2205 0.6933 0.3502 0.1669 0.1107 0.1428 0.2325 0.3525 0.4808 0.6050 0.7161 0.8117 0.8856 0.9418 0.9782 0.9997 1.0073 0.9996 0.9765 0.9540
25.7582 7.0375 13.3741 22.0215 1.6900 14.5651 20.9620 4.9594 3.4304 15.5296 17.2099 7.6565 1.0780 3.5955 9.9188 13.2942 11.5457 7.0846 3.0196 1.0204 1.1275 2.4371 3.9572 5.0356 5.3568 5.0557 4.3070 3.3561 2.3881 1.5631 0.9205 0.4868 0.2371 0.1359 0.1449 0.2246 0.3466 0.4855 0.6226 0.7482 0.8554 0.9444 1.0092 1.0552 1.0817 1.0938 1.0924 1.0765 1.0456 1.0166
14.4086 7.3729 25.7430 4.2698 10.3376 23.4717 8.7196 1.8323 13.8117 19.3338 10.4880 1.7514 2.5843 9.1878 13.7874 13.0599 8.5327 3.8186 1.1679 0.9273 2.2630 4.0041 5.3465 5.9442 5.7302 4.9983 3.9764 2.9058 1.9382 1.1837 0.6484 0.3258 0.1763 0.1566 0.2267 0.3476 0.4950 0.6466 0.7870 0.9094 1.0090 1.0881 1.1413 1.1751 1.1902 1.1918 1.1806 1.1557 1.1165 1.0807
3.7957 26.8909 7.6841 7.2578 24.5350 12.1809 1.2554 12.3608 20.6890 13.0386 2.6172 1.9516 8.7268 14.3255 14.2857 9.8599 4.5701 1.3263 0.7914 2.1530 4.1706 5.7836 6.5740 6.5203 5.7542 4.6575 3.4597 2.3634 1.4690 0.8331 0.4302 0.2294 0.1812 0.2379 0.3616 0.5152 0.6803 0.8375 0.9753 1.0896 1.1777 1.2440 1.2831 1.3030 1.3050 1.2947 1.2729 1.2385 1.1905 1.1475
27.4859 10.2812 5.7566 25.1518 14.6225 1.2117 11.7297 21.9323 14.8829 3.3360 1.6709 8.6963 15.1851 15.5198 10.8733 5.1500 1.4241 0.7085 2.1843 4.4632 6.4237 7.3860 7.3744 6.6261 5.3867 4.0502 2.8016 1.7798 1.0259 0.5467 0.2926 0.2167 0.2644 0.3879 0.5550 0.7310 0.9050 1.0607 1.1893 1.2903 1.3629 1.4131 1.4360 1.4409 1.4276 1.4036 1.3708 1.3262 1.2688 1.2179
10.7903 5.8303 26.1523 15.4533 1.2521 12.3000 23.3138 15.8812 3.5070 1.7440 9.3226 16.3787 16.8034 11.6112 5.3497 1.3806 0.6902 2.4167 5.0188 7.2296 8.4223 8.3882 7.5152 6.1770 4.6385 3.2326 2.0701 1.2160 0.6570 0.3602 0.2611 0.3042 0.4359 0.6119 0.8087 0.9945 1.1671 1.3127 1.4253 1.5078 1.5609 1.5919 1.5962 1.5844 1.5543 1.5156 1.4710 1.4158 1.3486 1.2896
7.8836 27.8284 14.2017 1.3697 14.5623 24.8381 15.6378 2.9515 2.3089 11.0148 18.0672 17.8544 11.9162 5.1101 1.1399 0.7993 2.9794 5.9520 8.3778 9.5953 9.5730 8.4844 6.9058 5.2121 3.6081 2.3167 1.3661 0.7521 0.4208 0.3140 0.3612 0.5070 0.7036 0.9130 1.1233 1.3047 1.4650 1.5918 1.6816 1.7403 1.7701 1.7790 1.7625 1.7325 1.6843 1.6298 1.5729 1.5068 1.4295 1.3622
29.4910 10.4925 2.5296 19.0587 26.1172 13.6389 1.8103 3.9356 14.0250 20.5044 18.4892 11.3674 4.3164 0.7845 1.2006 4.0879 7.4803 10.0011 11.0956 10.7962 9.5149 7.6119 5.6549 3.9113 2.4800 1.4610 0.8115 0.4757 0.3765 0.4461 0.6157 0.8384 1.0753 1.2965 1.5033 1.6666 1.8041 1.9043 1.9641 1.9928 1.9935 1.9783 1.9397 1.8901 1.8242 1.7546 1.6844 1.6061 1.5178 1.4420
4.5638 7.0979 25.4298 25.2162 9.3358 1.0315 7.6577 18.6340 22.7970 18.2068 9.6175 2.8921 0.5731 2.2566 5.9733 9.7561 12.1557 12.8398 12.0671 10.3180 8.1543 5.9110 3.9931 2.5117 1.4566 0.8209 0.5159 0.4593 0.5682 0.7806 1.0355 1.3012 1.5485 1.7572 1.9420 2.0722 2.1760 2.2413 2.2645 2.2580 2.2255 2.1842 2.1219 2.0517 1.9677 1.8825 1.7985 1.7077 1.6080 1.5236
17.8791 30.5564 19.4196 3.6682 3.0915 14.6224 24.1436 23.7292 15.6611 6.5516 1.3016 1.1706 4.5734 9.0518 12.7449 14.7325 14.6608 13.1297 10.8052 8.2310 5.8427 3.8129 2.3223 1.3400 0.7776 0.5596 0.5823 0.7631 1.0264 1.3294 1.6217 1.8904 2.1155 2.2865 2.4309 2.5137 2.5736 2.5968 2.5775 2.5315 2.4627 2.3935 2.3066 2.2151 2.1126 2.0116 1.9136 1.8101 1.6988 1.6058
26.9868 8.3647 1.5771 11.5286 24.3749 27.7975 20.9214 10.3344 2.7404 0.8830 3.7959 8.8793 13.6102 16.4662 17.1840 16.0918 13.6119 10.6330 7.7331 5.2307 3.3008 1.9307 1.1108 0.7272 0.6571 0.8058 1.0808 1.4198 1.7623 2.0926 2.3697 2.6009 2.7739 2.8843 2.9718 2.9944 3.0004 2.9732 2.9060 2.8192 2.7158 2.6198 2.5078 2.3926 2.2699 2.1516 2.0386 1.9221 1.7992 1.6971
1.5602 11.5888 26.1789 31.1574 24.3261 12.5503 3.5917 1.0371 4.1343 9.9896 15.5323 19.1488 20.1421 18.8682 16.1916 12.8763 9.4298 6.4239 4.0799 2.4253 1.4061 0.8919 0.7744 0.9280 1.2348 1.6257 2.0323 2.4251 2.7592 3.0496 3.2590 3.4145 3.5087 3.5385 3.5548 3.5063 3.4495 3.3647 3.2453 3.1174 2.9827 2.8614 2.7242 2.5831 2.4383 2.3015 2.1726 2.0430 1.9086 1.7969
32.0609 33.8757 24.0746 11.1025 2.7099 1.7175 6.4987 13.5139 19.6742 23.2704 23.6352 21.7158 18.2238 14.1595 10.2624 6.9363 4.3312 2.5393 1.4745 0.9920 0.9414 1.1669 1.5658 2.0539 2.5372 2.9981 3.3923 3.7251 3.9627 4.1495 4.2442 4.2913 4.2847 4.2184 4.1532 4.0262 3.9016 3.7559 3.5823 3.4132 3.2482 3.1026 2.9408 2.7736 2.6069 2.4515 2.3069 2.1645 2.0187 1.8977
16.5354 5.0754 1.5835 5.6173 13.5668 21.4902 26.7664 28.3946 26.9157 23.3257 18.4766 13.6850 9.4021 6.0078 3.5914 2.0718 1.2890 1.0834 1.2797 1.7263 2.3071 2.8992 3.4804 4.0228 4.4492 4.8002 5.0454 5.2186 5.2873 5.3194 5.2685 5.1878 5.0672 4.8964 4.7454 4.5406 4.3489 4.1434 3.9179 3.7097 3.5164 3.3450 3.1587 2.9683 2.7808 2.6075 2.4471 2.2921 2.1351 2.0047
10.3549 20.2388 28.7786 33.6211 34.2408 31.3822 26.3326 20.3625 14.6574 9.8180 6.0385 3.4988 2.0035 1.3516 1.3331 1.7428 2.3923 3.1534 3.9308 4.6621 5.3215 5.8176 6.2249 6.5536 6.7150 6.8120 6.8117 6.7628 6.6197 6.4654 6.2625 6.0536 5.8163 5.5412 5.3077 5.0368 4.7870 4.5288 4.2590 4.0168 3.7978 3.5938 3.3819 3.1761 2.9704 2.7803 2.6038 2.4360 2.2676 2.1273
41.1776 36.0484 29.0967 21.7982 15.1443 9.7304 5.7686 3.2202 1.9085 1.5577 1.8786 2.6501 3.6464 4.7016 5.7505 6.7352 7.5390 8.1759 8.6512 8.9974 9.2441 9.2874 9.2718 9.2171 8.9981 8.7731 8.4915 8.2043 7.8444 7.5041 7.1605 6.8357 6.4924 6.1233 5.8168 5.4904 5.1906 4.8863 4.5781 4.3072 4.0672 3.8327 3.5975 3.3791 3.1572 2.9514 2.7597 2.5800 2.4008 2.2510
4.4957 2.6107 2.0584 2.5166 3.6476 5.1634 6.8313 8.4470 9.9422 11.2701 12.2758 13.1298 13.7144 14.0341 14.2533 14.3946 14.2817 14.0301 13.6758 13.3059 12.9407 12.4266 11.9366 11.4822 10.8939 10.3732 9.8458 9.3564 8.8166 8.3240 7.8728 7.4602 7.0348 6.5924 6.2296 5.8633 5.5263 5.1872 4.8497 4.5564 4.2995 4.0396 3.7860 3.5595 3.3247 3.1059 2.9010 2.7110 2.5226 2.3647
30.7467 31.1528 31.2778 31.1537 30.7591 30.2048 29.4631 28.4788 27.4602 26.4538 25.2078 24.1344 22.9875 21.7720 20.7254 19.8249 18.7817 17.7409 16.7260 15.8202 15.0199 14.1290 13.3202 12.6029 11.8052 11.1162 10.4487 9.8358 9.2007 8.6438 8.1393 7.6824 7.2163 6.7368 6.3444 5.9558 5.6073 5.2620 4.9115 4.5979 4.3143 4.0510 3.7986 3.5774 3.3420 3.1212 2.9135 2.7210 2.5306 2.3719
