0.2185 0.2177 0.2172 0.1858 0.1753 0.1650 0.1536 0.1451 0.1402 0.1516 0.1130 0.1075 0.1200 0.1208 0.1147 0.1032 0.0836 0.0615 0.0520 0.0596 0.0724 0.0779 0.0705 0.0559 0.0405 0.0292 0.0226 0.0198 0.0189 0.0184 0.0176 0.0165 0.0149 0.0132 0.0115 0.0099 0.0085 0.0073 0.0063 0.0054 0.0047 0.0041 0.0036 0.0032 0.0028 0.0025 0.0022 0.0020 0.0018 0.0016
0.6549 0.6506 0.6492 0.5577 0.5263 0.4945 0.4598 0.4341 0.4199 0.4537 0.3390 0.3225 0.3613 0.3644 0.3455 0.3104 0.2515 0.1850 0.1555 0.1770 0.2152 0.2326 0.2116 0.1685 0.1227 0.0884 0.0682 0.0592 0.0563 0.0549 0.0526 0.0491 0.0444 0.0395 0.0345 0.0297 0.0255 0.0219 0.0188 0.0162 0.0140 0.0123 0.0108 0.0096 0.0085 0.0075 0.0067 0.0060 0.0054 0.0048
1.0903 1.0772 1.0746 0.9304 0.8788 0.8221 0.7634 0.7201 0.6973 0.7525 0.5654 0.5376 0.6072 0.6139 0.5803 0.5199 0.4219 0.3104 0.2578 0.2894 0.3518 0.3835 0.3527 0.2839 0.2084 0.1502 0.1149 0.0984 0.0928 0.0901 0.0865 0.0811 0.0736 0.0657 0.0576 0.0497 0.0428 0.0368 0.0316 0.0272 0.0235 0.0205 0.0181 0.0160 0.0142 0.0126 0.0112 0.0100 0.0089 0.0080
1.5258 1.4967 1.4899 1.3032 1.2351 1.1474 1.0626 1.0024 0.9705 1.0471 0.7921 0.7534 0.8612 0.8734 0.8210 0.7328 0.5961 0.4394 0.3587 0.3939 0.4781 0.5276 0.4933 0.4038 0.3001 0.2167 0.1638 0.1375 0.1278 0.1234 0.1187 0.1118 0.1021 0.0916 0.0807 0.0700 0.0604 0.0520 0.0447 0.0385 0.0331 0.0289 0.0255 0.0225 0.0199 0.0177 0.0157 0.0140 0.0125 0.0112
1.9650 1.9131 1.8944 1.6733 1.5993 1.4709 1.3560 1.2814 1.2367 1.3382 1.0192 0.9705 1.1282 1.1465 1.0686 0.9490 0.7753 0.5741 0.4591 0.4881 0.5900 0.6613 0.6323 0.5293 0.4002 0.2904 0.2167 0.1775 0.1614 0.1543 0.1484 0.1406 0.1294 0.1169 0.1036 0.0904 0.0783 0.0676 0.0581 0.0500 0.0431 0.0376 0.0330 0.0292 0.0257 0.0228 0.0202 0.0180 0.0161 0.0144
2.4125 2.3341 2.2943 2.0366 1.9766 1.7955 1.6436 1.5589 1.4931 1.6290 1.2459 1.1910 1.4143 1.4362 1.3220 1.1668 0.9603 0.7174 0.5613 0.5713 0.6834 0.7804 0.7674 0.6610 0.5114 0.3746 0.2764 0.2199 0.1942 0.1827 0.1752 0.1669 0.1548 0.1411 0.1262 0.1108 0.0964 0.0835 0.0720 0.0620 0.0534 0.0465 0.0408 0.0360 0.0317 0.0280 0.0248 0.0221 0.0197 0.0176
2.8723 2.7669 2.7061 2.3897 2.3709 2.1278 1.9276 1.8371 1.7381 1.9247 1.4703 1.4189 1.7265 1.7432 1.5776 1.3830 1.1513 0.8738 0.6699 0.6447 0.7557 0.8801 0.8951 0.7982 0.6357 0.4729 0.3465 0.2678 0.2280 0.2092 0.1989 0.1899 0.1776 0.1635 0.1476 0.1308 0.1146 0.0997 0.0862 0.0744 0.0641 0.0558 0.0489 0.0430 0.0378 0.0334 0.0296 0.0262 0.0233 0.0208
3.3449 3.2107 3.1539 2.7384 2.7788 2.4808 2.2128 2.1175 1.9734 2.2316 1.6890 1.6612 2.0718 2.0648 1.8279 1.5919 1.3485 1.0489 0.7929 0.7134 0.8063 0.9556 1.0100 0.9383 0.7739 0.5889 0.4318 0.3254 0.2659 0.2356 0.2199 0.2095 0.1970 0.1832 0.1672 0.1496 0.1322 0.1158 0.1006 0.0871 0.0751 0.0654 0.0573 0.0503 0.0442 0.0389 0.0344 0.0305 0.0271 0.0241
3.8202 3.6534 3.6551 3.1102 3.1824 2.8772 2.5052 2.3991 2.2065 2.5527 1.8971 1.9288 2.4549 2.3922 2.0615 1.7866 1.5519 1.2504 0.9421 0.7872 0.8383 1.0033 1.1053 1.0754 0.9243 0.7247 0.5369 0.3981 0.3127 0.2649 0.2401 0.2259 0.2127 0.1993 0.1838 0.1663 0.1484 0.1311 0.1147 0.0998 0.0863 0.0753 0.0659 0.0579 0.0507 0.0447 0.0394 0.0348 0.0309 0.0275
4.2651 4.0813 4.1920 3.5619 3.5459 3.3489 2.8070 2.6797 2.4515 2.8821 2.0904 2.2359 2.8733 2.7088 2.2640 1.9600 1.7618 1.4867 1.1328 0.8822 0.8606 1.0216 1.1722 1.1995 1.0805 0.8793 0.6653 0.4917 0.3744 0.3025 0.2627 0.2411 0.2250 0.2114 0.1965 0.1797 0.1621 0.1446 0.1275 0.1116 0.0971 0.0850 0.0746 0.0656 0.0575 0.0506 0.0446 0.0394 0.0349 0.0310
4.6239 4.4945 4.6950 4.1608 3.8315 3.9269 3.1146 2.9641 2.7271 3.2009 2.2737 2.5993 3.3142 2.9921 2.4231 2.1092 1.9806 1.7678 1.3850 1.0237 0.8927 1.0163 1.2034 1.2972 1.2302 1.0467 0.8178 0.6122 0.4594 0.3567 0.2948 0.2600 0.2372 0.2211 0.2060 0.1896 0.1727 0.1556 0.1385 0.1223 0.1071 0.0943 0.0831 0.0733 0.0643 0.0567 0.0499 0.0441 0.0391 0.0346
4.8957 4.8945 5.0789 4.9109 4.0396 4.6030 3.4134 3.2660 3.0395 3.4730 2.4608 3.0260 3.7457 3.2153 2.5326 2.2362 2.2082 2.0954 1.7132 1.2392 0.9622 1.0013 1.1937 1.3499 1.3519 1.2103 0.9867 0.7599 0.5739 0.4363 0.3454 0.2904 0.2550 0.2323 0.2143 0.1971 0.1804 0.1638 0.1472 0.1312 0.1159 0.1028 0.0911 0.0807 0.0711 0.0628 0.0555 0.0490 0.0435 0.0385
5.2888 5.2340 5.3364 5.6592 4.2516 5.2747 3.6866 3.5983 3.3574 3.6490 2.6679 3.4921 4.1130 3.3533 2.5948 2.3442 2.4322 2.4487 2.1088 1.5432 1.0961 0.9955 1.1407 1.3343 1.4113 1.3364 1.1469 0.9211 0.7141 0.5445 0.4212 0.3397 0.2851 0.2500 0.2249 0.2040 0.1859 0.1691 0.1527 0.1372 0.1222 0.1092 0.0975 0.0870 0.0770 0.0683 0.0605 0.0536 0.0477 0.0423
6.1300 5.4509 5.5638 6.1146 4.6146 5.7409 3.9610 3.9667 3.6196 3.7069 2.9215 3.9395 4.3578 3.4083 2.6358 2.4424 2.6265 2.7779 2.5333 1.9345 1.3261 1.0372 1.0625 1.2388 1.3736 1.3808 1.2583 1.0672 0.8648 0.6778 0.5267 0.4170 0.3379 0.2843 0.2462 0.2169 0.1938 0.1745 0.1571 0.1413 0.1265 0.1136 0.1020 0.0916 0.0816 0.0728 0.0647 0.0576 0.0514 0.0457
7.1893 5.7022 5.7987 6.1206 5.1555 5.8156 4.2993 4.3339 3.7791 3.6909 3.2267 4.2668 4.4465 3.4273 2.6995 2.5326 2.7390 2.9880 2.8937 2.3706 1.6745 1.1866 1.0152 1.0865 1.2229 1.3001 1.2671 1.1487 0.9891 0.8147 0.6543 0.5246 0.4218 0.3463 0.2899 0.2464 0.2134 0.1875 0.1660 0.1478 0.1317 0.1180 0.1061 0.0955 0.0853 0.0764 0.0682 0.0609 0.0545 0.0486
7.4377 6.2480 5.9841 5.9532 5.5743 5.5841 4.6941 4.6491 3.9134 3.7188 3.5269 4.3579 4.4177 3.5106 2.8286 2.5976 2.6989 2.9482 3.0338 2.7419 2.1301 1.5243 1.1185 0.9799 1.0106 1.0904 1.1296 1.1037 1.0248 0.9042 0.7692 0.6432 0.5301 0.4382 0.3636 0.3028 0.2554 0.2182 0.1885 0.1643 0.1440 0.1273 0.1134 0.1015 0.0904 0.0807 0.0721 0.0644 0.0577 0.0515
6.9428 6.5779 6.4365 5.9970 5.5909 5.4860 4.9377 5.0264 4.2802 3.8891 3.6945 4.1588 4.4123 3.7857 3.0310 2.6073 2.4816 2.5758 2.7773 2.8503 2.5926 2.1090 1.5608 1.1551 0.9399 0.8766 0.8849 0.9046 0.9045 0.8649 0.7941 0.7092 0.6164 0.5295 0.4500 0.3788 0.3192 0.2702 0.2300 0.1972 0.1699 0.1476 0.1293 0.1141 0.1004 0.0889 0.0787 0.0699 0.0623 0.0554
7.1145 6.5397 7.2444 6.5095 6.0159 5.7723 4.9135 5.8579 5.0192 4.1366 3.7303 3.7803 4.5444 4.2942 3.2596 2.5814 2.2944 2.1071 2.1307 2.4236 2.7080 2.7499 2.4375 1.9513 1.4596 1.0838 0.8469 0.7269 0.6802 0.6582 0.6382 0.6106 0.5686 0.5203 0.4669 0.4106 0.3579 0.3104 0.2686 0.2324 0.2009 0.1742 0.1519 0.1330 0.1161 0.1018 0.0894 0.0788 0.0698 0.0616
7.9306 7.4907 8.1220 6.9908 6.6981 6.5708 5.7576 5.6576 5.2340 4.5371 4.8175 3.9065 3.6552 3.8847 3.2807 2.6724 2.7924 2.9702 2.6292 2.0264 1.6457 1.7101 2.0240 2.3391 2.4637 2.3700 2.1027 1.7619 1.4272 1.1251 0.8797 0.6960 0.5579 0.4594 0.3865 0.3295 0.2858 0.2510 0.2225 0.1983 0.1771 0.1584 0.1420 0.1275 0.1137 0.1016 0.0906 0.0809 0.0723 0.0644
9.2423 7.8697 8.1251 7.9593 6.7513 7.2438 5.9004 6.2584 5.3090 5.0329 5.0571 4.0469 4.0383 4.1193 3.3672 2.8688 3.0670 3.1585 2.7119 2.0941 1.7638 1.8776 2.2039 2.5014 2.5976 2.4793 2.1947 1.8423 1.4997 1.1904 0.9373 0.7463 0.6011 0.4964 0.4181 0.3564 0.3087 0.2706 0.2393 0.2130 0.1901 0.1699 0.1523 0.1365 0.1216 0.1086 0.0969 0.0865 0.0773 0.0689
9.9871 8.9835 8.0222 8.6596 7.1540 7.6130 6.2844 6.7050 5.4436 5.5765 5.1965 4.2592 4.4429 4.2979 3.4583 3.1055 3.3471 3.3235 2.7797 2.1677 1.8976 2.0575 2.3874 2.6600 2.7242 2.5812 2.2809 1.9190 1.5704 1.2555 0.9958 0.7980 0.6461 0.5352 0.4515 0.3850 0.3332 0.2915 0.2571 0.2286 0.2038 0.1821 0.1630 0.1460 0.1299 0.1159 0.1034 0.0923 0.0826 0.0736
9.7355 10.0556 8.4957 8.7963 7.9798 7.6622 6.9437 6.9200 5.7420 6.0765 5.2688 4.5698 4.8316 4.4199 3.5750 3.3819 3.6201 3.4606 2.8369 2.2524 2.0489 2.2482 2.5718 2.8127 2.8426 2.6753 2.3612 1.9919 1.6394 1.3203 1.0552 0.8512 0.6927 0.5760 0.4867 0.4154 0.3592 0.3137 0.2761 0.2451 0.2184 0.1950 0.1744 0.1559 0.1385 0.1235 0.1102 0.0983 0.0880 0.0785
9.6952 10.2384 9.5914 8.6707 8.8936 7.6541 7.7130 6.9629 6.2401 6.4435 5.3433 4.9762 5.1640 4.5006 3.7374 3.6905 3.8730 3.5689 2.8902 2.3534 2.2179 2.4472 2.7543 2.9577 2.9519 2.7615 2.4357 2.0614 1.7068 1.3850 1.1153 0.9058 0.7411 0.6186 0.5239 0.4476 0.3868 0.3374 0.2964 0.2627 0.2339 0.2087 0.1865 0.1663 0.1476 0.1314 0.1173 0.1047 0.0936 0.0836
10.8059 9.9680 10.4884 8.9257 9.4028 7.9291 8.3010 7.0102 6.8542 6.6351 5.4983 5.4398 5.4114 4.5680 3.9568 4.0153 4.0946 3.6527 2.9489 2.4758 2.4045 2.6521 2.9326 3.0942 3.0525 2.8404 2.5047 2.1277 1.7728 1.4497 1.1767 0.9626 0.7920 0.6635 0.5631 0.4817 0.4164 0.3630 0.3183 0.2816 0.2504 0.2232 0.1992 0.1774 0.1573 0.1401 0.1250 0.1115 0.0997 0.0890
11.9160 10.4293 10.5894 9.7726 9.4135 8.5925 8.5398 7.2581 7.4253 6.6990 5.7878 5.8961 5.5706 4.6591 4.2339 4.3365 4.2784 3.7203 3.0219 2.6224 2.6064 2.8596 3.1047 3.2219 3.1449 2.9127 2.5691 2.1915 1.8378 1.5146 1.2396 1.0216 0.8456 0.7109 0.6043 0.5177 0.4478 0.3905 0.3420 0.3021 0.2681 0.2384 0.2124 0.1890 0.1678 0.1495 0.1333 0.1189 0.1063 0.0948
11.8894 11.5664 10.4593 10.6619 9.3902 9.3768 8.5560 7.7713 7.8194 6.7601 6.2102 6.2819 5.6701 4.8090 4.5585 4.6349 4.4243 3.7820 3.1165 2.7928 2.8196 3.0655 3.2685 3.3401 3.2295 2.9796 2.6301 2.2533 1.9018 1.5795 1.3032 1.0819 0.9007 0.7600 0.6473 0.5556 0.4811 0.4197 0.3673 0.3239 0.2869 0.2547 0.2265 0.2014 0.1789 0.1596 0.1422 0.1267 0.1132 0.1010
11.8516 12.1797 10.9549 11.0099 9.7982 9.8910 8.6543 8.4046 8.0120 6.9393 6.6989 6.5635 5.7606 5.0352 4.9070 4.8963 4.5403 3.8510 3.2383 2.9854 3.0399 3.2672 3.4235 3.4499 3.3079 3.0424 2.6886 2.3136 1.9651 1.6443 1.3673 1.1432 0.9572 0.8106 0.6920 0.5951 0.5161 0.4507 0.3941 0.3471 0.3069 0.2719 0.2415 0.2145 0.1907 0.1702 0.1516 0.1350 0.1205 0.1075
12.7419 12.1770 11.8606 11.0433 10.5411 10.0711 9.0359 8.9382 8.1171 7.2818 7.1624 6.7557 5.8947 5.3320 5.2521 5.1169 4.6407 3.9393 3.3895 3.1967 3.2639 3.4633 3.5705 3.5530 3.3819 3.1027 2.7460 2.3731 2.0279 1.7090 1.4318 1.2054 1.0149 0.8627 0.7382 0.6364 0.5529 0.4834 0.4226 0.3718 0.3282 0.2903 0.2575 0.2284 0.2033 0.1816 0.1616 0.1438 0.1283 0.1144
13.3778 12.4102 12.3191 11.2697 11.0931 10.1596 9.5656 9.2435 8.2626 7.7106 7.5148 6.8902 6.0862 5.6687 5.5717 5.3037 4.7427 4.0575 3.5731 3.4287 3.4962 3.6604 3.7154 3.6532 3.4534 3.1629 2.8061 2.4369 2.0958 1.7780 1.4994 1.2705 1.0760 0.9189 0.7891 0.6816 0.5930 0.5192 0.4549 0.4005 0.3533 0.3118 0.2760 0.2447 0.2176 0.1944 0.1731 0.1541 0.1374 0.1225
13.5677 12.9914 12.5064 11.7833 11.3946 10.4463 10.0681 9.4526 8.5426 8.1533 7.7891 7.0467 6.3490 6.0210 5.8616 5.4734 4.8602 4.2067 3.7814 3.6715 3.7288 3.8538 3.8571 3.7518 3.5247 3.2235 2.8666 2.5008 2.1636 1.8467 1.5671 1.3362 1.1378 0.9763 0.8414 0.7283 0.6349 0.5568 0.4890 0.4309 0.3799 0.3346 0.2958 0.2621 0.2330 0.2080 0.1854 0.1651 0.1472 0.1311
13.8701 13.4766 12.8061 12.2728 11.6755 10.8535 10.4815 9.6957 8.9088 8.5613 8.0358 7.2528 6.6592 6.3711 6.1313 5.6429 5.0009 4.3849 4.0100 3.9229 3.9628 4.0464 3.9984 3.8510 3.5972 3.2851 2.9277 2.5649 2.2311 1.9149 1.6345 1.4019 1.2002 1.0346 0.8950 0.7765 0.6783 0.5960 0.5248 0.4631 0.4081 0.3588 0.3168 0.2805 0.2492 0.2225 0.1986 0.1768 0.1576 0.1404
14.1036 14.0424 13.0866 12.8062 11.9680 11.2887 10.8933 9.9766 9.3053 8.9586 8.2912 7.4985 6.9960 6.7210 6.3966 5.8227 5.1654 4.5883 4.2564 4.1840 4.2012 4.2415 4.1420 3.9527 3.6720 3.3483 2.9897 2.6292 2.2983 1.9823 1.7015 1.4678 1.2630 1.0937 0.9497 0.8260 0.7232 0.6368 0.5624 0.4970 0.4380 0.3846 0.3391 0.3002 0.2667 0.2381 0.2126 0.1894 0.1688 0.1502
14.8244 14.2664 13.5493 13.3147 12.1787 11.8594 11.2642 10.2407 9.7608 9.3712 8.5474 7.7736 7.3650 7.0946 6.6788 6.0236 5.3607 4.8250 4.5324 4.4685 4.4572 4.4494 4.2986 4.0705 3.7658 3.4284 3.0626 2.6995 2.3693 2.0547 1.7741 1.5390 1.3317 1.1593 1.0114 0.8829 0.7748 0.6830 0.6034 0.5339 0.4718 0.4156 0.3672 0.3251 0.2886 0.2575 0.2297 0.2045 0.1823 0.1622
15.6587 14.2391 14.4767 13.3963 12.6510 12.5182 11.4572 10.5935 10.3303 9.7492 8.7711 8.0898 7.7881 7.4880 6.9595 6.2273 5.5735 5.0872 4.8323 4.7705 4.7240 4.6631 4.4588 4.1906 3.8611 3.5089 3.1354 2.7695 2.4401 2.1272 1.8468 1.6105 1.4011 1.2260 1.0746 0.9416 0.8283 0.7311 0.6462 0.5726 0.5074 0.4487 0.3974 0.3517 0.3121 0.2783 0.2481 0.2207 0.1968 0.1750
15.2134 15.2877 14.8214 13.4827 13.5935 12.8366 11.5973 11.2173 10.9157 9.9979 8.9932 8.5033 8.2761 7.8807 7.2187 6.4278 5.8086 5.3828 5.1620 5.0923 5.0010 4.8807 4.6198 4.3106 3.9558 3.5888 3.2074 2.8390 2.5108 2.2002 1.9199 1.6825 1.4714 1.2941 1.1395 1.0023 0.8837 0.7810 0.6908 0.6132 0.5449 0.4837 0.4295 0.3801 0.3373 0.3006 0.2677 0.2381 0.2123 0.1888
15.9370 16.2853 14.5074 14.5457 14.2744 12.7897 12.1556 12.0562 11.3081 10.1530 9.3525 9.0752 8.8117 8.2403 7.4500 6.6457 6.0926 5.7319 5.5328 5.4390 5.2903 5.1045 4.7845 4.4335 4.0528 3.6713 3.2831 2.9136 2.5873 2.2790 1.9986 1.7601 1.5472 1.3676 1.2099 1.0683 0.9445 0.8363 0.7405 0.6585 0.5867 0.5221 0.4644 0.4113 0.3651 0.3254 0.2898 0.2578 0.2298 0.2044
17.7337 15.7514 15.5162 15.7399 14.1561 13.1904 13.2399 12.6945 11.4492 10.4394 9.9816 9.7779 9.3269 8.5383 7.6713 6.9201 6.4570 6.1510 5.9489 5.8090 5.5898 5.3345 4.9544 4.5618 4.1561 3.7621 3.3688 2.9998 2.6759 2.3691 2.0884 1.8490 1.6336 1.4511 1.2899 1.1434 1.0143 0.9006 0.7992 0.7121 0.6354 0.5654 0.5031 0.4464 0.3966 0.3539 0.3157 0.2810 0.2505 0.2229
16.9751 16.5246 17.1519 15.5641 14.3029 14.4347 14.1100 12.8042 11.5949 11.0599 10.8034 10.4252 9.6982 8.7541 7.9086 7.2682 6.8985 6.6204 6.3843 6.1767 5.8766 5.5502 5.1132 4.6836 4.2581 3.8550 3.4585 3.0905 2.7691 2.4637 2.1829 1.9424 1.7244 1.5392 1.3744 1.2230 1.0884 0.9689 0.8617 0.7692 0.6875 0.6117 0.5445 0.4841 0.4305 0.3845 0.3436 0.3061 0.2729 0.2429
17.6194 18.5284 16.8698 15.4797 15.7052 15.5186 14.1706 12.7972 12.1867 11.9999 11.5797 10.8558 9.9153 8.9563 8.2286 7.7202 7.4143 7.1205 6.8166 6.5238 6.1390 5.7455 5.2587 4.7993 4.3606 3.9526 3.5550 3.1884 2.8693 2.5649 2.2837 2.0420 1.8210 1.6329 1.4643 1.3077 1.1672 1.0417 0.9283 0.8301 0.7432 0.6611 0.5888 0.5245 0.4669 0.4175 0.3738 0.3332 0.2972 0.2645
20.0273 18.0857 16.7919 17.2351 17.0361 15.5619 14.1043 13.4691 13.3156 12.9633 12.1160 11.1001 10.1200 9.2945 8.7263 8.3148 8.0129 7.6548 7.2582 6.8712 6.4036 5.9502 5.4237 4.9431 4.4940 4.0827 3.6847 3.3196 3.0015 2.6954 2.4127 2.1686 1.9431 1.7490 1.5734 1.4091 1.2625 1.1318 1.0125 0.9078 0.8139 0.7258 0.6479 0.5782 0.5150 0.4607 0.4135 0.3691 0.3295 0.2935
19.0076 18.2240 18.9422 18.5340 16.8417 15.4214 14.9066 14.7664 14.3674 13.5008 12.3290 11.2856 10.4574 9.8222 9.3714 8.9798 8.6157 8.1554 7.6556 7.1805 6.6443 6.1460 5.5925 5.1000 4.6453 4.2333 3.8357 3.4719 3.1539 2.8445 2.5589 2.3113 2.0799 1.8783 1.6943 1.5208 1.3678 1.2318 1.1063 0.9946 0.8928 0.7983 0.7144 0.6388 0.5691 0.5095 0.4583 0.4097 0.3662 0.3264
19.9713 20.7262 19.7863 17.9546 16.7795 16.5113 16.3821 15.8028 14.7933 13.6160 12.4908 11.6619 11.0395 10.5266 10.0899 9.6331 9.1594 8.5842 7.9919 7.4488 6.8658 6.3398 5.7721 5.2756 4.8194 4.4080 4.0105 3.6471 3.3278 3.0129 2.7228 2.4700 2.2316 2.0209 1.8269 1.6430 1.4828 1.3414 1.2094 1.0899 0.9795 0.8781 0.7877 0.7056 0.6288 0.5632 0.5078 0.4547 0.4069 0.3628
22.3008 20.6184 18.9903 18.3985 18.3677 18.1042 17.2515 16.0061 14.7750 13.7494 12.9107 12.3211 11.8125 11.2956 10.7728 10.1928 9.6061 8.9348 8.2726 7.6890 7.0832 6.5477 5.9770 5.4829 5.0290 4.6187 4.2191 3.8565 3.5363 3.2166 2.9197 2.6597 2.4120 2.1914 1.9871 1.7924 1.6228 1.4729 1.3330 1.2047 1.0846 0.9741 0.8757 0.7870 0.7035 0.6318 0.5701 0.5113 0.4584 0.4095
21.1687 20.3992 20.4623 20.4148 19.7279 18.5321 17.1712 15.9459 15.0228 14.3217 13.6760 13.1498 12.5991 11.9777 11.3256 10.6191 9.9533 9.2251 8.5219 7.9243 7.3159 6.7857 6.2198 5.7314 5.2809 4.8699 4.4651 4.1034 3.7829 3.4589 3.1529 2.8833 2.6243 2.3932 2.1782 1.9724 1.7910 1.6292 1.4800 1.3417 1.2109 1.0883 0.9805 0.8849 0.7956 0.7175 0.6472 0.5814 0.5225 0.4680
22.7321 22.7681 22.1312 20.9136 19.5184 18.2950 17.3193 16.5319 15.8907 15.2704 14.5510 13.8968 13.2085 12.4687 11.7183 10.9348 10.2404 9.4968 8.7802 8.1881 7.5890 7.0712 6.5115 6.0278 5.5772 5.1620 4.7478 4.3852 4.0627 3.7326 3.4153 3.1340 2.8615 2.6183 2.3914 2.1734 1.9787 1.8037 1.6445 1.4952 1.3525 1.2164 1.0980 0.9953 0.8999 0.8150 0.7348 0.6612 0.5957 0.5350
24.4108 23.0477 21.7116 20.5983 19.7369 19.0570 18.4036 17.6750 16.9109 16.0845 15.1562 14.3467 13.5617 12.7618 11.9796 11.1806 10.4982 9.7663 9.0536 8.4759 7.8895 7.3851 6.8308 6.3501 5.8958 5.4731 5.0469 4.6793 4.3526 4.0164 3.6890 3.3974 3.1123 2.8578 2.6197 2.3904 2.1829 1.9948 1.8236 1.6631 1.5094 1.3619 1.2337 1.1228 1.0196 0.9269 0.8366 0.7545 0.6818 0.6141
24.1523 23.3164 22.6364 21.9762 21.2652 20.4637 19.5418 18.5102 17.4735 16.4385 15.3946 14.5402 13.7598 12.9447 12.1681 11.3858 10.7227 10.0066 9.3085 8.7452 8.1681 7.6738 7.1250 6.6486 6.1903 5.7600 5.3220 4.9421 4.6086 4.2691 3.9398 3.6454 3.3536 3.0927 2.8478 2.6118 2.3955 2.1974 2.0099 1.8394 1.6800 1.5305 1.3967 1.2752 1.1601 1.0571 0.9591 0.8686 0.7877 0.7121
26.3356 25.4494 24.4504 23.3686 22.2616 21.1332 19.9763 18.7992 17.6737 16.5944 15.5656 14.7596 14.0422 13.2340 12.4649 11.6889 11.0338 10.3215 9.6280 9.0687 8.4917 8.0005 7.4524 6.9772 6.5119 6.0714 5.6191 5.2244 4.8830 4.5403 4.2095 3.9129 3.6147 3.3477 3.0962 2.8540 2.6290 2.4204 2.2151 2.0340 1.8696 1.7199 1.5811 1.4480 1.3196 1.2052 1.0991 0.9996 0.9099 0.8256
27.4007 26.1487 24.9033 23.6898 22.5430 21.4099 20.2677 19.1175 17.9967 16.9140 15.9083 15.1408 14.4649 13.6360 12.8463 12.0505 11.3857 10.6633 9.9636 9.3988 8.8143 8.3212 7.7704 7.2945 6.8227 6.3727 5.9070 5.4971 5.1476 4.8021 4.4700 4.1718 3.8686 3.5970 3.3404 3.0930 2.8602 2.6419 2.4190 2.2281 2.0599 1.9114 1.7688 1.6244 1.4825 1.3570 1.2435 1.1352 1.0369 0.9439
27.1552 25.9966 24.8502 23.6998 22.5743 21.4585 20.3385 19.2372 18.1404 17.0661 16.0433 15.2585 14.5632 13.7200 12.9137 12.0994 11.4390 10.7166 10.0068 9.4274 8.8296 8.3296 7.7708 7.2890 6.8289 6.3890 5.9319 5.5163 5.1612 4.8097 4.4705 4.1684 3.8674 3.6003 3.3473 3.0986 2.8639 2.6438 2.4219 2.2319 2.0641 1.9118 1.7664 1.6211 1.4799 1.3556 1.2442 1.1364 1.0380 0.9447
