0.2188 0.2176 0.2159 0.1853 0.1760 0.1647 0.1529 0.1450 0.1390 0.1515 0.1138 0.1067 0.1202 0.1225 0.1167 0.1049 0.0849 0.0621 0.0517 0.0585 0.0712 0.0773 0.0706 0.0564 0.0412 0.0296 0.0228 0.0197 0.0188 0.0183 0.0175 0.0164 0.0149 0.0132 0.0115 0.0100 0.0085 0.0073 0.0063 0.0054 0.0047 0.0041 0.0036 0.0032 0.0028 0.0025 0.0022 0.0020 0.0018 0.0016
0.6559 0.6505 0.6456 0.5562 0.5284 0.4934 0.4578 0.4340 0.4164 0.4534 0.3415 0.3202 0.3621 0.3695 0.3515 0.3155 0.2555 0.1871 0.1547 0.1738 0.2117 0.2307 0.2119 0.1702 0.1247 0.0898 0.0688 0.0591 0.0559 0.0544 0.0523 0.0490 0.0444 0.0396 0.0347 0.0299 0.0257 0.0221 0.0190 0.0163 0.0141 0.0123 0.0108 0.0096 0.0085 0.0076 0.0067 0.0060 0.0054 0.0048
1.0920 1.0774 1.0689 0.9279 0.8827 0.8205 0.7602 0.7201 0.6916 0.7522 0.5696 0.5339 0.6087 0.6226 0.5902 0.5284 0.4285 0.3141 0.2568 0.2843 0.3459 0.3801 0.3529 0.2867 0.2117 0.1526 0.1159 0.0983 0.0921 0.0894 0.0859 0.0808 0.0736 0.0658 0.0578 0.0500 0.0431 0.0371 0.0318 0.0274 0.0236 0.0206 0.0181 0.0161 0.0142 0.0126 0.0112 0.0100 0.0089 0.0080
1.5288 1.4979 1.4826 1.2995 1.2414 1.1455 1.0585 1.0025 0.9624 1.0472 0.7981 0.7480 0.8636 0.8859 0.8349 0.7445 0.6053 0.4448 0.3579 0.3870 0.4697 0.5224 0.4933 0.4075 0.3047 0.2202 0.1655 0.1377 0.1270 0.1224 0.1178 0.1114 0.1020 0.0917 0.0810 0.0704 0.0608 0.0523 0.0450 0.0387 0.0333 0.0291 0.0256 0.0226 0.0199 0.0177 0.0157 0.0140 0.0125 0.0112
1.9699 1.9162 1.8867 1.6685 1.6090 1.4690 1.3518 1.2819 1.2263 1.3391 1.0271 0.9635 1.1319 1.1631 1.0863 0.9635 0.7871 0.5817 0.4590 0.4800 0.5791 0.6540 0.6315 0.5336 0.4063 0.2954 0.2194 0.1781 0.1606 0.1531 0.1473 0.1399 0.1291 0.1170 0.1040 0.0909 0.0787 0.0680 0.0585 0.0504 0.0433 0.0378 0.0331 0.0293 0.0258 0.0228 0.0203 0.0180 0.0161 0.0144
2.4206 2.3400 2.2877 2.0302 1.9910 1.7938 1.6402 1.5601 1.4806 1.6314 1.2558 1.1823 1.4196 1.4570 1.3433 1.1839 0.9745 0.7277 0.5628 0.5627 0.6702 0.7705 0.7653 0.6657 0.5188 0.3814 0.2805 0.2213 0.1938 0.1815 0.1739 0.1659 0.1543 0.1411 0.1264 0.1113 0.0970 0.0840 0.0725 0.0624 0.0537 0.0467 0.0410 0.0361 0.0318 0.0281 0.0249 0.0221 0.0197 0.0176
2.8857 2.7766 2.7028 2.3816 2.3915 2.1269 1.9261 1.8392 1.7238 1.9295 1.4821 1.4085 1.7338 1.7684 1.6019 1.4018 1.1678 0.8873 0.6743 0.6366 0.7406 0.8673 0.8910 0.8026 0.6444 0.4816 0.3525 0.2705 0.2283 0.2081 0.1974 0.1887 0.1768 0.1633 0.1478 0.1312 0.1151 0.1003 0.0868 0.0749 0.0645 0.0561 0.0491 0.0432 0.0379 0.0335 0.0296 0.0263 0.0234 0.0208
3.3661 3.2252 3.1567 2.7285 2.8067 2.4817 2.2146 2.1206 1.9579 2.2395 1.7025 1.6491 2.0817 2.0941 1.8543 1.6117 1.3670 1.0663 0.8016 0.7075 0.7902 0.9399 1.0032 0.9415 0.7834 0.5995 0.4399 0.3299 0.2673 0.2350 0.2185 0.2080 0.1959 0.1827 0.1671 0.1498 0.1326 0.1164 0.1012 0.0876 0.0756 0.0658 0.0576 0.0506 0.0443 0.0391 0.0345 0.0305 0.0271 0.0241
3.8511 3.6740 3.6660 3.0988 3.2175 2.8815 2.5112 2.4032 2.1908 2.5642 1.9116 1.9150 2.4674 2.4249 2.0888 1.8064 1.5720 1.2723 0.9568 0.7856 0.8227 0.9849 1.0949 1.0764 0.9337 0.7369 0.5475 0.4049 0.3158 0.2654 0.2391 0.2244 0.2113 0.1984 0.1834 0.1662 0.1486 0.1315 0.1151 0.1002 0.0868 0.0757 0.0663 0.0582 0.0510 0.0449 0.0396 0.0349 0.0310 0.0275
4.3037 4.1098 4.2117 3.5506 3.5854 3.3592 2.8169 2.6849 2.4364 2.8968 2.1048 2.2201 2.8882 2.7434 2.2905 1.9788 1.7833 1.5139 1.1553 0.8876 0.8477 1.0013 1.1577 1.1969 1.0883 0.8923 0.6781 0.5013 0.3800 0.3047 0.2626 0.2399 0.2236 0.2102 0.1957 0.1792 0.1620 0.1448 0.1278 0.1120 0.0975 0.0853 0.0749 0.0659 0.0577 0.0508 0.0447 0.0395 0.0350 0.0310
4.6601 4.5318 4.7217 4.1517 3.8696 3.9461 3.1257 2.9708 2.7130 3.2170 2.2863 2.5812 3.3301 3.0266 2.4475 2.1265 2.0032 1.8002 1.4167 1.0388 0.8855 0.9959 1.1846 1.2893 1.2344 1.0588 0.8320 0.6244 0.4678 0.3613 0.2963 0.2597 0.2360 0.2198 0.2048 0.1888 0.1722 0.1554 0.1385 0.1225 0.1074 0.0946 0.0834 0.0735 0.0645 0.0569 0.0501 0.0442 0.0392 0.0347
4.9135 4.9370 5.1091 4.9047 4.0682 4.6322 3.4206 3.2749 3.0259 3.4872 2.4696 3.0047 3.7604 3.2474 2.5539 2.2519 2.2312 2.1318 1.7540 1.2662 0.9642 0.9837 1.1714 1.3354 1.3500 1.2187 1.0001 0.7736 0.5850 0.4437 0.3493 0.2918 0.2548 0.2314 0.2132 0.1961 0.1796 0.1633 0.1469 0.1311 0.1159 0.1028 0.0912 0.0809 0.0713 0.0630 0.0556 0.0491 0.0436 0.0386
5.2769 5.2684 5.3673 5.6520 4.2634 5.3101 3.6844 3.6101 3.3416 3.6571 2.6710 3.4657 4.1233 3.3812 2.6136 2.3593 2.4548 2.4862 2.1560 1.5821 1.1104 0.9846 1.1172 1.3128 1.4006 1.3376 1.1564 0.9341 0.7267 0.5546 0.4279 0.3435 0.2867 0.2503 0.2244 0.2032 0.1850 0.1683 0.1521 0.1367 0.1219 0.1090 0.0974 0.0869 0.0770 0.0684 0.0606 0.0537 0.0477 0.0423
6.0909 5.4598 5.5924 6.0990 4.6058 5.7726 3.9464 3.9800 3.5991 3.7061 2.9176 3.9050 4.3604 3.4326 2.6547 2.4584 2.6468 2.8107 2.5802 1.9819 1.3544 1.0381 1.0428 1.2125 1.3530 1.3714 1.2596 1.0756 0.8762 0.6891 0.5360 0.4237 0.3422 0.2867 0.2472 0.2170 0.1935 0.1740 0.1566 0.1408 0.1260 0.1132 0.1018 0.0914 0.0815 0.0727 0.0647 0.0576 0.0514 0.0457
7.1302 5.6820 5.8185 6.0946 5.1261 5.8331 4.2744 4.3448 3.7567 3.6829 3.2156 4.2206 4.4398 3.4520 2.7230 2.5509 2.7541 3.0078 2.9286 2.4173 1.7148 1.2045 1.0076 1.0626 1.1956 1.2791 1.2565 1.1478 0.9950 0.8240 0.6642 0.5334 0.4288 0.3514 0.2934 0.2485 0.2146 0.1880 0.1662 0.1477 0.1314 0.1177 0.1058 0.0952 0.0852 0.0762 0.0681 0.0608 0.0544 0.0486
7.3661 6.2132 5.9984 5.9273 5.5298 5.5884 4.6634 4.6546 3.9052 3.7111 3.5092 4.2980 4.4046 3.5444 2.8621 2.6183 2.7061 2.9476 3.0431 2.7727 2.1740 1.5619 1.1345 0.9727 0.9884 1.0642 1.1079 1.0905 1.0202 0.9063 0.7754 0.6511 0.5382 0.4454 0.3696 0.3074 0.2588 0.2206 0.1901 0.1654 0.1446 0.1277 0.1136 0.1016 0.0904 0.0807 0.0720 0.0643 0.0576 0.0514
6.8961 6.5389 6.4850 5.9779 5.5639 5.4940 4.9047 5.0362 4.3153 3.8890 3.6739 4.0898 4.4007 3.8410 3.0797 2.6287 2.4822 2.5575 2.7545 2.8477 2.6213 2.1580 1.6078 1.1839 0.9459 0.8653 0.8653 0.8846 0.8890 0.8557 0.7908 0.7105 0.6204 0.5349 0.4558 0.3842 0.3240 0.2742 0.2332 0.1997 0.1718 0.1490 0.1304 0.1149 0.1010 0.0892 0.0790 0.0701 0.0625 0.0555
7.0973 6.5509 7.3428 6.4988 6.0822 5.7879 4.8906 5.8912 5.1113 4.1390 3.7251 3.7237 4.5356 4.3736 3.3261 2.5990 2.2945 2.0970 2.1010 2.3864 2.6919 2.7713 2.4900 2.0148 1.5145 1.1198 0.8628 0.7275 0.6718 0.6465 0.6270 0.6019 0.5628 0.5173 0.4660 0.4111 0.3594 0.3123 0.2706 0.2343 0.2027 0.1758 0.1532 0.1341 0.1170 0.1025 0.0900 0.0792 0.0701 0.0619
7.8803 7.5274 8.1307 6.9420 6.7433 6.5237 5.7972 5.6126 5.2721 4.5088 4.8106 3.9387 3.6200 3.8674 3.3157 2.6740 2.7446 2.9399 2.6488 2.0611 1.6471 1.6639 1.9512 2.2711 2.4228 2.3622 2.1222 1.7977 1.4690 1.1652 0.9135 0.7224 0.5771 0.4725 0.3950 0.3346 0.2886 0.2524 0.2229 0.1983 0.1769 0.1580 0.1417 0.1272 0.1135 0.1014 0.0904 0.0807 0.0722 0.0643
9.1724 7.8451 8.1645 7.9020 6.7744 7.2129 5.9169 6.2203 5.3436 4.9886 5.0653 4.0661 3.9935 4.1125 3.4011 2.8577 3.0149 3.1342 2.7360 2.1258 1.7577 1.8243 2.1271 2.4319 2.5561 2.4710 2.2134 1.8773 1.5409 1.2301 0.9712 0.7731 0.6209 0.5102 0.4272 0.3621 0.3121 0.2724 0.2401 0.2132 0.1900 0.1697 0.1520 0.1362 0.1214 0.1084 0.0967 0.0863 0.0772 0.0688
9.9682 8.9080 8.0457 8.6315 7.1322 7.6125 6.2653 6.6869 5.4611 5.5259 5.2178 4.2601 4.3940 4.3024 3.4872 3.0811 3.2932 3.3064 2.8075 2.1950 1.8832 1.9973 2.3072 2.5897 2.6828 2.5725 2.2988 1.9529 1.6107 1.2946 1.0296 0.8250 0.6663 0.5497 0.4613 0.3913 0.3370 0.2937 0.2583 0.2290 0.2039 0.1820 0.1628 0.1457 0.1297 0.1157 0.1032 0.0921 0.0824 0.0735
9.7649 9.9936 8.4611 8.8092 7.9172 7.6859 6.8916 6.9263 5.7320 6.0318 5.2966 4.5496 4.7849 4.4349 3.5948 3.3449 3.5673 3.4517 2.8672 2.2738 2.0256 2.1815 2.4890 2.7424 2.8016 2.6666 2.3783 2.0247 1.6785 1.3587 1.0886 0.8783 0.7133 0.5909 0.4971 0.4223 0.3635 0.3163 0.2776 0.2458 0.2187 0.1950 0.1743 0.1557 0.1384 0.1233 0.1100 0.0982 0.0879 0.0784
9.6882 10.2355 9.5089 8.6942 8.8229 7.6759 7.6472 6.9851 6.2008 6.4155 5.3680 4.9365 5.1263 4.5232 3.7446 3.6427 3.8244 3.5686 2.9214 2.3676 2.1856 2.3746 2.6698 2.8881 2.9120 2.7530 2.4521 2.0929 1.7446 1.4223 1.1481 0.9326 0.7618 0.6339 0.5347 0.4550 0.3917 0.3405 0.2982 0.2637 0.2344 0.2089 0.1865 0.1663 0.1475 0.1313 0.1172 0.1046 0.0935 0.0835
10.7183 9.9863 10.4190 8.9114 9.3632 7.9188 8.2488 7.0295 6.7946 6.6289 5.5094 5.3863 5.3878 4.5936 3.9489 3.9601 4.0534 3.6609 2.9793 2.4816 2.3633 2.5746 2.8476 3.0264 3.0143 2.8325 2.5206 2.1580 1.8092 1.4858 1.2087 0.9890 0.8127 0.6791 0.5743 0.4895 0.4216 0.3664 0.3204 0.2829 0.2512 0.2236 0.1993 0.1774 0.1573 0.1400 0.1249 0.1114 0.0996 0.0889
11.8263 10.3918 10.5779 9.7039 9.4167 8.5391 8.5205 7.2540 7.3632 6.7118 5.7775 5.8383 5.5638 4.6820 4.2102 4.2782 4.2473 3.7361 3.0496 2.6189 2.5569 2.7784 3.0204 3.1566 3.1090 2.9058 2.5845 2.2205 1.8726 1.5492 1.2706 1.0475 0.8660 0.7265 0.6158 0.5259 0.4535 0.3943 0.3445 0.3037 0.2690 0.2390 0.2127 0.1892 0.1678 0.1495 0.1333 0.1188 0.1062 0.0948
11.8812 11.4712 10.4760 10.5785 9.4067 9.3012 8.5672 7.7340 7.7747 6.7806 6.1765 6.2310 5.6790 4.8233 4.5205 4.5786 4.4053 3.8041 3.1396 2.7797 2.7627 2.9823 3.1863 3.2784 3.1965 2.9739 2.6452 2.2809 1.9349 1.6125 1.3329 1.1070 0.9207 0.7755 0.6589 0.5640 0.4870 0.4238 0.3700 0.3257 0.2881 0.2554 0.2270 0.2016 0.1790 0.1596 0.1422 0.1267 0.1132 0.1010
11.8645 12.1162 10.9291 10.9714 9.7825 9.8340 8.6716 8.3428 7.9972 6.9519 6.6477 6.5295 5.7804 5.0360 4.8582 4.8472 4.5343 3.8772 3.2549 2.9627 2.9771 3.1837 3.3448 3.3928 3.2784 3.0383 2.7036 2.3399 1.9964 1.6755 1.3955 1.1672 0.9766 0.8258 0.7035 0.6036 0.5223 0.4551 0.3971 0.3492 0.3083 0.2728 0.2421 0.2149 0.1909 0.1703 0.1517 0.1350 0.1205 0.1075
12.6764 12.1913 11.7810 11.0599 10.4800 10.0608 9.0290 8.8773 8.1303 7.2739 7.1062 6.7443 5.9176 5.3171 5.1985 5.0798 4.6474 3.9670 3.3982 3.1650 3.1970 3.3815 3.4969 3.5014 3.3564 3.1005 2.7608 2.3981 2.0573 1.7382 1.4583 1.2281 1.0335 0.8774 0.7495 0.6449 0.5591 0.4880 0.4258 0.3741 0.3298 0.2914 0.2582 0.2289 0.2036 0.1818 0.1617 0.1439 0.1283 0.1144
13.2983 12.4230 12.2621 11.2855 11.0267 10.1849 9.5236 9.2115 8.2872 7.6787 7.4695 6.9008 6.1037 5.6390 5.5204 5.2819 4.7603 4.0837 3.5730 3.3892 3.4274 3.5823 3.6483 3.6078 3.4323 3.1626 2.8207 2.4603 2.1230 1.8051 1.5241 1.2918 1.0935 0.9329 0.8000 0.6899 0.5993 0.5238 0.4582 0.4029 0.3550 0.3130 0.2769 0.2453 0.2180 0.1946 0.1733 0.1542 0.1375 0.1225
13.5880 12.9351 12.5269 11.7479 11.3776 10.4644 10.0123 9.4611 8.5561 8.1067 7.7678 7.0721 6.3540 5.9814 5.8199 5.4684 4.8856 4.2286 3.7722 3.6260 3.6604 3.7812 3.7976 3.7132 3.5081 3.2251 2.8810 2.5227 2.1886 1.8716 1.5897 1.3557 1.1540 0.9894 0.8518 0.7363 0.6410 0.5613 0.4923 0.4334 0.3817 0.3359 0.2967 0.2628 0.2334 0.2083 0.1857 0.1652 0.1473 0.1312
13.9106 13.4309 12.8459 12.2175 11.7130 10.8330 10.4510 9.7303 8.8971 8.5193 8.0434 7.2812 6.6486 6.3290 6.1048 5.6536 5.0302 4.4000 3.9921 3.8736 3.8970 3.9809 3.9471 3.8193 3.5848 3.2883 2.9417 2.5851 2.2538 1.9374 1.6549 1.4196 1.2150 1.0467 0.9046 0.7840 0.6841 0.6004 0.5281 0.4655 0.4100 0.3602 0.3177 0.2813 0.2498 0.2229 0.1989 0.1770 0.1578 0.1405
14.0613 14.0887 13.0677 12.8065 12.0045 11.2468 10.9110 10.0062 9.2733 8.9408 8.3214 7.5179 6.9722 6.6853 6.3886 5.8458 5.1940 4.5951 4.2312 4.1334 4.1401 4.1843 4.0993 3.9278 3.6635 3.3529 3.0031 2.6474 2.3185 2.0023 1.7196 1.4835 1.2762 1.1046 0.9585 0.8330 0.7286 0.6410 0.5656 0.4994 0.4398 0.3859 0.3401 0.3010 0.2672 0.2385 0.2130 0.1896 0.1690 0.1504
14.8166 14.3182 13.5155 13.3745 12.1693 11.8468 11.3129 10.2421 9.7311 9.3863 8.5847 7.7766 7.3355 7.0730 6.6889 6.0541 5.3846 4.8229 4.5017 4.4188 4.4026 4.4011 4.2643 4.0517 3.7608 3.4339 3.0751 2.7157 2.3869 2.0720 1.7898 1.5526 1.3432 1.1689 1.0192 0.8891 0.7797 0.6868 0.6063 0.5362 0.4735 0.4169 0.3683 0.3258 0.2892 0.2579 0.2301 0.2047 0.1825 0.1623
15.7437 14.2189 14.5169 13.4364 12.6253 12.5591 11.4945 10.5725 10.3271 9.7886 8.7986 8.0773 7.7630 7.4850 6.9838 6.2590 5.5895 5.0767 4.7985 4.7240 4.6770 4.6240 4.4323 4.1772 3.8588 3.5149 3.1467 2.7836 2.4551 2.1418 1.8601 1.6221 1.4110 1.2343 1.0814 0.9471 0.8326 0.7345 0.6489 0.5747 0.5090 0.4499 0.3983 0.3524 0.3127 0.2788 0.2484 0.2210 0.1970 0.1752
15.2397 15.2957 14.8954 13.4700 13.6137 12.8963 11.5992 11.2037 10.9465 10.0409 9.0015 8.4838 8.2646 7.8956 7.2505 6.4551 5.8152 5.3654 5.1275 5.0509 4.9621 4.8501 4.6003 4.3017 3.9555 3.5947 3.2173 2.8509 2.5233 2.2121 1.9308 1.6921 1.4796 1.3010 1.1452 1.0069 0.8875 0.7840 0.6932 0.6151 0.5464 0.4849 0.4304 0.3808 0.3378 0.3010 0.2680 0.2384 0.2125 0.1890
15.9250 16.3677 14.5211 14.5482 14.3399 12.8166 12.1417 12.0752 11.3564 10.1793 9.3441 9.0610 8.8182 8.2680 7.4819 6.6643 6.0898 5.7101 5.5001 5.4037 5.2594 5.0816 4.7707 4.4280 4.0537 3.6768 3.2914 2.9232 2.5973 2.2885 2.0073 1.7678 1.5538 1.3732 1.2146 1.0721 0.9476 0.8388 0.7426 0.6602 0.5880 0.5232 0.4652 0.4120 0.3656 0.3258 0.2901 0.2580 0.2300 0.2046
17.8097 15.7893 15.5095 15.8005 14.2018 13.1824 13.2493 12.7414 11.4874 10.4427 9.9691 9.7784 9.3491 8.5704 7.6966 6.9283 6.4466 6.1275 5.9199 5.7806 5.5664 5.3180 4.9451 4.5586 4.1576 3.7668 3.3754 3.0073 2.6836 2.3764 2.0951 1.8549 1.6387 1.4555 1.2936 1.1465 1.0168 0.9027 0.8009 0.7134 0.6365 0.5663 0.5038 0.4470 0.3970 0.3542 0.3159 0.2812 0.2507 0.2230
17.0261 16.5144 17.2046 15.6191 14.3013 14.4377 14.1526 12.8481 11.6069 11.0506 10.8005 10.4421 9.7281 8.7820 7.9233 7.2665 6.8832 6.5977 6.3601 6.1549 5.8597 5.5389 5.1072 4.6820 4.2597 3.8587 3.4635 3.0961 2.7747 2.4691 2.1878 1.9468 1.7282 1.5425 1.3772 1.2253 1.0903 0.9705 0.8630 0.7703 0.6884 0.6124 0.5451 0.4846 0.4309 0.3848 0.3439 0.3063 0.2731 0.2430
17.6058 18.5750 16.9254 15.4800 15.7046 15.5566 14.2150 12.8131 12.1796 11.9954 11.5925 10.8823 9.9428 8.9738 8.2320 7.7111 7.3972 7.1005 6.7977 6.5079 6.1273 5.7379 5.2549 4.7984 4.3619 3.9553 3.5584 3.1922 2.8732 2.5686 2.2871 2.0451 1.8237 1.6352 1.4663 1.3094 1.1687 1.0429 0.9293 0.8310 0.7439 0.6617 0.5893 0.5249 0.4672 0.4177 0.3740 0.3334 0.2973 0.2646
20.0729 18.1347 16.7881 17.2328 17.0712 15.6032 14.1188 13.4618 13.3100 12.9736 12.1391 11.1252 10.1372 9.2998 8.7207 8.3018 7.9966 7.6387 7.2444 6.8604 6.3960 5.9455 5.4214 4.9427 4.4949 4.0845 3.6869 3.3220 3.0040 2.6978 2.4149 2.1707 1.9449 1.7506 1.5748 1.4102 1.2635 1.1327 1.0132 0.9084 0.8144 0.7262 0.6483 0.5785 0.5152 0.4609 0.4136 0.3692 0.3296 0.2936
19.0413 18.2110 18.9411 18.5676 16.8761 15.4297 14.8967 14.7603 14.3762 13.5209 12.3503 11.3001 10.4619 9.8176 9.3608 8.9666 8.6023 8.1435 7.6463 7.1736 6.6397 6.1431 5.5911 5.0997 4.6458 4.2343 3.8369 3.4733 3.1554 2.8459 2.5602 2.3125 2.0811 1.8793 1.6952 1.5216 1.3684 1.2324 1.1068 0.9950 0.8932 0.7986 0.7147 0.6390 0.5693 0.5096 0.4584 0.4098 0.3663 0.3264
19.9499 20.7312 19.8181 17.9773 16.7774 16.4980 16.3766 15.8116 14.8108 13.6328 12.5008 11.6635 11.0340 10.5170 10.0786 9.6222 9.1497 8.5764 7.9861 7.4447 6.8631 6.3381 5.7712 5.2753 4.8195 4.4084 4.0110 3.6478 3.3285 3.0137 2.7235 2.4707 2.2322 2.0214 1.8274 1.6435 1.4832 1.3417 1.2097 1.0902 0.9797 0.8783 0.7879 0.7058 0.6289 0.5633 0.5079 0.4548 0.4069 0.3629
22.3164 20.6433 18.9961 18.3853 18.3532 18.1015 17.2611 16.0204 14.7864 13.7538 12.9083 12.3138 11.8028 11.2856 10.7637 10.1852 9.5999 8.9301 8.2693 7.6867 7.0817 6.5466 5.9764 5.4826 5.0289 4.6187 4.2192 3.8567 3.5366 3.2169 2.9200 2.6600 2.4123 2.1917 1.9874 1.7927 1.6231 1.4731 1.3332 1.2049 1.0848 0.9742 0.8758 0.7871 0.7036 0.6318 0.5701 0.5113 0.4584 0.4095
21.1754 20.3863 20.4435 20.4048 19.7304 18.5419 17.1808 15.9503 15.0210 14.3150 13.6667 13.1400 12.5901 11.9702 11.3197 10.6147 9.9500 9.2226 8.5202 7.9231 7.3150 6.7851 6.2193 5.7311 5.2807 4.8698 4.4650 4.1034 3.7829 3.4590 3.1530 2.8835 2.6244 2.3933 2.1783 1.9726 1.7911 1.6293 1.4801 1.3418 1.2109 1.0884 0.9805 0.8850 0.7956 0.7175 0.6472 0.5814 0.5225 0.4681
22.7112 22.7558 22.1304 20.9197 19.5246 18.2971 17.3161 16.5245 15.8811 15.2605 14.5419 13.8893 13.2028 12.4646 11.7154 10.9328 10.2390 9.4957 8.7794 8.1875 7.5885 7.0708 6.5112 6.0276 5.5770 5.1618 4.7477 4.3851 4.0626 3.7326 3.4153 3.1340 2.8615 2.6183 2.3914 2.1735 1.9787 1.8038 1.6445 1.4952 1.3525 1.2164 1.0980 0.9953 0.8999 0.8150 0.7348 0.6612 0.5957 0.5350
24.4111 23.0516 21.7138 20.5962 19.7306 19.0481 18.3937 17.6658 16.9028 16.0778 15.1510 14.3431 13.5594 12.7602 11.9786 11.1800 10.4978 9.7659 9.0532 8.4756 7.8892 7.3849 6.8307 6.3500 5.8957 5.4730 5.0468 4.6792 4.3526 4.0163 3.6890 3.3974 3.1123 2.8578 2.6197 2.3904 2.1829 1.9949 1.8236 1.6631 1.5094 1.3619 1.2337 1.1228 1.0196 0.9269 0.8367 0.7546 0.6818 0.6141
24.1487 23.3094 22.6274 21.9667 21.2563 20.4563 19.5359 18.5059 17.4703 16.4362 15.3930 14.5393 13.7593 12.9445 12.1679 11.3856 10.7225 10.0064 9.3084 8.7451 8.1680 7.6737 7.1249 6.6486 6.1902 5.7599 5.3220 4.9421 4.6085 4.2690 3.9397 3.6454 3.3536 3.0927 2.8477 2.6118 2.3955 2.1974 2.0099 1.8394 1.6800 1.5305 1.3967 1.2752 1.1601 1.0571 0.9591 0.8686 0.7877 0.7121
26.3280 25.4431 24.4455 23.3652 22.2593 21.1316 19.9754 18.7987 17.6734 16.5942 15.5655 14.7596 14.0422 13.2340 12.4649 11.6889 11.0338 10.3215 9.6280 9.0687 8.4917 8.0005 7.4524 6.9772 6.5119 6.0714 5.6191 5.2244 4.8830 4.5403 4.2095 3.9129 3.6147 3.3477 3.0962 2.8540 2.6290 2.4204 2.2151 2.0340 1.8696 1.7199 1.5811 1.4480 1.3196 1.2052 1.0991 0.9996 0.9099 0.8256
27.4005 26.1486 24.9034 23.6900 22.5432 21.4101 20.2679 19.1176 17.9968 16.9140 15.9083 15.1408 14.4649 13.6360 12.8464 12.0505 11.3857 10.6633 9.9636 9.3988 8.8143 8.3212 7.7704 7.2945 6.8227 6.3727 5.9070 5.4971 5.1476 4.8021 4.4700 4.1718 3.8686 3.5970 3.3404 3.0930 2.8602 2.6419 2.4190 2.2281 2.0599 1.9114 1.7688 1.6244 1.4825 1.3570 1.2435 1.1352 1.0369 0.9439
27.1552 25.9966 24.8502 23.6998 22.5744 21.4585 20.3385 19.2372 18.1404 17.0661 16.0433 15.2585 14.5632 13.7200 12.9137 12.0994 11.4390 10.7166 10.0068 9.4274 8.8296 8.3296 7.7708 7.2890 6.8289 6.3890 5.9319 5.5163 5.1612 4.8097 4.4705 4.1684 3.8674 3.6003 3.3473 3.0986 2.8639 2.6438 2.4219 2.2319 2.0641 1.9118 1.7664 1.6211 1.4799 1.3556 1.2442 1.1364 1.0380 0.9447
