0.1260 0.0672 0.0066 0.0635 0.1421 0.0223 0.0839 0.0755 0.0513 0.0673 0.0725 0.0187 0.1013 0.0192 0.0316 0.0845 0.0316 0.0041 0.0460 0.0642 0.0328 0.0035 0.0082 0.0310 0.0441 0.0387 0.0224 0.0076 0.0010 0.0028 0.0092 0.0161 0.0209 0.0224 0.0214 0.0183 0.0144 0.0105 0.0070 0.0043 0.0023 0.0011 0.0005 0.0002 0.0003 0.0006 0.0010 0.0014 0.0017 0.0020
0.3903 0.2168 0.0228 0.1783 0.4278 0.0743 0.2424 0.2348 0.1465 0.2083 0.2117 0.0596 0.3037 0.0549 0.0981 0.2535 0.0922 0.0130 0.1398 0.1923 0.0968 0.0099 0.0255 0.0939 0.1325 0.1155 0.0666 0.0223 0.0029 0.0086 0.0279 0.0487 0.0628 0.0673 0.0641 0.0548 0.0431 0.0314 0.0210 0.0128 0.0069 0.0033 0.0013 0.0007 0.0010 0.0018 0.0029 0.0041 0.0051 0.0061
0.6870 0.4120 0.0527 0.2569 0.7150 0.1498 0.3727 0.4186 0.2202 0.3688 0.3336 0.1121 0.5046 0.0822 0.1745 0.4217 0.1452 0.0246 0.2391 0.3191 0.1562 0.0150 0.0451 0.1595 0.2215 0.1910 0.1088 0.0357 0.0047 0.0149 0.0475 0.0821 0.1052 0.1123 0.1067 0.0910 0.0714 0.0519 0.0346 0.0210 0.0114 0.0053 0.0022 0.0012 0.0017 0.0031 0.0049 0.0068 0.0086 0.0103
1.0205 0.6813 0.1189 0.2803 0.9944 0.2699 0.4561 0.6412 0.2599 0.5606 0.4262 0.1855 0.7007 0.0971 0.2679 0.5875 0.1861 0.0413 0.3472 0.4431 0.2080 0.0182 0.0688 0.2296 0.3114 0.2641 0.1478 0.0470 0.0062 0.0224 0.0688 0.1169 0.1485 0.1576 0.1490 0.1267 0.0990 0.0717 0.0476 0.0288 0.0155 0.0072 0.0030 0.0017 0.0025 0.0044 0.0070 0.0097 0.0122 0.0145
1.3645 1.0417 0.2603 0.2411 1.2411 0.4603 0.4761 0.9124 0.2577 0.7929 0.4777 0.2911 0.8852 0.0976 0.3855 0.7476 0.2108 0.0665 0.4672 0.5625 0.2492 0.0192 0.0987 0.3057 0.4021 0.3335 0.1823 0.0556 0.0074 0.0315 0.0922 0.1536 0.1930 0.2032 0.1910 0.1616 0.1257 0.0906 0.0599 0.0360 0.0193 0.0089 0.0036 0.0022 0.0033 0.0059 0.0092 0.0127 0.0159 0.0188
1.6476 1.4786 0.5289 0.1563 1.4125 0.7475 0.4247 1.2317 0.2138 1.0690 0.4787 0.4416 1.0472 0.0853 0.5341 0.8961 0.2165 0.1051 0.6009 0.6740 0.2771 0.0189 0.1369 0.3892 0.4932 0.3980 0.2109 0.0610 0.0087 0.0428 0.1186 0.1927 0.2387 0.2490 0.2323 0.1953 0.1511 0.1084 0.0712 0.0425 0.0225 0.0103 0.0042 0.0027 0.0042 0.0075 0.0116 0.0159 0.0198 0.0233
1.7532 1.9192 0.9703 0.0817 1.4526 1.1469 0.3118 1.5819 0.1430 1.3818 0.4252 0.6492 1.1709 0.0668 0.7193 1.0245 0.2025 0.1633 0.7494 0.7736 0.2894 0.0187 0.1861 0.4810 0.5838 0.4558 0.2326 0.0627 0.0103 0.0570 0.1485 0.2346 0.2858 0.2948 0.2728 0.2277 0.1750 0.1246 0.0813 0.0481 0.0252 0.0114 0.0047 0.0032 0.0053 0.0093 0.0142 0.0193 0.0238 0.0280
1.5614 2.2171 1.5837 0.1195 1.3103 1.6443 0.1768 1.9210 0.0800 1.7085 0.3244 0.9224 1.2371 0.0550 0.9431 1.1211 0.1708 0.2484 0.9114 0.8561 0.2848 0.0213 0.2490 0.5817 0.6725 0.5053 0.2462 0.0608 0.0129 0.0748 0.1825 0.2795 0.3344 0.3405 0.3120 0.2582 0.1969 0.1392 0.0900 0.0527 0.0272 0.0121 0.0050 0.0038 0.0065 0.0113 0.0171 0.0229 0.0281 0.0328
1.0468 2.1836 2.2672 0.4030 0.9750 2.1743 0.0961 2.1804 0.0821 2.0058 0.1996 1.2604 1.2263 0.0697 1.2014 1.1721 0.1274 0.3681 1.0834 0.9154 0.2629 0.0305 0.3284 0.6909 0.7572 0.5445 0.2511 0.0556 0.0173 0.0973 0.2212 0.3277 0.3843 0.3858 0.3495 0.2866 0.2167 0.1517 0.0972 0.0561 0.0286 0.0125 0.0053 0.0045 0.0079 0.0136 0.0202 0.0268 0.0327 0.0380
0.4064 1.6983 2.7853 1.0378 0.5239 2.6067 0.1792 2.2721 0.2233 2.2101 0.0961 1.6471 1.1246 0.1371 1.4811 1.1632 0.0833 0.5297 1.2581 0.9446 0.2256 0.0514 0.4268 0.8075 0.8352 0.5714 0.2467 0.0478 0.0247 0.1252 0.2652 0.3793 0.4352 0.4303 0.3851 0.3125 0.2339 0.1621 0.1026 0.0584 0.0292 0.0126 0.0055 0.0054 0.0096 0.0162 0.0237 0.0311 0.0376 0.0434
0.1077 0.8784 2.8243 1.9941 0.1572 2.7634 0.5399 2.1137 0.5757 2.2487 0.0807 2.0466 0.9318 0.2867 1.7606 1.0853 0.0556 0.7381 1.4258 0.9384 0.1767 0.0905 0.5468 0.9305 0.9046 0.5849 0.2332 0.0386 0.0365 0.1600 0.3155 0.4351 0.4878 0.4743 0.4190 0.3360 0.2488 0.1705 0.1065 0.0597 0.0292 0.0123 0.0057 0.0064 0.0116 0.0192 0.0276 0.0358 0.0429 0.0491
0.6875 0.1951 2.1919 2.9969 0.1754 2.4859 1.2387 1.6718 1.1753 2.0612 0.2327 2.3974 0.6681 0.5471 2.0098 0.9371 0.0664 0.9933 1.5719 0.8919 0.1231 0.1550 0.6905 1.0577 0.9626 0.5839 0.2115 0.0296 0.0545 0.2031 0.3731 0.4957 0.5426 0.5184 0.4515 0.3576 0.2616 0.1770 0.1089 0.0599 0.0287 0.0119 0.0060 0.0077 0.0140 0.0226 0.0320 0.0410 0.0486 0.0554
2.2174 0.3339 1.0827 3.5502 0.8395 1.7537 2.2064 1.0211 1.9779 1.6308 0.6192 2.6109 0.3807 0.9366 2.1883 0.7295 0.1409 1.2846 1.6741 0.8003 0.0740 0.2521 0.8560 1.1820 1.0027 0.5656 0.1820 0.0229 0.0807 0.2556 0.4382 0.5605 0.5984 0.5613 0.4816 0.3763 0.2716 0.1812 0.1097 0.0591 0.0276 0.0114 0.0065 0.0093 0.0168 0.0266 0.0369 0.0467 0.0549 0.0620
3.7826 1.6628 0.1988 3.1915 2.1216 0.8082 3.1903 0.3889 2.8224 1.0263 1.2603 2.5971 0.1513 1.4509 2.2559 0.4919 0.3046 1.5952 1.7141 0.6684 0.0435 0.3878 1.0392 1.2957 1.0201 0.5294 0.1470 0.0215 0.1174 0.3189 0.5110 0.6292 0.6546 0.6023 0.5085 0.3916 0.2786 0.1830 0.1087 0.0572 0.0259 0.0107 0.0071 0.0114 0.0202 0.0311 0.0424 0.0529 0.0616 0.0691
3.8941 3.5464 0.4603 1.9149 3.5301 0.1673 3.7762 0.1188 3.4487 0.4314 2.0895 2.2970 0.0847 2.0437 2.1702 0.2678 0.5801 1.9075 1.6842 0.5113 0.0481 0.5648 1.2318 1.3895 1.0101 0.4757 0.1096 0.0286 0.1668 0.3935 0.5912 0.7007 0.7100 0.6402 0.5315 0.4028 0.2821 0.1821 0.1059 0.0542 0.0239 0.0101 0.0081 0.0140 0.0242 0.0364 0.0486 0.0598 0.0689 0.0767
2.0974 4.3968 2.1479 0.5280 4.2185 0.4045 3.5580 0.5192 3.5982 0.1255 2.9302 1.7250 0.2835 2.6200 1.9004 0.1128 0.9802 2.2000 1.5852 0.3521 0.1050 0.7828 1.4239 1.4547 0.9701 0.4071 0.0742 0.0481 0.2307 0.4798 0.6777 0.7733 0.7628 0.6735 0.5491 0.4091 0.2815 0.1781 0.1011 0.0501 0.0214 0.0096 0.0096 0.0173 0.0291 0.0425 0.0557 0.0675 0.0770 0.0850
0.2737 3.0899 4.1906 0.2688 3.5862 1.7369 2.4555 1.6566 3.0908 0.3537 3.5598 1.0299 0.8101 3.0505 1.4587 0.0923 1.4838 2.4207 1.4042 0.2094 0.2316 1.0459 1.6126 1.4901 0.9035 0.3297 0.0467 0.0837 0.3107 0.5772 0.7690 0.8453 0.8112 0.7008 0.5604 0.4097 0.2764 0.1710 0.0943 0.0451 0.0187 0.0094 0.0118 0.0215 0.0349 0.0496 0.0637 0.0760 0.0858 0.0939
0.9913 0.8577 4.6666 1.7809 1.8713 3.6054 1.0489 3.2111 1.9681 1.1917 3.7381 0.4324 1.6381 3.2160 0.9284 0.2776 2.0362 2.4946 1.1207 0.0969 0.4389 1.3520 1.7916 1.4935 0.8142 0.2503 0.0336 0.1395 0.4080 0.6851 0.8634 0.9148 0.8539 0.7211 0.5650 0.4048 0.2672 0.1611 0.0860 0.0395 0.0162 0.0099 0.0149 0.0266 0.0417 0.0577 0.0725 0.0853 0.0952 0.1035
4.0364 0.3445 2.8559 4.1880 0.3167 4.8449 0.1629 4.4403 0.7507 2.5224 3.2324 0.1090 2.5895 3.0153 0.4327 0.6935 2.5458 2.3850 0.7815 0.0587 0.7128 1.6431 1.8991 1.4246 0.6863 0.1675 0.0367 0.2151 0.5192 0.7983 0.9549 0.9761 0.8866 0.7317 0.5614 0.3939 0.2540 0.1489 0.0766 0.0337 0.0141 0.0111 0.0189 0.0328 0.0496 0.0668 0.0823 0.0955 0.1055 0.1137
5.3924 3.0447 0.4696 5.3045 0.6479 4.3846 0.7780 4.6000 0.1392 3.9469 2.1686 0.4217 3.5193 2.4371 0.1221 1.3684 2.9716 2.1068 0.4478 0.1496 1.0871 1.9439 1.9599 1.3081 0.5406 0.0971 0.0687 0.3216 0.6544 0.9255 1.0513 1.0358 0.9142 0.7361 0.5520 0.3782 0.2375 0.1347 0.0664 0.0281 0.0127 0.0134 0.0242 0.0405 0.0590 0.0772 0.0934 0.1068 0.1167 0.1248
2.4850 5.7387 0.8613 3.5486 3.1491 2.2604 2.8926 3.3055 0.7771 4.7114 0.9314 1.4263 4.0476 1.5800 0.1735 2.2032 3.1743 1.6616 0.1854 0.3896 1.5229 2.2010 1.9418 1.1389 0.3873 0.0511 0.1355 0.4575 0.8065 1.0574 1.1432 1.0862 0.9312 0.7309 0.5347 0.3570 0.2175 0.1188 0.0558 0.0229 0.0124 0.0171 0.0311 0.0496 0.0698 0.0890 0.1056 0.1191 0.1288 0.1367
0.1440 4.2230 4.2895 0.7301 5.6482 0.3430 5.1385 1.2994 2.6298 4.2762 0.1738 2.8932 3.9077 0.7038 0.6903 3.0395 3.0704 1.1149 0.0721 0.7876 1.9823 2.3790 1.8338 0.9264 0.2425 0.0423 0.2433 0.6230 0.9723 1.1895 1.2267 1.1245 0.9358 0.7151 0.5095 0.3306 0.1946 0.1017 0.0454 0.0187 0.0135 0.0226 0.0397 0.0605 0.0822 0.1023 0.1191 0.1325 0.1419 0.1494
3.4224 0.6133 6.2689 0.7133 5.2955 0.8783 5.5768 0.1766 4.7417 2.7149 0.4874 4.2808 3.0459 0.1619 1.6465 3.6677 2.6336 0.5779 0.1778 1.3248 2.4121 2.4437 1.6344 0.6879 0.1257 0.0832 0.3962 0.8159 1.1469 1.3166 1.2975 1.1477 0.9267 0.6884 0.4765 0.2994 0.1694 0.0841 0.0356 0.0160 0.0165 0.0300 0.0503 0.0734 0.0963 0.1171 0.1339 0.1471 0.1560 0.1629
6.7657 1.5425 3.5103 4.2861 2.1643 3.9269 3.5280 1.2256 5.6506 0.9088 1.9915 4.9179 1.7326 0.2784 2.8454 3.8810 1.9255 0.1927 0.5443 1.9506 2.7514 2.3721 1.3557 0.4493 0.0584 0.1848 0.5948 1.0311 1.3229 1.4320 1.3511 1.1538 0.9031 0.6511 0.4367 0.2644 0.1429 0.0670 0.0274 0.0154 0.0219 0.0399 0.0633 0.0883 0.1124 0.1336 0.1503 0.1630 0.1712 0.1774
3.1851 6.2314 0.2838 6.7996 0.2220 6.4712 0.8285 4.0286 4.4856 0.1800 4.0687 4.3669 0.5473 1.1830 3.9386 3.5534 1.1065 0.1025 1.1654 2.5817 2.9370 2.1536 1.0221 0.2419 0.0621 0.3546 0.8361 1.2602 1.4916 1.5287 1.3831 1.1404 0.8645 0.6036 0.3907 0.2267 0.1160 0.0511 0.0214 0.0175 0.0302 0.0527 0.0790 0.1056 0.1305 0.1519 0.1681 0.1802 0.1875 0.1929
0.3016 5.9209 2.7023 4.2487 2.6688 5.3915 0.5266 6.3029 1.9758 1.3717 5.5492 2.7829 0.1597 2.6786 4.5282 2.7168 0.4159 0.4093 1.9710 3.1092 2.9148 1.7975 0.6719 0.1015 0.1554 0.5946 1.1123 1.4928 1.6436 1.5998 1.3892 1.1052 0.8100 0.5460 0.3395 0.1873 0.0900 0.0375 0.0186 0.0230 0.0418 0.0686 0.0975 0.1254 0.1507 0.1719 0.1875 0.1987 0.2049 0.2092
5.4877 0.9373 7.2308 0.4709 6.7227 1.7291 3.5361 5.7622 0.2650 3.9839 5.3892 0.9996 0.9729 4.2348 4.3237 1.5993 0.1142 1.1280 2.8264 3.4203 2.6607 1.3428 0.3580 0.0643 0.3508 0.8996 1.4101 1.7148 1.7680 1.6385 1.3661 1.0476 0.7405 0.4800 0.2849 0.1481 0.0662 0.0275 0.0197 0.0326 0.0574 0.0882 0.1192 0.1479 0.1733 0.1939 0.2085 0.2186 0.2234 0.2265
7.1438 2.2043 5.3924 2.2913 6.4527 0.3993 6.8501 2.6864 1.2275 6.1950 3.5151 0.1811 2.8027 5.1625 3.3125 0.5939 0.3952 2.1552 3.5508 3.4244 2.1923 0.8559 0.1404 0.1609 0.6506 1.2560 1.7114 1.9105 1.8542 1.6389 1.3116 0.9679 0.6576 0.4075 0.2289 0.1108 0.0463 0.0222 0.0259 0.0469 0.0774 0.1117 0.1443 0.1732 0.1982 0.2179 0.2312 0.2398 0.2431 0.2448
1.0189 7.8028 0.5531 7.3068 1.9523 3.8664 6.4183 0.3225 4.4439 6.1254 1.1675 1.1006 4.8290 4.9560 1.8519 0.1408 1.2933 3.2699 3.9587 3.0845 1.5766 0.4249 0.0771 0.4090 1.0444 1.6433 2.0000 2.0709 1.8989 1.6002 1.2276 0.8692 0.5648 0.3320 0.1744 0.0779 0.0322 0.0231 0.0380 0.0669 0.1023 0.1393 0.1730 0.2019 0.2258 0.2441 0.2561 0.2630 0.2644 0.2645
3.1008 5.0422 3.1417 6.4911 0.6619 7.6894 2.5122 1.7131 7.0387 3.6243 0.2317 3.4685 5.9211 3.5863 0.5787 0.5469 2.6252 4.1708 3.9087 2.4386 0.9277 0.1461 0.2126 0.8075 1.5065 2.0295 2.2458 2.1728 1.8873 1.5164 1.1132 0.7532 0.4649 0.2565 0.1243 0.0516 0.0255 0.0315 0.0571 0.0929 0.1324 0.1714 0.2053 0.2337 0.2561 0.2724 0.2827 0.2876 0.2869 0.2851
8.6244 0.3621 8.3827 1.1220 5.4605 6.0978 0.3095 5.7875 6.2708 0.8337 1.7801 5.8680 5.3206 1.6915 0.1817 1.8116 4.0039 4.5651 3.3652 1.6128 0.3915 0.1068 0.5660 1.3314 1.9968 2.3775 2.4227 2.2017 1.8143 1.3885 0.9721 0.6248 0.3628 0.1851 0.0819 0.0345 0.0282 0.0486 0.0840 0.1257 0.1681 0.2082 0.2415 0.2687 0.2888 0.3027 0.3110 0.3137 0.3105 0.3067
2.6198 5.8597 4.7348 2.0901 8.3932 1.2952 3.3595 7.8431 2.7146 0.5699 4.9150 6.5848 3.2559 0.3441 1.0359 3.5483 4.9473 4.2762 2.4346 0.8057 0.1165 0.3622 1.1209 1.9314 2.4640 2.6485 2.5076 2.1477 1.6794 1.2211 0.8110 0.4907 0.2643 0.1227 0.0508 0.0291 0.0419 0.0757 0.1194 0.1656 0.2098 0.2498 0.2816 0.3069 0.3242 0.3350 0.3410 0.3411 0.3352 0.3293
2.0467 8.1162 0.3997 8.1453 3.9298 1.2535 7.8518 5.1007 0.2981 3.5238 7.1331 4.9183 1.0123 0.4819 2.9183 5.0864 5.0659 3.3412 1.3662 0.2484 0.2173 0.9185 1.8264 2.5480 2.8651 2.8186 2.4893 2.0103 1.4892 1.0258 0.6408 0.3599 0.1764 0.0743 0.0348 0.0382 0.0687 0.1143 0.1647 0.2137 0.2583 0.2972 0.3266 0.3491 0.3631 0.3707 0.3736 0.3707 0.3618 0.3536
9.1518 1.1367 6.1326 6.6848 0.3647 6.6927 7.1825 0.9365 2.1743 7.0709 6.3864 2.0257 0.2312 2.2671 5.0018 5.7220 4.2332 2.0287 0.4879 0.1405 0.7379 1.7173 2.5873 3.0900 3.1319 2.8472 2.3535 1.7912 1.2522 0.8106 0.4700 0.2402 0.1053 0.0446 0.0372 0.0639 0.1100 0.1649 0.2198 0.2698 0.3130 0.3497 0.3757 0.3945 0.4045 0.4084 0.4079 0.4016 0.3896 0.3788
3.1371 3.8559 8.5220 0.6471 5.1351 8.5467 2.0934 1.1985 6.6019 7.5413 3.1585 0.2573 1.7154 4.8194 6.2098 5.0817 2.7172 0.8013 0.1288 0.5914 1.6253 2.6369 3.2833 3.4709 3.2169 2.7183 2.1047 1.5046 0.9850 0.5914 0.3117 0.1415 0.0583 0.0385 0.0612 0.1083 0.1669 0.2284 0.2852 0.3340 0.3741 0.4071 0.4286 0.4429 0.4484 0.4480 0.4436 0.4337 0.4183 0.4049
2.2177 9.3741 1.4836 3.8257 9.2502 3.2930 0.6601 6.0779 8.3440 4.2195 0.4494 1.3282 4.6778 6.6324 5.8196 3.3848 1.1317 0.1617 0.4959 1.5654 2.7274 3.5143 3.7928 3.6207 3.0948 2.4369 1.7640 1.1762 0.7114 0.3874 0.1804 0.0742 0.0424 0.0606 0.1099 0.1733 0.2407 0.3057 0.3617 0.4071 0.4425 0.4706 0.4864 0.4950 0.4953 0.4902 0.4817 0.4679 0.4488 0.4325
9.7591 2.2218 3.0828 9.6032 4.1683 0.4460 5.7803 8.9371 5.0135 0.6580 1.1321 4.6877 7.0987 6.4940 3.9421 1.4209 0.2068 0.4562 1.5830 2.8716 3.8188 4.1753 4.0136 3.4992 2.7675 2.0276 1.3638 0.8367 0.4567 0.2180 0.0900 0.0477 0.0637 0.1150 0.1858 0.2609 0.3329 0.3981 0.4507 0.4906 0.5199 0.5414 0.5501 0.5516 0.5461 0.5359 0.5228 0.5049 0.4820 0.4623
2.3251 3.0036 9.8614 4.4419 0.4169 5.9198 9.4011 5.3994 0.7311 1.1485 4.9475 7.6273 7.0770 4.3348 1.5814 0.2302 0.4771 1.7111 3.1304 4.1811 4.6291 4.4526 3.8734 3.1011 2.2659 1.5321 0.9424 0.5179 0.2455 0.1022 0.0532 0.0703 0.1274 0.2045 0.2903 0.3710 0.4429 0.5045 0.5504 0.5825 0.6037 0.6174 0.6176 0.6110 0.5990 0.5832 0.5654 0.5431 0.5161 0.4930
3.7555 10.1118 3.9325 0.5831 6.6678 9.7590 5.2180 0.5905 1.4447 5.6053 8.2662 7.4766 4.4676 1.5499 0.2106 0.5905 1.9921 3.5606 4.6749 5.1186 4.9320 4.2559 3.3738 2.4765 1.6561 1.0143 0.5529 0.2603 0.1065 0.0586 0.0820 0.1489 0.2372 0.3306 0.4236 0.5036 0.5702 0.6242 0.6602 0.6820 0.6936 0.6978 0.6885 0.6728 0.6538 0.6321 0.6092 0.5824 0.5512 0.5244
10.0746 2.6093 1.2828 8.1231 9.8241 4.3424 0.3215 2.2339 6.7744 9.0722 7.6152 4.2123 1.2788 0.1751 0.8667 2.5295 4.2226 5.3613 5.7151 5.3972 4.6282 3.6118 2.6041 1.7328 1.0366 0.5532 0.2532 0.1035 0.0654 0.1035 0.1859 0.2896 0.3971 0.4968 0.5892 0.6615 0.7173 0.7595 0.7819 0.7907 0.7909 0.7859 0.7675 0.7431 0.7168 0.6887 0.6594 0.6272 0.5911 0.5606
0.8045 3.2449 9.9761 8.9049 2.6803 0.3347 3.8467 8.4430 9.6990 7.2430 3.4487 0.7878 0.2453 1.4498 3.4083 5.1936 6.2114 6.3838 5.8378 4.8708 3.7446 2.6304 1.6965 0.9916 0.5040 0.2201 0.0931 0.0803 0.1421 0.2480 0.3706 0.4941 0.6067 0.7012 0.7842 0.8416 0.8811 0.9071 0.9125 0.9061 0.8934 0.8787 0.8505 0.8170 0.7831 0.7482 0.7120 0.6739 0.6328 0.5984
7.0854 10.9731 6.2502 0.7961 1.5328 6.5624 10.2029 9.5891 5.9430 2.1667 0.2987 0.7075 2.5729 4.7616 6.4325 7.2015 6.9997 6.1497 4.9364 3.6555 2.4942 1.5371 0.8469 0.4051 0.1661 0.0867 0.1173 0.2164 0.3495 0.4972 0.6365 0.7606 0.8631 0.9404 1.0051 1.0406 1.0586 1.0647 1.0502 1.0266 0.9997 0.9747 0.9364 0.8933 0.8515 0.8094 0.7659 0.7219 0.6756 0.6372
8.7473 2.2220 0.5812 4.9684 9.9298 10.9301 7.8939 3.5963 0.7397 0.3902 2.0422 4.5015 6.6538 7.8767 8.0617 7.3945 6.1335 4.6905 3.2953 2.1204 1.2299 0.6190 0.2667 0.1174 0.1134 0.2062 0.3540 0.5240 0.6911 0.8500 0.9814 1.0873 1.1652 1.2150 1.2545 1.2627 1.2550 1.2382 1.2020 1.1599 1.1179 1.0806 1.0309 0.9778 0.9277 0.8781 0.8268 0.7765 0.7246 0.6819
0.4514 4.6360 10.0507 11.6674 8.8400 4.2813 1.0008 0.3682 2.0289 4.7462 7.2517 8.8076 9.1610 8.4791 7.1605 5.5682 3.9641 2.5897 1.5211 0.7859 0.3485 0.1502 0.1312 0.2323 0.4009 0.6029 0.8084 0.9992 1.1588 1.2968 1.3966 1.4671 1.5072 1.5206 1.5293 1.5058 1.4689 1.4264 1.3675 1.3060 1.2478 1.1962 1.1338 1.0707 1.0118 0.9541 0.8947 0.8377 0.7800 0.7325
11.3648 11.8412 8.2246 3.5581 0.6833 0.6673 2.8814 5.9477 8.6007 10.1106 10.2787 9.3997 7.8349 5.9840 4.2153 2.7168 1.5669 0.7917 0.3449 0.1655 0.1811 0.3237 0.5399 0.7908 1.0343 1.2626 1.4572 1.6167 1.7282 1.8153 1.8627 1.8828 1.8742 1.8442 1.8173 1.7587 1.6900 1.6199 1.5371 1.4555 1.3808 1.3144 1.2391 1.1659 1.0982 1.0323 0.9645 0.9008 0.8371 0.7848
5.1163 1.3813 0.4488 2.2373 5.4800 8.6991 10.8754 11.6172 11.0515 9.5590 7.5732 5.5418 3.7124 2.2388 1.1971 0.5569 0.2521 0.2059 0.3379 0.5799 0.8783 1.1836 1.4766 1.7456 1.9547 2.1261 2.2462 2.3289 2.3591 2.3720 2.3530 2.3139 2.2503 2.1725 2.1076 2.0129 1.9123 1.8154 1.7102 1.6092 1.5181 1.4371 1.3491 1.2665 1.1899 1.1158 1.0396 0.9691 0.8993 0.8421
3.6852 7.3183 10.5572 12.5268 12.9420 11.9913 10.1311 7.8508 5.6120 3.6711 2.1602 1.1226 0.5187 0.2783 0.3142 0.5376 0.8700 1.2542 1.6387 2.0018 2.3268 2.5812 2.7848 2.9475 3.0338 3.0869 3.0912 3.0661 2.9945 2.9207 2.8326 2.7343 2.6157 2.4889 2.3852 2.2572 2.1291 2.0099 1.8876 1.7700 1.6632 1.5686 1.4691 1.3782 1.2926 1.2101 1.1260 1.0487 0.9725 0.9101
13.7661 12.2704 10.0653 7.6312 5.3168 3.3644 1.8985 0.9450 0.4673 0.3712 0.5575 0.9330 1.4129 1.9250 2.4279 2.8886 3.2799 3.6077 3.8517 4.0396 4.1731 4.2159 4.2185 4.2001 4.1193 4.0273 3.9013 3.7606 3.5853 3.4258 3.2742 3.1226 2.9539 2.7823 2.6435 2.4864 2.3344 2.1962 2.0600 1.9279 1.8067 1.6996 1.5894 1.4914 1.3973 1.3066 1.2149 1.1308 1.0484 0.9809
1.2371 0.6492 0.5011 0.7108 1.1817 1.8207 2.5410 3.2538 3.9432 4.5761 5.1356 5.6010 5.9481 6.1732 6.3134 6.3742 6.3512 6.2901 6.1702 6.0427 5.9004 5.6858 5.4661 5.2617 5.0240 4.8021 4.5640 4.3241 4.0623 3.8331 3.6326 3.4403 3.2328 3.0261 2.8598 2.6803 2.5101 2.3578 2.2116 2.0684 1.9354 1.8179 1.6991 1.5955 1.4945 1.3968 1.2980 1.2079 1.1198 1.0478
10.2112 10.6437 10.9711 11.2350 11.4210 11.5210 11.5074 11.3399 11.1452 10.9145 10.6370 10.3428 9.9975 9.6047 9.2082 8.8057 8.3737 7.9707 7.5603 7.1956 6.8582 6.4771 6.1099 5.7810 5.4421 5.1456 4.8514 4.5516 4.2445 3.9868 3.7538 3.5358 3.3127 3.0936 2.9171 2.7246 2.5456 2.3873 2.2334 2.0855 1.9504 1.8309 1.7103 1.6051 1.5060 1.4089 1.3047 1.2125 1.1236 1.0511
