0.2185 0.2177 0.2171 0.1858 0.1754 0.1650 0.1535 0.1451 0.1401 0.1516 0.1130 0.1074 0.1200 0.1209 0.1148 0.1033 0.0836 0.0615 0.0519 0.0595 0.0723 0.0779 0.0705 0.0559 0.0406 0.0292 0.0227 0.0198 0.0189 0.0184 0.0176 0.0165 0.0149 0.0132 0.0115 0.0099 0.0085 0.0073 0.0063 0.0054 0.0047 0.0041 0.0036 0.0032 0.0028 0.0025 0.0022 0.0020 0.0018 0.0016
0.6550 0.6506 0.6490 0.5576 0.5264 0.4944 0.4597 0.4341 0.4197 0.4537 0.3392 0.3223 0.3614 0.3647 0.3459 0.3107 0.2517 0.1851 0.1554 0.1768 0.2150 0.2325 0.2116 0.1686 0.1229 0.0885 0.0683 0.0592 0.0563 0.0548 0.0526 0.0491 0.0444 0.0395 0.0345 0.0297 0.0255 0.0220 0.0189 0.0162 0.0140 0.0123 0.0108 0.0096 0.0085 0.0075 0.0067 0.0060 0.0054 0.0048
1.0904 1.0772 1.0743 0.9303 0.8790 0.8220 0.7632 0.7201 0.6970 0.7525 0.5656 0.5374 0.6073 0.6144 0.5809 0.5204 0.4222 0.3106 0.2577 0.2891 0.3515 0.3833 0.3527 0.2841 0.2086 0.1503 0.1150 0.0984 0.0927 0.0901 0.0865 0.0811 0.0736 0.0657 0.0576 0.0498 0.0428 0.0368 0.0316 0.0272 0.0235 0.0205 0.0181 0.0160 0.0142 0.0126 0.0112 0.0100 0.0089 0.0080
1.5259 1.4968 1.4895 1.3029 1.2354 1.1473 1.0623 1.0024 0.9700 1.0471 0.7924 0.7530 0.8614 0.8741 0.8219 0.7335 0.5966 0.4397 0.3587 0.3935 0.4777 0.5273 0.4933 0.4040 0.3003 0.2169 0.1639 0.1375 0.1277 0.1234 0.1186 0.1118 0.1021 0.0916 0.0807 0.0700 0.0604 0.0520 0.0447 0.0385 0.0331 0.0289 0.0255 0.0225 0.0199 0.0177 0.0157 0.0140 0.0125 0.0112
1.9652 1.9133 1.8939 1.6730 1.5998 1.4708 1.3557 1.2814 1.2361 1.3383 1.0196 0.9701 1.1285 1.1475 1.0696 0.9498 0.7760 0.5745 0.4591 0.4877 0.5893 0.6609 0.6323 0.5296 0.4005 0.2907 0.2169 0.1775 0.1613 0.1543 0.1484 0.1406 0.1294 0.1169 0.1037 0.0904 0.0783 0.0676 0.0581 0.0501 0.0431 0.0376 0.0330 0.0292 0.0257 0.0228 0.0202 0.0180 0.0161 0.0144
2.4129 2.3345 2.2939 2.0362 1.9774 1.7955 1.6434 1.5589 1.4924 1.6291 1.2464 1.1905 1.4146 1.4374 1.3233 1.1678 0.9611 0.7180 0.5613 0.5708 0.6827 0.7798 0.7673 0.6613 0.5118 0.3750 0.2766 0.2200 0.1942 0.1827 0.1751 0.1668 0.1547 0.1411 0.1262 0.1108 0.0965 0.0836 0.0720 0.0621 0.0534 0.0465 0.0408 0.0360 0.0317 0.0280 0.0248 0.0221 0.0197 0.0176
2.8731 2.7675 2.7059 2.3892 2.3720 2.1277 1.9275 1.8373 1.7372 1.9250 1.4710 1.4183 1.7269 1.7447 1.5790 1.3841 1.1523 0.8746 0.6701 0.6442 0.7548 0.8793 0.8948 0.7985 0.6362 0.4735 0.3469 0.2680 0.2280 0.2092 0.1988 0.1898 0.1775 0.1635 0.1476 0.1308 0.1146 0.0998 0.0863 0.0745 0.0641 0.0558 0.0489 0.0430 0.0378 0.0334 0.0296 0.0262 0.0233 0.0208
3.3461 3.2115 3.1541 2.7378 2.7804 2.4808 2.2129 2.1177 1.9724 2.2321 1.6897 1.6605 2.0724 2.0666 1.8295 1.5931 1.3496 1.0499 0.7934 0.7130 0.8053 0.9547 1.0097 0.9385 0.7745 0.5895 0.4323 0.3256 0.2660 0.2355 0.2199 0.2094 0.1969 0.1832 0.1672 0.1496 0.1322 0.1159 0.1007 0.0872 0.0752 0.0655 0.0573 0.0504 0.0442 0.0389 0.0344 0.0305 0.0271 0.0241
3.8219 3.6546 3.6557 3.1095 3.1844 2.8775 2.5055 2.3993 2.2056 2.5534 1.8979 1.9280 2.4556 2.3942 2.0632 1.7878 1.5530 1.2517 0.9429 0.7871 0.8374 1.0022 1.1047 1.0755 0.9249 0.7255 0.5375 0.3985 0.3128 0.2650 0.2400 0.2258 0.2126 0.1993 0.1838 0.1663 0.1484 0.1311 0.1147 0.0998 0.0863 0.0753 0.0659 0.0579 0.0508 0.0447 0.0394 0.0349 0.0309 0.0275
4.2673 4.0830 4.1932 3.5612 3.5481 3.3495 2.8076 2.6800 2.4506 2.8830 2.0912 2.2349 2.8742 2.7109 2.2656 1.9611 1.7630 1.4883 1.1341 0.8825 0.8598 1.0204 1.1714 1.1994 1.0809 0.8801 0.6661 0.4923 0.3747 0.3027 0.2627 0.2410 0.2249 0.2113 0.1965 0.1796 0.1621 0.1446 0.1275 0.1117 0.0971 0.0850 0.0746 0.0656 0.0575 0.0506 0.0446 0.0394 0.0349 0.0310
4.6259 4.4966 4.6966 4.1603 3.8337 3.9281 3.1152 2.9645 2.7262 3.2019 2.2744 2.5982 3.3152 2.9942 2.4246 2.1102 1.9820 1.7697 1.3868 1.0245 0.8922 1.0151 1.2023 1.2967 1.2304 1.0474 0.8187 0.6129 0.4599 0.3570 0.2949 0.2600 0.2371 0.2210 0.2059 0.1896 0.1727 0.1556 0.1385 0.1223 0.1071 0.0943 0.0831 0.0733 0.0643 0.0567 0.0500 0.0441 0.0391 0.0346
4.8967 4.8970 5.0807 4.9106 4.0412 4.6048 3.4137 3.2665 3.0387 3.4739 2.4613 3.0247 3.7466 3.2172 2.5338 2.2371 2.2096 2.0976 1.7156 1.2408 0.9623 1.0003 1.1924 1.3491 1.3518 1.2108 0.9875 0.7607 0.5746 0.4368 0.3456 0.2905 0.2550 0.2323 0.2143 0.1971 0.1804 0.1638 0.1472 0.1312 0.1159 0.1028 0.0911 0.0808 0.0712 0.0628 0.0555 0.0490 0.0435 0.0385
5.2881 5.2360 5.3383 5.6588 4.2523 5.2769 3.6864 3.5990 3.3565 3.6495 2.6681 3.4906 4.1137 3.3550 2.5959 2.3451 2.4335 2.4509 2.1116 1.5455 1.0969 0.9948 1.1393 1.3331 1.4107 1.3365 1.1474 0.9219 0.7148 0.5451 0.4216 0.3400 0.2852 0.2501 0.2249 0.2040 0.1858 0.1690 0.1527 0.1371 0.1222 0.1091 0.0975 0.0870 0.0770 0.0683 0.0605 0.0536 0.0477 0.0423
6.1277 5.4514 5.5655 6.1139 4.6141 5.7429 3.9601 3.9675 3.6184 3.7070 2.9212 3.9375 4.3581 3.4098 2.6369 2.4433 2.6277 2.7799 2.5361 1.9373 1.3277 1.0372 1.0613 1.2373 1.3724 1.3803 1.2584 1.0678 0.8655 0.6785 0.5273 0.4174 0.3382 0.2845 0.2462 0.2169 0.1938 0.1745 0.1571 0.1413 0.1264 0.1135 0.1020 0.0916 0.0816 0.0727 0.0647 0.0576 0.0514 0.0457
7.1859 5.7010 5.7999 6.1192 5.1538 5.8168 4.2978 4.3346 3.7778 3.6905 3.2261 4.2641 4.4462 3.4288 2.7009 2.5337 2.7399 2.9892 2.8958 2.3733 1.6768 1.1876 1.0147 1.0851 1.2213 1.2989 1.2665 1.1487 0.9895 0.8153 0.6549 0.5251 0.4222 0.3466 0.2901 0.2465 0.2135 0.1875 0.1660 0.1478 0.1316 0.1180 0.1060 0.0954 0.0853 0.0764 0.0682 0.0609 0.0545 0.0486
7.4336 6.2459 5.9850 5.9518 5.5717 5.5845 4.6922 4.6495 3.9129 3.7184 3.5258 4.3544 4.4170 3.5126 2.8305 2.5988 2.6993 2.9482 3.0345 2.7438 2.1327 1.5265 1.1194 0.9794 1.0093 1.0888 1.1283 1.1030 1.0246 0.9044 0.7696 0.6436 0.5306 0.4386 0.3639 0.3031 0.2556 0.2183 0.1885 0.1644 0.1440 0.1274 0.1134 0.1015 0.0904 0.0807 0.0721 0.0644 0.0577 0.0515
6.9400 6.5754 6.4393 5.9959 5.5891 5.4865 4.9356 5.0270 4.2821 3.8891 3.6932 4.1548 4.4118 3.7890 3.0338 2.6086 2.4816 2.5748 2.7760 2.8503 2.5944 2.1119 1.5635 1.1568 0.9402 0.8759 0.8838 0.9034 0.9037 0.8644 0.7939 0.7093 0.6167 0.5298 0.4504 0.3791 0.3195 0.2704 0.2302 0.1974 0.1700 0.1477 0.1294 0.1142 0.1005 0.0889 0.0787 0.0699 0.0623 0.0555
7.1134 6.5401 7.2501 6.5089 6.0196 5.7733 4.9120 5.8600 5.0244 4.1367 3.7300 3.7769 4.5439 4.2989 3.2634 2.5824 2.2944 2.1065 2.1289 2.4214 2.7071 2.7512 2.4406 1.9550 1.4627 1.0858 0.8477 0.7269 0.6797 0.6575 0.6375 0.6101 0.5683 0.5202 0.4669 0.4106 0.3580 0.3105 0.2687 0.2325 0.2010 0.1743 0.1519 0.1331 0.1161 0.1019 0.0895 0.0788 0.0698 0.0617
7.9276 7.4929 8.1229 6.9880 6.7008 6.5682 5.7599 5.6550 5.2364 4.5354 4.8174 3.9083 3.6531 3.8839 3.2828 2.6723 2.7895 2.9685 2.6305 2.0284 1.6456 1.7072 2.0197 2.3352 2.4615 2.3698 2.1040 1.7641 1.4297 1.1275 0.8816 0.6975 0.5590 0.4601 0.3869 0.3298 0.2859 0.2511 0.2225 0.1983 0.1771 0.1583 0.1420 0.1275 0.1137 0.1016 0.0906 0.0808 0.0723 0.0644
9.2384 7.8682 8.1276 7.9562 6.7526 7.2423 5.9013 6.2564 5.3110 5.0303 5.0578 4.0480 4.0357 4.1191 3.3692 2.8680 3.0640 3.1572 2.7134 2.0960 1.7633 1.8743 2.1994 2.4974 2.5953 2.4790 2.1960 1.8445 1.5022 1.1927 0.9393 0.7478 0.6022 0.4971 0.4186 0.3567 0.3089 0.2707 0.2393 0.2130 0.1901 0.1699 0.1522 0.1365 0.1216 0.1086 0.0969 0.0865 0.0773 0.0689
9.9864 8.9792 8.0236 8.6583 7.1526 7.6132 6.2832 6.7042 5.4446 5.5736 5.1980 4.2592 4.4401 4.2984 3.4599 3.1039 3.3439 3.3227 2.7814 2.1693 1.8966 2.0539 2.3827 2.6559 2.7220 2.5809 2.2821 1.9211 1.5729 1.2578 0.9978 0.7996 0.6472 0.5360 0.4520 0.3854 0.3334 0.2916 0.2572 0.2286 0.2038 0.1821 0.1630 0.1460 0.1299 0.1159 0.1034 0.0923 0.0825 0.0736
9.7374 10.0522 8.4936 8.7973 7.9762 7.6637 6.9406 6.9206 5.7413 6.0740 5.2705 4.5685 4.8289 4.4210 3.5761 3.3797 3.6171 3.4603 2.8388 2.2536 2.0473 2.2442 2.5669 2.8087 2.8404 2.6750 2.3623 1.9940 1.6418 1.3226 1.0571 0.8528 0.6939 0.5768 0.4873 0.4158 0.3594 0.3139 0.2762 0.2451 0.2184 0.1950 0.1744 0.1559 0.1385 0.1235 0.1102 0.0983 0.0880 0.0785
9.6946 10.2385 9.5866 8.6721 8.8896 7.6554 7.7092 6.9643 6.2377 6.4421 5.3448 4.9738 5.1619 4.5021 3.7378 3.6876 3.8702 3.5690 2.8921 2.3542 2.2159 2.4428 2.7493 2.9537 2.9497 2.7612 2.4368 2.0633 1.7091 1.3872 1.1172 0.9074 0.7423 0.6195 0.5245 0.4480 0.3871 0.3376 0.2965 0.2627 0.2339 0.2087 0.1865 0.1663 0.1476 0.1314 0.1173 0.1047 0.0936 0.0836
10.8007 9.9691 10.4846 8.9247 9.4007 7.9284 8.2982 7.0113 6.8506 6.6349 5.4989 5.4366 5.4101 4.5696 3.9562 4.0120 4.0923 3.6533 2.9507 2.4760 2.4019 2.6474 2.9276 3.0904 3.0504 2.8401 2.5058 2.1296 1.7750 1.4519 1.1786 0.9641 0.7932 0.6644 0.5637 0.4822 0.4167 0.3631 0.3184 0.2817 0.2505 0.2232 0.1992 0.1774 0.1573 0.1401 0.1250 0.1115 0.0997 0.0890
11.9109 10.4269 10.5890 9.7685 9.4138 8.5892 8.5389 7.2577 7.4217 6.6999 5.7870 5.8928 5.5703 4.6604 4.2324 4.3331 4.2767 3.7213 3.0235 2.6220 2.6033 2.8547 3.0998 3.2182 3.1430 2.9125 2.5701 2.1933 1.8399 1.5167 1.2414 1.0231 0.8467 0.7118 0.6050 0.5182 0.4481 0.3907 0.3421 0.3022 0.2681 0.2385 0.2125 0.1890 0.1678 0.1495 0.1333 0.1189 0.1063 0.0948
11.8891 11.5607 10.4602 10.6571 9.3912 9.3724 8.5567 7.7690 7.8169 6.7614 6.2081 6.2790 5.6707 4.8098 4.5562 4.6316 4.4233 3.7833 3.1178 2.7919 2.8161 3.0605 3.2637 3.3366 3.2277 2.9794 2.6311 2.2550 1.9038 1.5815 1.3050 1.0834 0.9019 0.7608 0.6480 0.5560 0.4814 0.4200 0.3674 0.3240 0.2870 0.2547 0.2266 0.2014 0.1789 0.1596 0.1422 0.1267 0.1132 0.1010
11.8522 12.1761 10.9532 11.0078 9.7971 9.8878 8.6553 8.4009 8.0113 6.9399 6.6959 6.5616 5.7618 5.0351 4.9040 4.8935 4.5400 3.8525 3.2392 2.9840 3.0361 3.2622 3.4189 3.4466 3.3063 3.0423 2.6896 2.3152 1.9670 1.6461 1.3690 1.1446 0.9584 0.8115 0.6926 0.5956 0.5165 0.4510 0.3943 0.3472 0.3070 0.2720 0.2416 0.2145 0.1907 0.1702 0.1516 0.1350 0.1205 0.1075
12.7378 12.1779 11.8559 11.0442 10.5374 10.0706 9.0353 8.9346 8.1179 7.2812 7.1590 6.7552 5.8960 5.3310 5.2489 5.1148 4.6412 3.9410 3.3899 3.1947 3.2599 3.4585 3.5662 3.5501 3.3805 3.1027 2.7469 2.3747 2.0297 1.7108 1.4334 1.2067 1.0160 0.8635 0.7388 0.6369 0.5532 0.4837 0.4228 0.3720 0.3283 0.2904 0.2575 0.2285 0.2033 0.1816 0.1616 0.1438 0.1283 0.1144
13.3732 12.4107 12.3158 11.2704 11.0892 10.1610 9.5629 9.2417 8.2639 7.7086 7.5122 6.8909 6.0872 5.6668 5.5686 5.3025 4.7438 4.0590 3.5730 3.4262 3.4921 3.6557 3.7115 3.6506 3.4523 3.1630 2.8070 2.4383 2.0974 1.7796 1.5009 1.2718 1.0770 0.9197 0.7897 0.6820 0.5934 0.5195 0.4551 0.4006 0.3534 0.3118 0.2761 0.2448 0.2177 0.1944 0.1731 0.1541 0.1374 0.1225
13.5689 12.9879 12.5076 11.7810 11.3936 10.4472 10.0648 9.4532 8.5433 8.1504 7.7879 7.0482 6.3492 6.0186 5.8592 5.4732 4.8617 4.2079 3.7808 3.6687 3.7247 3.8495 3.8536 3.7496 3.5238 3.2237 2.8675 2.5021 2.1651 1.8482 1.5684 1.3373 1.1388 0.9771 0.8420 0.7288 0.6352 0.5571 0.4892 0.4311 0.3800 0.3347 0.2958 0.2621 0.2330 0.2080 0.1854 0.1651 0.1472 0.1311
13.8722 13.4739 12.8083 12.2695 11.6777 10.8521 10.4798 9.6976 8.9080 8.5588 8.0363 7.2544 6.6585 6.3685 6.1298 5.6436 5.0027 4.3857 4.0088 3.9199 3.9588 4.0425 3.9954 3.8492 3.5965 3.2853 2.9286 2.5661 2.2325 1.9162 1.6357 1.4030 1.2010 1.0353 0.8955 0.7769 0.6786 0.5962 0.5250 0.4632 0.4082 0.3589 0.3168 0.2806 0.2493 0.2225 0.1986 0.1768 0.1576 0.1404
14.1010 14.0451 13.0852 12.8063 11.9699 11.2861 10.8943 9.9782 9.3033 8.9576 8.2930 7.4995 6.9945 6.7189 6.3962 5.8241 5.1671 4.5886 4.2548 4.1810 4.1976 4.2381 4.1395 3.9513 3.6715 3.3487 2.9906 2.6303 2.2995 1.9835 1.7026 1.4687 1.2638 1.0944 0.9502 0.8264 0.7235 0.6370 0.5626 0.4971 0.4381 0.3846 0.3391 0.3003 0.2667 0.2381 0.2127 0.1894 0.1688 0.1503
14.8240 14.2692 13.5473 13.3182 12.1780 11.8587 11.2670 10.2406 9.7591 9.3722 8.5495 7.7736 7.3632 7.0933 6.6795 6.0254 5.3621 4.8248 4.5305 4.4655 4.4540 4.4465 4.2967 4.0694 3.7656 3.4288 3.0634 2.7005 2.3703 2.0557 1.7750 1.5398 1.3323 1.1598 1.0118 0.8833 0.7750 0.6832 0.6036 0.5340 0.4719 0.4157 0.3673 0.3251 0.2886 0.2575 0.2297 0.2045 0.1823 0.1622
15.6636 14.2377 14.4791 13.3985 12.6495 12.5206 11.4593 10.5921 10.3301 9.7515 8.7726 8.0890 7.7866 7.4879 6.9610 6.2292 5.5743 5.0865 4.8302 4.7677 4.7212 4.6609 4.4573 4.1898 3.8610 3.5093 3.1361 2.7703 2.4410 2.1281 1.8476 1.6112 1.4017 1.2265 1.0750 0.9419 0.8285 0.7313 0.6463 0.5728 0.5075 0.4487 0.3974 0.3517 0.3122 0.2783 0.2481 0.2207 0.1968 0.1750
15.2148 15.2883 14.8257 13.4819 13.5947 12.8400 11.5973 11.2165 10.9176 10.0004 8.9936 8.5021 8.2755 7.8816 7.2205 6.4294 5.8089 5.3817 5.1599 5.0899 4.9987 4.8790 4.6187 4.3102 3.9559 3.5891 3.2081 2.8397 2.5116 2.2009 1.9206 1.6831 1.4719 1.2945 1.1399 1.0025 0.8839 0.7812 0.6909 0.6133 0.5450 0.4838 0.4295 0.3802 0.3373 0.3006 0.2677 0.2381 0.2123 0.1888
15.9363 16.2901 14.5081 14.5459 14.2782 12.7912 12.1547 12.0573 11.3110 10.1545 9.3520 9.0744 8.8121 8.2420 7.4519 6.6467 6.0923 5.7306 5.5308 5.4369 5.2885 5.1032 4.7837 4.4332 4.0529 3.6717 3.2836 2.9141 2.5879 2.2796 1.9991 1.7606 1.5476 1.3679 1.2102 1.0685 0.9447 0.8364 0.7407 0.6586 0.5868 0.5222 0.4645 0.4114 0.3651 0.3254 0.2898 0.2578 0.2298 0.2044
17.7382 15.7535 15.5158 15.7435 14.1587 13.1899 13.2405 12.6973 11.4514 10.4396 9.9809 9.7780 9.3283 8.5402 7.6727 6.9205 6.4563 6.1496 5.9472 5.8074 5.5884 5.3335 4.9539 4.5617 4.1562 3.7624 3.3692 3.0002 2.6764 2.3695 2.0888 1.8493 1.6339 1.4514 1.2901 1.1436 1.0145 0.9007 0.7993 0.7122 0.6355 0.5655 0.5032 0.4465 0.3966 0.3539 0.3157 0.2810 0.2505 0.2229
16.9780 16.5240 17.1551 15.5673 14.3028 14.4349 14.1125 12.8068 11.5956 11.0594 10.8032 10.4262 9.6999 8.7557 7.9094 7.2681 6.8976 6.6191 6.3829 6.1754 5.8757 5.5496 5.1129 4.6836 4.2582 3.8552 3.4588 3.0909 2.7695 2.4641 2.1832 1.9427 1.7246 1.5394 1.3745 1.2231 1.0885 0.9690 0.8617 0.7692 0.6876 0.6117 0.5446 0.4841 0.4305 0.3845 0.3436 0.3061 0.2729 0.2429
17.6186 18.5312 16.8731 15.4797 15.7052 15.5208 14.1732 12.7982 12.1863 11.9996 11.5805 10.8574 9.9170 8.9574 8.2288 7.7196 7.4133 7.1193 6.8154 6.5228 6.1384 5.7450 5.2585 4.7992 4.3607 3.9527 3.5552 3.1886 2.8695 2.5651 2.2839 2.0422 1.8212 1.6330 1.4644 1.3078 1.1673 1.0418 0.9284 0.8302 0.7433 0.6611 0.5889 0.5245 0.4669 0.4175 0.3738 0.3332 0.2972 0.2645
20.0300 18.0886 16.7917 17.2350 17.0382 15.5643 14.1051 13.4687 13.3153 12.9640 12.1174 11.1016 10.1210 9.2948 8.7259 8.3140 8.0119 7.6538 7.2574 6.8706 6.4032 5.9500 5.4236 4.9431 4.4940 4.0828 3.6848 3.3197 3.0016 2.6955 2.4128 2.1688 1.9432 1.7491 1.5735 1.4091 1.2626 1.1319 1.0125 0.9079 0.8139 0.7258 0.6479 0.5782 0.5150 0.4607 0.4135 0.3691 0.3295 0.2935
19.0096 18.2232 18.9422 18.5360 16.8437 15.4219 14.9060 14.7661 14.3679 13.5020 12.3303 11.2864 10.4577 9.8219 9.3708 8.9791 8.6149 8.1547 7.6550 7.1801 6.6441 6.1458 5.5924 5.1000 4.6454 4.2334 3.8358 3.4720 3.1540 2.8445 2.5590 2.3113 2.0800 1.8784 1.6943 1.5208 1.3678 1.2318 1.1064 0.9946 0.8928 0.7983 0.7144 0.6388 0.5691 0.5095 0.4583 0.4097 0.3662 0.3264
19.9700 20.7266 19.7882 17.9559 16.7794 16.5105 16.3818 15.8034 14.7944 13.6170 12.4914 11.6620 11.0391 10.5261 10.0892 9.6325 9.1588 8.5838 7.9915 7.4485 6.8656 6.3397 5.7720 5.2756 4.8194 4.4081 4.0105 3.6471 3.3278 3.0130 2.7228 2.4701 2.2316 2.0209 1.8269 1.6430 1.4829 1.3414 1.2094 1.0899 0.9795 0.8781 0.7878 0.7056 0.6288 0.5632 0.5078 0.4547 0.4069 0.3628
22.3017 20.6199 18.9906 18.3977 18.3668 18.1040 17.2521 16.0070 14.7757 13.7496 12.9106 12.3207 11.8119 11.2950 10.7723 10.1924 9.6057 8.9345 8.2725 7.6889 7.0831 6.5476 5.9770 5.4829 5.0290 4.6187 4.2191 3.8565 3.5363 3.2166 2.9197 2.6597 2.4120 2.1915 1.9871 1.7924 1.6229 1.4729 1.3330 1.2047 1.0846 0.9741 0.8758 0.7870 0.7035 0.6318 0.5701 0.5113 0.4584 0.4095
21.1691 20.3984 20.4612 20.4142 19.7280 18.5327 17.1718 15.9462 15.0227 14.3213 13.6755 13.1493 12.5986 11.9773 11.3252 10.6188 9.9531 9.2249 8.5218 7.9242 7.3159 6.7857 6.2197 5.7314 5.2808 4.8699 4.4651 4.1034 3.7829 3.4589 3.1529 2.8833 2.6243 2.3932 2.1782 1.9724 1.7910 1.6292 1.4800 1.3417 1.2109 1.0883 0.9805 0.8849 0.7956 0.7175 0.6472 0.5814 0.5225 0.4680
22.7309 22.7674 22.1312 20.9140 19.5187 18.2952 17.3191 16.5314 15.8901 15.2698 14.5505 13.8964 13.2081 12.4685 11.7181 10.9347 10.2403 9.4967 8.7802 8.1880 7.5890 7.0712 6.5115 6.0278 5.5772 5.1620 4.7478 4.3852 4.0627 3.7326 3.4153 3.1340 2.8615 2.6183 2.3914 2.1734 1.9787 1.8037 1.6445 1.4952 1.3525 1.2164 1.0980 0.9953 0.8999 0.8150 0.7348 0.6612 0.5957 0.5350
24.4108 23.0479 21.7117 20.5981 19.7365 19.0565 18.4030 17.6745 16.9104 16.0841 15.1559 14.3465 13.5616 12.7617 11.9795 11.1806 10.4982 9.7663 9.0536 8.4759 7.8895 7.3851 6.8308 6.3501 5.8958 5.4731 5.0469 4.6793 4.3526 4.0164 3.6890 3.3974 3.1123 2.8578 2.6197 2.3904 2.1829 1.9948 1.8236 1.6631 1.5094 1.3619 1.2337 1.1228 1.0196 0.9269 0.8366 0.7545 0.6818 0.6141
24.1520 23.3160 22.6358 21.9757 21.2646 20.4633 19.5414 18.5100 17.4733 16.4384 15.3945 14.5402 13.7598 12.9447 12.1681 11.3858 10.7226 10.0066 9.3085 8.7452 8.1681 7.6738 7.1250 6.6486 6.1903 5.7600 5.3220 4.9421 4.6086 4.2691 3.9398 3.6454 3.3536 3.0927 2.8477 2.6118 2.3955 2.1974 2.0099 1.8394 1.6800 1.5305 1.3967 1.2752 1.1601 1.0571 0.9591 0.8686 0.7877 0.7121
26.3351 25.4490 24.4501 23.3684 22.2615 21.1331 19.9762 18.7992 17.6737 16.5944 15.5656 14.7596 14.0422 13.2340 12.4649 11.6889 11.0338 10.3215 9.6280 9.0687 8.4917 8.0005 7.4524 6.9772 6.5119 6.0714 5.6191 5.2244 4.8830 4.5403 4.2095 3.9129 3.6147 3.3477 3.0962 2.8540 2.6290 2.4204 2.2151 2.0340 1.8696 1.7199 1.5811 1.4480 1.3196 1.2052 1.0991 0.9996 0.9099 0.8256
27.4007 26.1487 24.9033 23.6898 22.5431 21.4099 20.2677 19.1175 17.9967 16.9140 15.9083 15.1408 14.4649 13.6360 12.8463 12.0505 11.3857 10.6633 9.9636 9.3988 8.8143 8.3212 7.7704 7.2945 6.8227 6.3727 5.9070 5.4971 5.1476 4.8021 4.4700 4.1718 3.8686 3.5970 3.3404 3.0930 2.8602 2.6419 2.4190 2.2281 2.0599 1.9114 1.7688 1.6244 1.4825 1.3570 1.2435 1.1352 1.0369 0.9439
27.1552 25.9966 24.8502 23.6998 22.5743 21.4585 20.3385 19.2372 18.1404 17.0661 16.0433 15.2585 14.5632 13.7200 12.9137 12.0994 11.4390 10.7166 10.0068 9.4274 8.8296 8.3296 7.7708 7.2890 6.8289 6.3890 5.9319 5.5163 5.1612 4.8097 4.4705 4.1684 3.8674 3.6003 3.3473 3.0986 2.8639 2.6438 2.4219 2.2319 2.0641 1.9118 1.7664 1.6211 1.4799 1.3556 1.2442 1.1364 1.0380 0.9447
