0.2186 0.2177 0.2169 0.1857 0.1755 0.1650 0.1534 0.1450 0.1399 0.1516 0.1132 0.1073 0.1200 0.1212 0.1152 0.1036 0.0839 0.0616 0.0519 0.0593 0.0721 0.0778 0.0705 0.0560 0.0407 0.0293 0.0227 0.0198 0.0189 0.0184 0.0176 0.0164 0.0149 0.0132 0.0115 0.0099 0.0085 0.0073 0.0063 0.0054 0.0047 0.0041 0.0036 0.0032 0.0028 0.0025 0.0022 0.0020 0.0018 0.0016
0.6552 0.6506 0.6484 0.5573 0.5268 0.4942 0.4593 0.4340 0.4190 0.4536 0.3396 0.3219 0.3615 0.3656 0.3469 0.3116 0.2524 0.1855 0.1553 0.1762 0.2143 0.2322 0.2117 0.1689 0.1232 0.0887 0.0684 0.0592 0.0562 0.0548 0.0525 0.0491 0.0444 0.0395 0.0345 0.0298 0.0256 0.0220 0.0189 0.0163 0.0140 0.0123 0.0108 0.0096 0.0085 0.0075 0.0067 0.0060 0.0054 0.0048
1.0907 1.0773 1.0733 0.9298 0.8797 0.8217 0.7626 0.7201 0.6960 0.7525 0.5663 0.5367 0.6075 0.6160 0.5827 0.5219 0.4234 0.3113 0.2575 0.2882 0.3504 0.3827 0.3527 0.2846 0.2092 0.1507 0.1151 0.0983 0.0926 0.0899 0.0864 0.0811 0.0736 0.0657 0.0576 0.0498 0.0429 0.0369 0.0317 0.0273 0.0235 0.0205 0.0181 0.0160 0.0142 0.0126 0.0112 0.0100 0.0089 0.0080
1.5265 1.4970 1.4882 1.3022 1.2365 1.1469 1.0616 1.0024 0.9686 1.0471 0.7935 0.7521 0.8618 0.8764 0.8243 0.7356 0.5983 0.4406 0.3585 0.3922 0.4762 0.5264 0.4933 0.4047 0.3012 0.2175 0.1642 0.1375 0.1276 0.1232 0.1185 0.1117 0.1021 0.0916 0.0807 0.0701 0.0604 0.0521 0.0447 0.0385 0.0332 0.0290 0.0255 0.0225 0.0199 0.0177 0.0157 0.0140 0.0125 0.0112
1.9661 1.9139 1.8926 1.6721 1.6015 1.4705 1.3549 1.2815 1.2342 1.3385 1.0210 0.9688 1.1291 1.1504 1.0728 0.9524 0.7781 0.5758 0.4590 0.4862 0.5874 0.6596 0.6321 0.5303 0.4016 0.2916 0.2173 0.1776 0.1612 0.1540 0.1482 0.1405 0.1293 0.1169 0.1037 0.0905 0.0784 0.0677 0.0582 0.0501 0.0431 0.0376 0.0330 0.0292 0.0257 0.0228 0.0203 0.0180 0.0161 0.0144
2.4143 2.3355 2.2928 2.0350 1.9799 1.7952 1.6427 1.5592 1.4901 1.6296 1.2481 1.1889 1.4156 1.4411 1.3271 1.1709 0.9636 0.7198 0.5616 0.5692 0.6803 0.7781 0.7670 0.6621 0.5131 0.3762 0.2773 0.2202 0.1941 0.1824 0.1749 0.1666 0.1547 0.1411 0.1262 0.1109 0.0966 0.0836 0.0721 0.0621 0.0535 0.0466 0.0408 0.0360 0.0317 0.0280 0.0249 0.0221 0.0197 0.0176
2.8754 2.7692 2.7054 2.3877 2.3756 2.1276 1.9271 1.8376 1.7347 1.9259 1.4730 1.4164 1.7283 1.7492 1.5833 1.3874 1.1552 0.8769 0.6709 0.6427 0.7522 0.8771 0.8942 0.7993 0.6377 0.4750 0.3479 0.2684 0.2281 0.2090 0.1985 0.1896 0.1774 0.1635 0.1477 0.1309 0.1147 0.0999 0.0864 0.0746 0.0642 0.0559 0.0489 0.0431 0.0378 0.0334 0.0296 0.0262 0.0234 0.0208
3.3498 3.2141 3.1546 2.7360 2.7852 2.4810 2.2131 2.1182 1.9697 2.2335 1.6920 1.6583 2.0742 2.0718 1.8342 1.5966 1.3529 1.0530 0.7949 0.7119 0.8025 0.9520 1.0085 0.9391 0.7762 0.5914 0.4337 0.3264 0.2662 0.2354 0.2196 0.2091 0.1967 0.1831 0.1672 0.1497 0.1323 0.1160 0.1008 0.0873 0.0753 0.0655 0.0573 0.0504 0.0442 0.0390 0.0344 0.0305 0.0271 0.0241
3.8273 3.6582 3.6577 3.1075 3.1905 2.8783 2.5064 2.4001 2.2027 2.5555 1.9004 1.9256 2.4579 2.4000 2.0680 1.7913 1.5566 1.2555 0.9454 0.7867 0.8346 0.9990 1.1029 1.0757 0.9266 0.7276 0.5394 0.3997 0.3134 0.2650 0.2398 0.2256 0.2123 0.1991 0.1837 0.1663 0.1485 0.1312 0.1148 0.0999 0.0864 0.0754 0.0660 0.0580 0.0508 0.0447 0.0395 0.0349 0.0310 0.0275
4.2740 4.0879 4.1967 3.5592 3.5550 3.3514 2.8092 2.6810 2.4479 2.8857 2.0937 2.2322 2.8770 2.7171 2.2703 1.9645 1.7669 1.4931 1.1380 0.8833 0.8575 1.0168 1.1689 1.1990 1.0824 0.8824 0.6683 0.4940 0.3757 0.3030 0.2627 0.2408 0.2246 0.2111 0.1964 0.1796 0.1620 0.1446 0.1276 0.1117 0.0972 0.0851 0.0746 0.0657 0.0575 0.0506 0.0446 0.0394 0.0349 0.0310
4.6322 4.5031 4.7014 4.1587 3.8403 3.9316 3.1171 2.9657 2.7237 3.2048 2.2765 2.5951 3.3181 3.0004 2.4289 2.1133 1.9860 1.7754 1.3924 1.0271 0.8908 1.0115 1.1990 1.2954 1.2313 1.0496 0.8212 0.6151 0.4614 0.3578 0.2951 0.2599 0.2369 0.2208 0.2057 0.1894 0.1726 0.1556 0.1385 0.1224 0.1072 0.0943 0.0831 0.0733 0.0644 0.0567 0.0500 0.0441 0.0391 0.0346
4.8997 4.9044 5.0862 4.9096 4.0462 4.6101 3.4149 3.2682 3.0363 3.4766 2.4628 3.0210 3.7494 3.2230 2.5377 2.2400 2.2137 2.1040 1.7227 1.2454 0.9625 0.9971 1.1885 1.3466 1.3516 1.2123 0.9899 0.7631 0.5765 0.4381 0.3463 0.2907 0.2550 0.2321 0.2141 0.1969 0.1802 0.1637 0.1471 0.1312 0.1159 0.1028 0.0911 0.0808 0.0712 0.0629 0.0555 0.0491 0.0435 0.0385
5.2859 5.2420 5.3439 5.6578 4.2543 5.2833 3.6860 3.6012 3.3536 3.6511 2.6686 3.4860 4.1158 3.3600 2.5993 2.3478 2.4376 2.4576 2.1199 1.5523 1.0993 0.9928 1.1351 1.3293 1.4089 1.3368 1.1492 0.9242 0.7171 0.5469 0.4227 0.3406 0.2855 0.2501 0.2248 0.2038 0.1857 0.1689 0.1526 0.1371 0.1221 0.1091 0.0975 0.0869 0.0770 0.0683 0.0605 0.0537 0.0477 0.0423
6.1209 5.4529 5.5707 6.1114 4.6124 5.7488 3.9575 3.9700 3.6147 3.7070 2.9205 3.9315 4.3588 3.4142 2.6403 2.4461 2.6314 2.7858 2.5445 1.9456 1.3326 1.0372 1.0577 1.2326 1.3688 1.3788 1.2587 1.0693 0.8675 0.6805 0.5289 0.4186 0.3389 0.2849 0.2464 0.2169 0.1937 0.1744 0.1570 0.1412 0.1264 0.1135 0.1020 0.0915 0.0816 0.0727 0.0647 0.0576 0.0514 0.0457
7.1757 5.6973 5.8035 6.1149 5.1485 5.8201 4.2934 4.3367 3.7737 3.6892 3.2240 4.2561 4.4453 3.4332 2.7050 2.5369 2.7426 2.9928 2.9021 2.3817 1.6839 1.1906 1.0132 1.0808 1.2165 1.2953 1.2647 1.1487 0.9906 0.8170 0.6567 0.5267 0.4234 0.3475 0.2907 0.2469 0.2137 0.1876 0.1661 0.1478 0.1316 0.1179 0.1060 0.0954 0.0853 0.0763 0.0682 0.0609 0.0545 0.0486
7.4211 6.2395 5.9875 5.9473 5.5637 5.5854 4.6867 4.6506 3.9112 3.7171 3.5226 4.3439 4.4149 3.5186 2.8364 2.6024 2.7006 2.9482 3.0363 2.7494 2.1405 1.5330 1.1220 0.9780 1.0053 1.0842 1.1245 1.1007 1.0238 0.9048 0.7707 0.6451 0.5320 0.4399 0.3650 0.3039 0.2562 0.2188 0.1888 0.1645 0.1441 0.1274 0.1134 0.1015 0.0904 0.0807 0.0721 0.0644 0.0577 0.0515
6.9317 6.5681 6.4476 5.9926 5.5840 5.4880 4.9295 5.0289 4.2879 3.8890 3.6894 4.1426 4.4099 3.7987 3.0422 2.6122 2.4817 2.5716 2.7721 2.8500 2.5996 2.1206 1.5717 1.1616 0.9410 0.8737 0.8802 0.8999 0.9010 0.8628 0.7934 0.7096 0.6174 0.5308 0.4514 0.3801 0.3204 0.2711 0.2308 0.1978 0.1703 0.1479 0.1296 0.1143 0.1006 0.0890 0.0788 0.0700 0.0624 0.0555
7.1103 6.5415 7.2672 6.5072 6.0307 5.7762 4.9075 5.8661 5.0403 4.1371 3.7289 3.7667 4.5426 4.3130 3.2749 2.5853 2.2944 2.1047 2.1236 2.4149 2.7045 2.7553 2.4501 1.9663 1.4723 1.0920 0.8503 0.7268 0.6781 0.6554 0.6356 0.6086 0.5673 0.5197 0.4668 0.4107 0.3583 0.3109 0.2690 0.2328 0.2014 0.1746 0.1522 0.1333 0.1163 0.1020 0.0896 0.0789 0.0699 0.0617
7.9187 7.4994 8.1253 6.9794 6.7091 6.5603 5.7670 5.6473 5.2434 4.5303 4.8166 3.9140 3.6468 3.8813 3.2892 2.6724 2.7810 2.9635 2.6343 2.0346 1.6456 1.6988 2.0068 2.3235 2.4547 2.3689 2.1078 1.7707 1.4372 1.1346 0.8876 0.7021 0.5623 0.4623 0.3883 0.3306 0.2864 0.2513 0.2225 0.1983 0.1770 0.1583 0.1419 0.1275 0.1137 0.1015 0.0906 0.0808 0.0723 0.0644
9.2267 7.8637 8.1351 7.9465 6.7566 7.2374 5.9041 6.2501 5.3172 5.0225 5.0597 4.0512 4.0278 4.1184 3.3753 2.8658 3.0548 3.1533 2.7180 2.1015 1.7619 1.8647 2.1858 2.4854 2.5884 2.4780 2.1997 1.8509 1.5096 1.1998 0.9452 0.7525 0.6056 0.4995 0.4201 0.3577 0.3095 0.2710 0.2394 0.2130 0.1900 0.1698 0.1522 0.1365 0.1216 0.1085 0.0968 0.0864 0.0773 0.0689
9.9840 8.9661 8.0277 8.6541 7.1486 7.6138 6.2796 6.7016 5.4475 5.5649 5.2021 4.2591 4.4316 4.2996 3.4650 3.0993 3.3345 3.3201 2.7866 2.1739 1.8938 2.0430 2.3685 2.6438 2.7151 2.5798 2.2856 1.9273 1.5801 1.2647 1.0037 0.8043 0.6507 0.5385 0.4537 0.3864 0.3340 0.2920 0.2574 0.2286 0.2038 0.1821 0.1630 0.1459 0.1298 0.1158 0.1033 0.0922 0.0825 0.0736
9.7430 10.0420 8.4872 8.8002 7.9651 7.6683 6.9313 6.9222 5.7393 6.0665 5.2756 4.5647 4.8210 4.4240 3.5794 3.3729 3.6080 3.4591 2.8443 2.2572 2.0429 2.2322 2.5523 2.7965 2.8336 2.6739 2.3657 2.0000 1.6488 1.3294 1.0630 0.8575 0.6975 0.5794 0.4891 0.4169 0.3601 0.3143 0.2765 0.2452 0.2184 0.1950 0.1744 0.1558 0.1385 0.1234 0.1101 0.0983 0.0880 0.0785
9.6931 10.2387 9.5721 8.6764 8.8775 7.6592 7.6978 6.9685 6.2306 6.4376 5.3491 4.9666 5.1556 4.5063 3.7388 3.6790 3.8619 3.5693 2.8977 2.3564 2.2098 2.4298 2.7345 2.9417 2.9431 2.7601 2.4400 2.0691 1.7158 1.3938 1.1229 0.9120 0.7459 0.6221 0.5264 0.4493 0.3879 0.3381 0.2968 0.2629 0.2340 0.2088 0.1865 0.1663 0.1476 0.1314 0.1173 0.1047 0.0936 0.0835
10.7851 9.9723 10.4729 8.9219 9.3943 7.9263 8.2894 7.0147 6.8401 6.6342 5.5007 5.4271 5.4064 4.5742 3.9545 4.0022 4.0853 3.6551 2.9561 2.4768 2.3943 2.6336 2.9127 3.0786 3.0440 2.8391 2.5089 2.1351 1.7815 1.4582 1.1842 0.9687 0.7968 0.6671 0.5657 0.4835 0.4175 0.3637 0.3188 0.2819 0.2506 0.2233 0.1992 0.1774 0.1573 0.1401 0.1250 0.1115 0.0997 0.0890
11.8955 10.4199 10.5874 9.7561 9.4147 8.5795 8.5359 7.2567 7.4109 6.7024 5.7849 5.8826 5.5695 4.6644 4.2279 4.3228 4.2715 3.7244 3.0283 2.6211 2.5943 2.8402 3.0849 3.2069 3.1370 2.9116 2.5731 2.1986 1.8461 1.5228 1.2469 1.0276 0.8503 0.7145 0.6069 0.5196 0.4491 0.3913 0.3425 0.3024 0.2683 0.2385 0.2125 0.1891 0.1678 0.1495 0.1333 0.1189 0.1063 0.0948
11.8880 11.5439 10.4631 10.6425 9.3939 9.3591 8.5589 7.7621 7.8093 6.7650 6.2018 6.2702 5.6725 4.8121 4.5492 4.6217 4.4202 3.7874 3.1218 2.7893 2.8057 3.0457 3.2492 3.3260 3.2222 2.9787 2.6340 2.2600 1.9097 1.5873 1.3102 1.0878 0.9054 0.7635 0.6500 0.5575 0.4824 0.4207 0.3679 0.3243 0.2871 0.2548 0.2266 0.2014 0.1789 0.1596 0.1422 0.1267 0.1132 0.1010
11.8541 12.1653 10.9481 11.0014 9.7939 9.8780 8.6581 8.3898 8.0089 6.9419 6.6866 6.5559 5.7654 5.0350 4.8952 4.8849 4.5392 3.8572 3.2419 2.9796 3.0247 3.2474 3.4051 3.4368 3.3014 3.0418 2.6925 2.3200 1.9726 1.6517 1.3740 1.1488 0.9617 0.8141 0.6946 0.5971 0.5175 0.4517 0.3948 0.3476 0.3072 0.2721 0.2417 0.2146 0.1908 0.1702 0.1516 0.1350 0.1205 0.1075
12.7257 12.1804 11.8415 11.0472 10.5263 10.0690 9.0337 8.9240 8.1203 7.2794 7.1491 6.7534 5.9000 5.3281 5.2393 5.1084 4.6426 3.9458 3.3912 3.1888 3.2478 3.4440 3.5533 3.5412 3.3763 3.1026 2.7497 2.3792 2.0350 1.7159 1.4381 1.2107 1.0193 0.8661 0.7408 0.6383 0.5543 0.4845 0.4233 0.3723 0.3286 0.2905 0.2576 0.2285 0.2034 0.1816 0.1616 0.1438 0.1283 0.1144
13.3593 12.4124 12.3059 11.2727 11.0775 10.1654 9.5552 9.2362 8.2681 7.7027 7.5043 6.8929 6.0900 5.6613 5.5596 5.2988 4.7470 4.0635 3.5727 3.4190 3.4797 3.6419 3.6998 3.6428 3.4488 3.1632 2.8097 2.4426 2.1023 1.7844 1.5052 1.2755 1.0800 0.9222 0.7916 0.6835 0.5945 0.5203 0.4556 0.4010 0.3536 0.3120 0.2762 0.2449 0.2177 0.1944 0.1732 0.1541 0.1374 0.1225
13.5725 12.9775 12.5112 11.7743 11.3908 10.4500 10.0548 9.4548 8.5453 8.1420 7.7842 7.0527 6.3498 6.0114 5.8519 5.4725 4.8663 4.2116 3.7788 3.6604 3.7124 3.8367 3.8432 3.7429 3.5211 3.2241 2.8702 2.5061 2.1696 1.8526 1.5724 1.3407 1.1416 0.9794 0.8438 0.7302 0.6363 0.5578 0.4897 0.4315 0.3803 0.3349 0.2960 0.2622 0.2331 0.2081 0.1855 0.1651 0.1472 0.1311
13.8787 13.4659 12.8148 12.2596 11.6842 10.8481 10.4745 9.7036 8.9055 8.5513 8.0377 7.2592 6.6563 6.3610 6.1252 5.6456 5.0078 4.3882 4.0053 3.9110 3.9471 4.0309 3.9864 3.8438 3.5945 3.2861 2.9312 2.5698 2.2365 1.9202 1.6393 1.4061 1.2036 1.0374 0.8972 0.7782 0.6796 0.5970 0.5256 0.4636 0.4086 0.3591 0.3170 0.2807 0.2494 0.2226 0.1986 0.1768 0.1577 0.1404
14.0931 14.0532 13.0814 12.8064 11.9759 11.2786 10.8975 9.9831 9.2974 8.9545 8.2983 7.5027 6.9900 6.7126 6.3949 5.8282 5.1720 4.5895 4.2500 4.1718 4.1867 4.2281 4.1321 3.9471 3.6702 3.3496 2.9930 2.6336 2.3031 1.9871 1.7058 1.4715 1.2661 1.0963 0.9518 0.8276 0.7245 0.6378 0.5631 0.4975 0.4385 0.3849 0.3393 0.3004 0.2668 0.2382 0.2127 0.1894 0.1689 0.1503
14.8227 14.2779 13.5413 13.3285 12.1759 11.8565 11.2754 10.2405 9.7538 9.3749 8.5560 7.7739 7.3579 7.0896 6.6813 6.0308 5.3661 4.8242 4.5248 4.4566 4.4443 4.4380 4.2907 4.0662 3.7648 3.4299 3.0657 2.7034 2.3735 2.0588 1.7778 1.5422 1.3344 1.1615 1.0132 0.8844 0.7759 0.6839 0.6041 0.5344 0.4722 0.4159 0.3675 0.3253 0.2887 0.2576 0.2298 0.2045 0.1823 0.1622
15.6783 14.2339 14.4862 13.4052 12.6449 12.5278 11.4656 10.5883 10.3297 9.7584 8.7773 8.0865 7.7821 7.4874 6.9653 6.2347 5.5770 5.0844 4.8241 4.7594 4.7129 4.6540 4.4527 4.1876 3.8607 3.5105 3.1382 2.7729 2.4437 2.1307 1.8500 1.6133 1.4034 1.2279 1.0762 0.9429 0.8293 0.7319 0.6468 0.5731 0.5078 0.4489 0.3976 0.3519 0.3123 0.2784 0.2481 0.2208 0.1968 0.1751
15.2190 15.2898 14.8385 13.4794 13.5984 12.8504 11.5974 11.2141 10.9231 10.0078 8.9949 8.4986 8.2735 7.8843 7.2262 6.4341 5.8099 5.3784 5.1537 5.0825 4.9919 4.8736 4.6154 4.3087 3.9559 3.5903 3.2099 2.8419 2.5138 2.2030 1.9225 1.6848 1.4734 1.2957 1.1409 1.0034 0.8846 0.7817 0.6913 0.6136 0.5452 0.4840 0.4297 0.3803 0.3374 0.3007 0.2678 0.2382 0.2123 0.1888
15.9343 16.3046 14.5103 14.5464 14.2897 12.7957 12.1522 12.0608 11.3194 10.1589 9.3503 9.0719 8.8133 8.2469 7.4574 6.6499 6.0917 5.7266 5.5250 5.4306 5.2830 5.0992 4.7814 4.4323 4.0531 3.6727 3.2851 2.9159 2.5897 2.2813 2.0007 1.7619 1.5488 1.3689 1.2110 1.0692 0.9452 0.8369 0.7410 0.6589 0.5870 0.5224 0.4646 0.4115 0.3652 0.3255 0.2898 0.2578 0.2299 0.2044
17.7516 15.7600 15.5147 15.7542 14.1666 13.1884 13.2422 12.7056 11.4580 10.4400 9.9787 9.7781 9.3322 8.5458 7.6771 6.9219 6.4544 6.1454 5.9420 5.8024 5.5843 5.3307 4.9523 4.5612 4.1566 3.7633 3.3704 3.0016 2.6777 2.3709 2.0900 1.8504 1.6348 1.4522 1.2907 1.1441 1.0149 0.9011 0.7996 0.7124 0.6357 0.5656 0.5033 0.4466 0.3967 0.3539 0.3157 0.2810 0.2506 0.2229
16.9868 16.5223 17.1645 15.5769 14.3024 14.4355 14.1201 12.8144 11.5976 11.0577 10.8028 10.4293 9.7053 8.7606 7.9119 7.2677 6.8948 6.6150 6.3786 6.1716 5.8727 5.5476 5.1119 4.6833 4.2585 3.8559 3.4597 3.0919 2.7705 2.4650 2.1840 1.9435 1.7253 1.5400 1.3750 1.2236 1.0888 0.9693 0.8620 0.7694 0.6877 0.6118 0.5447 0.4842 0.4306 0.3846 0.3437 0.3061 0.2730 0.2429
17.6163 18.5395 16.8828 15.4797 15.7052 15.5276 14.1810 12.8009 12.1850 11.9989 11.5828 10.8621 9.9218 8.9604 8.2293 7.7180 7.4102 7.1158 6.8121 6.5201 6.1363 5.7438 5.2578 4.7991 4.3609 3.9533 3.5558 3.1893 2.8702 2.5658 2.2845 2.0428 1.8217 1.6334 1.4648 1.3081 1.1676 1.0420 0.9285 0.8303 0.7434 0.6612 0.5889 0.5246 0.4670 0.4175 0.3738 0.3332 0.2972 0.2646
20.0382 18.0972 16.7910 17.2347 17.0445 15.5716 14.1076 13.4674 13.3143 12.9659 12.1215 11.1060 10.1240 9.2957 8.7249 8.3117 8.0090 7.6510 7.2550 6.8687 6.4019 5.9492 5.4232 4.9431 4.4942 4.0832 3.6853 3.3202 3.0021 2.6960 2.4132 2.1691 1.9435 1.7493 1.5738 1.4093 1.2628 1.1320 1.0127 0.9080 0.8140 0.7259 0.6480 0.5783 0.5150 0.4608 0.4135 0.3691 0.3296 0.2935
19.0155 18.2210 18.9421 18.5420 16.8498 15.4233 14.9043 14.7651 14.3696 13.5056 12.3340 11.2890 10.4584 9.8211 9.3689 8.9767 8.6126 8.1526 7.6534 7.1789 6.6433 6.1453 5.5922 5.1000 4.6455 4.2336 3.8360 3.4722 3.1543 2.8448 2.5592 2.3115 2.0802 1.8786 1.6945 1.5210 1.3679 1.2319 1.1065 0.9947 0.8929 0.7984 0.7145 0.6388 0.5691 0.5095 0.4583 0.4098 0.3662 0.3264
19.9663 20.7276 19.7939 17.9599 16.7790 16.5082 16.3809 15.8050 14.7975 13.6199 12.4932 11.6623 11.0382 10.5244 10.0872 9.6306 9.1571 8.5824 7.9905 7.4478 6.8652 6.3394 5.7719 5.2755 4.8194 4.4081 4.0106 3.6473 3.3280 3.0131 2.7229 2.4702 2.2317 2.0210 1.8270 1.6431 1.4829 1.3414 1.2094 1.0900 0.9795 0.8782 0.7878 0.7057 0.6288 0.5632 0.5078 0.4547 0.4069 0.3629
22.3046 20.6243 18.9917 18.3954 18.3643 18.1036 17.2538 16.0095 14.7777 13.7504 12.9102 12.3194 11.8102 11.2933 10.7707 10.1910 9.6046 8.9337 8.2719 7.6885 7.0829 6.5475 5.9769 5.4828 5.0290 4.6187 4.2191 3.8565 3.5364 3.2166 2.9197 2.6597 2.4121 2.1915 1.9872 1.7925 1.6229 1.4729 1.3330 1.2048 1.0847 0.9741 0.8758 0.7870 0.7035 0.6318 0.5701 0.5113 0.4584 0.4095
21.1703 20.3962 20.4579 20.4125 19.7285 18.5344 17.1735 15.9469 15.0223 14.3201 13.6739 13.1475 12.5970 11.9760 11.3242 10.6181 9.9526 9.2245 8.5215 7.9240 7.3157 6.7856 6.2197 5.7313 5.2808 4.8699 4.4651 4.1034 3.7829 3.4589 3.1529 2.8834 2.6243 2.3932 2.1782 1.9725 1.7910 1.6292 1.4800 1.3417 1.2109 1.0883 0.9805 0.8850 0.7956 0.7175 0.6472 0.5814 0.5225 0.4681
22.7272 22.7653 22.1311 20.9151 19.5198 18.2955 17.3186 16.5301 15.8884 15.2681 14.5489 13.8951 13.2071 12.4677 11.7176 10.9344 10.2401 9.4965 8.7800 8.1879 7.5889 7.0711 6.5115 6.0278 5.5772 5.1619 4.7478 4.3852 4.0627 3.7326 3.4153 3.1340 2.8615 2.6183 2.3914 2.1735 1.9787 1.8037 1.6445 1.4952 1.3525 1.2164 1.0980 0.9953 0.8999 0.8150 0.7348 0.6612 0.5957 0.5350
24.4109 23.0486 21.7121 20.5978 19.7354 19.0549 18.4013 17.6729 16.9090 16.0829 15.1550 14.3459 13.5612 12.7614 11.9793 11.1805 10.4981 9.7662 9.0535 8.4758 7.8894 7.3850 6.8308 6.3501 5.8958 5.4731 5.0468 4.6793 4.3526 4.0164 3.6890 3.3974 3.1123 2.8578 2.6197 2.3904 2.1829 1.9949 1.8236 1.6631 1.5094 1.3619 1.2337 1.1228 1.0196 0.9269 0.8366 0.7545 0.6818 0.6141
24.1514 23.3147 22.6343 21.9740 21.2631 20.4620 19.5404 18.5092 17.4728 16.4380 15.3942 14.5400 13.7597 12.9447 12.1681 11.3857 10.7226 10.0065 9.3085 8.7451 8.1681 7.6738 7.1250 6.6486 6.1902 5.7600 5.3220 4.9421 4.6086 4.2691 3.9398 3.6454 3.3536 3.0927 2.8477 2.6118 2.3955 2.1974 2.0099 1.8394 1.6800 1.5305 1.3967 1.2752 1.1601 1.0571 0.9591 0.8686 0.7877 0.7121
26.3338 25.4479 24.4492 23.3678 22.2611 21.1328 19.9761 18.7991 17.6736 16.5944 15.5656 14.7596 14.0422 13.2340 12.4649 11.6889 11.0338 10.3215 9.6280 9.0687 8.4917 8.0005 7.4524 6.9772 6.5119 6.0714 5.6191 5.2244 4.8830 4.5403 4.2095 3.9129 3.6147 3.3477 3.0962 2.8540 2.6290 2.4204 2.2151 2.0340 1.8696 1.7199 1.5811 1.4480 1.3196 1.2052 1.0991 0.9996 0.9099 0.8256
27.4007 26.1487 24.9033 23.6899 22.5431 21.4100 20.2678 19.1175 17.9967 16.9140 15.9083 15.1408 14.4649 13.6360 12.8463 12.0505 11.3857 10.6633 9.9636 9.3988 8.8143 8.3212 7.7704 7.2945 6.8227 6.3727 5.9070 5.4971 5.1476 4.8021 4.4700 4.1718 3.8686 3.5970 3.3404 3.0930 2.8602 2.6419 2.4190 2.2281 2.0599 1.9114 1.7688 1.6244 1.4825 1.3570 1.2435 1.1352 1.0369 0.9439
27.1552 25.9966 24.8502 23.6998 22.5743 21.4585 20.3385 19.2372 18.1404 17.0661 16.0433 15.2585 14.5632 13.7200 12.9137 12.0994 11.4390 10.7166 10.0068 9.4274 8.8296 8.3296 7.7708 7.2890 6.8289 6.3890 5.9319 5.5163 5.1612 4.8097 4.4705 4.1684 3.8674 3.6003 3.3473 3.0986 2.8639 2.6438 2.4219 2.2319 2.0641 1.9118 1.7664 1.6211 1.4799 1.3556 1.2442 1.1364 1.0380 0.9447
